Compute Correlation 
 
0		563.104		-162.112
1		611.416		114.79
2		506.929		377.472
3		282.189		546.859
4		7.13978		575.904
5		-236.306		464.424
6		-382.931		255.954
7		-404.602		18.7831
8		-314.951		-180.104
9		-158.167		-297.113
10		11.5343		-321.956
11		150.069		-273.405
12		235.255		-185.349
13		267.284		-90.988
14		260.649		-12.2258
15		233.552		42.7812
16		200.391		75.6837
17		169.636		92.1158
18		145.575		98.0382
19		130.416		99.4329
20		124.067		103.427
21		121.773		117.709
22		112.444		146.615
23		81.0417		185.42
24		16.0683		216.988
25		-80.5921		214.941
26		-187.171		154.418
27		-264.374		26.7986
28		-268.387		-148.872
29		-170.601		-325.097
30		24.5324		-439.022
31		272.887		-435.984
32		500.653		-294.212
33		628.976		-39.4003
34		604.099		258.726
35		420.459		508.183
36		126.426		627.025
37		-190.529		573.32
38		-433.715		360.69
39		-530.311		53.3529
40		-454.824		-256.808
41		-234.613		-481.428
42		62.9895		-562.872
43		355.13		-488.117
44		569.063		-286.44
45		659.931		-14.8067
46		616.615		261.238
47		457.284		483.715
48		219.775		611.535
49		-48.045		623.504
50		-295.477		518.188
51		-474.576		313.456
52		-546.478		46.0612
53		-489.696		-231.015
54		-308.696		-456.339
55		-38.4553		-573.738
56		259.48		-548.939
57		511.068		-382.992
58		650.854		-115.927
59		642.815		182.764
60		492.593		434.694
61		245.662		576.988
62		-28.3099		581.167
63		-258.714		459.262
64		-395.556		255.473
65		-421.127		27.8405
66		-348.509		-171.653
67		-209.653		-310.364
68		-40.1233		-377.517
69		132.008		-377.531
70		288.938		-319.921
71		418.565		-212.417
72		507.656		-61.0013
73		538.698		124.154
74		493.728		321.798
75		363.817		497.595
76		159.025		610.24
77		-87.3804		624.308
78		-324.148		524.446
79		-495.787		324.166
80		-559.636		64.7458
81		-499.32		-195.832
82		-329.342		-399.49
83		-89.6426		-503.728
84		166.779		-490.881
85		387.737		-369
86		532.386		-166.15
87		576.334		77.8864
88		512.423		318.95
89		349.829		513.688
90		113.483		623.797
91		-156.539		621.435
92		-408.011		496.514
93		-584.515		263.853
94		-638.687		-33.987
95		-547.5		-332.211
96		-323.544		-558.692
97		-16.2566		-654.748
98		299.65		-594.486
99		545.877		-394.677
100		664.783		-110.258
101		636.798		183.594
102		484.111		416.022
103		259.494		541.97
104		25.5031		552.345
105		-166.808		469.867
106		-290.979		334.101
107		-345.88		183.618
108		-346.08		43.6294
109		-308.541		-76.3119
110		-243.233		-175.65
111		-152.115		-252.937
112		-35.6586		-299.584
113		98.3472		-301.322
114		230.158		-246.459
115		331.389		-135.724
116		375.196		12.6861
117		347.992		166.604
118		256.137		290.821
119		123.706		359.979
120		-17.6735		366.698
121		-141.405		320.823
122		-234.106		240.681
123		-295.126		141.865
124		-328.352		30.5191
125		-332.016		-94.5829
126		-293.827		-232.289
127		-195.932		-367.923
128		-28.3773		-468.805
129		195.949		-491.615
130		434.2		-400.402
131		620.74		-187.554
132		688.257		113.049
133		594.982		429.067
134		345.985		670.269
135		-2.00237		759.578
136		-355.964		662.011
137		-616.923		399.135
138		-713.191		42.6796
139		-623.188		-309.997
140		-379.314		-568.233
141		-52.8149		-675.111
142		272.407		-619.532
143		525.407		-431.081
144		663.66		-163.153
145		675.097		126.151
146		570.343		387.011
147		372.673		581.761
148		112.189		682.649
149		-174.022		669.777
150		-439.468		534.195
151		-629.877		286.221
152		-693.251		-36.292
153		-597.191		-367.337
154		-346.46		-624.86
155		8.85458		-734.3
156		381.527		-655.359
157		671.583		-400.355
158		798.747		-34.7484
159		730.014		342.281
160		490.658		630.351
161		153.883		760.535
162		-186.293		715.056
163		-447.174		526.892
164		-581.221		261.316
165		-583.067		-10.8104
166		-479.681		-235.611
167		-311.404		-385.86
168		-114.782		-456.593
169		84.7461		-452.941
170		269.087		-379.678
171		418.45		-239.543
172		505.806		-40.8245
173		501.159		191.984
174		385.301		413.516
175		165.914		565.189
176		-114.122		594.543
177		-383.524		478.218
178		-564.368		237.056
179		-600.566		-65.6631
180		-480.345		-344.119
181		-241.956		-520.391
182		40.6789		-552.303
183		286.251		-446.437
184		435.596		-250.989
185		469.529		-32.7092
186		408.092		150.592
187		293.582		269.117
188		167.375		323.969
189		52.7506		334.847
190		-48.3434		321.269
191		-144.834		288.694
192		-240.241		227.304
193		-321.393		123.447
194		-359.749		-23.8225
195		-325.35		-191.842
196		-205.861		-336.822
197		-19.6251		-410.011
198		185.621		-379.949
199		349.295		-249.275
200		422.477		-56.798
201		388.487		137.147
202		269.26		275.455
203		114.253		327.239
204		-22.5999		297.986
205		-106.388		222.351
206		-133.704		143.843
207		-128.457		92.1975
208		-124.064		70.0539
209		-141.994		55.4166
210		-178.225		17.9677
211		-204.796		-59.9257
212		-185.527		-168.993
213		-97.5647		-273.436
214		52.5997		-326.051
215		227.128		-290.67
216		370.189		-160.816
217		430.405		34.5063
218		381.877		240.532
219		234.358		397.174
220		28.7223		460.691
221		-179.081		417.314
222		-337.612		284.19
223		-414.554		99.3007
224		-401.588		-93.3307
225		-310.144		-255.986
226		-162.872		-362.958
227		13.597		-400.027
228		191.573		-361.616
229		341.936		-249.884
230		434.316		-77.4075
231		441.475		128.773
232		348.473		326.402
233		163.079		464.535
234		-78.6139		497.647
235		-316.587		402.911
236		-482.352		193.166
237		-521.065		-81.3719
238		-411.953		-345.374
239		-178.403		-521.336
240		117.119		-554.958
241		392.06		-433.333
242		569.732		-189.07
243		602.652		110.797
244		485.196		386.402
245		252.159		568.84
246		-34.6415		618.023
247		-305.638		529.807
248		-501.661		332.188
249		-585.968		74.1413
250		-548.526		-187.954
251		-403.918		-402.271
252		-185.495		-530.002
253		61.9411		-550.384
254		289.942		-462.988
255		454.503		-287.582
256		524.15		-61.0483
257		486.74		169.248
258		352.902		355.279
259		154.203		459.406
260		-64.3666		463.43
261		-255.789		372.523
262		-382.729		212.504
263		-425.691		21.5018
264		-385.199		-160.811
265		-278.09		-302.514
266		-130.359		-384.462
267		30.105		-400.526
268		178.317		-354.727
269		293.958		-257.877
270		361.426		-125.645
271		370.26		21.8203
272		317.149		160.26
273		208.967		263.628
274		64.6646		309.227
275		-86.3396		284.487
276		-210.246		192.494
277		-278.024		53.1997
278		-274.229		-101.183
279		-201.712		-235.412
280		-80.0269		-321.566
281		61.8287		-346.308
282		195.089		-312.276
283		299.058		-233.643
284		364.037		-128.643
285		388.99		-13.093
286		376.367		102.048
287		327.843		208.626
288		243.857		297.06
289		127.29		353.634
290		-11.2192		362.122
291		-150.228		309.998
292		-259.825		196.458
293		-309.703		37.8745
294		-280.138		-132.995
295		-171.025		-274.967
296		-4.56654		-350.981
297		180.159		-340.273
298		338.901		-245.172
299		435.581		-89.8154
300		452.081		88.3565
301		391.119		250.476
302		272.096		366.632
303		122.778		421.215
304		-29.0606		412.491
305		-160.808		348.402
306		-256.163		241.889
307		-303.828		108.281
308		-296.396		-34.7393
309		-231.363		-166.247
310		-114.179		-262.75
311		38.7442		-302.032
312		199.868		-269.639
313		334.954		-165.416
314		411.541		-6.73694
315		408.613		173.891
316		323.606		336.714
317		173.808		445.464
318		-8.47212		477.006
319		-184.94		426.482
320		-321.004		306.697
321		-392.79		142.956
322		-389.908		-33.8388
323		-314.633		-193.07
324		-179.532		-307.983
325		-5.48267		-357.567
326		179.399		-328.436
327		341.147		-217.978
328		443.655		-38.3772
329		455.899		180.764
330		361.687		394.217
331		168.628		549.256
332		-88.1338		599.32
333		-350.768		519.323
334		-552.505		316.91
335		-636.742		34.4834
336		-575.195		-260.126
337		-378.383		-492.218
338		-94.1741		-602.079
339		205.569		-562.704
340		445.844		-387.345
341		569.789		-124.565
342		553.479		157.003
343		410.037		388.611
344		182.853		519.451
345		-68.6618		527.645
346		-285.544		422.105
347		-423.031		236.397
348		-458.604		17.8625
349		-393.711		-184.301
350		-250.4		-329.208
351		-64.7307		-391.284
352		121.327		-363.811
353		268.37		-259.105
354		347.437		-105.394
355		346.131		59.4716
356		271.449		196.843
357		147.992		276.919
358		11.2158		286.6
359		-102.883		232.769
360		-168.548		139.344
361		-177.693		38.6073
362		-141.025		-40.2646
363		-82.1764		-81.146
364		-27.131		-85.3542
365		6.71021		-68.656
366		17.1001		-52.2159
367		16.2737		-51.5472
368		23.3639		-68.5278
369		53.4165		-90.2373
370		108.175		-95.2907
371		173.101		-64.8576
372		222.307		6.69614
373		229.455		106.574
374		179.882		206.397
375		78.5735		272.211
376		-49.6409		277.545
377		-167.899		214.081
378		-239.969		95.5611
379		-242.654		-46.4736
380		-173.212		-173.136
381		-49.3695		-250.515
382		97.3003		-259.248
383		231.435		-198.376
384		323.363		-83.2133
385		355.061		60.7162
386		321.761		204.651
387		230.343		322.062
388		96.5535		391.871
389		-57.4576		400.157
390		-205.12		341.72
391		-317.98		222.09
392		-370.005		59.2774
393		-343.82		-116.587
394		-237.329		-267.491
395		-67.8619		-355.969
396		128.954		-355.851
397		306.752		-261.654
398		420.894		-92.6104
399		441.876		111.081
400		364.778		299.264
401		210.983		426.552
402		21.3256		465.537
403		-156.829		413.763
404		-283.717		292.207
405		-337.397		136.479
406		-316.87		-15.3165
407		-238.051		-133.207
408		-125.426		-200.891
409		-3.56023		-215.315
410		108.128		-182.207
411		196.205		-110.933
412		251.051		-11.6386
413		264.558		104.358
414		230.193		222.288
415		146.132		322.521
416		19.8141		382.467
417		-129.14		382.343
418		-270.434		312.928
419		-369.869		181.774
420		-399.566		14.4129
421		-347.796		-150.986
422		-224.275		-274.237
423		-58.3778		-325.311
424		109.371		-293.467
425		239.439		-189.932
426		304.528		-43.3464
427		295.967		109.925
428		223.502		236.651
429		109.507		314.79
430		-19.3336		336.432
431		-139.305		305.765
432		-233.545		234.227
433		-292.187		135.739
434		-310.315		24.0936
435		-286.029		-87.1407
436		-220.286		-183.503
437		-118.698		-249.343
438		6.15936		-269.804
439		134.026		-235.051
440		239.412		-145.136
441		297.299		-13.0526
442		290.455		136.027
443		215.633		269.897
444		86.0972		357.532
445		-70.8145		377.696
446		-220.522		325.007
447		-330.222		211.42
448		-377.194		62.7806
449		-353.913		-88.2161
450		-268.763		-210.274
451		-142.719		-280.498
452		-3.47602		-288.495
453		121.004		-237.087
454		207.947		-140.214
455		243.332		-19.1314
456		223.431		101.984
457		154.628		200.278
458		51.8674		257.905
459		-64.0269		264.938
460		-170.007		221.18
461		-245.118		136.438
462		-274.809		28.8569
463		-254.267		-78.7406
464		-189.697		-163.916
465		-96.9241		-209.886
466		2.56224		-209.489
467		87.1056		-166.59
468		140.273		-94.4261
469		154.475		-11.4511
470		131.766		63.8861
471		81.8083		117.663
472		18.0366		142.91
473		-46.3759		139.473
474		-101.267		111.92
475		-140.242		66.8312
476		-159.764		10.8514
477		-157.704		-49.7276
478		-132.628		-108.112
479		-84.5436		-155.949
480		-16.8157		-183.391
481		61.9667		-181.022
482		137.695		-143.34
483		193.021		-72.3909
484		212.025		20.3411
485		185.792		115.232
486		116.654		189.215
487		19.0855		222.547
488		-83.5523		205.257
489		-165.563		140.754
490		-206.485		45.1272
491		-196.947		-57.6734
492		-140.767		-142.942
493		-52.8184		-191.979
494		46.1591		-196.21
495		135.551		-157.668
496		199.471		-86.4228
497		228.785		3.33757
498		220.761		96.7421
499		177.596		180.143
500		105.202		241.661
501		12.94		271.408
502		-86.1179		262.497
503		-175.6		213.139
504		-237.997		129.005
505		-258.731		24.2521
506		-230.941		-80.1676
507		-158.946		-161.224
508		-58.4528		-200.264
509		47.1861		-188.815
510		133.614		-131.312
511		182.547		-43.4763
512		186.526		53.0185
513		149.613		137.37
514		84.1364		195.131
515		5.37112		220.367
516		-73.2234		214.227
517		-142.189		181.471
518		-195.305		127.328
519		-227.261		56.5709
520		-232.001		-24.9233
521		-203.533		-107.557
522		-139.328		-176.732
523		-44.6417		-214.751
524		64.9507		-206.075
525		165.052		-144.061
526		228.433		-36.0687
527		233.722		95.8983
528		173.422		220.081
529		57.8343		304.049
530		-86.9644		324.698
531		-226.547		275.402
532		-328.19		167.739
533		-369.909		27.4226
534		-345.478		-113.655
535		-264.297		-226.174
536		-147.034		-290.022
537		-19.2681		-297.268
538		94.4947		-251.612
539		174.984		-165.639
540		210.274		-57.3999
541		196.469		52.7245
542		137.673		144.77
543		45.4713		201.876
544		-62.4208		213.081
545		-164.835		175.8
546		-241.151		97.0315
547		-275.823		-7.58287
548		-262.044		-117.051
549		-203.232		-209.864
550		-111.781		-268.85
551		-5.64578		-284.485
552		95.8878		-255.893
553		175.815		-189.76
554		221.618		-98.204
555		226.22		3.3412
556		188.451		97.7971
557		113.625		168.057
558		14.1013		199.314
559		-91.1315		182.425
560		-179.01		117.612
561		-227.481		16.7896
562		-222.069		-97.3529
563		-161.55		-196.364
564		-60.0109		-254.158
565		56.3289		-255.462
566		156.976		-201.15
567		216.93		-107.973
568		224.474		-2.55286
569		183.809		87.9509
570		111.666		144.56
571		29.733		161.021
572		-43.3957		142.724
573		-97.1488		101.325
574		-129.065		48.375
575		-141.03		-8.61806
576		-134.665		-65.9923
577		-109.058		-120.545
578		-62.3625		-165.869
579		3.86659		-191.513
580		80.6833		-186.314
581		151.351		-144.527
582		195.9		-71.2999
583		199.081		16.1289
584		157.888		93.1231
585		84.5253		136.728
586		2.70297		135.029
587		-61.4656		92.1799
588		-89.8476		26.4381
589		-78.9908		-37.9986
590		-39.9585		-81.3851
591		8.40103		-95.964
592		49.1061		-87.0857
593		74.5581		-67.7687
594		88.1636		-50.009
595		99.6026		-37.7667
596		116.777		-25.4701
597		139.242		-2.69719
598		157.019		37.8193
599		155.563		93.6015
600		124.198		151.213
601		63.265		191.38
602		-14.075		197.86
603		-86.5456		165.377
604		-133.592		102.429
605		-143.77		27.6058
606		-118.488		-38.4756
607		-69.5758		-81.237
608		-12.5723		-96.1436
609		40.154		-87.1249
610		82.6388		-61.2222
611		113.598		-23.3761
612		131.701		25.0955
613		131.781		83.3873
614		105.378		145.809
615		46.2019		198.367
616		-42.3884		220.867
617		-142.778		194.938
618		-225.418		114.558
619		-258.646		-6.62064
620		-222.315		-136.015
621		-118.778		-232.148
622		24.6766		-260.375
623		164.101		-207.419
624		254.914		-87.8639
625		268.78		60.7251
626		203.876		192.055
627		84.1686		268.357
628		-51.4661		273.039
629		-164.768		213.636
630		-231.047		114.904
631		-244.27		6.49983
632		-213.431		-88.2377
633		-153.798		-157.388
634		-78.7174		-198.418
635		3.60993		-212.094
636		87.619		-197.388
637		165.193		-151.133
638		222.553		-72.6818
639		242.583		29.8513
640		212.298		136.671
641		131.523		220.009
642		17.3728		253.9
643		-99.09		225.606
644		-183.55		142.692
645		-211.845		31.5436
646		-179.618		-72.6295
647		-103.344		-139.763
648		-12.2216		-156.201
649		64.9513		-127.914
650		111.282		-74.5472
651		126.105		-17.9683
652		120.588		28.333
653		107.871		63.4191
654		93.8064		94.9438
655		73.7517		130.05
656		37.1658		167.033
657		-22.9432		193.149
658		-101.618		190.311
659		-180.07		145.699
660		-232.144		61.2339
661		-236.194		-43.7814
662		-186.162		-138.976
663		-95.8206		-195.408
664		6.34301		-198.003
665		89.1932		-151.624
666		131.884		-77.777
667		131.221		-3.90577
668		100.109		48.9756
669		58.5824		73.9475
670		22.7472		77.6384
671		-2.19788		72.6332
672		-21.3996		67.8422
673		-43.2708		62.712
674		-70.714		48.6332
675		-96.3672		16.4835
676		-105.12		-34.5098
677		-82.7493		-92.3158
678		-25.7407		-135.321
679		53.5944		-142.057
680		130.174		-102.391
681		176.342		-24.0354
682		174.158		69.4031
683		123.458		148.112
684		41.5664		188.635
685		-45.0232		182.954
686		-112.451		139.731
687		-148.576		77.6882
688		-154.956		15.3045
689		-141.484		-37.2492
690		-117.626		-79.6639
691		-85.9162		-116.338
692		-41.7875		-148.38
693		20.2381		-168.375
694		98.0338		-161.869
695		176.812		-115.417
696		231.61		-26.8795
697		237.162		88.2422
698		180.586		198.909
699		70.2168		269.245
700		-64.5611		273.25
701		-183.234		206.513
702		-249.618		89.0596
703		-245.771		-42.2009
704		-177.996		-147.952
705		-72.5565		-201.083
706		36.3087		-194.932
707		119.942		-142.139
708		164.137		-65.864
709		170.044		11.3757
710		148.234		75.5174
711		110.405		122.294
712		63.7457		152.96
713		10.6662		168.329
714		-47.0561		165.538
715		-103.444		139.708
716		-146.815		89.2137
717		-163.351		20.7614
718		-144.075		-49.6848
719		-91.1241		-101.629
720		-19.2557		-118.489
721		48.9845		-95.3624
722		92.3903		-41.7621
723		99.9442		22.4275
724		74.7982		75.8455
725		31.3814		104.805
726		-12.6431		107.982
727		-45.0823		94.4434
728		-63.8669		76.5442
729		-75.3735		62.0221
730		-87.8262		49.9416
731		-104.023		32.7545
732		-117.984		3.07604
733		-117.761		-39.0828
734		-92.9783		-83.2685
735		-42.7267		-112.026
736		20.9868		-109.374
737		76.7276		-69.8428
738		102.717		-3.00365
739		86.9926		69.2778
740		33.3725		121.811
741		-39.9294		136.854
742		-108.35		111.319
743		-151.55		56.9363
744		-161.196		-6.34239
745		-142.314		-59.9448
746		-108.149		-94.1859
747		-71.9121		-110.043
748		-40.2192		-114.943
749		-11.7229		-115.672
750		18.7759		-112.931
751		53.716		-100.893
752		88.0643		-71.9588
753		109.735		-23.7245
754		105.288		36.2375
755		67.8627		91.0609
756		2.82639		120.922
757		-72.2947		111.989
758		-134.007		63.3626
759		-162.262		-11.6723
760		-148.478		-90.7836
761		-98.3183		-151.548
762		-28.1783		-179.778
763		42.4343		-173.371
764		98.5374		-140.372
765		133.64		-93.0939
766		148.712		-41.9422
767		147.745		7.66007
768		133.235		54.1048
769		104.609		95.7403
770		60.4777		127.505
771		2.96565		140.82
772		-59.0977		127.336
773		-110.851		84.5476
774		-136.393		19.8126
775		-125.882		-50.0952
776		-81.0074		-104.421
777		-15.6642		-126.581
778		48.948		-111.091
779		92.6768		-65.8002
780		104.251		-8.25895
781		84.894		41.9316
782		46.2269		71.0074
783		3.88612		75.4122
784		-29.634		60.9237
785		-49.3032		37.6273
786		-57.241		13.8958
787		-58.6373		-7.24048
788		-56.7893		-27.6055
789		-50.4002		-50.0703
790		-34.7289		-74.1502
791		-5.76438		-93.9952
792		35.2685		-100.252
793		80.0137		-84.9199
794		115.164		-46.4799
795		127.852		7.68973
796		111.522		63.1698
797		69.2402		103.875
798		12.7429		118.316
799		-42.2366		103.712
800		-81.9307		66.1444
801		-98.8896		17.0751
802		-92.9216		-31.6119
803		-68.8145		-71.4012
804		-32.7406		-98.121
805		10.2928		-110.32
806		56.5746		-106.832
807		101.808		-85.6752
808		139.082		-45.37
809		158.79		12.0113
810		151.433		78.1909
811		112.327		138.698
812		45.772		176.524
813		-33.9698		178.346
814		-106.132		140.558
815		-150.396		72.0569
816		-154.472		-7.94572
817		-118.895		-76.5033
818		-56.8022		-115.191
819		11.2849		-116.473
820		65.3291		-85.4993
821		92.8263		-36.7874
822		92.1058		12.4108
823		70.8443		48.8951
824		41.0182		67.4985
825		13.0244		70.8945
826		-8.2274		65.9557
827		-23.7199		58.9359
828		-37.5808		52.0314
829		-53.0486		42.8945
830		-69.4539		27.0093
831		-81.7747		1.39981
832		-82.8912		-32.4071
833		-67.3005		-67.7252
834		-34.4148		-94.698
835		10.1334		-104.004
836		55.7676		-90.6369
837		90.2721		-56.1859
838		103.802		-8.77266
839		92.1219		39.245
840		58.0248		74.9123
841		10.5946		88.433
842		-37.3324		75.9217
843		-72.6846		40.4431
844		-85.6541		-8.85072
845		-72.2638		-59.1897
846		-35.3452		-97.5802
847		16.3179		-114.212
848		70.4455		-104.943
849		114.611		-72.1484
850		139.483		-23.7184
851		140.965		29.4405
852		120.638		76.5085
853		84.5265		109.406
854		40.8277		124.183
855		-2.41784		120.914
856		-38.8827		102.515
857		-64.4051		73.2872
858		-76.6205		37.9139
859		-74.4322		1.19556
860		-57.9197		-31.7613
861		-28.8314		-55.5293
862		8.73748		-65.0309
863		48.1824		-56.9219
864		81.2782		-31.1416
865		100.107		8.21576
866		99.3839		53.3526
867		78.2135		94.5967
868		40.4969		122.974
869		-6.18163		132.532
870		-52.6695		121.566
871		-90.4535		92.4825
872		-113.185		50.6891
873		-117.272		3.23217
874		-101.866		-42.23
875		-68.795		-78.0583
876		-22.757		-97.2784
877		28.4876		-94.742
878		74.604		-68.871
879		104.485		-23.3551
880		109.329		32.3018
881		86.0596		84.3353
882		39.5		118.448
883		-18.0843		124.607
884		-70.4672		100.947
885		-102.897		54.8918
886		-107.302		0.683044
887		-84.9668		-45.8487
888		-45.4149		-73.0464
889		-2.02193		-77.1647
890		33.5557		-62.4689
891		55.478		-37.871
892		64.501		-12.012
893		65.3731		10.583
894		62.5793		30.3314
895		57.0089		50.1961
896		45.5243		71.7087
897		23.6888		91.9756
898		-9.98402		103.689
899		-50.8883		98.4369
900		-88.4293		71.6473
901		-109.754		26.3998
902		-105.443		-26.2086
903		-74.2765		-70.7155
904		-24.5362		-93.376
905		28.9712		-87.7516
906		70.7806		-57.077
907		90.6609		-12.3411
908		86.7383		32.7779
909		64.603		67.4317
910		33.3184		86.8419
911		0.806206		91.9684
912		-28.8154		86.3987
913		-54.7387		72.7736
914		-76.6408		51.1484
915		-91.8049		20.3162
916		-94.491		-18.8904
917		-78.416		-60.7225
918		-41.135		-94.4155
919		12.3302		-107.664
920		69.1743		-92.2704
921		112.694		-49.0234
922		128.907		11.0689
923		112.717		70.3266
924		70.4293		111.341
925		17.1316		124.025
926		-29.8791		109.294
927		-58.376		77.5835
928		-65.5686		43.0897
929		-57.5108		16.8491
930		-44.1862		2.29983
931		-33.2153		-4.49297
932		-25.7858		-10.4083
933		-17.0445		-19.4604
934		-0.572235		-29.1739
935		25.8375		-31.4175
936		56.6941		-17.3525
937		79.9699		16.3047
938		82.6252		63.4126
939		57.6644		109.445
940		8.87091		137.3
941		-49.539		135.089
942		-98.4491		101.928
943		-121.921		48.709
944		-113.822		-6.55082
945		-79.8037		-46.4319
946		-33.8788		-61.0157
947		8.33752		-50.7089
948		36.108		-24.0233
949		46.5861		7.94478
950		43.3309		37.0004
951		31.8718		60.3289
952		15.4066		79.0203
953		-6.63509		94.1576
954		-36.4156		103.429
955		-73.5411		100.813
956		-111.948		79.8775
957		-140.333		38.8231
958		-146.532		-15.9208
959		-123.762		-70.1822
960		-75.2728		-107.031
961		-14.5158		-114.061
962		39.7552		-89.2561
963		71.2601		-42.2558
964		72.9985		9.8347
965		49.6255		50.0659
966		14.2479		68.8193
967		-18.5599		66.9165
968		-39.7343		53.2625
969		-49.0111		38.5979
970		-52.9653		29.0216
971		-59.2161		22.9645
972		-70.3616		13.2576
973		-81.3261		-7.03305
974		-81.8247		-38.541
975		-62.669		-73.0515
976		-22.339		-96.2821
977		30.063		-94.7864
978		77.4812		-63.3682
979		102.153		-8.93795
980		93.841		51.4699
981		54.8215		97.7415
982		-0.95443		115.332
983		-54.1031		101.228
984		-88.2585		64.3765
985		-96.5071		20.6374
986		-82.8116		-14.8892
987		-58.1768		-34.1281
988		-34.0665		-37.8868
989		-16.8296		-32.8787
990		-6.03148		-26.1449
991		2.83891		-20.3798
992		13.3703		-12.8924
993		24.274		1.37954
994		29.0677		24.8617
995		19.7347		53.6258
996		-7.74921		77.5149
997		-49.3612		84.4181
998		-93.0692		66.5343
999		-123.341		25.1896
1000		-127.982		-28.5685
1001		-103.801		-78.1505
1002		-58.1547		-108.364
1003		-5.58426		-111.629
1004		38.6498		-90.406
1005		64.7839		-54.836
1006		71.4398		-17.1444
1007		64.0438		14.0356
1008		50.1177		36.42
1009		34.4086		52.7386
1010		16.7268		66.5315
1011		-6.37469		77.9232
1012		-37.2915		82.1513
1013		-73.257		71.9346
1014		-105.215		42.4296
1015		-120.781		-4.11943
1016		-110.046		-56.9477
1017		-71.2214		-99.8102
1018		-13.0363		-117.343
1019		47.6511		-101.743
1020		92.1148		-56.4718
1021		107.021		4.85151
1022		89.3167		63.8515
1023		46.619		104.479
1024		-6.77404		118.503
1025		-56.0417		107.119
1026		-91.1372		78.461
1027		-108.952		42.8001
1028		-111.924		8.12226
1029		-104.544		-21.8147
1030		-90.0932		-46.4828
1031		-69.4866		-65.8992
1032		-42.5762		-78.3403
1033		-10.7216		-80.0882
1034		21.3405		-67.4494
1035		45.8305		-39.791
1036		54.6116		-1.6417
1037		42.9202		37.6422
1038		12.1353		66.7987
1039		-29.9884		76.8764
1040		-71.886		64.715
1041		-102.367		34.0259
1042		-114.45		-6.35163
1043		-107.163		-46.0317
1044		-84.7343		-76.6975
1045		-53.966		-94.1337
1046		-21.3637		-98.069
1047		8.52474		-90.4579
1048		33.0232		-73.5769
1049		50.0849		-49.1896
1050		57.155		-19.17
1051		51.2456		13.0831
1052		30.4599		41.7183
1053		-3.83951		59.0654
1054		-45.621		57.9978
1055		-84.7146		35.1085
1056		-109.523		-6.86937
1057		-110.992		-58.7841
1058		-86.1723		-107.386
1059		-39.7554		-139.479
1060		17.1692		-146.271
1061		70.6708		-126.156
1062		108.402		-84.8932
1063		123.157		-33.2769
1064		114.322		16.598
1065		86.9829		54.9094
1066		49.4029		76.2602
1067		10.1469		79.9371
1068		-24.0218		68.674
1069		-48.9279		46.8436
1070		-62.6318		19.001
1071		-64.5987		-10.74
1072		-55.089		-38.5974
1073		-35.1348		-60.7827
1074		-6.98969		-73.4881
1075		25.4095		-73.472
1076		56.4783		-59.1005
1077		79.7848		-31.3749
1078		89.4971		5.59419
1079		82.0281		45.0174
1080		57.3004		78.7593
1081		19.1591		99.2325
1082		-25.2544		101.303
1083		-67.0275		83.6546
1084		-97.4907		49.2339
1085		-110.195		4.66269
1086		-102.355		-41.2074
1087		-75.4345		-79.2208
1088		-34.7793		-101.852
1089		11.5618		-104.716
1090		54.509		-87.3645
1091		85.7352		-53.2688
1092		99.2174		-9.08401
1093		92.3149		36.6178
1094		66.2573		74.9005
1095		26.0037		98.0885
1096		-20.5229		101.262
1097		-63.799		83.3992
1098		-94.5527		47.9056
1099		-105.84		2.25253
1100		-94.8854		-43.4137
1101		-64.1179		-78.5701
1102		-20.8907		-95.0204
1103		24.2544		-89.2117
1104		60.4248		-63.3282
1105		79.45		-24.6526
1106		78.1238		16.7003
1107		58.7753		50.9088
1108		27.9699		71.264
1109		-6.07861		75.6236
1110		-36.256		66.0408
1111		-58.2962		46.9467
1112		-70.9158		22.9211
1113		-74.5727		-2.78461
1114		-69.8086		-28.3
1115		-56.3307		-51.961
1116		-33.506		-70.8774
1117		-2.04072		-80.4402
1118		34.2274		-75.4799
1119		67.769		-52.8037
1120		88.875		-13.8904
1121		88.9994		33.8423
1122		64.5897		78.2834
1123		19.5583		106.305
1124		-35.0256		108.52
1125		-84.2349		83.0669
1126		-114.364		36.6674
1127		-117.68		-17.6262
1128		-94.8313		-65.0712
1129		-53.9799		-94.2559
1130		-7.21888		-100.395
1131		33.9534		-85.7042
1132		62.0726		-57.1059
1133		74.7739		-22.7257
1134		73.5242		10.9762
1135		61.2337		40.2186
1136		40.359		63.0458
1137		12.5561		77.6891
1138		-20.1855		81.5825
1139		-54.019		71.9231
1140		-82.7107		47.5589
1141		-98.8992		11.0027
1142		-96.7935		-30.877
1143		-74.9735		-68.2852
1144		-37.7156		-91.6567
1145		6.04503		-95.1074
1146		45.7635		-78.4904
1147		72.9073		-47.0558
1148		83.4157		-8.98032
1149		77.9406		27.8558
1150		60.0705		58.1496
1151		33.8566		79.4926
1152		2.25284		90.9592
1153		-32.6217		91.3003
1154		-67.7796		78.3108
1155		-97.6966		50.161
1156		-114.332		8.0867
1157		-109.584		-41.3011
1158		-79.3819		-85.992
1159		-27.3376		-111.702
1160		34.3229		-107.275
1161		87.7301		-69.9982
1162		115.48		-8.11215
1163		107.377		61.1139
1164		64.7323		117.287
1165		0.0860939		144.352
1166		-67.6278		136.305
1167		-120.328		98.6531
1168		-147.144		45.1224
1169		-147.123		-8.59406
1170		-127.427		-50.9491
1171		-98.3945		-77.7052
1172		-68.2961		-91.0541
1173		-40.4983		-95.7798
1174		-14.1796		-95.0243
1175		12.3268		-88.204
1176		37.9562		-72.1828
1177		57.5257		-44.8008
1178		63.5815		-8.40981
1179		50.5432		28.9786
1180		18.763		55.9768
1181		-23.9734		62.59
1182		-64.6329		45.0358
1183		-89.9433		8.02976
1184		-91.7925		-36.7606
1185		-70.3567		-75.3873
1186		-33.4873		-97.1017
1187		7.14604		-97.985
1188		41.0288		-81.1624
1189		62.3516		-53.9167
1190		70.5819		-23.6162
1191		68.2896		5.18255
1192		57.9952		31.0275
1193		40.2199		53.5346
1194		13.9987		70.7591
1195		-20.5645		78.0658
1196		-59.5355		69.6219
1197		-94.3192		41.9223
1198		-113.859		-2.67674
1199		-109.164		-54.724
1200		-77.9588		-99.953
1201		-26.9027		-124.4
1202		30.0604		-120.049
1203		76.7159		-88.2417
1204		100.682		-39.1468
1205		97.7449		12.4792
1206		72.4922		53.133
1207		35.2054		75.1979
1208		-3.131		78.3275
1209		-35.0551		67.3591
1210		-58.087		48.3639
1211		-73.1258		25.2897
1212		-81.2616		-0.932255
1213		-81.2984		-30.5762
1214		-69.7244		-62.0694
1215		-43.2643		-89.9527
1216		-2.46558		-105.533
1217		46.0136		-100.287
1218		90.1513		-70.3681
1219		116.442		-19.7513
1220		115.231		39.8962
1221		84.9304		92.8648
1222		33.0179		125.008
1223		-26.6782		128.73
1224		-79.0659		105.141
1225		-112.835		62.6593
1226		-123.277		13.1029
1227		-112.04		-32.5794
1228		-84.6347		-66.9554
1229		-47.5269		-86.3569
1230		-6.49902		-89.4578
1231		33.1727		-75.7992
1232		65.5692		-45.6458
1233		83.5862		-1.38633
1234		80.1966		50.6394
1235		51.4331		99.6384
1236		-0.38324		132.398
1237		-65.2475		137.616
1238		-127.341		110.741
1239		-169.975		56.8742
1240		-181.684		-10.0735
1241		-160.689		-72.0238
1242		-115.54		-113.294
1243		-61.5166		-126.155
1244		-14.4383		-112.866
1245		15.2208		-83.401
1246		25.2185		-50.1848
1247		20.3505		-22.5968
1248		8.20288		-3.93628
1249		-5.62324		7.88908
1250		-20.1709		16.7516
1251		-38.3499		24.119
1252		-63.3851		26.8584
1253		-94.7272		18.3917
1254		-125.966		-7.37386
1255		-146.177		-51.5083
1256		-144.261		-107.488
1257		-114.173		-162.169
1258		-58.4513		-200.066
1259		11.725		-209.018
1260		79.9937		-184.7
1261		130.185		-132.076
1262		151.268		-63.438
1263		139.984		5.77322
1264		100.596		61.3875
1265		42.5587		93.511
1266		-22.3965		97.5285
1267		-82.5013		73.6512
1268		-127.175		26.0783
1269		-147.773		-37.4854
1270		-138.66		-106.046
1271		-98.9249		-166.079
1272		-34.1102		-203.653
1273		43.3098		-207.993
1274		115.832		-175.433
1275		165.336		-111.952
1276		178.751		-32.6929
1277		152.761		42.031
1278		95.3921		93.0359
1279		23.5331		108.5
1280		-42.7973		87.5585
1281		-87.1105		39.7999
1282		-101.315		-18.9865
1283		-86.9496		-72.8028
1284		-52.6763		-110.521
1285		-9.65027		-128.047
1286		32.8308		-127.169
1287		69.4412		-112.326
1288		98.1775		-87.4507
1289		117.997		-54.6471
1290		126.662		-15.22
1291		120.436		27.9733
1292		96.0162		68.704
1293		53.6405		97.6863
1294		-0.588333		105.389
1295		-54.8559		86.2097
1296		-94.7481		41.9241
1297		-108.226		-17.4967
1298		-90.3123		-76.4455
1299		-45.3374		-118.726
1300		14.3219		-133.007
1301		72.482		-116.402
1302		114.531		-74.803
1303		131.716		-20.0916
1304		122.786		34.3129
1305		92.7659		77.5526
1306		49.9267		103.526
1307		2.65096		110.764
1308		-42.4264		100.744
1309		-80.56		76.0252
1310		-107.931		39.3539
1311		-120.752		-5.90789
1312		-115.439		-54.6682
1313		-90.0375		-99.4323
1314		-46.2163		-131.023
1315		9.41832		-140.864
1316		65.7361		-124.063
1317		109.527		-81.935
1318		129.279		-22.7074
1319		118.902		40.1756
1320		79.918		91.689
1321		21.2258		119.538
1322		-43.4879		117.596
1323		-99.7216		87.2987
1324		-136.08		36.6581
1325		-146.853		-22.5394
1326		-132.588		-78.1971
1327		-98.8345		-120.807
1328		-53.8349		-144.985
1329		-6.18602		-149.505
1330		36.7606		-136.318
1331		69.5116		-109.288
1332		88.3418		-73.3038
1333		91.0695		-33.9539
1334		77.1875		2.48393
1335		48.4586		29.2733
1336		9.61413		40.1263
1337		-31.498		30.8388
1338		-64.8968		1.1712
1339		-80.7181		-43.8908
1340		-72.2156		-94.3457
1341		-38.4596		-137.247
1342		14.4517		-160.252
1343		74.441		-155.532
1344		126.692		-122.589
1345		158.083		-68.7685
1346		161.234		-7.1365
1347		136.619		47.6035
1348		91.9709		83.6085
1349		39.2702		95.1128
1350		-9.35508		83.2235
1351		-45.1281		54.2394
1352		-64.1978		16.5161
1353		-66.9741		-22.5416
1354		-56.0065		-58.0165
1355		-33.8418		-87.1159
1356		-2.1517		-107.57
1357		37.4325		-116.156
1358		81.4511		-108.621
1359		123.128		-81.4202
1360		152.629		-34.5352
1361		159.55		26.1975
1362		136.886		88.8307
1363		84.7426		137.826
1364		11.9359		158.711
1365		-65.5682		143.111
1366		-129.034		92.0522
1367		-162.538		16.1436
1368		-157.619		-67.4436
1369		-115.34		-139.926
1370		-45.3004		-185.848
1371		37.5627		-196.343
1372		116.845		-170.068
1373		177.828		-112.263
1374		209.338		-33.0435
1375		204.671		54.1814
1376		162.339		133.956
1377		87.0795		190.293
1378		-9.28387		209.19
1379		-108.242		182.294
1380		-187.387		110.745
1381		-225.774		7.37341
1382		-210.596		-104.565
1383		-142.682		-196.788
1384		-38.1616		-244.332
1385		75.1693		-233.996
1386		166.125		-169.474
1387		210.236		-70.765
1388		197.846		32.2995
1389		136.94		110.102
1390		49.6095		142.978
1391		-36.3585		126.879
1392		-97.2365		72.9884
1393		-120.589		1.90627
1394		-107.417		-64.7609
1395		-69.0401		-111.77
1396		-20.7515		-133.789
1397		24.5891		-134.361
1398		60.3573		-121.628
1399		86.2929		-103.352
1400		105.758		-83.6287
1401		122.091		-62.3767
1402		136.04		-37.1875
1403		145.256		-6.02383
1404		145.615		30.7654
1405		133.251		69.9115
1406		106.192		105.986
1407		65.0998		132.682
1408		13.3073		143.938
1409		-43.2932		134.773
1410		-96.3051		102.233
1411		-135.189		46.8313
1412		-148.682		-25.71
1413		-127.73		-103.36
1414		-69.4854		-168.652
1415		19.1824		-202.331
1416		120.67		-189.316
1417		209.579		-125.039
1418		259.492		-19.441
1419		251.593		103.651
1420		181.922		212.348
1421		64.1846		276.092
1422		-73.3367		275.311
1423		-195.905		207.75
1424		-272.552		89.1528
1425		-284.736		-51.7302
1426		-230.621		-181.688
1427		-124.092		-271.905
1428		10.2783		-304.316
1429		143.916		-274.131
1430		250.295		-188.976
1431		309.149		-66.095
1432		308.941		70.9867
1433		248.338		195.796
1434		137.135		282.606
1435		-3.82958		311.034
1436		-144.944		271.303
1437		-253.211		168.728
1438		-300.431		25.1456
1439		-272.056		-124.608
1440		-173.395		-241.341
1441		-30.0743		-293.102
1442		118.469		-265.724
1443		230.84		-168.104
1444		276.81		-29.7426
1445		246.798		108.886
1446		154.078		209.619
1447		29.0516		248.483
1448		-91.9148		221.838
1449		-178.478		144.967
1450		-214.641		44.4863
1451		-200.859		-51.7319
1452		-150.283		-122.971
1453		-81.7773		-159.682
1454		-13.1476		-162.74
1455		42.9718		-139.698
1456		79.9784		-100.567
1457		96.049		-55.0024
1458		92.5186		-11.286
1459		73.0351		23.7885
1460		43.4072		45.3098
1461		11.1595		51.3787
1462		-16.1198		44.2779
1463		-33.5445		30.3397
1464		-41.4727		17.606
1465		-45.9675		11.7399
1466		-56.0479		12.1201
1467		-78.3587		10.6061
1468		-111.711		-5.47449
1469		-144.678		-46.7009
1470		-158.436		-114.144
1471		-134.545		-195.077
1472		-64.6519		-264.825
1473		42.4861		-295.052
1474		160.631		-265.595
1475		253.571		-174.756
1476		288.135		-43.1308
1477		247.534		91.4297
1478		139.333		186.308
1479		-5.57455		209.28
1480		-142.849		150.31
1481		-229.617		25.3271
1482		-238.604		-129.285
1483		-166.266		-268.966
1484		-32.4865		-355.07
1485		127.144		-365.654
1486		272.787		-299.796
1487		371.183		-175.232
1488		402.675		-21.5198
1489		363.472		128.104
1490		264.132		243.688
1491		126.048		303.348
1492		-22.7015		296.154
1493		-151.81		223.777
1494		-233.786		100.953
1495		-249.646		-45.9813
1496		-194.289		-183.448
1497		-79.6086		-278.034
1498		66.7251		-305.484
1499		207.641		-258.401
1500		306.925		-149.459
1501		340.057		-8.22967
1502		301.593		127.797
1503		206.11		224.894
1504		82.3189		263.068
1505		-37.2047		240.581
1506		-126.412		171.67
1507		-172.235		79.0715
1508		-175.09		-14.8998
1509		-144.285		-94.7712
1510		-91.4604		-153.532
1511		-25.6611		-189.86
1512		47.7106		-203.569
1513		124.318		-192.559
1514		197.084		-153.294
1515		254.254		-84.5352
1516		281.27		8.11459
1517		266.084		109.996
1518		205.394		199.568
1519		108.393		254.703
1520		-4.30492		260.514
1521		-106.617		215.146
1522		-175.429		130.755
1523		-197.867		29.181
1524		-174.365		-65.6971
1525		-116.537		-135.454
1526		-41.3796		-171.336
1527		35.1084		-173.916
1528		101.894		-149.288
1529		153.121		-104.522
1530		185.474		-45.0989
1531		195.16		24.4544
1532		177.069		97.6591
1533		127.142		163.428
1534		46.8508		206.205
1535		-52.9622		209.957
1536		-151.74		164.773
1537		-223.688		73.0308
1538		-245.949		-48.2124
1539		-207.281		-170.503
1540		-113.404		-262.276
1541		13.5892		-299.094
1542		141.826		-271.757
1543		239.732		-189.048
1544		285.624		-74.1819
1545		273.224		43.3032
1546		211.472		136.732
1547		119.525		189.032
1548		19.6822		195.02
1549		-68.6422		159.477
1550		-131.943		93.0365
1551		-162.603		8.38719
1552		-157.367		-81.6081
1553		-116.285		-163.96
1554		-43.2196		-225.206
1555		52.5304		-252.392
1556		155.226		-236.115
1557		244.13		-174.73
1558		298.099		-77.5316
1559		302.152		35.3992
1560		253.386		137.671
1561		163.322		204.305
1562		55.1296		219.803
1563		-43.5921		183.182
1564		-109.674		107.746
1565		-131.216		15.6942
1566		-109.694		-69.9724
1567		-56.8475		-132.641
1568		11.6502		-165.402
1569		82.3707		-169.617
1570		147.179		-150.376
1571		202.162		-111.951
1572		243.915		-56.1349
1573		266.233		15.6356
1574		260.054		97.9192
1575		217.491		177.953
1576		138.135		236.412
1577		33.9436		253.204
1578		-70.8653		216.276
1579		-146.263		129.239
1580		-167.262		13.4779
1581		-124.557		-97.3394
1582		-29.8542		-168.83
1583		87.1728		-178.838
1584		189.501		-126.009
1585		246.548		-29.9934
1586		245.057		76.8715
1587		192.342		162.57
1588		110.808		207.089
1589		26.8856		207.584
1590		-39.935		175.281
1591		-82.6417		126.571
1592		-104.677		73.6685
1593		-112.439		20.0505
1594		-107.419		-37.0277
1595		-83.196		-98.9438
1596		-29.6054		-158.21
1597		58.0179		-196.494
1598		170.019		-190.628
1599		279.991		-124.451
1600		351.688		-0.468159
1601		353.259		155.429
1602		272.412		299.999
1603		124.828		387.953
1604		-49.1215		390.051
1605		-198.797		305.543
1606		-282.708		162.808
1607		-284.066		7.57014
1608		-215.313		-115.882
1609		-109.778		-181.635
1610		-4.95252		-189.371
1611		74.0792		-159.015
1612		122.863		-116.367
1613		153.833		-77.8093
1614		183.417		-42.4026
1615		217.707		4.48642
1616		245.103		78.2994
1617		240.546		180.613
1618		179.538		291.351
1619		54.6132		373.068
1620		-114.785		386.102
1621		-284.99		307.499
1622		-403.033		144.306
1623		-427.23		-65.6091
1624		-343.961		-266.024
1625		-173.051		-402.468
1626		40.2259		-440.897
1627		242.114		-377.035
1628		388.132		-233.508
1629		454.022		-47.9428
1630		436.687		140.956
1631		347.482		302.623
1632		203.793		416.33
1633		24.5104		467.621
1634		-168.742		444.878
1635		-347.567		340.729
1636		-475.61		159.024
1637		-514.719		-76.8148
1638		-438.363		-320.824
1639		-246.801		-512.089
1640		24.368		-592.765
1641		308.965		-530.182
1642		529.115		-333.038
1643		621.899		-53.0345
1644		562.716		230.607
1645		374.876		438.37
1646		120.678		518.217
1647		-122.341		462.137
1648		-289.62		304.801
1649		-350.105		105.92
1650		-311.092		-74.7659
1651		-207.147		-198.26
1652		-80.3397		-254.332
1653		37.6967		-255.34
1654		133.609		-221.65
1655		208.192		-167.942
1656		265.171		-97.9681
1657		301.271		-9.48334
1658		304.374		95.3092
1659		261.015		201.75
1660		168.305		283.474
1661		42.2395		312.735
1662		-83.91		274.933
1663		-171.75		178.88
1664		-194.762		56.1012
1665		-151.088		-51.6425
1666		-64.8128		-110.796
1667		25.5872		-110.909
1668		85.9648		-68.0159
1669		102.624		-14.5243
1670		87.2689		19.0838
1671		68.1134		20.8897
1672		72.0069		3.42986
1673		107.403		-4.48537
1674		157.704		24.3147
1675		188.984		97.4814
1676		168.345		195.26
1677		83.2679		277.368
1678		-48.3994		301.602
1679		-183.432		244.878
1680		-271.102		116.058
1681		-275.266		-45.9064
1682		-190.013		-187.531
1683		-41.7384		-262.354
1684		122.505		-248.283
1685		253.927		-153.338
1686		318.897		-8.72402
1687		306.741		145.57
1688		226.982		274.626
1689		100.254		355.739
1690		-50.3988		377.707
1691		-202.968		336.163
1692		-334.573		230.735
1693		-418.572		67.5597
1694		-426.283		-134.204
1695		-335.978		-337.508
1696		-146.311		-490.545
1697		113.183		-540.47
1698		382.457		-453.962
1699		585.758		-235.57
1700		657.116		66.1486
1701		566.355		370.111
1702		333.671		589.093
1703		25.1209		660.742
1704		-270.209		569.974
1705		-471.988		352.916
1706		-535.815		80.935
1707		-464.503		-167.666
1708		-299.888		-335.365
1709		-100.746		-400.77
1710		81.6434		-376.602
1711		218.888		-294.11
1712		306.267		-183.913
1713		351.6		-63.7624
1714		360.954		61.4247
1715		330.722		189.557
1716		250.883		309.542
1717		116.983		396.579
1718		-57.3569		418.969
1719		-236.296		353.597
1720		-370.41		201.603
1721		-415.173		-5.18062
1722		-350.469		-211.899
1723		-191.107		-359.95
1724		17.4034		-409.079
1725		216.143		-351.848
1726		354.902		-213.915
1727		408.741		-40.7482
1728		381.927		121.91
1729		298.988		243.976
1730		189.222		316.301
1731		73.6886		344.598
1732		-38.7029		337.648
1733		-145.426		298.058
1734		-240.272		221.55
1735		-306.899		104.931
1736		-321.511		-42.9226
1737		-264.318		-195.101
1738		-133.582		-311.211
1739		46.3527		-351.878
1740		228.998		-296.523
1741		361.328		-155.117
1742		404.24		32.8595
1743		348.064		212.617
1744		215.502		334.989
1745		50.7061		374.134
1746		-99.7579		333.833
1747		-204.431		240.285
1748		-254.649		126.323
1749		-259.813		16.1355
1750		-234.596		-81.4215
1751		-186.65		-168.281
1752		-112.564		-245.563
1753		-4.47357		-303.307
1754		137.031		-319.136
1755		292.397		-268.069
1756		422.871		-138.721
1757		482.895		53.3919
1758		440.147		264.124
1759		293.263		433.535
1760		77.4822		508.541
1761		-145.898		464.995
1762		-312.3		318.394
1763		-378.571		117.74
1764		-338.144		-74.7354
1765		-219.877		-208.311
1766		-71.9003		-261.337
1767		60.8763		-243.938
1768		154.261		-185.954
1769		209.188		-117.66
1770		242.226		-54.0359
1771		268.857		9.24649
1772		289.707		86.8104
1773		287.908		187.589
1774		239.17		301.776
1775		128.905		398.94
1776		-33.47		439.318
1777		-211.616		392.943
1778		-353.416		256.735
1779		-411.419		60.4545
1780		-362.894		-142.098
1781		-219.901		-292.812
1782		-24.7696		-350.838
1783		166.491		-306.249
1784		304.717		-180.388
1785		362.762		-14.1485
1786		339.531		148.992
1787		253.187		276.758
1788		129.143		353.166
1789		-9.88081		374.897
1790		-146.936		343.724
1791		-267.327		261.376
1792		-353.152		130.72
1793		-381.857		-37.7106
1794		-332.092		-219
1795		-195.175		-373.233
1796		13.8928		-454.277
1797		253.044		-425.991
1798		461.515		-278.993
1799		578.388		-39.6779
1800		564.276		234.038
1801		416.869		469.852
1802		173.339		604.666
1803		-101.709		605.131
1804		-337.724		476.994
1805		-480.234		260.212
1806		-504.941		13.0576
1807		-419.602		-207.281
1808		-255.23		-359.657
1809		-52.4156		-424.844
1810		150.486		-402.72
1811		323.148		-305.141
1812		443.194		-149.808
1813		493.832		41.7235
1814		463.488		242.616
1815		349.46		419.551
1816		163.942		535.726
1817		-62.0099		559.47
1818		-281.055		475.963
1819		-440.247		296.596
1820		-497.035		60.4362
1821		-434.345		-174.704
1822		-268.034		-349.292
1823		-42.8614		-420.851
1824		181.882		-376.975
1825		351.404		-237.428
1826		431.476		-45.0008
1827		415.559		150.415
1828		321.351		307.491
1829		179.88		402.783
1830		23.1017		431.281
1831		-124.341		400.24
1832		-246.69		321.182
1833		-333.455		204.971
1834		-374.831		62.1314
1835		-360.4		-93.1151
1836		-282.825		-239.139
1837		-144.692		-347.573
1838		35.8456		-389.852
1839		224.947		-347.521
1840		380.243		-221.542
1841		463.282		-35.6866
1842		452.309		168.429
1843		349.931		343.272
1844		182.363		449.632
1845		-9.28052		467.562
1846		-181.789		400.07
1847		-301.523		269.094
1848		-350.868		106.546
1849		-328.388		-55.1323
1850		-244.565		-189.321
1851		-116.566		-277.315
1852		35.2131		-307.623
1853		188.201		-275.149
1854		317.935		-182.112
1855		400.001		-40.4693
1856		414.945		126.471
1857		355.068		286.052
1858		229.891		403.185
1859		66.6375		450.619
1860		-96.0781		418.565
1861		-219.888		319.019
1862		-279.174		182.1
1863		-268.989		45.3204
1864		-204.721		-59.7523
1865		-113.681		-117.518
1866		-22.6778		-130.613
1867		52.3241		-113.805
1868		109.527		-83.1426
1869		156.383		-46.3892
1870		199.672		-0.00643921
1871		236.579		65.6595
1872		252.35		155.974
1873		226.577		262.516
1874		145.345		360.521
1875		12.8666		415.883
1876		-144.044		399.287
1877		-282.14		300.956
1878		-356.768		138.639
1879		-339.383		-45.6842
1880		-229.655		-199.626
1881		-56.5581		-278.971
1882		132.045		-262.973
1883		286.566		-160.007
1884		371.983		-1.83652
1885		376.593		169.945
1886		310.638		318.537
1887		197.259		421.215
1888		61.5176		470.398
1889		-76.773		468.244
1890		-203.772		419.724
1891		-307.532		329.152
1892		-373.721		202.257
1893		-385.659		51.7583
1894		-330.243		-98.3635
1895		-207.127		-214.504
1896		-35.7114		-262.386
1897		145.251		-220.286
1898		287.255		-90.3969
1899		347.881		97.7958
1900		306.326		294.819
1901		171.68		446.889
1902		-19.8194		513.586
1903		-217.333		480.216
1904		-372.15		360.199
1905		-451.577		187.614
1906		-445.042		4.36011
1907		-361.794		-151.896
1908		-223.588		-254.527
1909		-57.3642		-288.803
1910		108.661		-249.689
1911		245.578		-140.578
1912		324.194		24.872
1913		318.949		219.258
1914		216.543		400.612
1915		26.2865		518.565
1916		-213.901		528.471
1917		-441.711		409.41
1918		-586.717		178.105
1919		-594.349		-109.27
1920		-448.241		-371.036
1921		-180.675		-526.226
1922		134.897		-523.294
1923		407.647		-359.372
1924		560.369		-81.6281
1925		555.066		230.041
1926		402.882		491.539
1927		155.257		642.15
1928		-118.356		660.106
1929		-355.357		561.361
1930		-516.668		384.964
1931		-589.74		174.193
1932		-580.055		-36.7612
1933		-498.904		-225.411
1934		-356.056		-374.787
1935		-161.53		-465.641
1936		65.9784		-474.857
1937		291.579		-383.433
1938		465.46		-190.545
1939		535.987		74.9253
1940		470.314		354.238
1941		272.59		573.61
1942		-10.6301		669.534
1943		-302.736		613.694
1944		-523.418		425.468
1945		-617.881		165.236
1946		-575.697		-89.2116
1947		-430.728		-272.558
1948		-242.662		-354.427
1949		-69.6324		-344.539
1950		54.5818		-279.49
1951		128.171		-199.274
1952		171.479		-126.461
1953		206.748		-58.8005
1954		239.684		21.8054
1955		253.571		130.192
1956		219.279		260.524
1957		115.358		381.375
1958		-53.4646		447.008
1959		-250.479		419.41
1960		-418.159		289.402
1961		-501.384		85.2696
1962		-471.151		-136.176
1963		-336.824		-311.978
1964		-140.97		-397.731
1965		60.062		-382.51
1966		219.41		-287.434
1967		315		-150.166
1968		350.047		-4.91705
1969		340.532		130.701
1970		298.665		255.345
1971		223.226		371.839
1972		103.094		472.26
1973		-68.0699		531.044
1974		-275.367		512.326
1975		-475.823		389.181
1976		-607.881		164.637
1977		-614.935		-117.968
1978		-472.289		-383.158
1979		-203.841		-548.565
1980		120.995		-556.657
1981		410.224		-398.37
1982		582.339		-117.495
1983		594.823		206.228
1984		455.737		487.193
1985		214.546		663.215
1986		-61.6287		711.371
1987		-313.724		645.32
1988		-506.32		498.703
1989		-627.719		305.681
1990		-678.246		89.6767
1991		-656.743		-134.796
1992		-555.382		-350.931
1993		-366.881		-528.828
1994		-99.7823		-624.861
1995		208.595		-594.866
1996		491.863		-416.118
1997		670.979		-106.678
1998		682.24		269.561
1999		504.607		617.522
2000		173.187		841.041
2001		-228.548		876.24
2002		-595.419		713.899
2003		-835.081		401.498
2004		-896.201		24.8556
2005		-779.676		-321.748
2006		-530.674		-563.981
2007		-217.831		-663.793
2008		89.5514		-620.205
2009		336.97		-458.784
2010		489.461		-218.257
2011		528.832		58.5001
2012		450.01		327.028
2013		261.585		541.012
2014		-9.45241		655.135
2015		-313.924		634.699
2016		-584.357		469.989
2017		-749.948		188.111
2018		-759.397		-146.289
2019		-602.347		-445.907
2020		-318.528		-628.091
2021		11.9602		-644.167
2022		295.296		-497.842
2023		457.157		-243.641
2024		468.289		34.7696
2025		351.25		257.128
2026		165.8		375.553
2027		-19.6172		387.348
2028		-156.534		326.991
2029		-232.059		242.781
2030		-265.25		170.719
2031		-287.956		118.757
2032		-321.384		68.5527
2033		-361.17		-7.57986
2034		-378.636		-124.565
2035		-337.085		-269.657
2036		-214.14		-402.854
2037		-18.2234		-472.553
2038		209.385		-438.538
2039		407.94		-290.988
2040		519.506		-56.6381
2041		509.698		210.082
2042		378.128		445.879
2043		155.51		598.411
2044		-109.071		639.003
2045		-363.479		565.009
2046		-563.729		394.168
2047		-678.451		156.529
2048		-688.653		-111.152
2049		-587.244		-367.339
2050		-381.542		-566.742
2051		-98.174		-664.779
2052		214.032		-627.788
2053		488.526		-446.787
2054		655.416		-148.465
2055		662.858		203.896
2056		497.563		523.506
2057		194.961		724.857
2058		-167.204		751.754
2059		-491.326		597.479
2060		-690.788		308.417
2061		-717.518		-30.905
2062		-575.796		-325.73
2063		-317.593		-501.079
2064		-22.3684		-522.721
2065		229.832		-402.455
2066		381.564		-187.891
2067		409.988		57.0635
2068		325.899		272.436
2069		163.365		416.158
2070		-33.8176		469.118
2071		-223.429		432.954
2072		-371.513		324.477
2073		-455.237		170.145
2074		-464.129		1.7276
2075		-401.146		-147.762
2076		-283.133		-249.28
2077		-138.796		-284.176
2078		-2.74303		-249.827
2079		93.8223		-161.381
2080		132.624		-47.4929
2081		113.806		59.3338
2082		54.3592		134.113
2083		-20.2737		167.345
2084		-87.6381		165.726
2085		-137.122		145.299
2086		-171.744		120.708
2087		-202.069		96.4662
2088		-235.768		65.1895
2089		-268.943		14.0261
2090		-284.626		-64.1162
2091		-260.139		-160.913
2092		-180.084		-250.53
2093		-48.331		-297.391
2094		107.681		-270.977
2095		243.503		-160.913
2096		313.016		14.9991
2097		286.074		214.037
2098		160.743		382.132
2099		-35.0956		472.071
2100		-253.103		458.763
2101		-440.355		345.772
2102		-554.95		161.61
2103		-575.631		-51.1763
2104		-503.263		-248.636
2105		-356.019		-394.811
2106		-162.339		-465.887
2107		44.6544		-450.369
2108		230.159		-348.319
2109		359.685		-171.964
2110		402.755		52.479
2111		339.775		284.415
2112		170.672		473.237
2113		-78.7627		568.914
2114		-357.479		536.77
2115		-599.134		371.213
2116		-739.74		102.179
2117		-737.291		-209.716
2118		-585.999		-488.932
2119		-319.388		-666.57
2120		-0.825424		-700.083
2121		294.966		-584.258
2122		502.55		-350.241
2123		581.531		-54.2099
2124		523.163		239.108
2125		347.657		472.006
2126		95.431		604.188
2127		-183.355		616.956
2128		-437.807		512.836
2129		-623.052		313.126
2130		-705.731		54.7841
2131		-669.372		-213.787
2132		-519.276		-439.517
2133		-284.741		-574.764
2134		-15.7804		-589.228
2135		227.093		-479.866
2136		388.356		-274.217
2137		433.444		-24.2719
2138		359.086		208.248
2139		193.473		370.333
2140		-14.252		432.902
2141		-211.064		396.885
2142		-356.686		288.204
2143		-433.133		144.603
2144		-444.106		0.795074
2145		-406.087		-121.38
2146		-336.819		-214.144
2147		-247.588		-277.481
2148		-142.988		-310.454
2149		-27.2556		-306.22
2150		87.7492		-254.346
2151		179.004		-149.459
2152		216.93		-1.11423
2153		177.157		161.637
2154		54.0371		295.168
2155		-131.278		355.09
2156		-333.347		313.474
2157		-495.784		171.668
2158		-570.408		-37.5427
2159		-534.15		-259.947
2160		-396.567		-438.055
2161		-195.092		-529.718
2162		19.2817		-519.66
2163		199.143		-420.046
2164		313.344		-261.458
2165		350.895		-79.8194
2166		316.567		94.183
2167		222.699		239.076
2168		82.8731		340.221
2169		-89.0635		385.053
2170		-275.179		360.997
2171		-448.966		258.98
2172		-575.233		81.3799
2173		-617.157		-150.292
2174		-548.978		-393.681
2175		-368.942		-593.141
2176		-105.824		-695.254
2177		185.359		-666.621
2178		438.034		-506.402
2179		593.848		-247.96
2180		619.714		51.3332
2181		515.513		327.857
2182		310.181		529.645
2183		49.1334		627.522
2184		-220.478		616.351
2185		-460.165		508.262
2186		-642.868		323.335
2187		-749.525		83.573
2188		-764.369		-186.993
2189		-674.311		-457.735
2190		-474.758		-687.566
2191		-179.579		-827.335
2192		170.817		-830.914
2193		509.936		-672.294
2194		757.597		-361.659
2195		842.1		47.8147
2196		724.71		467.788
2197		416.696		796.655
2198		-18.7132		948.79
2199		-481.496		880.818
2200		-862.422		605.316
2201		-1073.51		187.102
2202		-1071.05		-276.069
2203		-864.073		-681.048
2204		-507.269		-945.467
2205		-82.6377		-1024.71
2206		322.501		-916.426
2207		634.107		-654.198
2208		802.685		-295.3
2209		807.127		92.4351
2210		653.66		441.484
2211		372.685		692.953
2212		14.734		803.659
2213		-355.258		753.05
2214		-667.02		549.167
2215		-857.886		230.981
2216		-887.593		-136.075
2217		-750.512		-472.779
2218		-480.106		-705.064
2219		-142.332		-783.894
2220		181.4		-699.242
2221		416.789		-482.671
2222		517.162		-197.046
2223		474.802		83.2649
2224		319.365		294.594
2225		104.609		400.753
2226		-110.901		398.962
2227		-281.642		314.075
2228		-385.324		184.832
2229		-422.995		48.5168
2230		-411.01		-69.8817
2231		-369.788		-160.76
2232		-314.808		-225.842
2233		-253.233		-270.632
2234		-186.325		-297.938
2235		-114.922		-305.665
2236		-44.1528		-289.345
2237		15.5374		-247.237
2238		51.6106		-184.637
2239		55.1038		-114.664
2240		25.6252		-54.7905
2241		-27.0356		-20.653
2242		-85.6682		-20.0428
2243		-131.628		-49.8497
2244		-151.439		-97.2909
2245		-141.242		-144.787
2246		-107.43		-176.318
2247		-63.5437		-182.658
2248		-25.0308		-163.64
2249		-4.10068		-127.019
2250		-6.51552		-84.9434
2251		-31.0572		-49.7557
2252		-71.2		-30.7461
2253		-117.776		-32.6848
2254		-161.378		-55.9973
2255		-193.791		-97.7893
2256		-208.488		-152.836
2257		-200.765		-214.055
2258		-168.172		-272.612
2259		-111.482		-318.221
2260		-35.9257		-340.302
2261		48.1168		-330.195
2262		125.781		-284.05
2263		180.204		-205.404
2264		196.551		-106.249
2265		166.545		-5.71005
2266		91.9959		73.8259
2267		-14.1102		112.298
2268		-129.744		97.687
2269		-228.895		29.9671
2270		-288.199		-78.1679
2271		-293.065		-204.249
2272		-241.313		-321.795
2273		-143.154		-407.011
2274		-17.7022		-444.186
2275		112.504		-428.126
2276		226.823		-363.22
2277		309.784		-260.158
2278		351.564		-132.256
2279		346.443		6.73146
2280		291.038		142.477
2281		184.272		258.371
2282		29.9182		334.245
2283		-159.174		347.787
2284		-357.642		279.767
2285		-527.932		122.176
2286		-626.288		-113.67
2287		-614.009		-393.024
2288		-470.921		-660.795
2289		-206.301		-852.633
2290		137.465		-911.68
2291		491.093		-806.035
2292		773.757		-541.121
2293		913.556		-162.398
2294		867.082		253.063
2295		632.275		614.099
2296		250.825		837.198
2297		-200.346		866.583
2298		-626.004		687.592
2299		-933.465		330.545
2300		-1052.56		-135.173
2301		-950.717		-615.007
2302		-640.567		-1008.11
2303		-178.907		-1227.75
2304		342.954		-1219.83
2305		816.339		-976.059
2306		1137.36		-538.717
2307		1230.17		5.07396
2308		1066.2		539.971
2309		673.997		947.408
2310		135.832		1133.69
2311		-429.618		1054.01
2312		-895.139		725.211
2313		-1156.35		223.089
2314		-1157.89		-336.111
2315		-906.783		-824.952
2316		-469.262		-1136.69
2317		47.8907		-1210.77
2318		525.505		-1045.07
2319		861.483		-692.553
2320		993.567		-244.366
2321		910.224		194.63
2322		648.393		530.965
2323		280.423		702.161
2324		-105.245		687.188
2325		-424.596		506.892
2326		-615.48		215.708
2327		-648.995		-112.744
2328		-533.253		-402.966
2329		-309.137		-594.412
2330		-38.9674		-654.463
2331		209.616		-584.592
2332		380.842		-417.934
2333		444.541		-208.521
2334		402.348		-14.9439
2335		284.29		116.699
2336		136.773		165.072
2337		6.12393		136.98
2338		-76.3789		60.9315
2339		-102.566		-26.3015
2340		-85.8844		-94.5754
2341		-51.6451		-130.71
2342		-23.7121		-140.398
2343		-13.6085		-141.604
2344		-16.6485		-153.098
2345		-16.2854		-183.722
2346		5.93184		-227.325
2347		59.8143		-265.392
2348		140.379		-275.705
2349		228.697		-242.721
2350		298.969		-164.874
2351		328.276		-55.8106
2352		304.639		60.4011
2353		230.305		157.389
2354		119.754		214.193
2355		-5.68608		219.73
2356		-123.652		173.285
2357		-214.705		82.333
2358		-263.889		-40.0984
2359		-261.025		-176.981
2360		-201.425		-307.759
2361		-87.9212		-409.134
2362		66.4969		-457.821
2363		237.474		-435.845
2364		391.599		-337.092
2365		492.99		-172.406
2366		512.773		29.6372
2367		438.286		227.688
2368		278.455		377.393
2369		63.0236		442.922
2370		-164.3		406.39
2371		-356.464		272.199
2372		-473.939		65.3555
2373		-492.718		-174.965
2374		-407.93		-404.037
2375		-233.319		-579.877
2376		2.02068		-669.772
2377		258.293		-654.866
2378		490.45		-533.232
2379		654.614		-321.562
2380		715.697		-54.7397
2381		655.515		218.01
2382		479.442		441.246
2383		218.833		565.092
2384		-72.991		558.081
2385		-331.56		417.126
2386		-496.639		170.87
2387		-527.892		-125.557
2388		-415.982		-403.407
2389		-185.589		-597.256
2390		110.506		-661.066
2391		404.306		-578.979
2392		628.581		-368.375
2393		731.784		-75.2216
2394		688.753		236.342
2395		505.647		497.472
2396		218.944		648.549
2397		-111.012		651.567
2398		-411.17		499.239
2399		-610.524		219.041
2400		-656.438		-129.617
2401		-529.246		-466.152
2402		-250.848		-706.697
2403		116.586		-785.676
2404		483.468		-675.263
2405		755.195		-396.215
2406		858.279		-15.3738
2407		762.144		370.838
2408		489.162		662.694
2409		109.107		785.19
2410		-280.536		708.863
2411		-582.055		456.849
2412		-723.913		96.4722
2413		-678.097		-281.097
2414		-464.049		-585.941
2415		-139.693		-751.476
2416		216.052		-747.869
2417		523.198		-584.897
2418		717.818		-305.724
2419		763.372		24.9827
2420		655.616		335.167
2421		421.759		559.293
2422		114.728		650.632
2423		-196.927		590.732
2424		-442.829		394.383
2425		-566.54		108.064
2426		-539.955		-199.424
2427		-371.932		-453.328
2428		-107.377		-592.616
2429		184.378		-587.087
2430		429.176		-445.88
2431		569.492		-213.884
2432		580.347		43.1411
2433		474.12		259.491
2434		292.93		388.891
2435		92.1196		415.52
2436		-78.3242		353.522
2437		-187.382		236.713
2438		-227.443		103.898
2439		-209.745		-13.794
2440		-154.748		-99.1143
2441		-82.7694		-147.802
2442		-8.80657		-163.333
2443		57.6437		-151.501
2444		109.909		-117.927
2445		141.947		-68.8988
2446		148.853		-13.4344
2447		129.802		36.3298
2448		90.9476		68.0276
2449		45.3424		74.2411
2450		8.61547		56.8945
2451		-8.05071		27.5771
2452		-3.9006		2.53514
2453		10.2935		-5.7644
2454		17.5377		3.86754
2455		4.27502		19.2939
2456		-30.502		20.4575
2457		-71.9418		-9.74356
2458		-94.4986		-74.4177
2459		-73.898		-157.5
2460		-0.375435		-227.949
2461		113.543		-252.216
2462		235.195		-209.528
2463		323.623		-102.7
2464		346.012		40.9563
2465		291.23		179.39
2466		174.245		271.9
2467		29.6067		294.182
2468		-102.608		245.695
2469		-191.53		146.654
2470		-224.24		27.1297
2471		-205.346		-85.6133
2472		-149.198		-175.184
2473		-70.1796		-236.316
2474		22.9924		-268.81
2475		126.002		-270.284
2476		232.348		-233.353
2477		326.681		-149.918
2478		383.817		-20.5311
2479		376.099		136.944
2480		286.8		285.8
2481		123.047		379.296
2482		-79.2163		377.665
2483		-262.624		266.266
2484		-366.8		66.2498
2485		-350.842		-168.283
2486		-210.347		-366.786
2487		18.635		-466.361
2488		270.861		-433.786
2489		473.908		-276.611
2490		572.021		-39.2732
2491		542.525		213.393
2492		399.297		417.847
2493		183.701		529.979
2494		-51.543		533.631
2495		-258.087		438.467
2496		-401.58		270.909
2497		-463.649		63.994
2498		-438.818		-149.207
2499		-330.88		-337.467
2500		-152.098		-470.943
2501		74.5741		-522.273
2502		313.275		-471.748
2503		517.184		-315.747
2504		637.117		-74.371
2505		635.516		206.942
2506		500.86		465.149
2507		255.998		635.878
2508		-44.4293		673.091
2509		-328.016		564.667
2510		-525.655		337.486
2511		-592.054		49.6261
2512		-518.186		-227.526
2513		-331.485		-430.522
2514		-84.5781		-520.726
2515		162.342		-491.445
2516		358.52		-364.255
2517		473.368		-177.75
2518		498.67		25.7503
2519		443.869		210.43
2520		328.384		351.59
2521		174.991		435.255
2522		6.4111		455.503
2523		-155.269		412.395
2524		-288.407		311.954
2525		-373.009		167.497
2526		-394.075		0.330158
2527		-346.006		-162.118
2528		-235.762		-291.191
2529		-82.7451		-363.576
2530		85.1904		-367.023
2531		238.308		-302.92
2532		351.643		-184.841
2533		409.354		-34.0357
2534		405.689		125.905
2535		343.247		273.031
2536		230.409		388.646
2537		79.778		457.19
2538		-91.6738		466.126
2539		-261.68		407.453
2540		-402.944		281.205
2541		-486.387		99.5691
2542		-487.702		-110.918
2543		-395.602		-311.498
2544		-218.579		-458.517
2545		13.1181		-514.514
2546		252.18		-459.67
2547		445.053		-299.513
2548		545.887		-65.7415
2549		529.219		190.635
2550		397.321		412.006
2551		179.88		548.87
2552		-73.7649		572.155
2553		-307.271		479.739
2554		-471.062		295.77
2555		-533.491		63.5717
2556		-486.866		-165.425
2557		-347.477		-343.653
2558		-150.332		-437.464
2559		59.6626		-433.335
2560		237.919		-339.381
2561		349.627		-182.254
2562		376.656		-0.336105
2563		320.604		165.307
2564		201.376		280.261
2565		51.5853		324.305
2566		-91.9149		295.333
2567		-197.263		208.622
2568		-245.097		91.6588
2569		-232.287		-23.9462
2570		-170.972		-111.018
2571		-83.478		-153.279
2572		4.95378		-147.949
2573		73.1348		-104.171
2574		108.449		-38.3793
2575		107.969		31.2845
2576		76.6378		89.4835
2577		24.0096		125.928
2578		-38.7333		135.436
2579		-100.453		116.873
2580		-150.455		72.3186
2581		-178.563		7.19317
2582		-176.022		-68.9262
2583		-137.753		-141.937
2584		-65.3919		-194.583
2585		30.42		-210.145
2586		130.212		-177.717
2587		209.277		-97.2202
2588		244.165		18.1552
2589		220.101		143.659
2590		136.597		248.896
2591		8.94558		306.244
2592		-135.238		298.94
2593		-263.401		226.01
2594		-346.845		102.396
2595		-367.978		-45.5474
2596		-323.846		-187.353
2597		-225.345		-295.941
2598		-93.0774		-353.041
2599		48.1921		-351.463
2600		174.58		-294.518
2601		266.552		-193.766
2602		310.795		-66.3686
2603		301.141		67.2841
2604		239.188		185.804
2605		134.682		269.405
2606		5.03911		303.152
2607		-126.79		280.413
2608		-236.438		205.291
2609		-303.55		92.7054
2610		-316.896		-34.6276
2611		-277.22		-151.771
2612		-196.558		-237.965
2613		-94.1164		-281.528
2614		9.73506		-281.478
2615		98.934		-245.463
2616		164.574		-185.214
2617		204.322		-111.818
2618		219.281		-32.9965
2619		210.407		46.5675
2620		176.685		122.519
2621		116.212		187.72
2622		29.6742		231.011
2623		-75.7825		239.155
2624		-184.71		201.57
2625		-275.148		115.904
2626		-323.984		-8.21219
2627		-314.082		-149.238
2628		-240.463		-278.087
2629		-113.137		-365.433
2630		44.4989		-389.471
2631		201.047		-341.604
2632		324.398		-228.495
2633		388.705		-70.3825
2634		379.396		103.332
2635		295.633		259.733
2636		150.404		368.129
2637		-31.2781		405.287
2638		-215.823		359.923
2639		-366.255		236.058
2640		-449.096		54.3508
2641		-442.194		-149.821
2642		-341.699		-332.367
2643		-165.739		-450.207
2644		47.4252		-472.648
2645		247.451		-391.029
2646		384.666		-223.068
2647		423.914		-9.68745
2648		354.994		195.395
2649		196.025		340.363
2650		-11.5901		389.626
2651		-214.98		333.168
2652		-364.449		188.153
2653		-426.258		-7.23852
2654		-389.889		-205.119
2655		-268.404		-360.431
2656		-92.9186		-441.044
2657		96.1849		-433.264
2658		258.479		-342.563
2659		361.119		-190.628
2660		384.1		-10.3013
2661		323.19		160.491
2662		190.746		285.313
2663		14.2096		336.017
2664		-168.22		299.034
2665		-314.903		179.743
2666		-390.227		3.07702
2667		-374.025		-190.906
2668		-267.978		-356.276
2669		-96.368		-453.141
2670		99.7691		-458.618
2671		273.683		-373.162
2672		385.685		-219.982
2673		413.46		-37.7537
2674		356.646		130.712
2675		234.68		249.871
2676		79.4018		299.283
2677		-74.4055		276.013
2678		-197.19		192.024
2679		-269.428		68.698
2680		-282.805		-68.9579
2681		-239.035		-196.681
2682		-147.955		-293.604
2683		-25.9141		-343.997
2684		105.737		-339.085
2685		222.958		-279.135
2686		302.908		-174.952
2687		329.115		-47.2971
2688		296.4		76.8076
2689		213.348		170.545
2690		100.713		214.654
2691		-14.2835		202.904
2692		-105.941		143.389
2693		-157.315		55.0014
2694		-163.914		-39.4475
2695		-132.637		-120.553
2696		-76.8798		-177.077
2697		-10.4301		-206.528
2698		56.9274		-212.064
2699		120.328		-197.954
2700		177.503		-166.348
2701		225.213		-117.078
2702		257.008		-50.3554
2703		264.012		29.5422
2704		238.586		112.136
2705		178.996		181.884
2706		92.4611		222.549
2707		-5.29174		222.939
2708		-94.1332		181.353
2709		-155.618		106.643
2710		-178.439		15.4215
2711		-161.041		-73.2031
2712		-110.67		-143.017
2713		-39.8366		-184.063
2714		37.8027		-193.15
2715		110.285		-172.203
2716		168.19		-126.095
2717		204.148		-61.4237
2718		212.393		13.3676
2719		189.53		87.3505
2720		136.499		147.396
2721		60.5738		180.368
2722		-24.3236		176.97
2723		-100.081		135.675
2724		-149.318		64.6583
2725		-160.971		-19.7118
2726		-134.077		-97.6615
2727		-77.9534		-152.28
2728		-8.565		-174.62
2729		57.2984		-165.483
2730		107.406		-133.344
2731		136.737		-89.7435
2732		146.616		-44.5846
2733		141.378		-3.62525
2734		124.843		31.0006
2735		98.6958		58.1609
2736		63.592		75.1392
2737		21.9845		77.1089
2738		-19.4861		59.3545
2739		-50.101		21.1192
2740		-58.3379		-31.2778
2741		-37.0766		-84.3102
2742		11.8573		-120.928
2743		76.3992		-126.845
2744		137.369		-96.6757
2745		175.032		-36.9904
2746		176.383		35.3251
2747		139.977		98.8577
2748		76.2937		135.138
2749		3.64554		134.642
2750		-58.3455		99.0341
2751		-94.8251		39.2082
2752		-99.0323		-29.3632
2753		-72.2067		-91.5548
2754		-21.1343		-135.751
2755		44.7192		-154.622
2756		114.905		-144.394
2757		178.207		-104.222
2758		222.419		-36.8117
2759		235.223		49.8915
2760		207.093		141.373
2761		135.619		217.455
2762		29.2976		256.433
2763		-91.6483		241.718
2764		-198.884		168.597
2765		-263.526		48.0582
2766		-265.17		-94.4592
2767		-198.948		-225.542
2768		-77.7208		-313.353
2769		71.4835		-336.78
2770		215.363		-290.883
2771		323.485		-187.032
2772		375.424		-48.3458
2773		363.896		97.2173
2774		293.892		223.315
2775		179.372		309.362
2776		39.6397		342.103
2777		-103.285		315.749
2778		-226.316		232.103
2779		-307.087		101.348
2780		-327.049		-57.1569
2781		-276.051		-215.661
2782		-157.097		-341.833
2783		11.0771		-405.731
2784		195.736		-388.274
2785		356.874		-288.191
2786		457.428		-124.425
2787		473.737		67.5944
2788		402.504		245.054
2789		261.718		369.307
2790		85.204		415.972
2791		-87.1077		380.326
2792		-219.731		276.656
2793		-289.612		132.546
2794		-289.585		-19.3512
2795		-227.27		-149.131
2796		-120.932		-235.023
2797		5.68398		-265.781
2798		127.998		-240.721
2799		224.194		-168.486
2800		278.023		-65.2344
2801		281.183		47.7332
2802		235.147		147.313
2803		151.677		213.031
2804		51.0607		231.907
2805		-42.3172		202.27
2806		-106.317		134.824
2807		-127.391		49.9659
2808		-104.606		-28.2248
2809		-49.6137		-79.4135
2810		17.6265		-93.1795
2811		75.8361		-71.6
2812		109.464		-27.3551
2813		113.135		21.7223
2814		92.0287		59.3281
2815		58.4542		75.9501
2816		26.4048		70.8935
2817		6.47552		50.7903
2818		3.02288		25.7871
2819		14.1968		5.35379
2820		34.1545		-4.57778
2821		56.0015		-2.3946
2822		74.0726		10.1498
2823		84.8835		29.597
2824		86.9414		52.1478
2825		80.1292		74.2683
2826		65.3229		92.7403
2827		44.4308		104.699
2828		20.5325		108.06
2829		-2.39713		102.267
2830		-20.4211		88.8482
2831		-30.9549		71.2186
2832		-33.7682		53.5351
2833		-30.9919		39.0271
2834		-25.9332		28.6585
2835		-21.1957		20.9361
2836		-17.0985		13.1211
2837		-11.3502		3.315
2838		-0.330605		-7.68286
2839		18.5349		-15.8481
2840		44.4829		-15.226
2841		72.4559		-0.606972
2842		94.1479		29.6162
2843		100.758		71.7812
2844		86.3209		117.341
2845		50.1859		155.224
2846		-2.36956		175.196
2847		-61.5537		170.881
2848		-115.787		141.36
2849		-154.587		90.994
2850		-170.629		27.9548
2851		-160.601		-37.7054
2852		-125.134		-95.6756
2853		-68.4109		-136.478
2854		2.13039		-152.31
2855		76.0415		-138.109
2856		140.566		-93.0015
2857		182.345		-21.7659
2858		190.231		64.5588
2859		158.607		149.746
2860		90.0193		215.432
2861		-4.10939		245.543
2862		-105.351		230.762
2863		-192.407		171.46
2864		-246.281		78.0299
2865		-254.836		-31.5152
2866		-215.389		-135.813
2867		-134.808		-214.863
2868		-27.491		-253.853
2869		87.7956		-245.373
2870		191.229		-190.036
2871		264.817		-95.9865
2872		294.806		22.2279
2873		273.795		145.308
2874		202.565		251.605
2875		91.1562		320.54
2876		-41.6016		336.828
2877		-170.792		294.621
2878		-270.351		200.149
2879		-319.233		71.5311
2880		-307.019		-64.7826
2881		-237.001		-180.261
2882		-125.533		-251.414
2883		2.29648		-265.529
2884		119.235		-223.217
2885		202.516		-137.167
2886		238.553		-27.9025
2887		224.595		81.7448
2888		167.523		171.575
2889		80.9142		227.195
2890		-18.2667		241.264
2891		-112.428		213.41
2892		-185.438		149.649
2893		-224.469		61.6787
2894		-222.006		-34.1919
2895		-177.905		-119.1
2896		-100.704		-175.051
2897		-7.05685		-189.286
2898		81.3815		-158.326
2899		143.305		-89.975
2900		163.831		-2.02436
2901		139.141		82.4304
2902		77.7909		141.702
2903		-1.99197		161.918
2904		-78.1366		140.784
2905		-131.51		87.3923
2906		-151.162		18.3782
2907		-136.316		-47.8606
2908		-94.8211		-96.5506
2909		-39.2655		-119.692
2910		17.3399		-116.344
2911		64.6087		-90.7487
2912		95.8595		-49.7771
2913		107.676		-1.0228
2914		99.0612		47.9061
2915		71.1639		89.3544
2916		27.8144		115.811
2917		-23.7945		121.072
2918		-73.3321		102.311
2919		-109.181		62.1091
2920		-121.703		9.13946
2921		-106.742		-43.4057
2922		-67.732		-81.4813
2923		-15.2259		-94.6861
2924		36.2529		-79.7529
2925		72.8689		-41.5238
2926		85.7591		8.99931
2927		73.234		58.6234
2928		40.197		96.188
2929		-4.61409		115.304
2930		-52.0307		114.751
2931		-94.8839		96.895
2932		-128.599		65.4397
2933		-150.236		23.926
2934		-157.131		-24.2595
2935		-146.437		-74.7058
2936		-116.17		-120.797
2937		-67.3046		-153.802
2938		-5.62121		-164.797
2939		58.0829		-147.876
2940		110.089		-103.194
2941		137.634		-38.2577
2942		133.066		33.4277
2943		96.4997		96.0181
2944		35.8462		135.88
2945		-35.7401		145.222
2946		-103.81		123.495
2947		-156.289		76.359
2948		-185.555		13.1089
2949		-188.593		-56.0264
2950		-165.903		-121.557
2951		-120.338		-175.117
2952		-56.7467		-209.206
2953		17.5081		-217.328
2954		91.9776		-195.241
2955		153.636		-143.101
2956		189.162		-67.4253
2957		188.658		18.5505
2958		149.476		97.0272
2959		78.3675		150.08
2960		-9.33196		164.952
2961		-93.5783		138.158
2962		-155.292		76.7139
2963		-181.738		-4.08734
2964		-169.634		-85.4438
2965		-125.004		-150.481
2966		-60.1997		-188.335
2967		10.4196		-195.636
2968		74.3013		-175.428
2969		122.776		-134.59
2970		151.194		-81.2587
2971		157.906		-23.3177
2972		143.237		31.8796
2973		109.259		77.2131
2974		60.348		105.89
2975		3.79014		112.512
2976		-50.5277		94.9013
2977		-91.8641		55.762
2978		-111.477		3.05781
2979		-105.496		-51.5206
2980		-76.4867		-95.7193
2981		-32.8607		-120.38
2982		13.7887		-122.12
2983		52.399		-103.958
2984		75.7172		-73.6777
2985		81.9022		-40.7415
2986		74.0139		-13.0874
2987		57.8932		4.91899
2988		39.5575		12.7854
2989		23.2654		12.6987
2990		10.891		7.71014
2991		2.51213		0.271946
2992		-2.44372		-8.28994
2993		-4.27963		-17.3977
2994		-2.81408		-26.4502
2995		2.16134		-34.2895
2996		10.189		-39.2776
2997		19.7424		-39.9254
2998		28.4126		-35.6801
2999		33.6113		-27.4128
3000		33.4441		-17.3532
3001		27.3621		-8.52905
3002		16.381		-3.98599
3003		2.90007		-6.07542
3004		-9.70471		-15.9467
3005		-17.5764		-33.2127
3006		-16.9623		-55.7137
3007		-4.99051		-79.4214
3008		19.3344		-98.6974
3009		54.128		-107.173
3010		94.0772		-99.3284
3011		130.867		-72.4811
3012		154.852		-28.4852
3013		157.714		25.6667
3014		135.302		78.9014
3015		89.5921		118.721
3016		28.8712		134.704
3017		-34.094		121.663
3018		-85.3701		81.31
3019		-113.526		21.872
3020		-112.433		-44.1418
3021		-82.3962		-103.125
3022		-29.5391		-143.408
3023		36.0072		-157.323
3024		102.271		-142.042
3025		157.335		-99.5116
3026		190.793		-35.9725
3027		194.989		38.6273
3028		166.351		111.441
3029		106.779		168.168
3030		24.6056		195.467
3031		-65.6998		184.151
3032		-145.689		132.356
3033		-196.911		47.401
3034		-205.78		-54.7363
3035		-167.748		-152.679
3036		-89.2177		-224.921
3037		13.6984		-255.48
3038		119.29		-238.053
3039		205.873		-177.313
3040		257.055		-87.0796
3041		265.018		13.7638
3042		231.134		106.03
3043		164.266		174.121
3044		77.8692		208.195
3045		-12.9129		204.632
3046		-93.429		165.476
3047		-150.977		97.6232
3048		-175.993		12.0939
3049		-163.421		-76.8277
3050		-114.197		-153.155
3051		-36.241		-201.826
3052		55.9558		-212.116
3053		143.736		-180.87
3054		208.459		-114.205
3055		236.346		-26.6955
3056		222.336		62.1046
3057		171.504		132.813
3058		97.4404		171.352
3059		18.1728		172.322
3060		-48.9003		139.575
3061		-91.2929		84.0876
3062		-103.676		20.1918
3063		-87.7625		-38.3251
3064		-50.4547		-81.0215
3065		-1.34461		-102.006
3066		49.4519		-99.8286
3067		92.7113		-76.7617
3068		120.946		-38.0744
3069		129.125		8.55236
3070		115.555		53.7688
3071		82.731		87.8849
3072		37.5776		102.897
3073		-9.51852		94.7717
3074		-47.0495		65.0923
3075		-65.5649		21.1842
3076		-60.5908		-25.6742
3077		-34.1086		-63.5176
3078		6.09186		-83.3057
3079		49.007		-81.5205
3080		83.9606		-60.794
3081		103.728		-28.4424
3082		106.129		6.35226
3083		93.722		35.4918
3084		72.043		53.9389
3085		47.3798		60.2147
3086		25.0371		55.6479
3087		8.58928		43.1025
3088		-0.00613022		25.9319
3089		0.0258484		7.52729
3090		8.49056		-8.69077
3091		24.0316		-19.3021
3092		43.7989		-21.34
3093		63.4761		-13.1876
3094		78.0274		4.49793
3095		83.0855		28.4366
3096		76.4422		53.3549
3097		58.9204		73.4998
3098		34.1333		84.4373
3099		7.1844		84.3236
3100		-17.0897		74.0756
3101		-35.4886		56.4297
3102		-46.8025		34.4648
3103		-51.104		10.439
3104		-48.5381		-14.4196
3105		-38.4643		-39.1161
3106		-19.6054		-61.6617
3107		8.75035		-78.3215
3108		45.116		-84.0388
3109		84.7348		-74.114
3110		119.886		-46.4845
3111		141.745		-3.51837
3112		143.19		47.6518
3113		121.417		96.6078
3114		79.2516		132.466
3115		24.5998		146.964
3116		-31.7079		136.648
3117		-78.7758		103.442
3118		-108.116		53.6423
3119		-114.986		-4.0068
3120		-98.4948		-60.2386
3121		-60.9401		-106.568
3122		-7.07382		-135.881
3123		56.2843		-142.722
3124		120.356		-123.821
3125		174.752		-79.1076
3126		208.629		-12.9213
3127		212.879		65.3342
3128		182.879		141.886
3129		120.852		200.997
3130		36.705		228.7
3131		-53.351		216.775
3132		-130.299		165.604
3133		-177.009		84.8016
3134		-182.687		-8.73334
3135		-145.727		-94.8115
3136		-74.1309		-154.802
3137		16.4962		-175.948
3138		106.665		-154.061
3139		177.352		-94.096
3140		213.922		-8.74573
3141		208.871		84.4014
3142		163.046		166.424
3143		85.3124		220.688
3144		-9.17932		235.979
3145		-101.842		208.685
3146		-174.223		143.64
3147		-211.705		53.3629
3148		-206.621		-44.3272
3149		-160.016		-129.946
3150		-81.5403		-186.491
3151		12.6014		-203.098
3152		103.194		-177.324
3153		172.149		-115.471
3154		206.232		-31.0046
3155		199.545		58.457
3156		154.368		134.754
3157		80.4278		182.632
3158		-7.07695		192.444
3159		-90.2289		161.853
3160		-151.56		96.3873
3161		-177.304		8.79963
3162		-160.346		-82.8752
3163		-102.331		-158.554
3164		-14.2334		-200.321
3165		85.1764		-196.854
3166		173.112		-146.916
3167		228.189		-60.6484
3168		236.16		42.122
3169		194.219		136.528
3170		112.357		199.141
3171		11.0762		214.418
3172		-84.0563		179.074
3173		-149.384		102.94
3174		-169.509		6.0226
3175		-141.067		-87.241
3176		-72.888		-154.647
3177		17.2055		-181.731
3178		107.696		-164.613
3179		178.936		-109.716
3180		217.393		-30.9548
3181		217.674		54.3481
3182		182.344		129.467
3183		120.192		181.246
3184		43.8244		201.743
3185		-32.7094		188.729
3186		-95.9742		145.465
3187		-134.903		80.0441
3188		-142.365		4.33592
3189		-116.492		-67.5988
3190		-61.4735		-121.722
3191		12.6253		-146.67
3192		91.323		-136.334
3193		158.429		-91.6354
3194		199.491		-20.8426
3195		205.153		61.8556
3196		173.485		139.317
3197		110.637		195.256
3198		29.56		217.934
3199		-52.8715		202.822
3200		-119.651		153.577
3201		-157.424		81.1373
3202		-159.39		1.16962
3203		-126.688		-69.5126
3204		-67.9379		-116.75
3205		2.92585		-132.178
3206		70.0584		-114.955
3207		119.518		-71.6518
3208		142.536		-14.2837
3209		137.362		43.0116
3210		109.163		87.7415
3211		68.0171		112.186
3212		25.6155		114.953
3213		-8.24518		100.527
3214		-28.2539		77.039
3215		-34.4391		53.1055
3216		-31.1155		34.8996
3217		-24.4574		24.4761
3218		-19.7177		19.8601
3219		-19.1868		16.6937
3220		-21.6164		10.6435
3221		-23.1949		-0.467575
3222		-19.5271		-15.6404
3223		-7.72002		-31.0974
3224		12.276		-41.7968
3225		37.5177		-43.3481
3226		63.0213		-33.5482
3227		83.309		-13.0326
3228		93.9032		15.024
3229		92.2941		45.8434
3230		78.2462		74.1502
3231		53.6082		95.0889
3232		21.9185		104.844
3233		-12.0032		101.081
3234		-42.4977		83.3702
3235		-63.7164		53.6321
3236		-70.6394		16.3989
3237		-60.404		-21.447
3238		-33.5859		-51.7371
3239		5.11922		-66.8725
3240		47.3238		-62.0572
3241		82.6671		-37.187
3242		101.519		2.37636
3243		97.9094		46.6353
3244		71.7199		83.3575
3245		29.3263		101.449
3246		-17.6713		94.3126
3247		-55.3825		62.152
3248		-71.4452		12.4544
3249		-58.6654		-41.5705
3250		-17.4457		-84.2569
3251		43.7095		-101.634
3252		109.838		-85.4086
3253		163.008		-35.7432
3254		186.886		37.9683
3255		171.32		118.687
3256		115.753		185.509
3257		30.454		218.909
3258		-65.0543		206.223
3259		-146.293		145.893
3260		-190.023		49.1321
3261		-180.793		-61.8323
3262		-115.982		-158.822
3263		-7.66135		-214.965
3264		119.578		-212.199
3265		234.532		-146.793
3266		307.499		-31.102
3267		318.289		109.126
3268		261.766		241.244
3269		149.281		334.114
3270		5.64589		365.976
3271		-137.327		329.58
3272		-248.719		233.333
3273		-305.59		98.4806
3274		-297.494		-46.466
3275		-227.688		-172.308
3276		-111.301		-255.015
3277		28.5219		-279.761
3278		165.305		-242.765
3279		273.81		-151.206
3280		333.965		-21.6537
3281		333.957		122.579
3282		272.346		254.989
3283		158.897		350.181
3284		13.6868		388.563
3285		-135.876		360.668
3286		-260.044		270.016
3287		-332.964		133.437
3288		-338.738		-21.7437
3289		-275.623		-163.366
3290		-157.012		-261.717
3291		-8.6441		-296.549
3292		137.348		-261.893
3293		250.014		-167.331
3294		306.757		-35.4121
3295		298.237		104.007
3296		229.892		220.893
3297		119.914		291.804
3298		-5.55877		304.703
3299		-118.681		260.887
3300		-196.08		173.859
3301		-223.661		65.6501
3302		-199.134		-38.4822
3303		-131.874		-115.771
3304		-40.2354		-150.881
3305		53.0453		-139.014
3306		126.321		-86.501
3307		164.081		-8.7228
3308		160.323		74.1086
3309		119.376		142.205
3310		54.0209		181.042
3311		-18.4594		184.466
3312		-81.0359		155.287
3313		-121.047		103.443
3314		-132.559		42.5809
3315		-116.585		-13.6904
3316		-79.5568		-54.7185
3317		-30.967		-74.2991
3318		18.8881		-70.8291
3319		60.5293		-46.6918
3320		86.3001		-7.48781
3321		91.1554		38.6228
3322		73.5835		81.6767
3323		36.5971		111.235
3324		-11.7732		118.561
3325		-59.2648		99.3476
3326		-91.9129		56.0503
3327		-98.0046		-1.41003
3328		-72.254		-57.4546
3329		-18.5082		-95.084
3330		50.4292		-101.315
3331		116.247		-71.8177
3332		160.853		-12.8098
3333		172.298		60.7552
3334		148.583		130.164
3335		97.8265		179.185
3336		34.7705		199.104
3337		-24.8312		190.612
3338		-69.5683		162.002
3339		-95.3071		124.739
3340		-104.739		88.5392
3341		-104.164		58.1516
3342		-99.3284		33.0586
3343		-92.3918		9.84323
3344		-81.3818		-14.2711
3345		-62.1384		-38.6297
3346		-31.55		-58.4862
3347		9.66001		-66.684
3348		55.955		-56.7345
3349		98.1805		-25.7694
3350		126.241		23.9165
3351		131.999		85.1866
3352		111.289		147.794
3353		64.6066		200.573
3354		-3.21993		233.289
3355		-83.7423		237.882
3356		-165.556		209.442
3357		-235.048		147.355
3358		-277.789		56.6952
3359		-281.1		-50.7504
3360		-237.642		-156.871
3361		-149.023		-239.896
3362		-27.7895		-279.314
3363		103.644		-261.852
3364		217.551		-186.411
3365		287.899		-65.8889
3366		297.57		75.2043
3367		243.244		206.811
3368		136.215		301.059
3369		-1.00269		339.015
3370		-140.793		314.356
3371		-256.96		233.241
3372		-329.531		111.255
3373		-346.939		-30.7772
3374		-306.044		-170.383
3375		-211.296		-285.752
3376		-74.2374		-357.237
3377		86.4946		-369.21
3378		245.6		-313.082
3379		373.47		-191.139
3380		441.364		-19.5226
3381		428.824		171.83
3382		331.088		343.845
3383		163.413		457.276
3384		-40.2228		483.613
3385		-234.629		414.194
3386		-375.231		263.975
3387		-430.396		68.1685
3388		-390.044		-127.353
3389		-267.632		-278.671
3390		-95.165		-355.148
3391		86.6263		-345.949
3392		239.239		-260.269
3393		334.954		-122.244
3394		360.953		36.8313
3395		318.996		186.022
3396		222.204		300.073
3397		90.967		362.099
3398		-50.716		364.452
3399		-178.223		308.851
3400		-269.232		206.287
3401		-307.14		76.2463
3402		-284.775		-55.6562
3403		-207.186		-162.235
3404		-91.9231		-220.956
3405		34.2823		-220.071
3406		142.092		-162.37
3407		207.529		-64.7408
3408		218.59		46.6851
3409		178.066		144.28
3410		101.607		206.779
3411		11.9506		224.502
3412		-68.3247		200.355
3413		-122.803		146.864
3414		-144.178		80.9774
3415		-133.859		18.9281
3416		-99.3671		-27.1249
3417		-51.2222		-50.2325
3418		-0.618912		-48.2713
3419		41.8323		-23.2003
3420		66.9047		19.2918
3421		67.9351		69.893
3422		42.6535		116.363
3423		-4.98957		145.634
3424		-64.2829		147.337
3425		-119.58		117.67
3426		-154.546		61.8248
3427		-157.527		-6.54649
3428		-125.866		-69.1741
3429		-67.1722		-109.063
3430		3.22513		-116.076
3431		67.635		-89.8436
3432		111.844		-38.8451
3433		128.92		23.6961
3434		119.527		84.9433
3435		89.1444		136.102
3436		44.1117		173.059
3437		-11.0657		194.238
3438		-73.6427		197.539
3439		-140.045		178.728
3440		-202.695		132.799
3441		-248.777		57.9646
3442		-262.589		-39.8377
3443		-231.175		-144.783
3444		-150.94		-233.349
3445		-31.9935		-280.82
3446		102.343		-269.835
3447		221.388		-197.417
3448		296.356		-77.3189
3449		309.437		63.5451
3450		259.124		193.282
3451		159.832		284.57
3452		36.3206		321.909
3453		-84.4669		304.144
3454		-180.784		242.047
3455		-240.129		152.808
3456		-259.298		54.2513
3457		-241.652		-38.9263
3458		-193.787		-116.117
3459		-123.471		-169.836
3460		-39.4038		-194.535
3461		48.0191		-186.613
3462		126.453		-145.851
3463		183.004		-77.2728
3464		207.237		8.14457
3465		194.561		95.0008
3466		148.243		167.112
3467		78.8303		211.891
3468		1.0416		223.582
3469		-70.5483		203.981
3470		-125.117		160.536
3471		-157.077		103.034
3472		-165.24		40.6728
3473		-150.746		-19.1539
3474		-115.431		-70.194
3475		-61.8131		-105.925
3476		5.32863		-119.02
3477		77.0773		-102.789
3478		140		-54.3768
3479		178.451		21.8442
3480		179.272		112.832
3481		137.097		198.839
3482		57.7563		258.685
3483		-42.1379		276.489
3484		-139.705		247.1
3485		-212.769		177.864
3486		-246.483		85.9523
3487		-236.981		-7.49604
3488		-190.847		-83.8447
3489		-121.208		-131.356
3490		-42.6897		-146.125
3491		32.2839		-130.022
3492		94.491		-87.5985
3493		136.645		-24.1759
3494		151.721		53.7518
3495		132.987		136.419
3496		76.6847		209.095
3497		-13.5714		253.087
3498		-123.25		250.484
3499		-227.071		191.495
3500		-294.418		81.3102
3501		-299.037		-57.2036
3502		-229.65		-187.413
3503		-96.9939		-269.194
3504		66.3545		-272.39
3505		214.329		-188.471
3506		301.544		-35.588
3507		298.37		145.421
3508		201.362		303.118
3509		35.136		391.517
3510		-155.058		384.446
3511		-317.341		283.287
3512		-408.814		115.708
3513		-407.507		-73.6549
3514		-317.102		-236.897
3515		-163.687		-336.153
3516		13.4433		-352.458
3517		173.296		-288.204
3518		283.258		-163.598
3519		325.233		-9.34836
3520		297.134		141.621
3521		210.587		261.097
3522		86.4777		329.971
3523		-50.0561		340.037
3524		-174.177		293.776
3525		-265.051		202.811
3526		-308.663		85.4799
3527		-299.664		-36.3156
3528		-242.033		-140.789
3529		-148.217		-210.066
3530		-36.6569		-233.378
3531		71.9251		-208.853
3532		158.652		-143.358
3533		209.946		-50.4491
3534		219.446		52.9091
3535		188.061		149.819
3536		122.541		226.12
3537		33.3673		271.757
3538		-67.1287		280.946
3539		-165.917		251.795
3540		-249.775		186.074
3541		-305.723		89.5628
3542		-322.086		-27.2379
3543		-290.554		-148.722
3544		-208.972		-255.03
3545		-83.9474		-324.707
3546		67.9519		-339.043
3547		221.453		-287.156
3548		346.623		-170.322
3549		415.102		-3.96012
3550		407.076		183.749
3551		317.087		356.773
3552		156.947		478.718
3553		-45.3125		521.169
3554		-250.478		470.818
3555		-416.18		333.539
3556		-506.139		134.282
3557		-498.527		-87.3553
3558		-391.539		-285.057
3559		-204.806		-415.608
3560		23.8313		-448.541
3561		245.754		-373.51
3562		411.826		-203.634
3563		483.437		26.23
3564		441.878		266.3
3565		293.726		462.649
3566		70.5705		569.739
3567		-177.39		561.766
3568		-392.812		439.838
3569		-525.204		232.732
3570		-543.897		-9.48557
3571		-446.406		-227.766
3572		-259.55		-369.258
3573		-32.6497		-401.233
3574		175.565		-319.756
3575		312.751		-150.43
3576		346.9		59.0814
3577		274.362		252.599
3578		119.678		380.991
3579		-72.5324		415.109
3580		-250.898		352.416
3581		-371.636		215.685
3582		-409.618		44.7086
3583		-363.197		-115.951
3584		-252.007		-229.2
3585		-109.206		-274.09
3586		28.8557		-248.908
3587		132.213		-168.655
3588		183.53		-58.5819
3589		179.918		53.6775
3590		130.76		144.918
3591		53.068		200.561
3592		-33.794		215.813
3593		-112.52		194.351
3594		-170.603		145.61
3595		-201.35		81.7438
3596		-203.542		15.0195
3597		-180.316		-44.0176
3598		-137.74		-87.5673
3599		-83.4087		-110.919
3600		-25.2828		-112.291
3601		29.1276		-92.3761
3602		73.1955		-53.8108
3603		101.333		-0.792542
3604		109.099		61.0388
3605		93.5398		124.543
3606		53.9278		181.149
3607		-7.22366		221.463
3608		-83.3183		236.687
3609		-163.643		220.736
3610		-234.645		172.483
3611		-282.554		97.2122
3612		-296.753		6.47507
3613		-272.795		-83.9935
3614		-213.922		-157.836
3615		-130.399		-201.983
3616		-36.8362		-209.538
3617		51.4779		-180.659
3618		121.815		-121.319
3619		165.672		-40.7818
3620		178.561		50.8544
3621		158.649		143.836
3622		105.596		228.355
3623		20.7992		293.322
3624		-90.6452		325.838
3625		-217.235		312.771
3626		-339.491		244.837
3627		-431.432		122.083
3628		-465.932		-41.5886
3629		-422.987		-217.536
3630		-298.232		-366.782
3631		-108.22		-449.398
3632		110.292		-436.322
3633		307.899		-319.665
3634		435.164		-117.644
3635		456.499		128.113
3636		360.788		362.465
3637		165.249		530.939
3638		-88.6637		593.802
3639		-345.839		535.83
3640		-551.147		369.224
3641		-662.099		129.525
3642		-657.368		-133.548
3643		-539.751		-367.329
3644		-333.968		-526.648
3645		-80.7794		-581.652
3646		170.827		-522.329
3647		372.095		-359.867
3648		482.822		-125.059
3649		478.915		136.22
3650		358.163		370.552
3651		142.757		527.125
3652		-123.044		569.067
3653		-380.871		483.371
3654		-571.017		286.301
3655		-647.251		21.7453
3656		-589.582		-248.13
3657		-410.845		-458.092
3658		-154.538		-556.845
3659		115.977		-520.807
3660		333.979		-360.441
3661		446.752		-117.23
3662		428.795		147.649
3663		287.322		369.403
3664		59.0617		495.732
3665		-200.052		498.739
3666		-428.945		380.078
3667		-575.457		168.948
3668		-607.277		-85.6914
3669		-517.968		-326.379
3670		-327.542		-499.387
3671		-77.9462		-565.801
3672		175.611		-509.675
3673		376.132		-341.85
3674		477.206		-98.415
3675		453.839		166.455
3676		309.075		392.33
3677		74.2229		526.642
3678		-197.998		537.565
3679		-446.095		421.997
3680		-614.888		206.121
3681		-668.755		-61.7481
3682		-599.192		-323.833
3683		-424.801		-527.101
3684		-184.405		-634.752
3685		73.8032		-632.077
3686		303.297		-526.095
3687		467.353		-340.574
3688		543.074		-109.252
3689		522.002		130.305
3690		409.126		341.16
3691		221.774		490.309
3692		-11.3267		552.145
3693		-251.96		512.853
3694		-456.849		375.091
3695		-585.317		160.852
3696		-608.976		-89.9994
3697		-520.45		-326.84
3698		-337.447		-500.063
3699		-99.6837		-574.096
3700		141.202		-537.067
3701		335.651		-403.367
3702		449.152		-208.027
3703		469.557		4.89307
3704		406.465		195.242
3705		283.827		336.112
3706		129.705		416.552
3707		-32.0952		437.923
3708		-185.231		407.059
3709		-318.678		330.588
3710		-421.917		213.552
3711		-481.53		62.6908
3712		-482.253		-108.258
3713		-412.838		-275.299
3714		-273.995		-406.252
3715		-84.0083		-468.652
3716		121.759		-440.778
3717		298.553		-321.064
3718		404.789		-131.417
3719		414.675		87.5172
3720		325.941		287.626
3721		159.768		426.796
3722		-46.6027		479.532
3723		-251.139		441.238
3724		-417.593		325.706
3725		-521.859		158.176
3726		-553.13		-32.2715
3727		-511.434		-217.99
3728		-404.41		-374.764
3729		-245.593		-481.836
3730		-54.6218		-522.278
3731		142.186		-485.358
3732		313.203		-370.667
3733		426.255		-191.903
3734		456.178		22.457
3735		392.542		233.344
3736		244.215		399.621
3737		38.423		488.228
3738		-185.678		482.249
3739		-386.544		384.068
3740		-529.326		213.017
3741		-591.562		-0.691326
3742		-564.589		-222.741
3743		-451.987		-419.649
3744		-267.477		-561.245
3745		-34.1084		-622.057
3746		215.411		-583.825
3747		439.33		-440.424
3748		591.177		-204.158
3749		629.151		89.8586
3750		529.091		385.276
3751		296.562		614.432
3752		-27.6258		715.529
3753		-372.696		652.146
3754		-654.377		427.975
3755		-798.285		90.431
3756		-762.599		-279.546
3757		-552.012		-589.059
3758		-217.799		-759.382
3759		156.204		-748.061
3760		476.95		-559.99
3761		667.195		-244.566
3762		684.598		119.16
3763		530.113		443.851
3764		244.827		655.215
3765		-102.195		707.981
3766		-430.758		593.846
3767		-666.915		341.245
3768		-757.84		8.28319
3769		-682.344		-329.331
3770		-455.796		-593.65
3771		-128.307		-721.134
3772		224.533		-677.843
3773		517.885		-469.531
3774		678.149		-142.995
3775		662.756		223.392
3776		473.203		538.908
3777		156.357		724.741
3778		-207.542		736.024
3779		-527.152		574.379
3780		-725.67		286.567
3781		-761.504		-50.3054
3782		-637.433		-351.822
3783		-396.034		-549.6
3784		-104.158		-607.484
3785		167.226		-526.455
3786		360.855		-338.668
3787		443.816		-94.7195
3788		409.851		150.41
3789		275.384		348.495
3790		72.7727		464.7
3791		-156.468		480.606
3792		-367.651		395.432
3793		-518.929		226.467
3794		-578.345		8.00673
3795		-531.542		-212.992
3796		-387.805		-385.817
3797		-181.054		-468.568
3798		36.6517		-440.893
3799		208.717		-311.896
3800		290.857		-119.13
3801		265.128		82.2152
3802		145.461		236.678
3803		-27.854		306.073
3804		-202.721		280.485
3805		-333.013		178.644
3806		-392.509		38.1402
3807		-379.892		-99.7833
3808		-313.927		-204.202
3809		-222.24		-261.789
3810		-129.543		-275.591
3811		-50.5172		-257.637
3812		10.4604		-220.257
3813		54.3871		-170.77
3814		81.5832		-111.627
3815		88.5844		-44.6538
3816		69.7284		24.2177
3817		22.0657		83.3616
3818		-49.8774		118.418
3819		-132.859		118.288
3820		-208.431		80.6752
3821		-259.538		13.8574
3822		-276.682		-66.4533
3823		-260.337		-143.45
3824		-218.521		-205.221
3825		-161.285		-247.132
3826		-95.6789		-269.603
3827		-24.3935		-273.176
3828		51.1151		-254.564
3829		125.194		-206.879
3830		184.263		-124.698
3831		208.236		-11.403
3832		177.743		115.753
3833		84.2921		226.813
3834		-61.7865		287.527
3835		-230.35		272.079
3836		-379.098		174.541
3837		-467.329		13.4678
3838		-470.06		-172.936
3839		-386.405		-339.288
3840		-238.71		-447.752
3841		-63.3533		-478.739
3842		102.088		-433.551
3843		229.358		-329.096
3844		303.601		-188.607
3845		320.781		-33.7655
3846		281.888		118.016
3847		188.829		251.071
3848		45.2569		347.182
3849		-138.056		384.309
3850		-337.303		341.357
3851		-514.461		208.098
3852		-624.154		-4.50441
3853		-627.625		-259.787
3854		-508.496		-500.95
3855		-283.037		-666.351
3856		0.612907		-709.223
3857		275.183		-613.899
3858		474.451		-401.666
3859		552.969		-123.861
3860		497.766		154.674
3861		328.321		374.692
3862		86.4411		496.741
3863		-178.18		506.159
3864		-420.142		409.42
3865		-604.193		226.362
3866		-705.116		-16.3023
3867		-705.485		-287.048
3868		-595.886		-548.156
3869		-379.643		-755.03
3870		-80.0035		-860.738
3871		255.527		-827.344
3872		559.132		-640.984
3873		757.014		-323.978
3874		790.869		63.1478
3875		638.769		433.359
3876		326.599		696.258
3877		-75.7513		784.955
3878		-473.141		676.713
3879		-772.42		399.568
3880		-908.301		22.8082
3881		-858.998		-364.457
3882		-647.416		-678.179
3883		-329.695		-859.058
3884		22.7147		-881.885
3885		340.281		-754.412
3886		567.196		-509.661
3887		666.985		-196.623
3888		624.293		127.513
3889		445.765		403.59
3890		161.055		577.309
3891		-177.814		608.496
3892		-502.029		482.082
3893		-738.595		216.91
3894		-828.56		-132.91
3895		-745.421		-487.736
3896		-506.305		-762.456
3897		-170.072		-891.019
3898		178.674		-846.621
3899		454.713		-649.542
3900		597.385		-359.352
3901		586.491		-54.567
3902		443.612		192.091
3903		219.732		333.333
3904		-24.3748		355.351
3905		-236.417		273.411
3906		-382.92		119.57
3907		-449.878		-70.376
3908		-436.927		-264.91
3909		-350.744		-438.121
3910		-202.264		-567.057
3911		-8.61655		-629.927
3912		203.268		-608.798
3913		396.164		-496.704
3914		528.419		-305.351
3915		565.519		-68.009
3916		492.734		165.967
3917		322.605		344.346
3918		92.9169		427.976
3919		-144.757		402.614
3920		-341.166		281.449
3921		-463.128		97.6489
3922		-499.27		-108.947
3923		-456.48		-304.227
3924		-350.612		-465.731
3925		-197.716		-580.637
3926		-11.0267		-639.179
3927		195.16		-629.51
3928		398.385		-538.975
3929		564.052		-362.478
3930		649.731		-113.6
3931		618.301		168.754
3932		454.987		424.205
3933		179.951		586.365
3934		-150.967		604.903
3935		-459.814		465.066
3936		-670.118		195.748
3937		-731.323		-138.074
3938		-634.139		-455.856
3939		-410.934		-686.568
3940		-121.988		-788.312
3941		165.591		-755.581
3942		397.091		-613.298
3943		540.551		-402.697
3944		586.536		-166.789
3945		540.983		58.3873
3946		417.398		245.075
3947		233.31		370.783
3948		11.8159		416.222
3949		-215.255		367.96
3950		-407.663		225.481
3951		-523.785		8.24074
3952		-533.101		-243.024
3953		-428.722		-474.111
3954		-233.158		-632.811
3955		6.85191		-685.84
3956		235.311		-629.495
3957		405.462		-488.857
3958		493.465		-305.881
3959		501.283		-122.359
3960		448.374		33.8652
3961		357.623		153.014
3962		243.771		236.999
3963		110.781		287.668
3964		-40.9442		297.831
3965		-202.68		251.526
3966		-349.266		134.363
3967		-441.537		-51.6179
3968		-440.268		-277.719
3969		-325.691		-490.579
3970		-112.538		-627.999
3971		148.266		-642.675
3972		384.086		-523.099
3973		526.039		-301.315
3974		534.512		-43.0909
3975		413.385		175.703
3976		206.822		296.175
3977		-19.3183		295.245
3978		-202.422		188.854
3979		-303.146		19.9407
3980		-312.715		-161.416
3981		-246.744		-315.511
3982		-131.552		-420.782
3983		8.19192		-470.76
3984		154.081		-465.408
3985		290.309		-404.593
3986		397.018		-289.002
3987		448.069		-127.944
3988		417.796		52.153
3989		295.086		206.533
3990		97.1978		282.849
3991		-126.064		241.54
3992		-303.538		76.9629
3993		-367.229		-171.999
3994		-280.53		-429.398
3995		-57.1734		-607.083
3996		238.958		-637.569
3997		514.631		-500.898
3998		680.648		-233.546
3999		683.835		84.6658
4000		524.363		359.818
4001		252.062		516.525
4002		-54.9958		520.48
4003		-318.888		383.113
4004		-484.737		149.45
4005		-530.056		-122.437
4006		-460.302		-379.664
4007		-297.18		-583.351
4008		-68.3955		-707.68
4009		195.664		-734.858
4010		459.046		-653.216
4011		677.157		-462.246
4012		800.357		-182.114
4013		786.941		139.739
4014		621.45		432.637
4015		328.975		620.126
4016		-24.0708		645.878
4017		-346.725		497.033
4018		-553.075		213.211
4019		-592.714		-124.857
4020		-468.425		-423.687
4021		-232.702		-610.555
4022		35.5016		-657.402
4023		262.992		-584.793
4024		408.591		-445.182
4025		471.799		-294.741
4026		481.369		-168.17
4027		471.462		-68.6595
4028		458.994		23.2698
4029		434.436		128.472
4030		370.554		248.285
4031		243.556		356.304
4032		54.3065		407.871
4033		-162.782		362.484
4034		-348.88		207.124
4035		-443.88		-32.1035
4036		-412.033		-296.538
4037		-257.26		-516.72
4038		-20.8643		-638.543
4039		236.45		-641.153
4040		458.459		-538.802
4041		611.104		-367.649
4042		686.171		-166.277
4043		691.514		38.7194
4044		635.961		234.737
4045		519.622		413.411
4046		336.444		557.286
4047		87.7882		633.574
4048		-201.767		601.704
4049		-477.806		432.996
4050		-665.989		132.761
4051		-697.016		-247.943
4052		-536.367		-619.755
4053		-204.581		-881.346
4054		222.82		-954.635
4055		637.523		-813.781
4056		934.136		-495.075
4057		1044.43		-83.4891
4058		956.09		317.767
4059		709.53		621.028
4060		376.579		777.241
4061		32.668		780.583
4062		-264.502		656.494
4063		-482.04		442.59
4064		-605.542		173.853
4065		-627.477		-120.984
4066		-540.26		-412.908
4067		-339.795		-663.724
4068		-37.6182		-824.278
4069		326.887		-844.977
4070		684.279		-695.911
4071		948.49		-386.955
4072		1043.18		23.6902
4073		930.725		439.693
4074		630.632		754.056
4075		218.122		883.838
4076		-198.061		798.17
4077		-510.219		528.1
4078		-645.111		154.682
4079		-583.64		-219.1
4080		-360.804		-500.811
4081		-48.4689		-633.217
4082		270.094		-603.82
4083		523.408		-439.288
4084		665.67		-190.728
4085		680.014		82.3741
4086		574.754		324.11
4087		377.594		488.944
4088		130.83		545.81
4089		-113.021		482.432
4090		-297.983		310.338
4091		-375.857		67.6917
4092		-320.63		-184.54
4093		-140.809		-375.769
4094		117.119		-446.438
4095		378.586		-369.281

 
--------------------------------------


