Compute Correlation 
 
0		-447.947		237.965
1		-550.416		18.3546
2		-550.644		-219.582
3		-454.27		-433.18
4		-280.946		-588.362
5		-58.8356		-661.1
6		177.935		-637.126
7		389.815		-513.424
8		533.949		-302.683
9		571.25		-38.1373
10		478.622		226.232
11		262.098		424.403
12		-36.1527		496.086
13		-343.057		408.258
14		-573.424		171.477
15		-656.97		-157.524
16		-563.389		-490.348
17		-314.779		-734.509
18		20.5142		-823.789
19		350.77		-739.339
20		591.357		-513.311
21		690.628		-214.367
22		641.626		77.8739
23		476.789		298.315
24		250.442		411.989
25		18.3633		415.77
26		-176.677		329.09
27		-309.336		181.046
28		-368.044		1.16376
29		-349.233		-182.988
30		-255.119		-343.5
31		-96.8066		-450.577
32		100.492		-476.387
33		296.015		-404.737
34		440.298		-241.98
35		489.997		-22.0895
36		424.911		199.346
37		258.722		361.984
38		36.9328		422.071
39		-178.601		368.651
40		-332.307		226.741
41		-394.532		45.6468
42		-369.203		-122.075
43		-286.479		-240.894
44		-184.908		-302.29
45		-92.7541		-320.528
46		-18.0672		-317.854
47		48.0801		-308.187
48		118.282		-288.74
49		194.063		-244.104
50		259.008		-160
51		284.376		-38.1563
52		244.479		97.0239
53		133.277		204.843
54		-27.464		245.192
55		-193.69		197.329
56		-316.094		70.5794
57		-360.206		-98.8363
58		-319.354		-263.269
59		-214.214		-383.285
60		-79.9667		-441.37
61		51.3319		-443.149
62		163.248		-406.756
63		255.843		-347.621
64		335.446		-268.343
65		400.575		-160.061
66		433.72		-14.6283
67		405.495		159.937
68		290.349		330.966
69		85.8762		446.603
70		-175.365		454.773
71		-429.57		327.402
72		-601.413		77.9923
73		-631.932		-236.927
74		-502.215		-534.45
75		-242.139		-733.388
76		79.6263		-781.797
77		379.518		-672.554
78		586.153		-441.638
79		659.511		-151.928
80		596.147		128.683
81		421.672		345.101
82		177.258		463.1
83		-91.9884		468.229
84		-342.515		360.92
85		-532.835		153.748
86		-624.12		-126.79
87		-585.692		-436.734
88		-406.086		-715.321
89		-104.968		-894.769
90		261.918		-919.068
91		611.014		-765.465
92		852.792		-458.759
93		920.343		-70.0268
94		793.291		302.27
95		506.483		562.725
96		139.072		649.19
97		-211.794		550.723
98		-461.828		306.714
99		-562.706		-10.9383
100		-509.557		-323.613
101		-332.674		-568.414
102		-80.3087		-709.297
103		197.895		-735.701
104		459.888		-653.909
105		671.615		-478.875
106		803.471		-231.91
107		829.464		55.9585
108		733.013		340.16
109		517.746		564.919
110		216.685		675.126
111		-107.875		634.952
112		-377.675		445.126
113		-522.051		149.481
114		-502.696		-174.592
115		-328.651		-439.785
116		-54.2341		-577.624
117		239.884		-560.479
118		474.575		-407.816
119		597.405		-174.91
120		595.152		69.9553
121		490.201		269.178
122		324.937		390.636
123		143.073		429.257
124		-23.2427		397.987
125		-156.311		315.458
126		-247.685		197.796
127		-291.034		58.0388
128		-279.276		-88.942
129		-208.322		-221.735
130		-84.6699		-313.353
131		69.2147		-339.331
132		217.078		-289.306
133		319.695		-175.309
134		350.019		-30.9067
135		305.086		100.038
136		208.043		180.491
137		98.3973		195.127
138		14.7422		155.474
139		-21.7242		92.6223
140		-14.7971		41.0914
141		11.608		22.0116
142		27.9721		34.0565
143		15.6211		56.4253
144		-23.4044		61.8808
145		-67.9231		32.7163
146		-89.4184		-28.7433
147		-67.6345		-100.371
148		-1.84499		-150.735
149		87.7269		-154.189
150		168.567		-102.894
151		209.787		-10.1867
152		194.319		95.5129
153		124.01		182.338
154		16.4834		226.051
155		-103.12		215.783
156		-210.427		153.345
157		-286.295		48.7427
158		-316.912		-83.9183
159		-292.224		-227.402
160		-206.339		-359.67
161		-61.6725		-452.936
162		124.91		-477.238
163		318.558		-409.829
164		470.25		-247.535
165		529.554		-15.9699
166		463.03		230.691
167		270.882		422.246
168		-6.2892		494.452
169		-295.449		412.552
170		-512.455		186.626
171		-589.37		-128.219
172		-497.377		-447.772
173		-256.459		-684.99
174		71.5258		-776.751
175		403.065		-701.415
176		658.282		-481.815
177		782.031		-174.47
178		754.519		149.156
179		590.271		421.634
180		328.888		592.904
181		23.1005		635.956
182		-271.469		546.639
183		-503.297		340.997
184		-629.998		52.6339
185		-623.587		-269.852
186		-476.797		-567.387
187		-208.743		-779.076
188		133.658		-855.116
189		481.843		-771.014
190		760.017		-537.825
191		904.622		-203.336
192		882.636		158.09
193		701.916		464.788
194		409.349		650.101
195		77.1072		680.098
196		-218.165		560.775
197		-415.918		332.914
198		-485.312		57.4488
199		-428.426		-202.706
200		-273.846		-397.987
201		-64.7241		-500.536
202		153.562		-504.887
203		342.33		-423.323
204		473.9		-279.424
205		532.477		-102.563
206		513.789		75.8223
207		424.967		225.131
208		284.577		319.152
209		121.347		340.832
210		-29.9717		287.2
211		-135.916		172.095
212		-173.116		24.451
213		-135.456		-118.554
214		-36.4116		-221.845
215		94.9932		-262.733
216		223.524		-237.169
217		318.935		-159.466
218		364.691		-55.6809
219		360.91		46.4801
220		320.821		126.909
221		262.853		177.79
222		202.33		202.29
223		146.599		208.676
224		95.5114		203.406
225		46.3174		186.987
226		-0.217815		154.778
227		-36.2747		102.151
228		-48.4333		30.9906
229		-23.8313		-46.3944
230		41.9123		-108.737
231		139.183		-132.752
232		244.591		-102.778
233		327.625		-18.6862
234		361.328		101.907
235		332.456		228.589
236		246.618		328.482
237		126.054		377.584
238		1.07159		368.272
239		-100.937		309.913
240		-163.995		222.805
241		-186.03		128.788
242		-174.952		43.294
243		-141.152		-27.4641
244		-90.9776		-83.3531
245		-25		-123.804
246		57.9769		-142.42
247		153.655		-126.69
248		246.475		-63.9674
249		309.786		48.8274
250		313.556		196.988
251		237.205		346.509
252		81.9303		451.773
253		-123.692		470.583
254		-328.623		380.821
255		-474.063		191.664
256		-512.786		-55.9034
257		-425.658		-300.158
258		-228.902		-477.388
259		30.5493		-541.328
260		289.473		-476.29
261		486.825		-299.939
262		579.655		-55.9799
263		551.812		199.326
264		414.309		411.487
265		199.421		538.724
266		-47.946		557.905
267		-278.747		466.283
268		-447.111		280.807
269		-517.02		36.089
270		-469.052		-219.461
271		-306.58		-430.7
272		-59.0899		-546.707
273		220.481		-534.109
274		466.142		-388.808
275		615.672		-141.021
276		629.059		149.972
277		501.888		411.339
278		267.971		577.931
279		-10.637		611.83
280		-263.023		512.873
281		-431.066		316.307
282		-485.313		78.9041
283		-429.68		-140.497
284		-294.483		-298.258
285		-122.107		-374.916
286		47.9155		-374.045
287		188.522		-313.734
288		287.011		-216.141
289		340.879		-100.204
290		351.845		20.1773
291		322.161		133.752
292		254.936		228.752
293		157.131		292.227
294		42.0894		312.931
295		-71.1751		286.047
296		-162.425		216.576
297		-216.31		118.837
298		-226.799		11.9091
299		-197.455		-86.646
300		-137.606		-165.286
301		-56.9822		-218.86
302		37.6118		-245.129
303		141.351		-240.353
304		246.853		-197.678
305		339.45		-110.495
306		396.493		20.3111
307		393.032		179.341
308		312.551		334.884
309		157.977		445.301
310		-43.0585		472.475
311		-242.684		397.132
312		-386.603		229.129
313		-432.26		7.44769
314		-363.948		-210.909
315		-198.54		-368.983
316		20.3822		-427.658
317		237.14		-376.345
318		401.035		-233.222
319		479.276		-36.4339
320		461.978		168.822
321		359.56		341.74
322		196.068		452.464
323		2.58854		483.797
324		-186.978		430.63
325		-338.383		299.901
326		-420.192		111.872
327		-409.652		-99.1795
328		-300.705		-288.079
329		-110.704		-407.763
330		118.875		-422.92
331		330.711		-323.478
332		467.865		-131.62
333		492.503		102.229
334		399.486		314.384
335		218.633		448.673
336		4.16008		474.712
337		-184.486		396.263
338		-302.37		246.596
339		-331.375		73.6765
340		-280.894		-77.6947
341		-178.345		-178.986
342		-55.4449		-221.661
343		62.7386		-212.052
344		161.575		-162.236
345		233.755		-82.943
346		273.491		17.8078
347		273.259		130.918
348		225.993		241.424
349		131.497		327.583
350		2.50461		366.157
351		-134.594		341.996
352		-246.518		256.729
353		-305.014		131.083
354		-298.151		-1.49255
355		-234.941		-107.478
356		-140.527		-166.058
357		-44.2408		-175.484
358		33.2		-149.836
359		86.4822		-108.262
360		122.981		-63.0311
361		152.475		-13.4869
362		175.764		50.3777
363		179.558		136.635
364		141.682		239.184
365		44.6982		332.475
366		-109.182		377.784
367		-290.601		339.421
368		-448.471		203.485
369		-527.439		-10.3679
370		-490.131		-250.904
371		-334.078		-451.353
372		-95.2952		-553.07
373		163.391		-526.628
374		374.156		-381.454
375		486.708		-160.53
376		482.368		76.4576
377		375.186		273.459
378		201.759		393.363
379		6.12565		423.381
380		-173.026		371.055
381		-308.485		255.677
382		-384.19		100.755
383		-392.19		-69.2798
384		-331.141		-228.832
385		-208.124		-350.878
386		-42.0124		-410.11
387		135.658		-390.094
388		285.661		-291.448
389		371.91		-136.003
390		374.19		37.005
391		296.655		182.771
392		167.232		266.399
393		27.2333		275.085
394		-84.5274		221.183
395		-145.833		134.612
396		-156.853		48.391
397		-135.28		-15.5005
398		-103.938		-53.0421
399		-77.7377		-74.9586
400		-56.9509		-95.8848
401		-30.0847		-122.436
402		15.7161		-147.104
403		82.9739		-151.538
404		157.822		-117.468
405		213.435		-39.2905
406		221.645		68.7414
407		167.001		174.967
408		56.1954		241.719
409		-81.9363		240.467
410		-205.946		163.723
411		-276.477		28.5563
412		-269.716		-129.319
413		-184.35		-267.653
414		-40.2963		-350.56
415		128.811		-357.459
416		285.354		-286.061
417		396.025		-150.409
418		437.121		23.4921
419		397.426		202.334
420		280.034		350.02
421		103.611		432.978
422		-98.0896		427.132
423		-280.548		325.71
424		-397.804		145.014
425		-415.404		-75.5636
426		-322.774		-281.599
427		-139.577		-418.663
428		87.8301		-449.542
429		299.872		-366.934
430		442.629		-196.061
431		484.832		14.3161
432		426.218		208.98
433		294.208		344.38
434		131.059		400.51
435		-22.3285		382.431
436		-138.838		312.278
437		-209.224		216.81
438		-237.801		116.937
439		-233.79		23.6804
440		-203.9		-59.008
441		-150.154		-127.947
442		-73.338		-175.873
443		21.07		-191.519
444		119.036		-164.773
445		199.341		-93.7586
446		240.158		10.6056
447		227.627		125.667
448		162.008		223.706
449		58.2274		281.131
450		-59.3481		285.88
451		-165.161		239.852
452		-239.754		155.986
453		-273.145		52.326
454		-263.903		-53.4771
455		-215.938		-146.781
456		-135.918		-215.593
457		-33.0681		-249.251
458		79.1183		-238.681
459		181.655		-179.419
460		251.872		-76.175
461		269.121		54.0736
462		222.575		183.416
463		117.433		279.717
464		-24.0843		316.683
465		-168.343		283.087
466		-280.668		186.94
467		-336.204		52.5941
468		-326.689		-87.8861
469		-260.645		-205.119
470		-157.71		-280.057
471		-40.5727		-306.201
472		71.4388		-286.771
473		164.641		-229.71
474		229.525		-144.052
475		258.191		-39.5628
476		243.723		71.0837
477		182.868		170.393
478		80.6483		237.328
479		-46.3456		252.735
480		-171.195		207.018
481		-263.35		106.16
482		-298.608		-27.6338
483		-267.947		-161.945
484		-180.959		-264.695
485		-62.0266		-314.646
486		58.964		-307.164
487		156.952		-252.979
488		218.327		-171.232
489		241.346		-80.8881
490		231.329		4.9349
491		194.393		79.3272
492		133.934		137.593
493		51.9972		172.561
494		-45.6991		173.229
495		-144.937		128.629
496		-222.545		35.3176
497		-252.179		-95.7936
498		-214.544		-237.887
499		-107.347		-354.188
500		50.2569		-409.786
501		221.604		-384.432
502		363.784		-280.615
503		441.639		-123.266
504		438.671		48.6978
505		360.682		195.134
506		231.504		286.327
507		83.6777		309.285
508		-51.3519		267.499
509		-149.783		176.116
510		-197.56		56.0224
511		-189.449		-70.346
512		-127.7		-180.845
513		-22.0021		-254.607
514		109.583		-274.305
515		240.843		-230.561
516		341.063		-127.137
517		382.601		16.2036
518		350.262		166.087
519		248.388		283.93
520		101.787		337.939
521		-50.9573		314.022
522		-169.732		220.82
523		-225.866		86.4866
524		-210.536		-51.4514
525		-135.45		-158.756
526		-26.2519		-214.386
527		87.7428		-214.086
528		182.674		-167.41
529		244.708		-90.9566
530		269.489		-1.80582
531		258.636		85.9398
532		216.476		161.147
533		149.142		214.105
534		65.847		236.061
535		-19.7643		221.241
536		-90.632		170.457
537		-130.539		93.7136
538		-130.086		9.22981
539		-91.2054		-61.8034
540		-27.2671		-102.773
541		41.9599		-107.807
542		98.3425		-83.2164
543		132.38		-43.2536
544		145.495		-2.39767
545		146.47		31.6416
546		144.197		60.3036
547		141.059		90.671
548		130.973		128.242
549		103.451		170.424
550		51.458		204.937
551		-21.5202		214.558
552		-99.6159		185.986
553		-159.523		118.049
554		-180.078		24.6202
555		-151.643		-69.6211
556		-80.4797		-138.593
557		13.9987		-164.648
558		107.361		-144.017
559		179.191		-85.6698
560		218.429		-5.12309
561		222.983		82.5994
562		195.203		166.648
563		137.298		239.086
564		50.4999		290.682
565		-61.0154		308.051
566		-184.224		275.836
567		-294.285		184.366
568		-358.536		39.1722
569		-347.694		-133.609
570		-249.882		-290.798
571		-80.3646		-385.28
572		119.082		-383.935
573		292.623		-282.337
574		390.203		-108.826
575		386.216		84.7852
576		288.566		242.243
577		134.033		323.224
578		-27.5755		316.036
579		-152.786		237.551
580		-218.355		121.67
581		-224.129		3.09736
582		-185.327		-95.1762
583		-120.149		-165.128
584		-40.4147		-207.907
585		49.6985		-224.378
586		147.246		-209.186
587		241.881		-152.853
588		312.067		-50.965
589		330.365		85.519
590		276.382		226.318
591		150.671		328.711
592		-18.7191		353.669
593		-182.274		283.982
594		-286.464		135.083
595		-295.186		-47.7738
596		-205.182		-205.757
597		-47.8668		-289.154
598		123.455		-276.215
599		255.025		-179.699
600		312.732		-38.7455
601		292.023		99.1912
602		214.29		197.262
603		113.137		240.325
604		18.5364		234.392
605		-53.1828		196.9
606		-99.7292		144.682
607		-125.66		86.6775
608		-133.675		24.6335
609		-120.559		-40.2792
610		-80.3091		-100.66
611		-11.9296		-141.458
612		73.9229		-145.812
613		154.842		-105.038
614		204.582		-26.5329
615		205.341		66.0053
616		157.634		141.424
617		81.7025		175.094
618		8.83498		160.732
619		-33.4368		113.45
620		-34.6278		61.9576
621		-5.9476		33.6673
622		26.3633		40.4671
623		35.6247		72.7384
624		9.53597		104.87
625		-42.665		109.402
626		-94.5281		72.3085
627		-115.93		1.37098
628		-88.72		-76.7293
629		-16.3729		-128.972
630		77.1253		-131.644
631		158.253		-81.1402
632		198.891		5.14597
633		187.683		97.5857
634		132.711		167.605
635		55.2395		198.599
636		-21.1227		189.577
637		-79.6999		151.081
638		-114.11		97.1096
639		-125.344		38.3823
640		-115.988		-19.383
641		-86.2964		-72.2704
642		-35.0388		-113.5
643		35.5789		-131.709
644		114.793		-114.544
645		182.438		-56.203
646		214.536		35.5194
647		193.501		137.606
648		117.935		217.928
649		6.49133		247.208
650		-107.03		211.44
651		-185.785		118.716
652		-203.845		-3.0566
653		-155.668		-116.601
654		-57.0301		-189.003
655		62.3991		-202.532
656		170.708		-158.26
657		244		-72.0757
658		271.178		33.5881
659		252.658		137.571
660		195.68		223.899
661		110.116		281.466
662		7.27851		301.969
663		-98.6321		279.322
664		-189.203		212.193
665		-243.675		108.33
666		-244.963		-12.7847
667		-187.642		-122.317
668		-83.482		-190.285
669		39.5107		-196.765
670		145.612		-140.827
671		204.443		-42.275
672		202.71		65.4829
673		148.909		148.657
674		68.5291		186.306
675		-7.95349		177.313
676		-58.3675		137.937
677		-76.9035		91.6318
678		-73.3067		56.6838
679		-64.3178		38.1688
680		-62.5252		28.0975
681		-68.92		13.0286
682		-73.109		-15.648
683		-60.6932		-54.8381
684		-23.2816		-90.2293
685		34.7745		-103.783
686		96.8563		-83.8992
687		141.541		-32.4703
688		152.907		35.1148
689		128.025		96.9356
690		77.7279		134.545
691		20.5916		140.564
692		-26.1789		120.048
693		-53.7804		85.4912
694		-63.1425		48.9936
695		-60.5343		16.4437
696		-50.8684		-12.9449
697		-33.3827		-41.9729
698		-2.70354		-69.2185
699		45.2762		-85.8771
700		106.571		-78.4902
701		166.192		-36.6675
702		201.998		38.4869
703		194.248		130.524
704		136.172		211.539
705		39.783		252.807
706		-66.7814		237.333
707		-149.763		168.045
708		-183.403		67.3433
709		-160.19		-31.9933
710		-92.9005		-100.215
711		-7.77264		-121.896
712		67.4765		-99.9895
713		114.719		-51.3953
714		130.442		2.89964
715		123.128		47.6011
716		105.476		77.9306
717		86.4047		97.7975
718		67.2852		113.458
719		43.976		127.1
720		12.6567		134.399
721		-24.6658		127.347
722		-58.6895		100.366
723		-76.4696		55.6888
724		-68.1094		4.53011
725		-32.5553		-36.9182
726		20.9092		-54.5375
727		76.3658		-42.5104
728		118.088		-5.40303
729		136.756		44.7793
730		131.876		94.5925
731		109.597		134.681
732		77.8156		161.897
733		41.8658		177.381
734		3.42729		182.533
735		-37.0368		176.015
736		-76.4176		154.128
737		-106.836		114.485
738		-117.383		60.5823
739		-99.3601		3.89204
740		-52.2141		-38.6226
741		13.4997		-51.0441
742		78.4327		-25.9663
743		121.511		31.1107
744		128.511		103.076
745		97.8739		167.867
746		40.8498		207.3
747		-24.0066		213.741
748		-79.0128		191.501
749		-113.991		152.731
750		-128.23		110.493
751		-127.42		72.9979
752		-118.022		41.967
753		-102.798		15.4292
754		-80.1988		-7.44424
755		-47.733		-23.0022
756		-6.83312		-23.7553
757		34.3107		-2.86687
758		62.3026		40.1972
759		64.1683		96.5076
760		34.155		149.398
761		-22.1411		180.715
762		-88.8752		178.575
763		-146.016		142.624
764		-177.396		84.0618
765		-176.705		20.5106
766		-148.609		-31.4761
767		-104.876		-62.3541
768		-58.1128		-71.2123
769		-16.7313		-62.9372
770		16.2999		-43.3295
771		40.9236		-15.5331
772		56.0823		20.0167
773		57.6042		62.4405
774		39.7584		106.643
775		-0.228992		142.099
776		-57.6404		155.851
777		-119.08		138.646
778		-166.266		90.8392
779		-183.481		24.3702
780		-164.936		-40.985
781		-117.968		-85.6866
782		-60.0044		-98.8476
783		-10.6049		-82.5697
784		17.3285		-49.8528
785		22.5437		-17.2237
786		14.0522		3.83651
787		4.36492		11.9227
788		1.39199		14.4924
789		3.79879		21.328
790		2.57734		36.7265
791		-12.0843		55.2783
792		-42.7801		64.0514
793		-80.7201		50.2323
794		-108.366		9.92872
795		-107.938		-47.1175
796		-71.3487		-100.091
797		-6.03049		-126.139
798		66.868		-111.384
799		121.39		-58.1324
800		138.378		15.6245
801		113.873		84.2578
802		60.0908		125.942
803		-1.24852		131.632
804		-49.4474		107.197
805		-73.5501		68.1905
806		-74.9205		30.6857
807		-62.9989		3.54681
808		-47.4487		-13.716
809		-31.7678		-26.8903
810		-12.2594		-39.9506
811		17.2246		-49.8194
812		58.0491		-46.6828
813		102.039		-20.0171
814		132.814		33.2212
815		133.183		103.435
816		94.764		170.001
817		24.2911		209.585
818		-57.428		207.138
819		-123.995		163.66
820		-155.254		96.3417
821		-146.333		30.6624
822		-109.112		-11.565
823		-65.3291		-21.9601
824		-35.0937		-8.06988
825		-27.0079		12.5226
826		-35.162		23.001
827		-44.3841		16.9127
828		-40.5113		1.22877
829		-19.6822		-8.70908
830		8.7267		0.695694
831		27.2386		32.0369
832		20.5819		73.9433
833		-14.7169		106.284
834		-66.9948		110.784
835		-114.438		81.191
836		-135.824		27.3447
837		-121.255		-29.1844
838		-77.1028		-65.5764
839		-22.6049		-68.7533
840		19.9194		-41.0856
841		35.8568		1.97794
842		24.3798		40.6944
843		-3.09507		61.1633
844		-30.6741		61.2729
845		-47.212		49.5391
846		-51.6864		38.0781
847		-51.8934		34.2411
848		-57.6659		36.0134
849		-73.0233		33.8656
850		-92.2145		17.8086
851		-102.236		-14.746
852		-90.505		-55.2577
853		-53.221		-87.0221
854		0.590237		-93.4813
855		52.0101		-67.3495
856		80.8561		-15.4142
857		75.4795		43.8197
858		38.4816		88.5483
859		-14.6929		103.724
860		-63.442		87.4811
861		-91.762		50.7121
862		-94.8858		10.3945
863		-79.5269		-19.402
864		-58.1166		-33.8097
865		-40.7325		-37.5243
866		-29.5188		-39.5258
867		-18.7275		-45.6917
868		-0.0848541		-53.9364
869		29.9846		-54.8973
870		65.8394		-37.8286
871		93.7876		1.77505
872		98.5918		57.4138
873		71.8163		112.721
874		17.3539		148.244
875		-49.0637		150.426
876		-106.312		118.079
877		-137.004		62.9793
878		-134.659		4.36695
879		-105.418		-39.6644
880		-63.8255		-59.4379
881		-25.2967		-56.1497
882		0.578255		-38.8348
883		12.5896		-18.1372
884		15.5942		-0.662857
885		15.3907		13.0444
886		14.2351		26.2748
887		9.72577		41.6343
888		-2.50697		57.4636
889		-24.3075		67.6482
890		-51.825		65.0448
891		-75.9574		46.3933
892		-86.4516		15.581
893		-77.4073		-16.9791
894		-50.9724		-38.8123
895		-16.9627		-41.3561
896		11.559		-24.1597
897		24.408		5.02342
898		18.8032		34.2832
899		-0.087204		53.4716
900		-22.6935		58.7344
901		-40.5197		53.2783
902		-50.377		44.2082
903		-55.0547		37.5155
904		-60.2614		34.2806
905		-69.8681		30.3381
906		-82.4493		19.5372
907		-91.3129		-1.4292
908		-88.1225		-29.6047
909		-68.076		-55.942
910		-33.6485		-69.1925
911		5.3365		-61.4989
912		35.5163		-32.6933
913		45.7687		9.00702
914		32.0207		50.2643
915		-1.26074		78.1222
916		-43.41		84.965
917		-82.263		70.642
918		-108.701		41.146
919		-118.93		5.06964
920		-113.901		-29.9687
921		-96.9371		-59.1205
922		-71.4328		-79.8967
923		-40.0937		-90.5807
924		-5.84853		-89.1284
925		26.7159		-73.6738
926		50.9921		-44.4499
927		59.9548		-5.72744
928		49.2318		33.9037
929		19.9709		63.7211
930		-20.3636		74.8365
931		-60.1298		64.0253
932		-87.8363		35.3503
933		-96.6091		-1.43447
934		-86.568		-35.0051
935		-63.9492		-57.0522
936		-37.5555		-65.0309
937		-14.5245		-61.8246
938		2.31881		-52.7988
939		14.2628		-42.1355
940		24.0941		-30.631
941		32.888		-16.1664
942		38.306		3.60549
943		35.535		28.1588
944		20.3599		52.6499
945		-7.46309		69.2167
946		-42.6177		70.4854
947		-75.5297		53.4178
948		-96.0466		21.3845
949		-97.6583		-16.706
950		-80.1437		-49.8041
951		-49.4201		-68.9198
952		-14.8798		-70.104
953		14.2575		-55.0017
954		31.7575		-29.1587
955		35.2754		0.618263
956		25.5243		28.3187
957		4.82867		49.3972
958		-23.7288		60.3627
959		-56.1265		58.3456
960		-86.7796		41.581
961		-108.62		10.8622
962		-114.678		-29.0107
963		-100.891		-69.18
964		-68.7411		-98.8873
965		-26.0018		-109.348
966		15.3817		-97.5957
967		43.7155		-68.2115
968		52.2957		-31.7077
969		42.0455		-0.0904274
970		20.5796		18.2882
971		-1.91367		21.9435
972		-17.8103		15.844
973		-25.422		7.6434
974		-28.7535		2.72901
975		-33.8383		0.971836
976		-43.8496		-2.86317
977		-55.9768		-15.2022
978		-62.1341		-38.5018
979		-53.378		-67.9805
980		-25.6916		-92.4597
981		16.1915		-99.2712
982		59.3564		-80.8261
983		87.7844		-39.3337
984		89.5595		13.0296
985		62.553		58.8561
986		15.6406		82.9017
987		-35.1963		78.4679
988		-73.869		49.6465
989		-90.713		8.51741
990		-85.3856		-30.9618
991		-65.0474		-59.0174
992		-39.327		-72.9971
993		-15.1822		-76.0733
994		5.46313		-73.0782
995		24.3004		-66.3852
996		42.8158		-54.5025
997		58.8986		-34.1868
998		66.39		-4.56044
999		58.178		29.6595
1000		31.1114		58.2944
1001		-10.3289		69.6739
1002		-54.1707		56.5195
1003		-85.3623		20.4564
1004		-92.4171		-27.596
1005		-72.8118		-71.7198
1006		-34.1804		-97.9289
1007		9.426		-100.148
1008		44.2422		-82.1222
1009		62.8585		-54.3561
1010		66.4522		-27.9521
1011		62.1875		-8.88472
1012		57.5553		4.07179
1013		55.1573		16.7444
1014		51.124		34.0539
1015		38.1603		55.1134
1016		11.3981		72.1413
1017		-26.5563		74.1647
1018		-64.6886		53.6088
1019		-87.7908		12.0028
1020		-83.8729		-38.7019
1021		-50.8454		-80.3932
1022		1.27707		-96.7522
1023		54.1018		-80.8786
1024		88.8066		-38.6151
1025		94.3212		14.1838
1026		71.6315		59.0032
1027		32.1873		82.8136
1028		-8.45778		82.891
1029		-38.1956		66.1304
1030		-53.1005		43.7219
1031		-57.1395		24.5023
1032		-57.57		10.7937
1033		-59.1311		-1.13237
1034		-60.6497		-16.6462
1035		-56.0723		-37.4084
1036		-39.189		-58.5707
1037		-9.05161		-70.4343
1038		27.3815		-63.7586
1039		57.2464		-35.6663
1040		67.5803		7.37029
1041		51.8392		51.3873
1042		13.5369		80.8431
1043		-35.0232		85.5138
1044		-78.2593		64.7538
1045		-104.095		26.9997
1046		-108.467		-14.9585
1047		-95.4082		-50.1424
1048		-73.1421		-73.5733
1049		-48.8234		-86.4358
1050		-25.1493		-92.6476
1051		-0.721882		-94.3988
1052		26.3967		-89.7329
1053		54.5397		-73.8579
1054		76.7356		-43.433
1055		83.0086		-1.05879
1056		65.73		43.1543
1057		25.02		74.496
1058		-29.1392		79.982
1059		-79.774		54.8865
1060		-109.739		5.88643
1061		-109.168		-51.1289
1062		-79.7422		-97.7091
1063		-33.5527		-120.671
1064		12.8237		-117.173
1065		45.9043		-94.5953
1066		60.6212		-65.5768
1067		60.8235		-41.1218
1068		55.1154		-25.5785
1069		50.7325		-16.0552
1070		49.1081		-6.22495
1071		45.6409		8.04668
1072		33.6319		24.7837
1073		9.88551		36.1462
1074		-21.5175		32.7999
1075		-49.724		9.91061
1076		-61.8786		-28.7518
1077		-49.6739		-71.1241
1078		-14.1246		-101.665
1079		34.0789		-108.276
1080		78.916		-87.782
1081		105.862		-47.2013
1082		107.752		-0.323418
1083		86.8826		38.4632
1084		52.6833		59.8592
1085		16.6168		62.158
1086		-12.7564		49.8059
1087		-32.0568		29.4572
1088		-42.011		6.15681
1089		-44.3522		-18.1454
1090		-39.1007		-43.2253
1091		-24.1569		-67.7308
1092		2.50719		-87.1485
1093		39.5798		-94.3446
1094		80.4095		-82.7555
1095		113.988		-50.5252
1096		128.889		-3.10051
1097		118.322		47.5143
1098		83.6752		86.8548
1099		34.5747		103.599
1100		-14.6944		93.9628
1101		-50.6904		62.7908
1102		-65.5826		20.9716
1103		-59.0419		-19.3183
1104		-36.7344		-49.0777
1105		-6.67429		-64.6002
1106		24.359		-66.6886
1107		52.4998		-58.0484
1108		76.1003		-40.8111
1109		93.6991		-15.7694
1110		102.435		16.397
1111		98.2645		53.0164
1112		78.0526		88.1783
1113		42.2833		113.58
1114		-3.40967		121.387
1115		-49.1181		107.722
1116		-83.8223		74.8845
1117		-99.4041		31.0088
1118		-93.563		-12.7952
1119		-70.26		-46.4308
1120		-37.633		-64.0429
1121		-4.60292		-65.0999
1122		22.0812		-53.1894
1123		39.091		-33.568
1124		45.9176		-10.9876
1125		43.3402		11.1468
1126		32.254		30.263
1127		13.6509		43.6451
1128		-10.4309		48.1219
1129		-35.9656		40.9672
1130		-57.0726		21.5905
1131		-67.598		-7.11501
1132		-63.521		-38.8575
1133		-44.89		-65.7657
1134		-16.1282		-81.1882
1135		15.5815		-82.0717
1136		43.0322		-69.706
1137		61.4174		-48.545
1138		69.2507		-23.9122
1139		67.5374		0.0131798
1140		58.0356		20.8317
1141		41.9577		37.0708
1142		20.0639		46.7896
1143		-5.95789		46.9931
1144		-31.9736		34.6768
1145		-51.202		9.14798
1146		-56.0961		-25.8073
1147		-41.7373		-61.5778
1148		-9.00865		-87.0205
1149		34.3971		-92.702
1150		76.1167		-75.1065
1151		103.704		-38.5796
1152		109.541		6.18669
1153		93.6178		46.5184
1154		62.8107		72.8106
1155		27.1242		81.715
1156		-4.95579		75.966
1157		-29.4574		61.2652
1158		-46.769		42.3106
1159		-58.7882		20.4827
1160		-65.5054		-5.41288
1161		-63.5203		-35.9468
1162		-47.7829		-67.7071
1163		-15.7327		-92.3772
1164		28.7394		-99.4938
1165		74.3397		-81.8418
1166		105.758		-40.569
1167		110.216		13.1675
1168		83.9418		61.5722
1169		34.9877		87.4366
1170		-19.4956		81.7655
1171		-60.5119		47.8601
1172		-75.4703		-0.393593
1173		-63.2317		-45.2538
1174		-33.3852		-73.3857
1175		-0.277878		-81.3258
1176		24.825		-75.3665
1177		39.085		-66.1911
1178		48.0474		-61.5416
1179		60.4435		-61.2811
1180		81.0885		-57.7997
1181		106.283		-41.5411
1182		124.713		-8.34949
1183		123.617		35.8957
1184		96.8116		76.4597
1185		49.8447		96.5505
1186		-1.03053		86.2028
1187		-35.9563		48.2956
1188		-41.0728		-1.86139
1189		-15.4617		-43.4744
1190		28.4133		-60.1908
1191		71.1055		-47.7205
1192		95.9846		-15.0712
1193		97.1046		21.171
1194		80.8994		46.2164
1195		60.9623		54.7766
1196		49.1004		52.7729
1197		47.9817		52.203
1198		49.7607		62.3215
1199		41.5775		82.4999
1200		14.7391		101.253
1201		-27.9248		102.38
1202		-71.2031		74.9565
1203		-94.2216		21.4681
1204		-81.4517		-40.8931
1205		-32.063		-87.0986
1206		37.7177		-96.1196
1207		100.965		-61.6304
1208		132.167		4.1385
1209		118.983		75.5778
1210		67.6455		125.339
1211		-0.624283		136.488
1212		-60.095		109.068
1213		-92.2731		58.0853
1214		-92.8946		4.55436
1215		-70.9996		-35.1735
1216		-41.3967		-56.0098
1217		-15.3497		-63.5229
1218		5.02667		-67.2627
1219		25.6936		-72.5973
1220		54.0963		-76.2691
1221		91.5393		-68.425
1222		129.587		-39.8182
1223		153.073		10.3681
1224		148.243		71.1328
1225		111.336		123.236
1226		52.4033		148.161
1227		-8.2252		137.602
1228		-49.2512		98.1032
1229		-58.55		48.0894
1230		-38.6142		8.75787
1231		-4.34714		-6.22665
1232		25.4703		3.37523
1233		38.1835		25.9881
1234		33.1244		46.1507
1235		20.1743		54.0023
1236		12.1401		50.7468
1237		15.6556		46.935
1238		26.1799		54.6713
1239		30.2549		78.4891
1240		13.8851		110.535
1241		-27.7999		133.285
1242		-85.3953		128.657
1243		-137.977		88.5907
1244		-162.727		21.0617
1245		-146.454		-52.1031
1246		-92.7885		-104.815
1247		-21.1083		-118.815
1248		42.346		-91.9647
1249		76.4769		-38.4976
1250		74.2127		18.6415
1251		43.869		59.0292
1252		2.82123		73.5024
1253		-32.5124		66.0196
1254		-54.5968		48.315
1255		-66.3791		31.078
1256		-76.2308		17.165
1257		-89.8467		0.857216
1258		-104.426		-26.6272
1259		-108.958		-69.017
1260		-90.6525		-119.551
1261		-43.7433		-161.964
1262		24.7278		-177.829
1263		95.9318		-156.33
1264		147.024		-100.947
1265		161.69		-29.073
1266		137.808		35.483
1267		88.0849		73.2107
1268		33.4105		77.1469
1269		-7.33424		54.4057
1270		-25.4271		20.5557
1271		-24.1702		-9.60895
1272		-13.961		-29.4845
1273		-3.98965		-42.1342
1274		4.17266		-55.3718
1275		17.1221		-73.8697
1276		43.9982		-93.5093
1277		88.2369		-101.848
1278		142.014		-84.8625
1279		187.293		-36.2273
1280		203.591		36.4161
1281		178.547		112.304
1282		115.498		165.737
1283		33.6403		177.658
1284		-39.721		144.638
1285		-81.0388		80.5136
1286		-80.4677		9.82273
1287		-44.9158		-43.477
1288		7.01239		-66.1029
1289		55.0566		-59.3335
1290		86.719		-35.2327
1291		101.143		-8.00564
1292		105.947		14.2318
1293		109.595		32.5863
1294		114.341		54.0079
1295		114.172		83.9503
1296		99.009		119.971
1297		62.5123		150.563
1298		8.57774		160.308
1299		-47.7561		138.595
1300		-86.0432		86.8626
1301		-89.9881		19.9998
1302		-55.6887		-39.2639
1303		5.95399		-70.2053
1304		73.9996		-63.066
1305		126.833		-22.5123
1306		151.134		35.924
1307		145.893		94.0912
1308		119.863		139.4
1309		84.6038		168.562
1310		47.5984		185.367
1311		9.56054		194.585
1312		-32.7539		196.322
1313		-80.4453		184.716
1314		-127.411		152.023
1315		-160.114		95.6473
1316		-163.059		23.6165
1317		-127.3		-45.3841
1318		-57.2224		-88.3057
1319		28.5415		-87.5811
1320		103.156		-39.5603
1321		141.928		42.8899
1322		131.983		135.058
1323		76.6773		210.014
1324		-7.0448		248.461
1325		-96.4492		244.26
1326		-171.705		203.72
1327		-221.273		140.11
1328		-242.179		67.1739
1329		-236.509		-4.74283
1330		-207.436		-68.5621
1331		-157.798		-117.826
1332		-91.994		-144.684
1333		-19.2354		-141.058
1334		45.1676		-103.101
1335		82.8429		-36.3249
1336		79.337		42.3771
1337		31.7669		108.354
1338		-47.2781		137.872
1339		-132.554		118.101
1340		-195.246		53.3686
1341		-214.399		-35.8533
1342		-185.201		-121.182
1343		-120.072		-177.951
1344		-42.0925		-194.611
1345		25.7113		-175.472
1346		69.7389		-135.934
1347		89.3065		-93.2764
1348		93.1455		-58.2346
1349		91.6611		-31.7624
1350		89.8446		-8.11943
1351		84.9684		18.2968
1352		70.0632		47.0129
1353		40.5766		70.2816
1354		-0.302361		77.3763
1355		-41.2775		61.6298
1356		-68.0358		25.69
1357		-70.8293		-18.5017
1358		-49.9324		-55.2869
1359		-15.5302		-73.237
1360		18.0514		-70.7174
1361		40.3685		-55.6549
1362		50.2302		-39.5917
1363		55.0156		-29.6878
1364		64.2217		-23.7699
1365		81.2213		-11.8509
1366		98.6209		16.3777
1367		100.757		62.452
1368		72.6628		114.262
1369		10.7128		149.201
1370		-71.4369		144.641
1371		-145.867		90.5632
1372		-181.859		-2.62337
1373		-160.422		-105.977
1374		-84.377		-183.502
1375		21.5793		-207.874
1376		121.285		-172.552
1377		182.945		-94.0985
1378		192.431		-3.60397
1379		157.444		68.1705
1380		100.925		104.12
1381		47.8081		105.858
1382		12.6634		88.5212
1383		-5.09868		69.0755
1384		-16.375		55.3819
1385		-31.4724		42.5359
1386		-50.2931		18.502
1387		-60.0393		-24.6356
1388		-42.3415		-81.0339
1389		14.0618		-129.611
1390		102.63		-142.65
1391		197.216		-100.441
1392		261.33		-4.04888
1393		264.485		121.251
1394		197.37		234.583
1395		77.8578		296.439
1396		-55.5953		285.739
1397		-160.064		208.544
1398		-205.805		94.2809
1399		-186.878		-18.1686
1400		-120.098		-97.115
1401		-33.9842		-129.098
1402		45.6152		-119.529
1403		105.342		-84.1252
1404		145.024		-37.2424
1405		170.318		15.6151
1406		183.106		76.9509
1407		176.477		149.426
1408		137.99		226.838
1409		59.4744		290.66
1410		-52.8402		315.543
1411		-174.815		281.643
1412		-270.982		187.087
1413		-308.895		53.1178
1414		-274.167		-81.925
1415		-178.183		-177.648
1416		-54.0102		-208.432
1417		57.772		-173.598
1418		126.292		-95.8338
1419		142.022		-8.97103
1420		117.307		58.2567
1421		76.3153		93.9726
1422		40.4959		104.714
1423		17.7804		106.899
1424		1.18591		113.883
1425		-23.1042		126.471
1426		-63.5934		132.421
1427		-114.899		115.015
1428		-158.161		65.3924
1429		-170.485		-8.93103
1430		-138.117		-84.7501
1431		-65.7487		-133.174
1432		23.5739		-133.686
1433		98.2264		-84.6002
1434		132.367		-4.23518
1435		117.29		77.7914
1436		63.9508		134.324
1437		-4.1794		152.116
1438		-63.4837		135.181
1439		-100.767		99.0579
1440		-116.469		60.1333
1441		-119.581		26.6639
1442		-118.279		-3.28809
1443		-112.666		-36.3323
1444		-94.4533		-74.7496
1445		-53.923		-110.355
1446		10.2645		-125.857
1447		84.9518		-103.725
1448		144.731		-37.7236
1449		162.412		59.7831
1450		122.57		159.751
1451		30.8096		227.55
1452		-86.6823		237.988
1453		-193.602		186.549
1454		-258.89		90.9753
1455		-269.173		-17.5932
1456		-232.066		-109.112
1457		-169.151		-167.056
1458		-103.044		-192.438
1459		-46.0219		-197.981
1460		3.50534		-196.557
1461		55.1761		-191.177
1462		115.515		-172.676
1463		178.634		-126.605
1464		224.965		-45.2662
1465		229.551		62.4326
1466		175.79		169.665
1467		67.0994		240.684
1468		-70.2318		246.13
1469		-195.258		177.03
1470		-268.06		50.3172
1471		-265.432		-96.9777
1472		-189.217		-221.964
1473		-63.852		-291.63
1474		74.7761		-292.875
1475		193.069		-233.155
1476		269.441		-133.124
1477		296.508		-16.4868
1478		276.86		97.241
1479		216.895		194.18
1480		123.499		263.071
1481		5.52599		292.032
1482		-121.935		269.21
1483		-235.038		188.362
1484		-304.355		56.4633
1485		-304.251		-101.974
1486		-224.659		-248.202
1487		-79.0655		-340.618
1488		96.4622		-350
1489		254.153		-271.595
1490		351.181		-128.027
1491		364.754		38.8113
1492		298.906		183.285
1493		180.333		271.876
1494		45.9832		292.405
1495		-71.1217		253.392
1496		-151.189		175.505
1497		-188.801		80.7635
1498		-187.434		-14.578
1499		-152.353		-100.584
1500		-87.0437		-169.281
1501		4.7007		-210.145
1502		113.241		-210.024
1503		219.129		-158.878
1504		295.207		-58.2701
1505		315.635		73.064
1506		268.019		201.483
1507		162.042		289.326
1508		28.9457		310.106
1509		-89.3638		260.581
1510		-157.163		163.096
1511		-159.729		56.2641
1512		-108.658		-21.9558
1513		-34.8695		-50.5467
1514		27.2174		-33.0161
1515		56.238		7.38947
1516		52.694		42.0307
1517		35.7167		52.9976
1518		29.9075		42.3869
1519		49.6584		29.9146
1520		89.6018		40.3923
1521		126.423		88.0694
1522		131.06		166.471
1523		84.72		249.331
1524		-9.85004		302.237
1525		-127.778		298.894
1526		-232.394		233.672
1527		-291.03		124.201
1528		-288.301		3.2316
1529		-230.614		-95.581
1530		-140.622		-150.522
1531		-45.5927		-157.308
1532		33.634		-125.712
1533		87.5741		-70.7651
1534		115.592		-4.51353
1535		119.164		66.8262
1536		96.4465		139.416
1537		42.3823		205.47
1538		-45.3241		249.49
1539		-158.298		251.042
1540		-273.44		193.904
1541		-356.859		77.0869
1542		-375.54		-78.7158
1543		-311.858		-233.979
1544		-173.829		-342.669
1545		4.51418		-369.207
1546		173.635		-302.577
1547		285.704		-161.143
1548		311.127		13.9176
1549		247.52		173.455
1550		118.05		276.792
1551		-38.9593		303.054
1552		-183.7		253.789
1553		-285.834		147.691
1554		-329.26		11.6303
1555		-310.974		-127.224
1556		-237.18		-245.437
1557		-120.186		-323.929
1558		22.2868		-347.827
1559		166.528		-308.184
1560		283.868		-206.042
1561		345.583		-56.6209
1562		331.388		109.985
1563		238.292		254.206
1564		85.1586		338.04
1565		-90.4603		337.882
1566		-243.217		253.582
1567		-334.714		109.258
1568		-346.027		-55.0145
1569		-282.683		-197.294
1570		-170.213		-287.639
1571		-42.7013		-315.963
1572		70.1331		-291.17
1573		151.607		-233.107
1574		199.351		-162.043
1575		219.991		-91.0347
1576		221.218		-24.3443
1577		206.031		38.4755
1578		172.157		96.2583
1579		116.379		141.982
1580		40.6893		163.381
1581		-43.7732		148.201
1582		-117.656		91.2053
1583		-159.113		-0.929569
1584		-151.67		-109.499
1585		-90.6015		-208.639
1586		14.8976		-272.971
1587		144.299		-284.804
1588		271.495		-238.326
1589		371.177		-139.99
1590		423.766		-6.05652
1591		418.193		141.053
1592		353.026		276.337
1593		236.826		375.545
1594		87.9186		418.783
1595		-67.0944		394.73
1596		-197.164		304.774
1597		-273.271		165.289
1598		-276.343		6.10199
1599		-203.934		-135.728
1600		-72.6793		-225.613
1601		85.2312		-241.501
1602		230.927		-180.499
1603		330.044		-59.3529
1604		362.091		91.417
1605		324.625		237.287
1606		231.205		349.438
1607		104.806		410.856
1608		-29.9326		417.281
1609		-152.317		374.048
1610		-247.523		291.514
1611		-305.542		181.861
1612		-319.42		58.4752
1613		-285.058		-62.9078
1614		-203.336		-163.519
1615		-83.3426		-223.364
1616		55.7702		-226.003
1617		186.539		-164.704
1618		279.061		-47.0785
1619		309.31		104.477
1620		266.718		257.47
1621		157.921		377.758
1622		5.12817		438.666
1623		-160.124		427.511
1624		-305.262		347.531
1625		-403.995		215.311
1626		-440.602		55.5138
1627		-410.849		-104.691
1628		-320.67		-239.852
1629		-184.224		-328.805
1630		-22.2634		-356.416
1631		139.367		-315.525
1632		272.154		-209.335
1633		349.156		-53.2942
1634		350.941		125.152
1635		271.675		290.286
1636		123.024		405.36
1637		-66.2552		441.688
1638		-255.741		386.816
1639		-402.636		248.936
1640		-472.293		55.8908
1641		-446.848		-151.046
1642		-329.594		-326.786
1643		-144.135		-432.731
1644		71.0457		-445.199
1645		270.992		-360.271
1646		413.651		-194.425
1647		468.455		18.832
1648		422.678		235.574
1649		284.496		410.254
1650		81.9862		505.265
1651		-142.19		499.445
1652		-339.79		393.501
1653		-467.975		210.606
1654		-499.602		-8.5554
1655		-429.95		-215.436
1656		-277.721		-365.541
1657		-79.864		-429.253
1658		118.302		-398.442
1659		274.667		-287.086
1660		360.223		-126.082
1661		364.638		45.7597
1662		296.525		191.643
1663		179.089		284.882
1664		43.0202		313.444
1665		-81.1764		280.517
1666		-169.639		201.731
1667		-209.298		100.191
1668		-199.294		0.601511
1669		-149.682		-76.3607
1670		-77.8081		-118.331
1671		-3.12759		-123.255
1672		58.2446		-98.4815
1673		97.6442		-57.0999
1674		115.17		-12.6112
1675		117.598		26.0983
1676		113.655		57.385
1677		108.714		85.806
1678		101.483		117.752
1679		84.5436		155.796
1680		48.8306		194.701
1681		-9.8929		221.492
1682		-85.8163		220.192
1683		-162.097		179.444
1684		-215.303		99.5934
1685		-223.891		-4.33574
1686		-177.279		-105.654
1687		-81.5201		-174.252
1688		41.0422		-186.908
1689		158.18		-135.553
1690		237.733		-30.2862
1691		257.262		103.746
1692		210.003		233.96
1693		105.647		329.3
1694		-33.3658		367.509
1695		-177.857		339.028
1696		-297.995		247.618
1697		-368.233		108.897
1698		-371.11		-52.0841
1699		-300.473		-203.978
1700		-164.22		-313.587
1701		14.4427		-352.189
1702		198.969		-303.241
1703		345.955		-169.329
1704		415.753		24.7074
1705		384.499		235.101
1706		253.324		409.353
1707		50.693		500.818
1708		-173.934		482.905
1709		-363.62		357.709
1710		-470.154		155.795
1711		-467.361		-72.7835
1712		-357.176		-272.844
1713		-167.135		-398.655
1714		58.7955		-424.15
1715		272.079		-346.513
1716		430.215		-183.713
1717		503.758		31.5759
1718		479.571		258.982
1719		361.506		456.896
1720		169.645		588.339
1721		-61.8115		626.814
1722		-288.943		562.129
1723		-465.692		404.73
1724		-554.122		186.179
1725		-534.85		-46.2042
1726		-413.807		-240.404
1727		-221.966		-353.657
1728		-7.08911		-364.483
1729		180.117		-278.165
1730		300.425		-123.458
1731		335.728		58.0244
1732		290.66		225.243
1733		186.588		348.541
1734		51.6736		414.146
1735		-88.0941		422.081
1736		-213.373		380.356
1737		-311.007		299.646
1738		-371.149		191.361
1739		-385.577		69.167
1740		-349.438		-48.7321
1741		-265.776		-139.989
1742		-149.574		-183.013
1743		-27.508		-165.028
1744		68.3866		-89.2457
1745		111.385		23.3225
1746		90.3862		139.609
1747		14.5975		226.041
1748		-90.1985		260.81
1749		-192.371		240.987
1750		-266.999		181.079
1751		-304.072		104.044
1752		-308.5		29.7732
1753		-292.641		-32.6656
1754		-266.224		-85.0331
1755		-229.971		-132.779
1756		-176.941		-175.699
1757		-100.854		-202.832
1758		-6.17055		-195.675
1759		86.9396		-138.818
1760		147.109		-32.2825
1761		144.846		101.972
1762		67.9792		224.366
1763		-68.8445		292.221
1764		-226.531		278.052
1765		-355.783		182.595
1766		-416.938		35.6375
1767		-395.883		-116.252
1768		-308.278		-229.301
1769		-190.186		-279.825
1770		-80.2332		-270.864
1771		-2.66125		-225.486
1772		40.0976		-171.176
1773		62.1417		-124.336
1774		80.0293		-83.5614
1775		98.6976		-35.1218
1776		106.034		33.0186
1777		79.7033		117.393
1778		2.62421		194.292
1779		-121.841		227.953
1780		-264.277		188.187
1781		-377.591		68.2401
1782		-416.191		-107.021
1783		-356.688		-287.79
1784		-209.622		-418.367
1785		-16.0803		-459.518
1786		169.173		-403.314
1787		299.642		-273.556
1788		353.335		-112.407
1789		335.957		39.1496
1790		270.928		156.663
1791		183.099		236.005
1792		85.9898		285.115
1793		-20.319		310.138
1794		-140.175		305.411
1795		-268.637		254.236
1796		-382.579		140.729
1797		-443.671		-33.9533
1798		-413.565		-241.028
1799		-274.307		-426.822
1800		-43.2949		-529.695
1801		225.979		-504.321
1802		459.373		-342.14
1803		587.719		-78.1127
1804		571.552		219.72
1805		414.347		473.339
1806		159.304		620.361
1807		-127.589		631.638
1808		-379.705		514.986
1809		-547.586		306.193
1810		-606.64		53.8905
1811		-555		-193.81
1812		-406.613		-396.225
1813		-185.596		-521.028
1814		75.1205		-543.646
1815		332.621		-449.82
1816		535.218		-242.616
1817		630.496		49.652
1818		580.375		371.029
1819		378.02		646.411
1820		58.1388		801.185
1821		-306.469		785.973
1822		-623.733		596.379
1823		-810.789		278.365
1824		-821.242		-84.455
1825		-660.129		-397.469
1826		-380.497		-585.31
1827		-63.4379		-613.835
1828		209.701		-495.966
1829		381.564		-280.842
1830		430.864		-32.7579
1831		369.965		190.315
1832		232.191		350.379
1833		56.6261		432.162
1834		-122.678		437.573
1835		-280.313		377.695
1836		-397.881		267.518
1837		-461.614		125.12
1838		-462.907		-26.8775
1839		-402.124		-161.571
1840		-292.66		-252.41
1841		-161.049		-281.419
1842		-40.7625		-246.941
1843		38.8008		-166.039
1844		63.2328		-68.9258
1845		38.2532		12.8734
1846		-14.0895		59.2452
1847		-66.7095		68.7299
1848		-100.72		56.4896
1849		-113.813		43.9997
1850		-119.41		45.9006
1851		-137.044		61.0511
1852		-179.158		72.6696
1853		-241.472		57.6489
1854		-302.253		0.255981
1855		-331.231		-96.9354
1856		-303.901		-210.661
1857		-214.244		-304.603
1858		-79.7533		-343.589
1859		63.5271		-307.855
1860		173.532		-201.189
1861		216.666		-49.9236
1862		178.427		105.968
1863		66.7774		225.381
1864		-91.6254		277.296
1865		-259.526		247.496
1866		-398.085		140.262
1867		-474.537		-23.6202
1868		-467.962		-210.866
1869		-373.577		-381.016
1870		-205.551		-493.405
1871		2.90971		-516.054
1872		204.109		-435.301
1873		346.097		-263.123
1874		387.143		-38.2346
1875		310.099		181.655
1876		130.861		335.645
1877		-103.654		378.808
1878		-328.733		297.577
1879		-482.172		114.938
1880		-524.11		-117.161
1881		-448.706		-335.415
1882		-283.337		-485.762
1883		-76.4031		-538.855
1884		120.436		-494.979
1885		267.942		-377.948
1886		347.093		-222.388
1887		357.633		-61.0256
1888		310.51		82.6305
1889		219.68		194.597
1890		97.8383		266.185
1891		-42.6736		289.794
1892		-186.151		258.441
1893		-311.151		169.673
1894		-392.628		31.1822
1895		-408.706		-136.05
1896		-349.056		-300.105
1897		-220.475		-425.918
1898		-46.5525		-485.329
1899		138.657		-464.938
1900		299.945		-368.555
1901		409.059		-214.035
1902		448.688		-27.1422
1903		412.248		163.95
1904		301.94		331.313
1905		128.082		447.691
1906		-89.0583		487.504
1907		-316.752		431.281
1908		-510.513		273.829
1909		-621.394		32.946
1910		-609.958		-246.913
1911		-462.557		-500.774
1912		-202.526		-659.84
1913		110.488		-674.005
1914		395.4		-531.367
1915		574.693		-265.875
1916		600.22		51.4468
1917		469.314		335.211
1918		224.47		513.57
1919		-63.0858		550.159
1920		-318.655		451.73
1921		-487.447		259.707
1922		-547.061		31.0489
1923		-505.873		-182.125
1924		-390.976		-345.463
1925		-233.595		-444.175
1926		-59.6501		-476.27
1927		111.222		-443.937
1928		260.604		-349.563
1929		366.321		-198.862
1930		403.325		-8.10536
1931		352.038		190.903
1932		210.3		353.87
1933		1.70233		436.276
1934		-226.1		410.338
1935		-414.651		278.454
1936		-514.839		75.6239
1937		-505.02		-141.626
1938		-398.512		-315.634
1939		-236.756		-408.244
1940		-71.362		-412.351
1941		56.3152		-349.509
1942		128.493		-255.716
1943		151.574		-163.231
1944		145.201		-87.8157
1945		126.846		-27.3208
1946		100.89		28.9429
1947		58.1741		86.5245
1948		-14.2442		136.52
1949		-119.323		156.585
1950		-240.857		122.199
1951		-345.024		22.0878
1952		-392.875		-130.937
1953		-357.837		-300.273
1954		-239.306		-437.745
1955		-65.1996		-502.196
1956		118.061		-475.534
1957		263.314		-368.656
1958		339.571		-214.863
1959		340.302		-54.7669
1960		280.133		79.3686
1961		183.101		172.23
1962		69.7504		223.773
1963		-49.7186		239.901
1964		-173.076		222.262
1965		-296.949		164.024
1966		-407.564		54.6805
1967		-478.206		-108.689
1968		-476.478		-310.473
1969		-378.844		-513.132
1970		-185.401		-664.973
1971		72.9896		-716.998
1972		339.81		-641.808
1973		549.117		-446.143
1974		646.541		-171.331
1975		606.578		118.686
1976		439.595		356.7
1977		186.763		491.217
1978		-93.791		498.362
1979		-343.305		383.902
1980		-515.249		177.084
1981		-581.825		-79.2297
1982		-534.8		-337.712
1983		-383.646		-552.94
1984		-153.624		-685.772
1985		115.689		-707.953
1986		373.297		-608.251
1987		563.706		-398.936
1988		638.806		-119.026
1989		572.393		169.728
1990		372.04		395.828
1991		82.3792		497.604
1992		-223.715		443.122
1993		-464.814		242.66
1994		-575.365		-51.95
1995		-526.134		-361.962
1996		-333.026		-605.559
1997		-51.0266		-722.382
1998		244.146		-690.056
1999		479.537		-527.457
2000		605.05		-284.871
2001		603.809		-26.0954
2002		491.013		190.226
2003		304.085		323.783
2004		89.5576		357.53
2005		-108.135		295.513
2006		-253.312		157.17
2007		-321.599		-28.2726
2008		-300.73		-225.669
2009		-191.787		-396.845
2010		-11.2435		-504.614
2011		208.044		-519.413
2012		419.656		-427.871
2013		572.023		-240.283
2014		621.496		7.07891
2015		546.312		257.695
2016		356.092		448.428
2017		92.4509		527.362
2018		-180.696		469.871
2019		-394.547		287.072
2020		-494.875		23.4255
2021		-457.045		-255.766
2022		-291.839		-482.59
2023		-40.8552		-604.388
2024		236.086		-595.861
2025		476.798		-462.684
2026		630.921		-237.076
2027		669.169		31.8416
2028		586.713		289.383
2029		401.725		485.605
2030		150.749		583.372
2031		-117.822		564.059
2032		-351.719		430.966
2033		-504.098		209.932
2034		-543.381		-54.0042
2035		-461.665		-304.763
2036		-278.749		-487.704
2037		-39.1693		-563.763
2038		198.483		-520.904
2039		377.676		-378.386
2040		460.535		-181.284
2041		438.922		13.7216
2042		335.556		156.66
2043		194.341		219.96
2044		63.4688		205.487
2045		-22.0668		140.255
2046		-51.5558		62.8022
2047		-38.9902		6.1658
2048		-13.1607		-15.2671
2049		-2.22952		-9.60626
2050		-19.8471		-0.837608
2051		-58.9127		-15.2485
2052		-95.4063		-67.364
2053		-100.088		-151.764
2054		-52.4593		-244.175
2055		49.276		-310.883
2056		186.271		-321.918
2057		325.274		-262.241
2058		429.673		-136.69
2059		470.431		32.2712
2060		432.963		211.783
2061		318.687		366.972
2062		142.65		467.383
2063		-70.0674		490.5
2064		-287.224		423.581
2065		-471.589		265.755
2066		-584.222		31.2173
2067		-590.863		-247.874
2068		-471.627		-521.925
2069		-231.384		-730.819
2070		93.9681		-817.72
2071		440.026		-746.588
2072		727.048		-517.227
2073		881.114		-171.192
2074		856.574		215.377
2075		651.598		550.965
2076		310.699		753.937
2077		-87.0168		775.176
2078		-449.682		610.498
2079		-696.784		299.372
2080		-777.682		-88.1473
2081		-679.802		-470.41
2082		-426.404		-772.302
2083		-67.6022		-937.923
2084		330.665		-936.893
2085		696.614		-766.337
2086		961.371		-451.144
2087		1068.31		-43.2771
2088		984.359		381.773
2089		711.909		734.627
2090		296.776		929.535
2091		-173.85		907.463
2092		-587.322		657.921
2093		-833.915		230.326
2094		-839.968		-272.372
2095		-594.12		-719.031
2096		-155.697		-988.076
2097		359.796		-1005.07
2098		814.451		-766.475
2099		1089.59		-340.498
2100		1120.57		155.196
2101		912.806		590.583
2102		534.801		861.47
2103		92.5959		915.847
2104		-303.399		761.228
2105		-567.249		453.836
2106		-653.886		76.8492
2107		-561.382		-282.848
2108		-323.044		-552.32
2109		4.49672		-682.311
2110		352.54		-650.994
2111		649.842		-465.099
2112		832.134		-160.114
2113		853.561		201.851
2114		699.331		539.845
2115		395.352		769.74
2116		8.8629		826.092
2117		-364.12		683.844
2118		-623.609		371.076
2119		-695.685		-34.2726
2120		-556.985		-425.032
2121		-243.687		-696.77
2122		159.326		-779.803
2123		545.507		-659.387
2124		819.703		-376.93
2125		924.94		-12.8347
2126		853.937		341.131
2127		643.332		608.784
2128		355.695		746.44
2129		58.3569		746.18
2130		-192.706		628.225
2131		-360.142		428.967
2132		-425.17		190.914
2133		-384.814		-42.7944
2134		-250.548		-230.939
2135		-49.0944		-337.633
2136		177.534		-339.117
2137		376.955		-232.754
2138		498.329		-43.4023
2139		508.705		178.517
2140		407.078		369.907
2141		228.476		475.918
2142		33.8412		470.827
2143		-112.041		369.178
2144		-165.99		220.885
2145		-124.053		91.0122
2146		-22.8248		32.3461
2147		76.846		62.7759
2148		116.94		157.753
2149		68.1735		261.393
2150		-56.7703		311.263
2151		-208.327		265.775
2152		-320.715		122.215
2153		-338.686		-81.8333
2154		-238.823		-283.202
2155		-37.2439		-416.594
2156		217.72		-436.546
2157		462.791		-329.822
2158		638.717		-115.632
2159		703.979		163.254
2160		640.552		452.601
2161		453.556		696.991
2162		168.671		846.764
2163		-170.046		863.456
2164		-502.504		726.494
2165		-758.328		441.798
2166		-869.062		49.1974
2167		-786.579		-376.982
2168		-502.585		-739.048
2169		-60.8328		-939.204
2170		445.701		-909.123
2171		895.351		-635.382
2172		1171.26		-169.991
2173		1196.79		379.946
2174		959.996		881.33
2175		517.866		1213.23
2176		-20.9989		1300.74
2177		-528.57		1133.28
2178		-892.566		762.453
2179		-1043.04		282.775
2180		-963.656		-196.023
2181		-687.656		-575.19
2182		-283.836		-784.951
2183		160.716		-792.708
2184		556.32		-603.899
2185		823.735		-258.974
2186		905.816		171.919
2187		778.888		597.706
2188		462.19		920.951
2189		20.891		1058.68
2190		-442.416		965.764
2191		-809.749		653.255
2192		-979.501		192.846
2193		-898.402		-297.637
2194		-581.703		-685.962
2195		-112.497		-865.011
2196		381.538		-786.347
2197		766.784		-475.326
2198		944.156		-22.0018
2199		877.094		448.602
2200		597.864		815.528
2201		191.745		996.042
2202		-233.053		963.866
2203		-577.577		747.788
2204		-775.477		414.756
2205		-802.08		46.5015
2206		-670.422		-281.174
2207		-420.014		-511.13
2208		-104.791		-609.486
2209		216.092		-565.544
2210		484.785		-390.778
2211		651.153		-118.242
2212		681.116		199.411
2213		566.094		496.51
2214		329.644		707.255
2215		26.3411		782.922
2216		-269.824		707.661
2217		-485.657		505.925
2218		-571.054		236.88
2219		-514.792		-23.5947
2220		-347.14		-207.201
2221		-127.885		-274.532
2222		75.45		-225.192
2223		210.38		-93.2811
2224		254.308		68.8967
2225		216.497		211.338
2226		128.124		302.419
2227		26.2999		334.854
2228		-60.2754		321.058
2229		-118.408		282.175
2230		-148.994		237.114
2231		-160.139		196.587
2232		-159.88		163.477
2233		-152.555		137.198
2234		-139.782		117.947
2235		-123.849		107.711
2236		-109.944		107.751
2237		-104.843		114.992
2238		-112.417		120.815
2239		-128.984		114.23
2240		-142.229		88.479
2241		-135.678		47.4254
2242		-97.4431		7.40326
2243		-28.9549		-7.80597
2244		51.3561		22.4184
2245		112.505		104.018
2246		122.639		221.684
2247		63.2023		341.242
2248		-60.8705		420.959
2249		-220.026		427.382
2250		-369.098		348.997
2251		-462.97		201.761
2252		-472.412		24.149
2253		-393.714		-136.013
2254		-248.669		-237.294
2255		-75.8403		-256.702
2256		82.4555		-194.019
2257		191.904		-68.2409
2258		232.743		90.7215
2259		200.38		250.64
2260		102.275		382.627
2261		-45.5841		463.292
2262		-220.422		475.314
2263		-392.883		409.057
2264		-528.118		266.497
2265		-590.479		66.0751
2266		-552.704		-155.047
2267		-407.326		-345.035
2268		-175.44		-449.136
2269		92.5092		-426.727
2270		326.769		-267.77
2271		457.65		-1.62135
2272		438.2		306.816
2273		261.891		573.981
2274		-31.9202		722.64
2275		-367.671		706.423
2276		-655.665		525.098
2277		-819.002		225.069
2278		-816.127		-114.933
2279		-651.589		-407.648
2280		-372.24		-582.21
2281		-51.3623		-602.149
2282		232.933		-471.71
2283		417.744		-230.308
2284		468.358		61.1942
2285		382.122		336.875
2286		184.515		539.988
2287		-79.4176		632.396
2288		-355.068		598.973
2289		-587.773		448.15
2290		-731.338		209.792
2291		-755.661		-69.2484
2292		-653.065		-332.328
2293		-441.903		-523.197
2294		-165.373		-598.186
2295		115.944		-537.69
2296		337.371		-353.237
2297		446.362		-86.875
2298		416.897		198.19
2299		257.174		433.692
2300		7.64369		564.416
2301		-270.298		562.558
2302		-511.288		433.802
2303		-663.054		213.529
2304		-698.234		-44.8613
2305		-617.956		-285.025
2306		-447.357		-461.074
2307		-226.007		-545.663
2308		2.74467		-531.775
2309		200.171		-429.656
2310		336.957		-261.633
2311		394.974		-57.1574
2312		367.676		150.965
2313		260.391		329.718
2314		90.591		449.54
2315		-112.997		489.111
2316		-313.856		440.476
2317		-474.217		312.542
2318		-563.497		130.82
2319		-566.049		-67.6115
2320		-485.266		-242.934
2321		-342.256		-362.453
2322		-169.409		-408.057
2323		-1.29633		-378.784
2324		133.66		-288.083
2325		217.929		-157.582
2326		245.079		-10.4386
2327		216.744		132.98
2328		138.925		256.048
2329		20.0943		344.477
2330		-128.05		384.934
2331		-288.323		365.899
2332		-436.779		281.393
2333		-544.759		136.174
2334		-584.973		-50.5487
2335		-540.039		-245.689
2336		-410.167		-408.377
2337		-216.448		-500.285
2338		2.32349		-496.826
2339		198.843		-395.153
2340		329.647		-215.957
2341		366.548		1.63333
2342		303.553		210.274
2343		157.455		366.335
2344		-37.4716		439.986
2345		-238.5		420.978
2346		-404.442		319.357
2347		-504.216		161.788
2348		-522.572		-15.0632
2349		-462.404		-172.573
2350		-343.555		-278.309
2351		-198.26		-313.033
2352		-63.6933		-275.192
2353		27.2053		-181.495
2354		54.5545		-62.7048
2355		17.2912		44.9871
2356		-66.5096		110.882
2357		-165.619		119.507
2358		-246.461		75.4604
2359		-285.045		1.0766
2360		-275.436		-72.6377
2361		-231.14		-118.496
2362		-178.609		-124.008
2363		-145.367		-96.0275
2364		-147.777		-57.0546
2365		-183.726		-34.7078
2366		-233.475		-48.8896
2367		-268.361		-102.254
2368		-263.583		-178.137
2369		-209.565		-246.856
2370		-117.082		-277.636
2371		-14.1373		-251.191
2372		63.975		-167.867
2373		87.3036		-48.4093
2374		41.7768		72.5407
2375		-65.8793		157.388
2376		-209.909		176.992
2377		-352.685		119.058
2378		-454.618		-8.35114
2379		-484.115		-178.348
2380		-425.606		-350.862
2381		-284.453		-481.179
2382		-87.9347		-530.159
2383		118.426		-474.718
2384		279.655		-316.494
2385		344.614		-85.913
2386		281.333		161.066
2387		90.0646		354.76
2388		-191.071		430.516
2389		-491.652		349.526
2390		-726.164		114.75
2391		-818.794		-224.632
2392		-728.099		-583.51
2393		-462.849		-863.975
2394		-82.7192		-984.348
2395		317.304		-904.452
2396		634.036		-638.48
2397		785.769		-251.083
2398		734.791		161.63
2399		495.94		499.382
2400		129.688		684.214
2401		-276.5		678.314
2402		-631.495		489.326
2403		-861.352		163.856
2404		-922.894		-226.663
2405		-808.699		-602.628
2406		-544.885		-891.443
2407		-184.147		-1039.31
2408		204.012		-1019.31
2409		544.964		-835.928
2410		772.075		-525.338
2411		840.101		-150.356
2412		736.277		210.848
2413		485.542		481.33
2414		146.857		603.859
2415		-199.999		556.026
2416		-474.402		356.765
2417		-615.884		61.375
2418		-599.481		-253.904
2419		-440.505		-512.918
2420		-187.554		-659.356
2421		93.1721		-669.128
2422		336.434		-552.344
2423		493.29		-345.891
2424		539.298		-100.693
2425		475.03		131.35
2426		321.181		307.092
2427		111.634		397.393
2428		-112.995		389.006
2429		-310.695		284.98
2430		-443.207		104.594
2431		-482.054		-117.755
2432		-415.326		-336.408
2433		-253.219		-502.352
2434		-29.2917		-574.618
2435		204.947		-532.269
2436		392.148		-382.538
2437		484.902		-161.257
2438		459.997		75.8369
2439		325.859		268.71
2440		120.151		370.476
2441		-101.846		360.625
2442		-283.948		249.586
2443		-385.023		73.5037
2444		-388.973		-118.281
2445		-306.17		-278.186
2446		-167.101		-372.732
2447		-11.4862		-388.938
2448		123.001		-334.101
2449		209.195		-230.576
2450		234.653		-108.21
2451		201.894		3.13983
2452		125.843		79.6465
2453		29.581		107.675
2454		-60.9163		86.0146
2455		-122.644		25.9454
2456		-141.323		-51.3146
2457		-115.707		-120.008
2458		-58.7507		-157.351
2459		5.62987		-151.212
2460		50.0462		-105.181
2461		53.3803		-38.5962
2462		9.36285		19.3371
2463		-69.5584		39.8767
2464		-155.159		5.97287
2465		-212.735		-79.9138
2466		-213.698		-194.737
2467		-146.882		-301.424
2468		-24.2707		-361.054
2469		121.2		-346.445
2470		245.206		-252.389
2471		305.835		-98.973
2472		277.081		73.1592
2473		157.776		214.059
2474		-26.7101		278.761
2475		-230.35		240.413
2476		-398.178		98.6457
2477		-480.658		-118.951
2478		-447.037		-362.592
2479		-294.391		-571.925
2480		-50.0614		-690.825
2481		233.365		-681.932
2482		489.739		-537.338
2483		655.227		-282.492
2484		684.636		28.1762
2485		563.958		323.399
2486		315.505		532.291
2487		-6.17506		602.303
2488		-326.959		513.072
2489		-571.217		282.272
2490		-680.49		-38.2476
2491		-627.828		-374.987
2492		-424.084		-650.554
2493		-114.874		-801.957
2494		230.619		-794.871
2495		535.821		-630.75
2496		733.903		-345.632
2497		782.078		-1.50429
2498		670.289		327.49
2499		422.861		570.961
2500		93.0603		677.127
2501		-248.27		623.767
2502		-527.826		423.062
2503		-685.705		119.175
2504		-688.653		-221.205
2505		-537.614		-523.554
2506		-267.577		-722.211
2507		60.4395		-775.152
2508		373.428		-673.201
2509		602.969		-441.493
2510		700.279		-133.047
2511		646.229		183.627
2512		454.439		439.636
2513		167.382		580.022
2514		-153.003		574.522
2515		-437.92		423.159
2516		-625.235		156.2
2517		-671.819		-171.271
2518		-562.934		-489.471
2519		-316.892		-727.572
2520		16.5722		-828.977
2521		365.083		-765.276
2522		648.925		-545.26
2523		800.079		-215.636
2524		780.268		148.241
2525		592.549		460.367
2526		282.123		646.403
2527		-74.8459		663.807
2528		-391.668		513.334
2529		-594.665		238.021
2530		-642.408		-90.0526
2531		-534.735		-390.738
2532		-309.296		-597.516
2533		-27.8159		-673.124
2534		242.47		-615.054
2535		445.831		-450.85
2536		548.781		-226.592
2537		542.974		6.46243
2538		441.766		202.872
2539		273.629		329.668
2540		75.2963		369.094
2541		-114.032		319.125
2542		-257.794		193.109
2543		-327.48		18.5545
2544		-308.546		-166.174
2545		-205.464		-318.491
2546		-43.3135		-401.42
2547		136.39		-394.28
2548		286.006		-300.335
2549		365.741		-147.63
2550		356.511		18.5789
2551		266.579		149.967
2552		128.829		210.991
2553		-10.7449		190.433
2554		-109.125		104.116
2555		-140.743		-12.1984
2556		-104.839		-116.717
2557		-23.2959		-176.647
2558		69.5154		-178.548
2559		140.243		-130.522
2560		167.919		-56.3974
2561		149.239		14.8004
2562		96.7965		59.41
2563		32.2793		65.9017
2564		-21.8661		36.3052
2565		-49.0767		-16.7976
2566		-42.0422		-75.4071
2567		-3.03699		-121.137
2568		57.5332		-139.034
2569		123.28		-120.293
2570		174.466		-64.4079
2571		191.632		19.1957
2572		160.601		110.963
2573		78.1599		183.865
2574		-43.6071		209.704
2575		-176.941		168.162
2576		-283.761		55.8064
2577		-326.336		-108.813
2578		-280.228		-287.079
2579		-144.776		-429.916
2580		53.3786		-492.588
2581		265.939		-449.667
2582		436.472		-304.662
2583		517.354		-90.524
2584		484.296		139.345
2585		343.528		326.454
2586		129.571		423.672
2587		-105.058		407.5
2588		-304.309		282.859
2589		-422.54		79.9842
2590		-434.275		-154.485
2591		-338.173		-368.955
2592		-155.531		-517.822
2593		75.195		-570.008
2594		306.26		-514.304
2595		489.665		-361.34
2596		586.426		-142.016
2597		574.907		97.8311
2598		456.557		306.391
2599		257.111		437.322
2600		21.9249		461.216
2601		-194.329		373.785
2602		-341.329		197.84
2603		-386.264		-22.2095
2604		-322.345		-232.09
2605		-169.906		-382.111
2606		30.1461		-439.807
2607		228.121		-397.007
2608		378.577		-269.708
2609		450.63		-91.733
2610		433.146		94.9972
2611		334.541		250.28
2612		178.684		343.16
2613		-1.03045		356.332
2614		-167.852		287.865
2615		-287.524		151.02
2616		-333.879		-27.4849
2617		-294.117		-211.16
2618		-172.883		-359.91
2619		6.521		-438.476
2620		205.407		-425.559
2621		377.906		-320.833
2622		482.539		-146.901
2623		493.793		55.4049
2624		409.707		237.612
2625		252.568		356.878
2626		62.3011		387.532
2627		-115.111		327.034
2628		-240.035		194.748
2629		-288.322		24.6992
2630		-254.78		-144.419
2631		-151.145		-278.309
2632		-0.737331		-352.764
2633		167.431		-355.626
2634		323.235		-286.399
2635		438.56		-155.295
2636		490.115		17.3813
2637		463.147		202.171
2638		356.04		363.375
2639		184.071		465.222
2640		-20.365		480.826
2641		-213.1		401.342
2642		-348.932		241.41
2643		-394.805		37.6376
2644		-340.608		-160.658
2645		-203.042		-305.831
2646		-20.466		-366.28
2647		159.624		-335.276
2648		295.669		-230.884
2649		363.774		-87.3815
2650		361.788		57.8358
2651		305.003		176.166
2652		216.465		253.842
2653		117.006		290.594
2654		19.6274		293.083
2655		-69.9597		267.593
2656		-148.275		216.29
2657		-208.571		138.897
2658		-238.976		38.2374
2659		-226.035		-74.2848
2660		-162.116		-177.386
2661		-52.6049		-244.663
2662		81.5295		-253.92
2663		208.046		-196.852
2664		293.479		-84.2704
2665		314.762		56.0087
2666		267.332		188.085
2667		166.191		279.943
2668		39.6852		313.382
2669		-80.9331		287.973
2670		-171.446		218.086
2671		-220.111		125.259
2672		-227.228		30.0192
2673		-200.457		-53.165
2674		-149.334		-116.37
2675		-82.1557		-155.458
2676		-6.38377		-167.049
2677		68.8253		-147.931
2678		130.824		-97.5903
2679		164.869		-22.159
2680		159.059		63.3708
2681		110.64		137.216
2682		30.0513		177.435
2683		-60.301		170.611
2684		-133.083		118.429
2685		-166.336		38.4543
2686		-152.46		-41.9968
2687		-101.508		-96.6345
2688		-36.8899		-110.886
2689		14.7931		-87.5594
2690		35.2405		-44.7932
2691		21.9642		-7.20816
2692		-11.5876		5.56363
2693		-43.188		-12.3819
2694		-52.7272		-51.1877
2695		-31.6401		-90.5997
2696		13.453		-109.91
2697		64.2881		-97.6355
2698		99.6312		-56.4846
2699		104.77		-1.65778
2700		77.4632		46.2191
2701		28.0279		69.8593
2702		-25.8043		61.7202
2703		-66.29		25.593
2704		-81.7685		-26.4848
2705		-69.1182		-79.693
2706		-32.4633		-121.303
2707		20.0762		-143.006
2708		79.2362		-140.639
2709		135.638		-112.862
2710		179.295		-60.6962
2711		199.267		11.2182
2712		185.213		92.4881
2713		131.343		166.086
2714		41.3376		210.736
2715		-68.5671		207.047
2716		-170.993		145.595
2717		-234.26		33.4867
2718		-232.924		-104.176
2719		-158.12		-229.716
2720		-23.2765		-304.088
2721		137.765		-300.046
2722		280.173		-212.288
2723		362.001		-60.5403
2724		357.537		115.77
2725		265.384		269.354
2726		108.647		359.176
2727		-72.4104		362.028
2728		-232.279		278.085
2729		-332.541		129.398
2730		-351.013		-47.272
2731		-285.744		-210.432
2732		-153.792		-323.651
2733		13.8816		-363.017
2734		179.661		-321.3
2735		307.116		-208.727
2736		368.309		-50.6535
2737		349.631		117.508
2738		255.16		257.594
2739		106.51		337.195
2740		-61.4653		337.633
2741		-208.739		259.2
2742		-300.2		121.715
2743		-314.971		-40.313
2744		-251.976		-186.884
2745		-129.819		-283.349
2746		19.0349		-309.452
2747		157.779		-263.75
2748		255.225		-162.28
2749		293.029		-32.5123
2750		268.343		94.8904
2751		191.946		193.572
2752		83.5245		246.223
2753		-33.7121		246.064
2754		-137.371		195.964
2755		-208.69		106.599
2756		-234.35		-5.34961
2757		-208.132		-118.931
2758		-132.692		-211.303
2759		-20.7823		-261.463
2760		105.397		-255.198
2761		217.801		-189.927
2762		289.003		-77.3673
2763		299.922		57.7864
2764		246.108		183.631
2765		139.96		269.83
2766		7.5988		296.485
2767		-118.807		259.849
2768		-210.587		172.764
2769		-250.527		59.7384
2770		-236.508		-51.279
2771		-179.91		-137.231
2772		-100.003		-185.42
2773		-16.9667		-194.631
2774		53.6895		-172.371
2775		103.608		-130.166
2776		130.918		-79.22
2777		137.733		-28.0322
2778		127.615		17.7941
2779		104.238		54.4692
2780		71.4513		78.9998
2781		33.9555		89.1334
2782		-2.47206		84.2439
2783		-31.8283		66.3495
2784		-49.5792		40.2764
2785		-54.2731		12.4888
2786		-48.0552		-11.0432
2787		-35.6285		-26.9036
2788		-22.0836		-35.131
2789		-10.6882		-38.4669
2790		-1.77607		-40.3551
2791		6.71316		-42.7861
2792		17.4018		-45.1471
2793		31.4065		-44.6722
2794		47.1909		-38.1887
2795		60.954		-24.1569
2796		68.305		-3.87711
2797		66.289		18.7557
2798		54.6922		38.7494
2799		36.0276		51.9067
2800		14.3712		56.1273
2801		-6.17274		51.5862
2802		-22.5125		39.9722
2803		-32.7039		23.5097
2804		-35.4523		4.50406
2805		-29.7202		-14.3555
2806		-15.0894		-29.3872
2807		7.07286		-35.8679
2808		32.3627		-29.2068
2809		53.1223		-7.24862
2810		60.0893		27.2954
2811		45.8114		65.7787
2812		8.60117		95.0922
2813		-44.8711		101.769
2814		-100.02		77.4344
2815		-138.337		23.3631
2816		-143.829		-48.1004
2817		-109.522		-116.373
2818		-41.293		-159.098
2819		42.7885		-159.988
2820		117.693		-115.067
2821		159.473		-34.8346
2822		153.2		58.5323
2823		97.9446		137.961
2824		7.13678		179.772
2825		-95.5773		170.625
2826		-183.314		110.991
2827		-233.329		14.418
2828		-232.583		-96.6514
2829		-180.259		-196.836
2830		-87.1401		-263.743
2831		27.3945		-282.531
2832		139.679		-248.522
2833		226.456		-167.808
2834		269.301		-56.0553
2835		258.294		64.2887
2836		194.408		168.183
2837		89.9744		233.102
2838		-33.2727		244.197
2839		-148.624		198.227
2840		-230.523		104.969
2841		-260.897		-14.6737
2842		-233.823		-133.674
2843		-157.004		-225.685
2844		-49.5273		-271.655
2845		63.4338		-264.266
2846		157.236		-208.93
2847		213.669		-121.342
2848		224.5		-22.6484
2849		192.021		66.0142
2850		127.015		128.034
2851		45.2596		153.921
2852		-36.165		141.913
2853		-101.931		97.1131
2854		-140.592		29.8667
2855		-145.941		-46.1501
2856		-117.802		-116.038
2857		-62.2131		-166.049
2858		9.28579		-186.168
2859		81.6063		-172.464
2860		139.271		-128.439
2861		170.177		-64.6064
2862		168.841		3.9693
2863		137.92		61.6927
2864		87.2851		96.7689
2865		30.8068		104.336
2866		-18.0333		87.2369
2867		-50.0851		54.1824
2868		-62.5728		16.1125
2869		-58.5968		-17.7104
2870		-44.5547		-42.2946
2871		-26.8056		-57.2875
2872		-9.14759		-65.262
2873		7.82661		-69.021
2874		25.4168		-69.4107
2875		44.4556		-64.7805
2876		63.3196		-52.3222
2877		77.5084		-30.5142
2878		81.1588		-1.28658
2879		69.8324		29.3793
2880		43.2048		52.9468
2881		6.24671		61.3985
2882		-31.8469		50.5523
2883		-60.6738		22.0862
2884		-72.3516		-16.7157
2885		-64.3553		-55.4661
2886		-40.2489		-84.3802
2887		-8.03769		-97.6056
2888		23.0692		-94.8007
2889		46.0251		-80.4136
2890		57.9998		-61.169
2891		60.3666		-43.0452
2892		56.8806		-29.1675
2893		51.1414		-19.4907
2894		44.702		-12.2077
2895		36.7674		-5.94095
2896		25.5438		-1.41614
2897		10.4114		-1.61947
2898		-6.36585		-10.2687
2899		-19.4707		-29.3416
2900		-22.2095		-56.9612
2901		-9.39709		-86.8363
2902		19.851		-109.761
2903		60.7585		-116.705
2904		103.707		-102.265
2905		137.028		-67.0361
2906		150.719		-17.925
2907		139.661		33.7229
2908		105.196		75.4199
2909		54.6437		97.0149
2910		-0.85754		93.2025
2911		-49.2339		64.4552
2912		-80.1345		16.4626
2913		-86.7657		-41.3652
2914		-66.8262		-97.7045
2915		-22.7951		-141.078
2916		38.1857		-161.572
2917		104.878		-152.654
2918		163.288		-113.052
2919		199.102		-48.221
2920		201.128		29.4111
2921		164.984		102.177
2922		95.7437		151.061
2923		8.17038		160.999
2924		-76.1724		125.963
2925		-134.535		51.9179
2926		-149.71		-43.7814
2927		-115.597		-136.771
2928		-39.5394		-202.608
2929		59.5635		-223.966
2930		156.793		-195.632
2931		228.494		-125.627
2932		258.799		-32.2392
2933		243.304		61.7716
2934		189.011		135.632
2935		111.046		175.539
2936		27.7524		176.878
2937		-44.0277		143.596
2938		-92.1289		85.6589
2939		-110.301		15.9161
2940		-97.9336		-52.5463
2941		-59.0792		-108.17
2942		-1.40752		-142.005
2943		64.7465		-148.554
2944		127.518		-126.629
2945		175.173		-80.0088
2946		198.327		-17.3815
2947		192.221		48.9271
2948		158.254		105.474
2949		103.988		140.898
2950		41.3891		148.777
2951		-16.2385		129.142
2952		-57.6222		88.1055
2953		-76.0668		35.8183
2954		-70.437		-16.4278
2955		-44.5058		-58.9023
2956		-5.21732		-85.1498
2957		39.309		-92.4699
2958		81.356		-81.4691
2959		114.516		-55.2393
2960		134.102		-18.6178
2961		137.419		22.3586
2962		124.102		61.0049
2963		96.4389		90.8117
2964		59.3354		106.607
2965		19.6102		105.772
2966		-15.4061		89.0211
2967		-39.5932		60.2924
2968		-49.4662		25.6871
2969		-44.7537		-8.18758
2970		-27.9626		-35.8169
2971		-3.23093		-53.7274
2972		24.9242		-60.5711
2973		52.4164		-56.5949
2974		75.7744		-43.0346
2975		91.9746		-21.8865
2976		98.4301		3.87519
2977		93.5163		30.0153
2978		77.5494		51.2758
2979		53.6565		62.4983
2980		27.7777		60.4424
2981		7.33676		45.5337
2982		-1.21261		22.5406
2983		4.9587		-0.490837
2984		23.4504		-14.9354
2985		47.0299		-14.9434
2986		66.1306		0.00333405
2987		72.5422		24.5773
2988		62.7337		49.5138
2989		39.3216		65.2148
2990		10.0009		65.5012
2991		-15.5872		49.8764
2992		-29.6292		23.3532
2993		-28.8746		-5.95427
2994		-15.2065		-30.2534
2995		6.00008		-44.8846
2996		28.7265		-49.3149
2997		48.8656		-46.0847
2998		65.269		-38.5226
2999		78.9603		-28.5926
3000		91.1899		-16.0445
3001		101.579		0.760376
3002		107.489		22.9316
3003		105.005		49.2196
3004		91.0296		75.383
3005		65.3524		95.1979
3006		31.5865		102.674
3007		-3.54295		94.4216
3008		-32.237		71.0681
3009		-48.051		37.1391
3010		-47.6704		-0.413366
3011		-31.4291		-34.2585
3012		-2.63416		-58.4089
3013		33.699		-69.0664
3014		71.9889		-64.622
3015		106.705		-45.2831
3016		132.557		-12.8578
3017		144.706		29.0923
3018		139.417		74.9897
3019		115.203		117.407
3020		74.0166		148.099
3021		21.7776		159.877
3022		-32.315		148.767
3023		-77.7445		115.575
3024		-105.338		66.1199
3025		-109.685		9.92896
3026		-90.4348		-42.1729
3027		-52.0939		-80.688
3028		-2.55034		-99.4023
3029		48.9531		-96.185
3030		93.649		-72.7101
3031		124.435		-33.5858
3032		136.454		14.5649
3033		127.409		63.8211
3034		97.9436		105.617
3035		52.0923		131.682
3036		-2.56219		135.505
3037		-55.5547		114.132
3038		-95.3235		69.6801
3039		-111.895		9.7869
3040		-99.6975		-53.5319
3041		-59.485		-106.535
3042		1.43225		-137.179
3043		70.8339		-138.195
3044		134.584		-108.828
3045		179.969		-54.7609
3046		198.356		13.5287
3047		186.567		83.269
3048		146.932		141.905
3049		86.4321		179.085
3050		15.4381		188.004
3051		-53.6992		166.298
3052		-108.233		116.645
3053		-136.97		46.9763
3054		-132.576		-30.0951
3055		-93.7981		-99.0619
3056		-26.819		-144.586
3057		55.1218		-155.294
3058		134.218		-127.197
3059		192.317		-65.4547
3060		215.695		16.3643
3061		198.861		99.5454
3062		146.074		165.072
3063		70.0916		198.52
3064		-11.3794		193.477
3065		-80.2818		152.577
3066		-122.413		86.128
3067		-130.143		9.08567
3068		-103.251		-62.5115
3069		-48.147		-114.699
3070		23.9075		-137.822
3071		99.0046		-127.793
3072		162.898		-86.5354
3073		203.318		-21.7002
3074		212.19		54.4143
3075		187.465		126.882
3076		134.023		181.04
3077		63.1098		205.775
3078		-9.90252		196.353
3079		-69.0707		155.837
3080		-101.808		94.4913
3081		-101.996		27.2027
3082		-71.3214		-30.3163
3083		-18.4812		-65.3745
3084		43.3428		-71.0799
3085		99.836		-47.4092
3086		138.722		-0.57074
3087		152.043		58.8294
3088		137.302		118.153
3089		97.5946		165.114
3090		40.951		189.932
3091		-21.0079		187.17
3092		-75.111		157.073
3093		-109.326		106.056
3094		-115.725		45.8487
3095		-92.9669		-8.93044
3096		-47.2996		-44.4747
3097		8.60341		-51.7975
3098		59.0002		-29.6701
3099		89.7144		14.7292
3100		92.4782		67.914
3101		67.3757		114.321
3102		22.4576		141.16
3103		-29.2743		142.08
3104		-74.2531		118.39
3105		-102.357		77.6048
3106		-109.113		30.2295
3107		-95.602		-13.6939
3108		-66.64		-46.9072
3109		-28.4646		-65.5366
3110		12.8917		-68.351
3111		52.0472		-55.6749
3112		83.8973		-28.8973
3113		103.316		9.11633
3114		105.726		53.206
3115		88.6445		95.6587
3116		53.5235		127.286
3117		6.71239		139.87
3118		-41.3607		129.122
3119		-78.8908		96.776
3120		-96.3786		50.679
3121		-89.7859		2.5872
3122		-61.7928		-35.5431
3123		-20.6194		-55.2529
3124		23.0148		-53.771
3125		59.4108		-33.951
3126		82.4139		-2.28497
3127		90.098		33.8421
3128		83.7599		68.3241
3129		66.1729		97.129
3130		40.2328		117.81
3131		8.65144		128.542
3132		-25.4563		127.648
3133		-57.8873		114.083
3134		-83.4289		88.5842
3135		-97.0439		54.6092
3136		-95.7092		18.1958
3137		-79.9023		-13.5497
3138		-53.779		-34.7654
3139		-23.7454		-42.819
3140		3.96648		-38.9023
3141		25.4995		-26.8808
3142		40.1906		-11.014
3143		49.5979		6.17799
3144		55.3441		24.6694
3145		57.1095		45.8455
3146		52.0785		70.1993
3147		36.3639		95.2126
3148		7.77522		114.841
3149		-31.5547		121.225
3150		-74.2675		108.032
3151		-109.389		73.8806
3152		-125.986		24.0821
3153		-117.317		-30.2994
3154		-83.6177		-75.8315
3155		-32.2774		-101.123
3156		24.6323		-100.394
3157		74.2914		-74.8122
3158		106.819		-31.3194
3159		117.316		20.1799
3160		105.855		69.8055
3161		76.0276		109.635
3162		33.2563		134.196
3163		-16.1982		140.058
3164		-65.32		125.481
3165		-106.14		90.8429
3166		-130.201		39.7528
3167		-130.247		-20.0094
3168		-102.819		-76.8237
3169		-50.6245		-117.451
3170		16.7213		-130.749
3171		84.4276		-111.551
3172		136.476		-63.0016
3173		160.425		3.81478
3174		151.218		73.0088
3175		112.498		128.62
3176		55.0483		159.13
3177		-6.8596		160.136
3178		-59.6199		134.497
3179		-93.4303		90.379
3180		-103.621		38.4013
3181		-90.356		-10.8821
3182		-57.5308		-48.5187
3183		-11.7177		-67.844
3184		38.5237		-64.9258
3185		83.2906		-39.2689
3186		112.555		5.29301
3187		118.281		60.1998
3188		97.0535		113.113
3189		52.129		150.602
3190		-6.30833		162.031
3191		-63.3588		143.297
3192		-103.658		98.7743
3193		-116.205		40.4347
3194		-97.8952		-15.7362
3195		-54.3305		-54.7028
3196		2.32396		-66.7927
3197		57.4281		-49.9417
3198		98.1385		-9.20436
3199		116.253		45.7908
3200		108.934		103.989
3201		77.7409		155.261
3202		27.1363		191.351
3203		-36.4426		205.832
3204		-104.609		194.067
3205		-166.75		154.048
3206		-210.541		88.1246
3207		-224.082		4.68758
3208		-199.472		-81.6028
3209		-136.568		-152.08
3210		-45.1042		-188.717
3211		56.3025		-179.754
3212		144.466		-124.134
3213		198.028		-32.8214
3214		203.67		73.7469
3215		159.871		171.248
3216		76.9718		238.068
3217		-26.213		260.609
3218		-127.696		235.756
3219		-207.54		170.264
3220		-251.511		78.0053
3221		-252.68		-23.4823
3222		-211.473		-116.044
3223		-135.024		-183.225
3224		-36.3412		-212.224
3225		66.8669		-195.966
3226		154.345		-135.233
3227		206.878		-40.0717
3228		210.957		70.7257
3229		163.201		172.899
3230		72.6657		242.485
3231		-40.4219		262.5
3232		-149.679		228.164
3233		-229.918		148.545
3234		-264.271		43.7757
3235		-248.497		-61.2014
3236		-190.984		-144.012
3237		-108.791		-190.602
3238		-21.5955		-197.494
3239		53.8934		-170.322
3240		107.124		-119.99
3241		133.962		-58.5774
3242		134.957		3.30406
3243		113.278		57.1559
3244		73.6821		96.0395
3245		22.7783		114.206
3246		-30.323		107.931
3247		-74.3417		77.4754
3248		-98.0281		28.9361
3249		-93.8685		-25.6161
3250		-61.7173		-70.7227
3251		-10.3208		-92.4222
3252		44.6084		-83.5901
3253		85.5445		-47.285
3254		99.6379		3.73554
3255		83.7875		51.5143
3256		45.9656		79.7289
3257		2.06431		80.0016
3258		-30.4674		54.9813
3259		-39.4845		16.9041
3260		-22.6092		-17.6455
3261		12.4574		-34.4165
3262		51.6339		-26.7606
3263		80.313		2.55412
3264		88.7655		43.3558
3265		74.9807		82.6112
3266		44.2016		109.301
3267		5.94321		117.652
3268		-29.8069		107.82
3269		-55.5287		84.4121
3270		-67.391		54.0878
3271		-64.9272		23.4916
3272		-50.0206		-1.81669
3273		-26.0647		-17.5987
3274		2.36876		-20.9808
3275		29.6616		-10.8423
3276		49.6824		11.4482
3277		57.0811		41.5067
3278		49.0804		72.3393
3279		26.9377		96.0116
3280		-3.85176		106.179
3281		-35.0539		100.435
3282		-58.4851		81.335
3283		-68.9474		55.448
3284		-65.9791		30.7666
3285		-53.6055		13.5967
3286		-38.2266		6.35074
3287		-25.6937		7.20666
3288		-18.9782		11.6565
3289		-17.4718		15.0342
3290		-18.0578		14.694
3291		-17.1802		10.8095
3292		-12.6854		5.60387
3293		-4.48151		1.7007
3294		6.15076		0.722466
3295		17.9118		2.99464
3296		30.4189		8.43314
3297		43.9369		17.8482
3298		57.9495		33.5289
3299		69.4924		58.3205
3300		72.5583		93.3241
3301		59.4943		135.332
3302		24.2864		175.584
3303		-33.5204		201.062
3304		-106.169		198.42
3305		-177.946		159.326
3306		-228.885		85.0703
3307		-240.935		-11.682
3308		-204.447		-109.108
3309		-122.499		-181.999
3310		-11.2858		-209.215
3311		103.718		-180.264
3312		194.591		-98.7718
3313		238.536		18.2313
3314		223.809		144.793
3315		152.396		252.697
3316		39.0162		318.233
3317		-92.8084		327.289
3318		-216.239		277.824
3319		-306.7		179.61
3320		-346.47		51.8069
3321		-327.729		-80.8739
3322		-253.854		-192.699
3323		-138.941		-261.577
3324		-5.55835		-273.304
3325		119.175		-224.761
3326		208.814		-125.302
3327		243.289		4.30333
3328		213.859		135.631
3329		125.957		238.584
3330		-1.1425		288.399
3331		-138.146		271.925
3332		-252.378		191.428
3333		-315.678		64.6806
3334		-311.509		-78.9012
3335		-239.341		-205.239
3336		-115.064		-283.919
3337		32.7533		-295.714
3338		169.813		-237.333
3339		264.472		-122.168
3340		295.381		23.1094
3341		256.471		165.192
3342		158.063		272.269
3343		23.9347		321.571
3344		-114.792		304.44
3345		-227.291		227.784
3346		-290.241		111.702
3347		-292.826		-15.9172
3348		-238.474		-126.3
3349		-143.112		-196.418
3350		-30.6822		-213.783
3351		72.8129		-178.445
3352		145.202		-102.006
3353		172.673		-4.20198
3354		152.106		91.9733
3355		90.9485		165.401
3356		4.91032		201.182
3357		-85.8828		193.381
3358		-161.411		145.767
3359		-206.029		70.4781
3360		-211.618		-15.0279
3361		-178.969		-92.0725
3362		-117.108		-144.963
3363		-40.7482		-164.312
3364		33.4531		-148.674
3365		90.8142		-104.139
3366		121.671		-42.1417
3367		122.803		23.7343
3368		97.0737		80.9299
3369		51.7389		120.165
3370		-3.75422		136.372
3371		-59.6609		128.479
3372		-107.095		98.6602
3373		-138.553		51.6582
3374		-148.289		-5.51488
3375		-133.042		-63.7431
3376		-93.1995		-112.412
3377		-33.9227		-140.97
3378		34.6056		-141.458
3379		98.5769		-111.297
3380		143.705		-55.1472
3381		159.352		15.319
3382		142.131		84.1658
3383		97.4156		135.806
3384		37.8475		159.869
3385		-20.8208		154.382
3386		-65.0196		125.88
3387		-87.6503		86.3494
3388		-89.5906		48.2687
3389		-77.8496		19.9369
3390		-61.3277		3.12163
3391		-46.2492		-6.00133
3392		-33.4708		-13.229
3393		-18.9508		-21.9397
3394		2.90508		-30.2225
3395		34.7521		-31.0837
3396		73.0213		-15.766
3397		107.662		21.3475
3398		125.3		78.627
3399		114.555		145.974
3400		71.1704		207.277
3401		0.662674		245.658
3402		-82.7442		249.358
3403		-160.484		215.847
3404		-215.508		152.575
3405		-237.323		74.2528
3406		-224.389		-2.01567
3407		-183.352		-61.7103
3408		-125.897		-96.1988
3409		-64.8179		-103.558
3410		-10.8683		-87.2735
3411		28.7789		-53.9408
3412		50.5643		-11.1604
3413		53.8183		33.7202
3414		40.0805		74.0927
3415		12.821		104.346
3416		-22.6613		120.402
3417		-59.6919		120.589
3418		-91.3913		106.385
3419		-112.399		82.3755
3420		-120.46		55.0718
3421		-117.029		30.8269
3422		-106.433		13.7272
3423		-93.845		4.46387
3424		-83.0135		0.785995
3425		-74.8925		-0.672981
3426		-67.8937		-2.16685
3427		-59.6137		-3.44381
3428		-49.0513		-2.01208
3429		-37.9933		5.02431
3430		-30.6441		18.5714
3431		-31.5288		36.0106
3432		-42.7058		51.584
3433		-61.8387		58.7593
3434		-82.3591		53.5327
3435		-95.9444		36.9878
3436		-96.3125		15.6534
3437		-82.5537		-0.79525
3438		-60.3031		-3.63803
3439		-39.9967		10.7883
3440		-32.8119		38.8897
3441		-45.9986		70.6042
3442		-79.6106		92.9246
3443		-126.021		94.6918
3444		-172.357		70.6864
3445		-204.753		23.459
3446		-212.67		-37.5917
3447		-191.722		-99.2062
3448		-144.313		-147.932
3449		-78.4054		-173.125
3450		-5.3935		-168.608
3451		61.9592		-133.114
3452		111.081		-70.1749
3453		130.886		12.0023
3454		113.354		100.655
3455		55.6774		179.155
3456		-37.3969		229.057
3457		-152.117		233.828
3458		-266.442		183.705
3459		-353.665		80.1949
3460		-388.607		-61.6664
3461		-354.795		-214.711
3462		-250.355		-344.979
3463		-90.4569		-419.816
3464		94.7997		-416.471
3465		266.758		-328.644
3466		387.126		-169.016
3467		427.041		32.9081
3468		373.958		237.03
3469		234.778		401.278
3470		34.7162		490.598
3471		-187.651		484.403
3472		-388.037		381.115
3473		-525.352		198.999
3474		-570.243		-26.9358
3475		-511.657		-251.578
3476		-359.941		-428.884
3477		-145.443		-521.855
3478		87.5442		-511.081
3479		290.486		-399.608
3480		421.766		-212.527
3481		456.401		8.93869
3482		391.592		217.449
3483		246.528		370.938
3484		56.5951		442.164
3485		-136.105		423.85
3486		-293.008		328.346
3487		-387.201		182.552
3488		-407.562		20.1799
3489		-358.617		-126.125
3490		-257.161		-230.826
3491		-127.328		-278.852
3492		4.39396		-266.491
3493		113.417		-200.61
3494		180.491		-96.8851
3495		194.506		22.7517
3496		154.569		133.61
3497		70.7795		212.768
3498		-37.149		244.112
3499		-143.881		222.613
3500		-224.606		156.227
3501		-261.768		64.2158
3502		-250.113		-28.1389
3503		-198.098		-96.9843
3504		-124.877		-127.001
3505		-53.8028		-115.596
3506		-4.79634		-72.6728
3507		11.6026		-16.1789
3508		-3.57529		34.6653
3509		-39.7806		65.782
3510		-81.9975		71.9539
3511		-116.5		56.8468
3512		-135.047		29.9504
3513		-136.273		2.19418
3514		-124.393		-17.8184
3515		-106.466		-25.7271
3516		-89.6915		-21.3827
3517		-79.7122		-7.662
3518		-80.0398		10.8518
3519		-92.0172		28.7333
3520		-114.693		40.2487
3521		-144.452		40.1135
3522		-174.896		24.8899
3523		-197.726		-5.21311
3524		-205.04		-45.0654
3525		-192.525		-85.0065
3526		-162.22		-113.485
3527		-123.21		-121.395
3528		-89.2811		-106.436
3529		-73.9299		-75.3675
3530		-84.535		-42.6515
3531		-118.245		-25.4798
3532		-161.688		-36.8873
3533		-195.098		-79.7547
3534		-199.528		-144.351
3535		-164.371		-210.707
3536		-92.186		-255.102
3537		1.13522		-258.263
3538		90.9172		-212.187
3539		151.21		-123.189
3540		162.528		-10.3576
3541		117.318		99.6873
3542		21.8133		179.693
3543		-105.631		208.221
3544		-238.638		174.211
3545		-348.012		79.2401
3546		-407.118		-62.3183
3547		-396.993		-224.942
3548		-310.929		-375.434
3549		-157.87		-478.446
3550		36.5583		-503.92
3551		232.798		-435.357
3552		384.61		-276.726
3553		450.064		-55.2649
3554		403.678		181.986
3555		245.894		378.256
3556		6.18615		481.605
3557		-262.177		459.84
3558		-494.952		310.923
3559		-633.794		65.2233
3560		-642.074		-221.487
3561		-514.807		-482.26
3562		-279.817		-656.102
3563		9.7773		-702.97
3564		289.11		-612.675
3565		497.008		-405.955
3566		589.338		-128.397
3567		547.531		160.444
3568		381.259		399.803
3569		125.626		539.775
3570		-166.071		550.893
3571		-432.699		429.992
3572		-617.362		201.473
3573		-679.409		-86.6777
3574		-604.092		-372.159
3575		-407.291		-591.783
3576		-133.27		-696.419
3577		155.054		-663.631
3578		391.479		-504.076
3579		523.569		-259.116
3580		526.283		10.2395
3581		407.86		240.019
3582		206.026		380.451
3583		-24.1057		408.244
3584		-226.256		330.359
3585		-357.945		178.754
3586		-399.684		-1.29604
3587		-356.342		-164.822
3588		-251.633		-278.233
3589		-118.8		-325.059
3590		8.82111		-306.025
3591		104.687		-235.145
3592		152.488		-134.308
3593		146.877		-28.2771
3594		92.8086		59.2371
3595		4.35983		108.852
3596		-97.0869		108.76
3597		-186.099		57.8842
3598		-238.444		-32.1929
3599		-237.764		-138.178
3600		-181.683		-230.02
3601		-84.6391		-279.38
3602		24.6701		-269.202
3603		111.443		-200.779
3604		146.258		-95.036
3605		115.8		13.309
3606		28.5106		87.1547
3607		-87.4474		99.9941
3608		-193.546		45.5143
3609		-254.217		-59.9796
3610		-249.122		-183.317
3611		-179.743		-286.148
3612		-68.0081		-338.033
3613		52.1342		-326.017
3614		146.641		-257.468
3615		192.149		-155.74
3616		181.904		-51.0712
3617		125.429		29.445
3618		43.0989		69.1558
3619		-41.512		64.4853
3620		-108.427		23.1201
3621		-145.231		-40.4128
3622		-147.915		-109.504
3623		-119.626		-168.994
3624		-68.7754		-207.143
3625		-7.39285		-216.699
3626		50.3404		-195.857
3627		90.0713		-149.302
3628		100.33		-88.6451
3629		76.347		-31.0783
3630		23.2499		4.50415
3631		-43.2348		3.46834
3632		-99.9496		-38.3691
3633		-123.213		-110.974
3634		-97.5139		-190.992
3635		-22.7772		-247.968
3636		82.9794		-254.306
3637		187.315		-195.639
3638		252.7		-77.6941
3639		248.574		73.2069
3640		161.981		216.569
3641		3.05276		309.119
3642		-196.524		317.424
3643		-391.459		227.7
3644		-534.506		49.9527
3645		-588.21		-184.289
3646		-533.604		-429.388
3647		-374.146		-635.641
3648		-134.836		-759.379
3649		142.493		-771.261
3650		406.356		-661.912
3651		604.254		-444.62
3652		692.046		-154.881
3653		643.262		153.705
3654		456.924		417.648
3655		161.723		575.67
3656		-185.79		583.03
3657		-510.41		424.778
3658		-734.236		123.767
3659		-796.133		-260.254
3660		-669.441		-641.916
3661		-372.227		-930.077
3662		33.9901		-1051.25
3663		457.753		-969.871
3664		800.188		-699.142
3665		980.291		-298.861
3666		955.702		139.333
3667		733.128		515.069
3668		365.823		744.077
3669		-60.5923		778.035
3670		-449.545		614.588
3671		-716.246		295.853
3672		-806.222		-103.214
3673		-705.87		-492.954
3674		-443.519		-789.15
3675		-81.6485		-930.899
3676		297.649		-892.895
3677		610.864		-690.004
3678		791.381		-373.335
3679		804.215		-18.4316
3680		653.839		292.233
3681		382.903		488.749
3682		61.5954		530.594
3683		-230.134		416.279
3684		-423.004		182.872
3685		-475.847		-104.76
3686		-385.051		-372.004
3687		-183.353		-554.521
3688		71.2854		-614.298
3689		312.864		-547.248
3690		485.047		-380.879
3691		554.213		-163.798
3692		514.814		48.8076
3693		386.873		209.04
3694		207.904		286.003
3695		22.5224		269.967
3696		-127.329		171.571
3697		-209.959		17.6612
3698		-208.928		-154.726
3699		-125.613		-305.388
3700		20.7474		-398.619
3701		196.119		-410.917
3702		358.348		-337.321
3703		467.02		-194.23
3704		494.462		-16.7233
3705		434.463		150.128
3706		305.174		264.123
3707		144.221		298.934
3708		-3.04373		252.449
3709		-98.2691		146.966
3710		-122.35		20.8106
3711		-80.474		-85.5188
3712		1.87063		-143.237
3713		89.9669		-143.784
3714		153.181		-98.9844
3715		175.003		-33.6063
3716		156.18		25.7497
3717		110.736		60.326
3718		57.8445		63.6914
3719		13.9718		40.2724
3720		-11.2832		0.182983
3721		-14.8424		-45.9855
3722		2.79626		-89.5729
3723		39.9696		-123.034
3724		93.5192		-137.945
3725		155.957		-124.822
3726		212.746		-76.5432
3727		243.07		5.57037
3728		225.855		106.51
3729		149.646		197.396
3730		21.9003		242.683
3731		-127.721		213.351
3732		-253.517		100.966
3733		-308.596		-74.088
3734		-263.152		-265.163
3735		-118.505		-413.229
3736		89.7043		-467.425
3737		301.452		-404.227
3738		452.089		-237.343
3739		494.356		-14.152
3740		414.131		199.879
3741		234.234		342.549
3742		5.67389		373.864
3743		-209.273		286.119
3744		-355.238		102.922
3745		-397.015		-130.46
3746		-324.975		-360.396
3747		-153.458		-536.896
3748		84.7131		-621.791
3749		344.574		-593.352
3750		575.051		-449.112
3751		725.598		-208.074
3752		754.923		88.5163
3753		641.823		380.436
3754		395.434		598.244
3755		60.1472		679.619
3756		-289.352		588.572
3757		-564.353		330.856
3758		-686.36		-41.4006
3759		-611.715		-439.693
3760		-347.605		-762.153
3761		47.0526		-922.566
3762		476.955		-875.589
3763		836.952		-629.59
3764		1040.77		-243.218
3765		1042.65		192.149
3766		846.052		577.246
3767		498.756		828.813
3768		78.2988		896.216
3769		-326.421		768.456
3770		-632.37		472.785
3771		-776.029		67.8898
3772		-723.342		-366.017
3773		-476.482		-739.492
3774		-76.8254		-968.889
3775		398.083		-993.701
3776		846.13		-793.397
3777		1161.37		-398.512
3778		1260.61		109.816
3779		1108.45		615.172
3780		732.029		994.193
3781		218.379		1150.46
3782		-306.734		1043.08
3783		-712.976		699.887
3784		-901.8		210.1
3785		-833.109		-301.282
3786		-533.858		-708.759
3787		-86.9161		-919.592
3788		394.667		-895.061
3789		798.585		-654.862
3790		1039.82		-266.013
3791		1076.54		177.862
3792		913.701		579.604
3793		596.759		858.296
3794		199.191		962.997
3795		-192.841		880.084
3796		-496.787		634.648
3797		-649.741		285.873
3798		-622.312		-84.1301
3799		-427.113		-387.819
3800		-118.097		-553.523
3801		221.513		-545.214
3802		501.269		-373.989
3803		649.67		-95.8985
3804		635.747		204.821
3805		477.863		442.347
3806		235.869		556.456
3807		-10.8017		530.243
3808		-190.739		391.874
3809		-263.226		200.331
3810		-227.699		21.6688
3811		-117.615		-94.2306
3812		17.0121		-127.473
3813		129.866		-88.5502
3814		192.865		-7.58761
3815		200.359		80.8462
3816		163.882		149.983
3817		102.558		185.827
3818		35.0884		185.238
3819		-23.3231		151.162
3820		-59.8051		89.5989
3821		-62.1496		10.4165
3822		-20.4048		-69.6838
3823		67.3454		-126.258
3824		188.013		-131.945
3825		310.716		-67.2236
3826		392.544		67.1533
3827		393.092		242.95
3828		292.678		408.26
3829		105.832		503.409
3830		-117.608		483.816
3831		-306.507		340.317
3832		-393.301		107.398
3833		-339.952		-145.527
3834		-154.019		-337.297
3835		112.231		-403.632
3836		379.505		-319.672
3837		568.623		-107.642
3838		626.169		172.551
3839		539.069		444.801
3840		334.071		640.952
3841		64.7728		718.453
3842		-206.563		666.661
3843		-424.701		502.732
3844		-550.193		262.157
3845		-561.517		-10.3391
3846		-454.236		-266.591
3847		-240.985		-458.425
3848		46.7089		-542.173
3849		357.418		-487.015
3850		624.14		-286.477
3851		776.989		31.6173
3852		762.88		403.342
3853		565.892		739.632
3854		219.394		949.392
3855		-197.182		967.934
3856		-578.365		780.187
3857		-823.7		428.919
3858		-868.851		3.69472
3859		-705.227		-386.01
3860		-381.032		-643.749
3861		15.8488		-713.152
3862		385.75		-590.169
3863		645.174		-318.116
3864		745.522		30.0166
3865		678.555		373.623
3866		470.5		642.856
3867		170.495		789.152
3868		-160.835		788.544
3869		-459.896		641.382
3870		-666.712		371.851
3871		-732.514		27.7886
3872		-630.124		-321.944
3873		-365.451		-596.415
3874		15.1335		-719.67
3875		427.742		-642.984
3876		767.643		-364.924
3877		937.274		59.8744
3878		877.216		529.517
3879		588.683		921.093
3880		137.919		1126.79
3881		-360.772		1087.51
3882		-778.366		811.664
3883		-1009.35		372.37
3884		-1001.55		-115.747
3885		-767.859		-531.258
3886		-377.429		-779.73
3887		68.4841		-815.775
3888		466.081		-648.175
3889		733.97		-329.739
3890		827.292		61.5574
3891		740.24		442.422
3892		500.446		739.725
3893		159.973		900.156
3894		-213.921		895.639
3895		-547.902		726.752
3896		-773.021		424.614
3897		-837.542		49.3575
3898		-720.594		-317.844
3899		-442.229		-590.721
3900		-64.3333		-699.671
3901		321.18		-613.167
3902		615.823		-350.711
3903		743.203		19.1396
3904		673.096		397.083
3905		431.707		682.672
3906		93.4998		805.214
3907		-243.046		744.901
3908		-487.163		536.569
3909		-583.559		255.144
3910		-526.587		-11.272
3911		-356.741		-190.359
3912		-142.297		-246.262
3913		45.9115		-185.731
3914		156.965		-49.478
3915		172.345		106.046
3916		105.955		228.691
3917		-5.89197		285.517
3918		-119.133		268.965
3919		-195.681		194.547
3920		-212.611		93.0529
3921		-165.882		0.840927
3922		-69.606		-49.1937
3923		47.7056		-34.95
3924		149.082		49.4282
3925		197.085		190.38
3926		163.544		355.254
3927		39.4713		497.718
3928		-157.938		568.84
3929		-384.956		532.169
3930		-580.069		378.43
3931		-681.13		134.005
3932		-646.297		-141.666
3933		-471.425		-371.118
3934		-196.528		-482.722
3935		102.757		-435.546
3936		337.293		-235.929
3937		433.187		61.2074
3938		357.029		367.904
3939		128.288		590.758
3940		-185.977		661.027
3941		-492.369		556.645
3942		-700.816		308.574
3943		-752.249		-10.1903
3944		-635.135		-308.394
3945		-386.21		-504.376
3946		-76.6646		-548.706
3947		210.29		-435.157
3948		402.531		-198.322
3949		456.053		99.2866
3950		362.404		385.181
3951		146.664		594.257
3952		-141.344		681.714
3953		-439.17		630.059
3954		-684.382		450.527
3955		-826.075		179.878
3956		-834.275		-126.624
3957		-706.231		-405.499
3958		-468.193		-597.736
3959		-171.281		-661.911
3960		118.914		-584.718
3961		337.416		-385.491
3962		436.023		-112.484
3963		395.75		168.954
3964		231.464		393.253
3965		-12.9981		511.446
3966		-277.639		502.713
3967		-502.706		377.275
3968		-643.292		170.477
3969		-677.891		-69.0219
3970		-609.326		-292.351
3971		-459.48		-460.62
3972		-261.11		-550.015
3973		-50.1918		-552.158
3974		139.283		-471.855
3975		278.154		-324.586
3976		344.105		-134.851
3977		324.362		65.2103
3978		219.358		238.591
3979		45.8884		348.986
3980		-162.677		368.968
3981		-361.111		288.601
3982		-502.091		121.077
3983		-548.701		-97.6732
3984		-485.625		-316.516
3985		-324.879		-482.118
3986		-103.661		-553.458
3987		125.337		-513.11
3988		308.06		-371.66
3989		403.139		-164.098
3990		391.65		60.1912
3991		280.198		250.345
3992		97.3507		365.913
3993		-114.591		384.837
3994		-309.641		306.35
3995		-447.458		149.268
3996		-500.41		-52.9664
3997		-457.8		-259.032
3998		-327.285		-427.19
3999		-133.527		-522.691
4000		85.9052		-524.369
4001		287.256		-429.339
4002		429.21		-254.55
4003		481.872		-34.1698
4004		433.905		187.247
4005		295.695		364.615
4006		97.2336		462.782
4007		-119.008		464.736
4008		-308.409		375.152
4009		-434.805		218.301
4010		-478.414		31.0138
4011		-438.97		-147.054
4012		-333.545		-282.942
4013		-190.179		-357.032
4014		-39.5812		-365.256
4015		92.4177		-316.793
4016		189.515		-228.625
4017		245.668		-119.167
4018		262.331		-3.33093
4019		243.861		109.332
4020		193.404		213.083
4021		111.334		302.176
4022		-2.78674		367.031
4023		-145.435		392.938
4024		-303.836		362.916
4025		-453.283		264.573
4026		-559.645		98.6466
4027		-587.743		-114.566
4028		-513.61		-334.711
4029		-336.331		-508.824
4030		-84.3232		-585.668
4031		187.72		-532.67
4032		411.746		-349.329
4033		525.707		-71.4889
4034		492.96		236.143
4035		314.708		497.484
4036		30.7745		646.891
4037		-291.761		647.808
4038		-577.977		501.967
4039		-765.681		246.56
4040		-820.269		-58.6503
4041		-739.815		-348.822
4042		-550.432		-569.799
4043		-295.533		-687.631
4044		-23.9815		-690.708
4045		218.886		-586.576
4046		396.106		-396.921
4047		481.107		-153.467
4048		459.292		104.69
4049		330.717		333.851
4050		113.183		490.745
4051		-156.74		540.676
4052		-427.595		467.148
4053		-642.853		279.275
4054		-754.753		13.0051
4055		-737.701		-275.861
4056		-596.116		-525.503
4057		-363.43		-684.308
4058		-92.4346		-723.826
4059		159.378		-644.155
4060		344.088		-470.692
4061		432.655		-244.674
4062		417.407		-11.8979
4063		309.027		186.33
4064		131.193		318.213
4065		-84.2029		363.269
4066		-300.307		313.186
4067		-478.207		173.417
4068		-581.591		-34.7776
4069		-584.12		-274.165
4070		-478.016		-496.019
4071		-280.167		-650.281
4072		-31.6425		-699.307
4073		211.27		-630.312
4074		392.635		-460.971
4075		473.614		-234.906
4076		443.739		-8.02512
4077		322.074		169.073
4078		147.968		265.542
4079		-34.1515		275.942
4080		-189.061		215.74
4081		-298.113		110.086
4082		-357.65		-17.7582
4083		-371.182		-152.553
4084		-341.131		-285.536
4085		-265.61		-407.675
4086		-142.315		-503.263
4087		23.0594		-549.205
4088		209.604		-521.91
4089		380.751		-409.023
4090		492.746		-219.862
4091		509.295		11.5972
4092		415.957		233.946
4093		227.546		393.513
4094		-15.0865		451.253
4095		-257.518		394.311

 
--------------------------------------


