Compute Correlation 
 
0		-574.38		-37.5653
1		-513.251		-224.605
2		-400.274		-349.787
3		-274.659		-415.492
4		-156.822		-441.025
5		-46.421		-443.764
6		66.2838		-426.055
7		184.047		-375.062
8		291.939		-274.871
9		359.332		-122.964
10		353.946		59.3945
11		260.2		229.868
12		91.3332		340.418
13		-111.992		357.631
14		-296.539		277.36
15		-417.383		125.963
16		-454.134		-52.3109
17		-414.518		-214.784
18		-324.389		-336.161
19		-210.792		-412.596
20		-88.3678		-452.939
21		42.8969		-463.622
22		187.548		-437.515
23		338.916		-354.808
24		468.538		-196.845
25		529.348		34.3648
26		473.8		302.7
27		279.273		540.366
28		-32.179		668.316
29		-391.28		627.243
30		-700.107		405.316
31		-865.531		49.2515
32		-833.691		-347.628
33		-610.677		-676.231
34		-260.644		-848.761
35		117.32		-826.826
36		423.131		-630.041
37		586.275		-323.721
38		581.872		6.74804
39		428.941		282.81
40		175.765		450.668
41		-118.287		486.37
42		-396.249		391.233
43		-609.422		184.548
44		-718.504		-100.692
45		-695.583		-418.135
46		-530.653		-708.582
47		-241.162		-906.42
48		121.732		-954.716
49		477.584		-825.623
50		735.13		-537.29
51		820.824		-157.305
52		706.777		212.733
53		425.435		468.468
54		62.6658		538.651
55		-269.999		410.946
56		-473.732		136.375
57		-496.007		-189.923
58		-345.933		-463.673
59		-85.8997		-607.583
60		195.479		-594.172
61		416.546		-447.57
62		527.916		-226.322
63		521.086		2.83005
64		420.153		187.772
65		264.081		301.764
66		89.8351		340.818
67		-76.0501		313.297
68		-216.215		230.076
69		-316.241		101.28
70		-360.453		-59.9628
71		-334.383		-231.572
72		-233.209		-380.903
73		-70.6239		-471.312
74		118.727		-475.292
75		287.012		-387.735
76		389.23		-231.695
77		400.373		-52.273
78		325.281		99.6377
79		195.93		186.525
80		57.153		197.312
81		-52.3106		148.183
82		-114.28		71.2871
83		-134.396		-2.50528
84		-133.434		-57.8268
85		-132.064		-99.0468
86		-137.575		-143.102
87		-139.567		-205.589
88		-116.502		-288.099
89		-49.1091		-373.747
90		66.8036		-433.124
91		214.919		-437.325
92		362.912		-371.207
93		474.191		-240.387
94		520.811		-69.2389
95		491.607		108.087
96		392.89		258.436
97		243.291		357.154
98		67.0292		390.192
99		-110.44		352.374
100		-263.256		245.527
101		-364.647		79.3607
102		-388.785		-125.047
103		-317.272		-332.529
104		-148.927		-496.348
105		91.9761		-568.341
106		354.887		-514.76
107		572.974		-331.68
108		682.259		-52.4474
109		643.191		257.853
110		455.806		520.415
111		161.67		666.931
112		-168.671		660.62
113		-457.74		505.963
114		-643.826		244.103
115		-695.813		-62.9102
116		-615.927		-351.51
117		-431.991		-571.782
118		-184.988		-694.027
119		81.5504		-707.431
120		326.801		-615.359
121		513.447		-432.244
122		608.106		-184.23
123		585.445		88.4478
124		436.812		332.112
125		179.876		487.432
126		-136.934		504.673
127		-440.501		361.711
128		-650.464		76.9832
129		-703.156		-289.76
130		-573.122		-651.38
131		-283.333		-918.049
132		100.513		-1023.85
133		489.596		-945.431
134		797.939		-706.25
135		965.073		-366.213
136		968.188		-2.08908
137		821.709		313.09
138		567.554		524.923
139		261.983		604.161
140		-35.8295		546.536
141		-271.631		369.708
142		-401.723		110.177
143		-398.876		-179.821
144		-259.381		-437.896
145		-8.93488		-602.097
146		297.214		-626.294
147		583.747		-496.072
148		774.438		-238.165
149		815.759		82.7703
150		695.963		381.601
151		450.95		579.496
152		153.008		630.063
153		-114.134		534.127
154		-284.188		336.767
155		-329.287		107.911
156		-264.707		-84.9556
157		-136.384		-200.058
158		1.88754		-231.056
159		110.437		-200.519
160		175.029		-142.326
161		203.74		-83.0309
162		213.296		-31.7724
163		213.885		17.1186
164		201.574		71.9772
165		162.491		130.554
166		85.86		174.479
167		-22.3942		175.615
168		-134.405		111.457
169		-207.958		-18.9003
170		-204.236		-187.634
171		-107.086		-345.075
172		66.3386		-438.469
173		269.713		-434.012
174		445.29		-331.433
175		547.101		-163.799
176		558.54		17.4866
177		496.025		165.163
178		397.385		255.036
179		301.301		292.292
180		228.492		302.691
181		174.185		313.886
182		115.389		337.132
183		28.7053		359.245
184		-91.1053		349.255
185		-222.027		276.464
186		-320.555		130.584
187		-340.14		-66.6018
188		-253.638		-264.572
189		-68.9417		-401.573
190		169.859		-428.62
191		396.614		-329.274
192		546.329		-126.6
193		577.418		125.23
194		483.952		360.29
195		293.987		522.465
196		56.467		580.481
197		-176.24		531.722
198		-362.427		395.836
199		-477.13		203.501
200		-510.476		-13.2975
201		-462.43		-225.614
202		-339.03		-406.877
203		-152.901		-530.955
204		73.0574		-573.334
205		302.973		-517.368
206		490.849		-363.606
207		590.773		-137.041
208		571.959		113.183
209		432.538		324.191
210		205.246		437.679
211		-49.0176		419.565
212		-258.695		272.96
213		-364.058		38.6923
214		-336.123		-217.372
215		-184.775		-425.455
216		46.6096		-533.284
217		297.17		-519.892
218		508.278		-397.542
219		639.288		-202.736
220		674.325		18.4315
221		619.659		223.893
222		495.391		383.344
223		326.823		479.088
224		139.619		502.725
225		-40.4787		452.062
226		-186.012		331.445
227		-268.254		155.554
228		-262.499		-46.554
229		-157.57		-231.684
230		34.5703		-350.091
231		274.783		-359.74
232		502.533		-242.471
233		651.64		-15.093
234		671.353		270.576
235		544.874		540.589
236		297.598		721.107
237		-9.03778		762.134
238		-296.486		653.772
239		-494.006		428.738
240		-560.301		150.292
241		-494.044		-109.525
242		-330.109		-292.864
243		-124.029		-371.783
244		68.3956		-351.756
245		208.247		-263.261
246		281.527		-146.373
247		296.64		-35.3967
248		274.351		50.5382
249		235.829		108.441
250		194.171		145.502
251		152.302		170.442
252		106.721		186.789
253		54.0113		190.918
254		-3.69428		174.975
255		-56.9253		132.436
256		-91.2292		63.2681
257		-92.1761		-23.69
258		-50.6545		-111.82
259		33.5087		-180.47
260		150.44		-209.788
261		281.4		-185.257
262		401.575		-101.243
263		483.981		36.6187
264		504.335		210.405
265		446.746		390.828
266		309.457		540.994
267		108.972		623.458
268		-119.615		609.825
269		-327.782		490.567
270		-464.244		281.626
271		-488.891		24.5907
272		-385.855		-221.048
273		-171.138		-392.306
274		108.488		-439.866
275		385.745		-342.725
276		589.632		-115.584
277		663.84		193.456
278		581.45		514.209
279		351.947		771.363
280		19.0645		902.338
281		-349.36		871.565
282		-676.577		678.166
283		-893.48		355.93
284		-953.157		-33.8624
285		-840.806		-415.103
286		-577.229		-712.637
287		-215.049		-868.29
288		172.133		-853.915
289		505.895		-678.272
290		721.115		-385.407
291		781.497		-44.1288
292		687.978		269.253
293		477.152		490.285
294		209.882		582.084
295		-46.3941		542.561
296		-235.881		401.164
297		-327.318		206.863
298		-317.899		12.2094
299		-228.188		-140.753
300		-91.4077		-228.307
301		57.9246		-245.402
302		191.783		-200.543
303		291.201		-109.138
304		344.93		11.2353
305		347.19		142.304
306		297.142		264.585
307		200.709		357.552
308		72.9446		402.553
309		-61.9548		388.386
310		-175.031		317.015
311		-240.845		205.806
312		-246.471		83.8678
313		-196.83		-17.0893
314		-113.195		-73.8348
315		-24.8916		-79.6013
316		42.2657		-45.0659
317		75.3868		8.23492
318		77.2553		58.7672
319		61.2844		94.5706
320		41.6609		116.626
321		24.2692		134.456
322		3.58679		156.685
323		-32.5521		182.222
324		-92.9254		197.531
325		-173.42		182.219
326		-253.948		120.453
327		-304.443		12.2026
328		-297.686		-122.131
329		-222.796		-246.965
330		-92.3908		-324.882
331		60.5964		-331.929
332		195.344		-267.481
333		278.964		-153.887
334		298.182		-26.2531
335		261.554		82.3328
336		191.882		152.72
337		113.552		183.195
338		41.9044		183.782
339		-19.798		165.639
340		-74.9051		132.423
341		-123.587		79.0556
342		-155.573		-1.23286
343		-150.943		-105.968
344		-89.7838		-215.795
345		33.9558		-296.098
346		202.263		-308.949
347		373.3		-230.568
348		493.908		-65.7493
349		519.811		148.661
350		434.571		354.25
351		258.266		491.792
352		41.399		523.405
353		-153.617		446.362
354		-275.287		292.645
355		-300.298		114.989
356		-238.337		-33.7688
357		-123.691		-118.706
358		1.0639		-130.982
359		101.038		-84.3548
360		157.791		-3.96313
361		168.722		85.6313
362		140.113		167.138
363		79.7024		230.068
364		-6.1752		265.898
365		-109.726		264.149
366		-216.266		213.647
367		-301.566		109.311
368		-335.964		-39.4255
369		-295.086		-204.514
370		-172.512		-343.859
371		12.4496		-414.422
372		217.108		-388.771
373		388.306		-267.422
374		480.988		-80.6815
375		474.308		121.509
376		378.095		287.487
377		227.023		381.57
378		65.6945		393.885
379		-68.019		338.748
380		-153.765		243.782
381		-189.606		136.24
382		-184.461		33.7165
383		-147.829		-56.7684
384		-83.391		-132.473
385		9.80069		-186.769
386		129.841		-205.371
387		263.594		-170.388
388		383.755		-70.6604
389		454.841		87.396
390		446.465		275.241
391		347.779		447.952
392		175.567		558.949
393		-28.8574		577.488
394		-213.432		500.848
395		-333.989		355.378
396		-369.477		185.823
397		-327.143		37.9119
398		-235.977		-57.7901
399		-132.315		-93.7787
400		-44.9318		-82.6837
401		13.4796		-46.3764
402		45.3888		-3.59705
403		60.1742		37.381
404		64.2783		77.924
405		55.8297		121.742
406		26.7435		166.425
407		-29.2815		199.559
408		-108.015		202.369
409		-190.939		159.327
410		-249.56		68.5645
411		-256.419		-52.8853
412		-197.645		-172.505
413		-80.7936		-253.472
414		66.1386		-268.7
415		204.346		-211.329
416		298.188		-96.9938
417		327.27		42.8276
418		291.625		172.933
419		208.516		266.279
420		103.416		310.646
421		0.0741577		308.161
422		-85.7163		269.455
423		-146.65		206.606
424		-180.109		128.914
425		-183.619		43.279
426		-153.131		-42.1488
427		-85.5465		-114.425
428		15.9894		-155.738
429		137.571		-148.069
430		254.273		-80.9039
431		335.583		41.7656
432		354.918		199.053
433		299.345		357.313
434		175.185		479.655
435		6.93904		537.153
436		-170.059		517.264
437		-320.161		426.365
438		-416.867		285.993
439		-447.902		125.084
440		-414.943		-28.147
441		-329.518		-151.596
442		-208.014		-230.78
443		-68.3564		-257.594
444		70.7545		-228.688
445		189.195		-145.534
446		265.653		-16.6032
447		280.602		139.92
448		222.129		295.531
449		92.5695		415.115
450		-87.4016		465.226
451		-280.231		424.704
452		-439.502		293.646
453		-522.669		96.6957
454		-504.35		-121.58
455		-385.272		-308.45
456		-193.275		-418.241
457		24.3507		-425.819
458		214.722		-333.656
459		334.643		-170.152
460		362.18		19.8995
461		300.97		189.092
462		176.505		300.593
463		26.5012		336.6
464		-110.769		300.061
465		-206.201		210.288
466		-245.035		95.0415
467		-227.014		-17.6408
468		-162.892		-105.362
469		-69.5775		-154.04
470		34.1189		-157.893
471		130.225		-118.129
472		203.073		-41.6094
473		240.372		60.0446
474		234.588		171.283
475		184.598		274.192
476		96.8536		351.253
477		-14.9812		388.936
478		-132.463		380.981
479		-236.47		330.005
480		-311.645		246.574
481		-349.534		145.996
482		-349.3		44.1165
483		-315.996		-46.1484
484		-257.569		-116.251
485		-182.276		-161.276
486		-97.8235		-178.1
487		-12.3843		-164.108
488		63.6479		-117.799
489		116.994		-41.3319
490		133.364		56.3156
491		101.981		157.762
492		21.2107		239.078
493		-97.344		275.491
494		-228.798		249.435
495		-340.058		157.946
496		-398.928		16.1818
497		-384.257		-144.906
498		-293.399		-286.516
499		-144.089		-373.054
500		30.1316		-382.512
501		189.384		-312.658
502		298.543		-181.085
503		336.325		-19.506
504		299.719		135.46
505		203.005		251.836
506		72.4192		309.399
507		-61.3335		302.842
508		-170.383		240.945
509		-235.119		142.842
510		-247.016		32.8238
511		-208.904		-64.9715
512		-133.186		-131.093
513		-38.5845		-153.971
514		53.937		-131.432
515		125.395		-70.3574
516		162.32		15.4243
517		158.861		108.518
518		117.012		191.716
519		45.138		251.106
520		-44.4753		277.83
521		-138.063		268.394
522		-222.108		224.122
523		-284.312		150.547
524		-314.388		57.2355
525		-305.432		-42.2203
526		-256.107		-130.939
527		-172.936		-191.172
528		-71.2307		-208.594
529		26.8261		-177.358
530		97.3694		-103.785
531		122.092		-6.47322
532		94.8378		88.2127
533		24.5445		154.208
534		-67.2723		174.421
535		-153.927		146.343
536		-212.937		82.0047
537		-233.293		2.2282
538		-217.421		-72.1677
539		-177.185		-127.99
540		-126.264		-162.511
541		-73.1416		-180.425
542		-18.5744		-187.056
543		41.1088		-182.074
544		106.921		-157.849
545		170.836		-104.005
546		214.633		-16.0875
547		215.855		96.5417
548		158.835		208.729
549		45.426		286.002
550		-100.536		297.676
551		-238.507		230.956
552		-325.081		99.1717
553		-330.805		-60.4588
554		-252.477		-199.418
555		-115.13		-275.739
556		37.4123		-269.39
557		159.278		-188.523
558		219.131		-64.1881
559		209.471		63.4915
560		145.309		160.96
561		54.0467		211.612
562		-37.6097		217.057
563		-113.094		190.258
564		-167.877		145.524
565		-204.418		91.3383
566		-224.564		29.6106
567		-224.86		-39.2178
568		-197.976		-109.496
569		-139.371		-167.307
570		-54.7368		-193.988
571		37.0958		-175.023
572		108.786		-109.48
573		135.281		-14.227
574		105.594		80.3871
575		29.247		142.178
576		-66.5027		150.72
577		-147.878		106.103
578		-188.93		28.2973
579		-181.942		-52.6634
580		-138.777		-110.694
581		-82.7456		-134.723
582		-35.5629		-131.27
583		-6.46001		-117.616
584		10.7837		-109.689
585		31.5387		-111.606
586		68.5452		-112.803
587		121.495		-94.45
588		174.108		-41.6234
589		200.73		45.5569
590		179.262		148.218
591		103.636		234.94
592		-10.8304		275.086
593		-132.244		252.647
594		-224.904		173.694
595		-263.765		63.8325
596		-243.669		-42.8174
597		-179.309		-117.452
598		-96.7453		-146.52
599		-21.4553		-133.559
600		30.876		-93.2544
601		56.7616		-42.0248
602		60.6281		9.26075
603		47.6956		56.7684
604		19.0922		99.6255
605		-27.6315		134.024
606		-93.19		150.266
607		-170.392		135.536
608		-241.913		81.3437
609		-284.662		-8.68516
610		-279.388		-115.844
611		-220.759		-211.021
612		-122.236		-265.653
613		-12.4651		-263.897
614		75.7349		-209.846
615		118.7		-125.936
616		111.094		-43.1069
617		66.5136		12.4541
618		9.52451		29.4455
619		-36.4872		13.7084
620		-59.2879		-17.9022
621		-60.707		-48.1151
622		-51.671		-68.2429
623		-42.9081		-80.7646
624		-37.115		-94.5544
625		-27.277		-116.121
626		-2.0687		-142.502
627		45.0027		-160.43
628		108.372		-152.706
629		169.817		-108.368
630		205.497		-30.891
631		197.255		60.5512
632		142.238		138.016
633		55.5783		176.698
634		-35.5215		165.817
635		-103.39		112.952
636		-131.321		39.7614
637		-119.161		-28.4613
638		-80.6456		-73.7941
639		-34.5372		-91.6371
640		5.20277		-89.0341
641		34.7619		-77.1192
642		58.7828		-62.6447
643		83.2767		-43.8159
644		107.973		-12.9002
645		123.237		36.0958
646		113.96		99.5811
647		68.5972		161.6
648		-11.7267		198.612
649		-109.598		190.016
650		-195.986		129.111
651		-241.587		28.565
652		-229.506		-82.9327
653		-162.979		-171.682
654		-64.227		-212.484
655		35.0069		-198.218
656		106.552		-141.084
657		136.192		-65.4003
658		126.689		3.95856
659		92.7814		51.5023
660		51.6609		74.7786
661		14.432		80.8043
662		-17.0032		78.3056
663		-46.647		70.8523
664		-77.5195		55.0321
665		-106.011		24.5241
666		-121.401		-22.772
667		-111.249		-79.3523
668		-69.6528		-128.379
669		-3.413		-150.253
670		68.0258		-132.357
671		119.642		-76.7271
672		131.798		-1.15614
673		99.61		67.4361
674		35.8018		104.458
675		-34.6651		98.3598
676		-85.6729		55.3011
677		-101.303		-4.51609
678		-81.9102		-56.8768
679		-42.1169		-84.8046
680		-2.11044		-85.4019
681		23.014		-69.0831
682		30.2901		-52.0386
683		28.8177		-46.2469
684		32.9683		-52.4846
685		52.7756		-60.0257
686		86.8229		-53.0798
687		121.519		-20.4374
688		137.236		36.8553
689		118.198		103.906
690		61.0975		157.419
691		-21.8692		175.558
692		-107.026		147.506
693		-168.331		78.2662
694		-187.284		-13.2711
695		-159.261		-101.737
696		-93.8946		-164.519
697		-10.0771		-188.748
698		71.5081		-173.521
699		134.785		-127.387
700		171.237		-63.3124
701		179.192		6.00468
702		161.1		70.4693
703		121.097		122.399
704		64.353		155.235
705		-1.91215		163.044
706		-67.2293		141.891
707		-118.287		92.5896
708		-141.819		23.0891
709		-129.218		-51.4938
710		-80.8155		-112.143
711		-7.49179		-141.752
712		71.6962		-131.201
713		135.338		-83.0355
714		166.761		-10.947
715		159.489		64.8957
716		118.87		124.8
717		59.3027		155.948
718		-1.56126		155.743
719		-49.1036		131.037
720		-75.9577		94.022
721		-82.7502		56.8744
722		-75.6092		27.559
723		-62.0685		8.35934
724		-47.4834		-2.7346
725		-33.5353		-8.98909
726		-19.1833		-12.0695
727		-3.15922		-10.8706
728		13.593		-2.52209
729		26.9853		15.1236
730		30.957		40.9672
731		20.2348		69.5545
732		-6.65144		92.1316
733		-45.5928		99.5616
734		-87.3235		85.9138
735		-120.025		51.1985
736		-133.159		2.0668
737		-121.064		-49.8658
738		-84.959		-91.4583
739		-32.6726		-111.974
740		23.7071		-106.122
741		71.3165		-75.2596
742		99.9		-26.5737
743		104.059		29.2327
744		83.9004		80.795
745		44.2509		118.562
746		-6.97655		136.335
747		-60.5955		131.801
748		-107.691		106.337
749		-140.779		64.4338
750		-154.678		12.9665
751		-147.21		-39.7178
752		-119.663		-84.9852
753		-76.7872		-115.377
754		-26.0697		-126.088
755		23.7302		-116.01
756		64.4655		-87.8781
757		90.2917		-47.3997
758		98.5621		-1.64144
759		89.6566		42.6483
760		65.9949		80.1068
761		30.8972		106.887
762		-12.0073		120.1
763		-58.5178		117.276
764		-103.094		96.5787
765		-138.434		58.0342
766		-156.272		5.26176
767		-149.678		-53.408
768		-116.217		-105.588
769		-60.5101		-137.739
770		5.35622		-139.643
771		64.4457		-108.75
772		100.102		-52.3445
773		101.789		13.8169
774		69.2227		70.3024
775		12.8916		100.547
776		-49.4648		96.5337
777		-99.0705		61.2735
778		-122.474		7.11139
779		-115.479		-49.2714
780		-83.2466		-92.8756
781		-36.9696		-114.857
782		10.9863		-113.847
783		51.1127		-94.1636
784		78.3726		-62.4667
785		91.3189		-24.8928
786		90.0271		13.9257
787		74.6318		49.9701
788		45.5938		78.3623
789		5.44673		92.9808
790		-39.4422		88.0781
791		-78.8466		61.3695
792		-101.239		16.8207
793		-98.188		-34.8625
794		-68.5056		-79.0052
795		-19.7948		-102.182
796		33.8101		-97.544
797		76.9802		-67.5798
798		99.1531		-22.7776
799		98.184		23.2509
800		79.8765		59.7292
801		53.7581		82.6713
802		27.5152		94.8235
803		3.2621		101.817
804		-22.216		106.941
805		-53.4143		107.812
806		-90.7369		97.1902
807		-127.263		67.8032
808		-150.093		18.5281
809		-146.184		-41.8161
810		-109.862		-95.8342
811		-47.8772		-124.158
812		21.2126		-114.38
813		73.7625		-67.8193
814		91.0133		-0.332619
815		67.526		63.7237
816		13.7727		101.796
817		-48.6148		102.779
818		-96.7421		71.2535
819		-116.627		24.2437
820		-108.614		-17.7987
821		-85.4403		-41.1064
822		-64.1812		-44.6149
823		-56.4897		-38.9018
824		-62.3672		-38.8466
825		-70.7563		-54.1455
826		-66.5312		-82.9405
827		-39.996		-112.097
828		6.36949		-124.063
829		57.7131		-106.654
830		93.4477		-60.4958
831		97.3512		-0.0805283
832		65.9018		52.2774
833		10.5409		76.5535
834		-47.2645		64.1041
835		-85.5914		21.2618
836		-91.4326		-34.1118
837		-65.3672		-81.0433
838		-19.6752		-104.403
839		28.5142		-100.049
840		65.0783		-74.1489
841		83.7156		-37.9334
842		85.7857		-1.35889
843		76.2279		30.6468
844		58.74		57.6723
845		33.4864		80.1387
846		-1.29838		95.4918
847		-45.1284		97.2911
848		-91.6408		78.2532
849		-128.494		35.631
850		-141.675		-24.4615
851		-122.324		-86.8994
852		-72.3681		-132.478
853		-5.54144		-145.899
854		57.3265		-122.828
855		96.7727		-72.2627
856		102.8		-12.7484
857		78.5535		35.7737
858		37.7819		60.4129
859		-2.44933		59.8499
860		-29.8706		42.867
861		-41.7151		22.0587
862		-43.8008		6.4334
863		-44.9413		-2.94422
864		-50.2149		-12.0004
865		-57.1451		-28.2341
866		-57.0563		-54.2588
867		-40.8003		-84.3122
868		-5.44889		-106.012
869		42.0857		-106.581
870		86.8646		-80.1219
871		112.466		-31.8201
872		108.858		23.4431
873		77.3903		67.5143
874		30.196		87.1175
875		-15.6361		79.4805
876		-45.9959		52.6003
877		-55.5921		20.2617
878		-48.7943		-5.25594
879		-35.4307		-18.7303
880		-24.282		-22.9273
881		-18.165		-24.7992
882		-13.391		-29.5743
883		-3.68203		-36.5129
884		14.0667		-39.0151
885		35.9278		-29.083
886		51.6295		-3.45078
887		49.7356		32.447
888		24.514		65.3785
889		-19.4879		80.0476
890		-68.0429		66.78
891		-103.101		27.0071
892		-111.043		-26.5701
893		-89.0575		-75.4398
894		-46.2809		-103.63
895		0.865517		-104.642
896		36.6221		-83.4562
897		52.8948		-52.7636
898		51.7146		-25.7274
899		42.1441		-9.34831
900		33.7102		-2.03476
901		30.312		3.51704
902		28.1566		14.0815
903		18.8779		30.1636
904		-4.05252		44.3046
905		-39.4706		44.6399
906		-76.8341		21.8603
907		-100.031		-24.3055
908		-94.9245		-82.8429
909		-56.7462		-134.975
910		6.59546		-161.91
911		77.105		-152.984
912		133.959		-110.198
913		161.842		-47.0088
914		156.363		17.7568
915		124.256		67.6339
916		78.8334		94.1073
917		33.5312		97.7188
918		-3.00778		84.9435
919		-28.1426		63.2739
920		-42.918		37.5831
921		-48.4333		9.64095
922		-43.6298		-19.5327
923		-26.0436		-46.6414
924		5.04922		-64.9606
925		45.3865		-66.3501
926		84.9275		-45.5774
927		110.682		-4.42981
928		112.119		47.0947
929		86.3966		93.7454
930		40.4607		121.026
931		-11.3888		121.339
932		-53.4591		97.1024
933		-75.2128		59.2
934		-75.1122		21.5929
935		-59.9212		-5.06329
936		-40.0874		-17.4773
937		-23.9091		-19.5093
938		-13.7433		-18.1564
939		-6.22731		-18.3104
940		3.88459		-19.4658
941		18.7783		-16.3313
942		34.6761		-2.95366
943		42.9274		22.166
944		34.6975		53.1569
945		6.68806		78.095
946		-35.4259		84.2099
947		-78.0437		64.3892
948		-104.982		21.5283
949		-104.591		-31.712
950		-75.0983		-77.8116
951		-25.5164		-101.624
952		28.2854		-96.4266
953		70.3019		-65.9549
954		90.563		-21.731
955		87.901		22.6329
956		68.4		57.0807
957		40.905		77.9713
958		12.3391		87.1604
959		-14.6338		88.4666
960		-40.6754		84.0025
961		-66.6396		72.6766
962		-90.5593		51.6624
963		-106.887		19.738
964		-108.658		-19.7766
965		-91.4116		-58.5469
966		-56.564		-85.8282
967		-12.1574		-92.9427
968		29.6728		-77.2907
969		57.3429		-43.7483
970		64.2584		-2.70805
971		50.8688		34.1936
972		23.4976		58.4423
973		-9.15324		66.9816
974		-39.7692		61.6467
975		-64.4661		46.4907
976		-82.3096		24.904
977		-93.1021		-1.64746
978		-95.261		-32.6157
979		-85.4889		-65.9895
980		-60.7273		-96.4179
981		-21.3251		-115.524
982		26.6278		-114.823
983		71.6234		-90.0106
984		100.188		-44.3501
985		102.179		10.9187
986		75.4654		59.8478
987		27.6169		87.5499
988		-26.4425		85.949
989		-69.9122		56.8902
990		-90.3274		11.201
991		-83.7804		-35.7922
992		-55.4406		-70.1757
993		-16.4626		-84.1398
994		20.9849		-77.5804
995		48.1552		-56.3641
996		61.7636		-28.5924
997		63.185		-0.963326
998		55.825		23.0536
999		42.4521		42.7261
1000		24.001		58.076
1001		0.303329		67.9506
1002		-27.999		69.4809
1003		-57.7707		59.3044
1004		-83.156		35.8278
1005		-97.1525		1.17175
1006		-94.2894		-38.4015
1007		-73.0941		-73.964
1008		-37.1365		-96.7013
1009		5.83718		-100.767
1010		46.2423		-85.0231
1011		75.4219		-53.0814
1012		87.751		-11.8865
1013		81.4803		30.3663
1014		58.3883		66.0925
1015		22.7942		89.4561
1016		-19.4611		96.8023
1017		-61.7586		86.7534
1018		-97.2735		60.3295
1019		-119.697		21.1531
1020		-124.321		-24.5515
1021		-109.349		-68.5819
1022		-76.9282		-102.22
1023		-33.2982		-118.318
1024		12.2887		-113.364
1025		49.7549		-88.7551
1026		70.8501		-50.6868
1027		71.3964		-8.6082
1028		52.3669		27.3032
1029		19.47		48.8221
1030		-18.5674		51.6827
1031		-52.4089		36.3699
1032		-74.459		7.58784
1033		-80.5159		-27.291
1034		-70.3832		-60.2556
1035		-47.4277		-84.5799
1036		-17.342		-96.1693
1037		13.4628		-94.0767
1038		39.3701		-80.1743
1039		56.5812		-58.1974
1040		63.4397		-32.5486
1041		60.0974		-7.2926
1042		47.8154		14.338
1043		28.3339		29.866
1044		3.67795		37.1773
1045		-23.5142		34.2749
1046		-49.4305		19.5983
1047		-68.8629		-6.99648
1048		-75.8667		-42.9781
1049		-65.4549		-82.3608
1050		-35.8711		-116.178
1051		9.538		-134.533
1052		61.9412		-129.795
1053		108.76		-99.7803
1054		137.257		-49.5109
1055		138.792		9.48962
1056		112.049		62.4016
1057		63.8405		95.7641
1058		7.00779		101.799
1059		-43.8018		80.6906
1060		-76.7879		39.9641
1061		-86.244		-8.62922
1062		-73.2567		-53.267
1063		-43.9279		-85.4593
1064		-6.28314		-101.454
1065		32.5246		-101.497
1066		67.5211		-87.8714
1067		95.5257		-63.1051
1068		113.881		-29.4118
1069		119.558		10.5315
1070		109.535		52.2934
1071		82.4523		89.1317
1072		40.5627		113.025
1073		-9.35256		117.186
1074		-57.0389		98.9536
1075		-91.6895		61.5618
1076		-105.569		13.6916
1077		-96.6945		-33.205
1078		-69.3188		-68.6915
1079		-32.014		-86.561
1080		5.65072		-86.1026
1081		36.2265		-71.08
1082		55.9217		-47.245
1083		64.154		-19.8711
1084		61.8436		7.41566
1085		49.8135		32.1578
1086		28.4399		51.6807
1087		-1.23048		62.1328
1088		-35.7646		59.0145
1089		-68.4593		39.2696
1090		-90.3828		3.88256
1091		-93.354		-40.6521
1092		-73.6376		-83.2486
1093		-34.4789		-111.621
1094		14.0466		-116.864
1095		58.1609		-97.1562
1096		85.2925		-58.7726
1097		88.628		-13.8314
1098		69.2856		24.2585
1099		35.2346		45.5833
1100		-2.34743		46.6478
1101		-33.4219		30.3564
1102		-52.1143		3.47937
1103		-57.27		-26.7875
1104		-50.8051		-55.3149
1105		-35.2541		-79.5088
1106		-12.173		-97.9907
1107		17.6778		-108.796
1108		52.6928		-108.612
1109		88.6615		-93.8393
1110		118.392		-63.0132
1111		133.435		-19.1231
1112		127.344		29.7598
1113		98.8664		72.3203
1114		53.3367		97.7217
1115		1.3379		99.5447
1116		-44.8651		78.0595
1117		-75.4901		39.7653
1118		-86.0697		-5.48177
1119		-77.7746		-48.2226
1120		-55.419		-82.1621
1121		-24.5341		-104.773
1122		10.7409		-115.873
1123		47.8629		-115.496
1124		84.3932		-102.682
1125		116.159		-76.1823
1126		136.717		-36.6945
1127		139.013		10.8661
1128		118.745		56.8482
1129		77.6922		89.0674
1130		24.9701		97.1816
1131		-24.9851		77.3179
1132		-57.2535		34.6009
1133		-62.1075		-17.943
1134		-38.9221		-63.9326
1135		3.5714		-89.7364
1136		50.8826		-89.4206
1137		88.5727		-66.3462
1138		107.609		-30.835
1139		106.903		4.79458
1140		92.1343		31.3389
1141		71.8263		45.5853
1142		52.8988		49.865
1143		37.9997		48.972
1144		25.7727		46.4423
1145		13.5455		42.3691
1146		0.606392		33.9171
1147		-10.0129		18.1053
1148		-12.419		-4.89072
1149		-1.02858		-29.9775
1150		25.6771		-48.1576
1151		62.9179		-50.0434
1152		100.274		-30.2251
1153		125.147		9.66347
1154		127.516		60.7337
1155		103.854		109.659
1156		58.483		143.27
1157		1.92185		152.909
1158		-52.8794		136.802
1159		-94.6511		99.727
1160		-116.607		50.5562
1161		-117.128		-0.908379
1162		-98.6452		-46.3885
1163		-65.7922		-80.1177
1164		-23.9726		-98.5733
1165		21.1082		-99.8114
1166		63.2131		-83.2849
1167		95.4524		-50.4664
1168		111.027		-5.83529
1169		104.991		42.6821
1170		76.4192		84.6204
1171		29.8742		109.376
1172		-24.8078		109.404
1173		-74.7148		82.9463
1174		-107.427		35.0889
1175		-114.665		-23.4345
1176		-94.6453		-79.3109
1177		-52.2893		-120.445
1178		2.6546		-139.087
1179		58.708		-133.28
1180		105.734		-106.369
1181		136.951		-65.1445
1182		149.469		-17.5942
1183		143.668		28.8381
1184		122.116		68.0619
1185		88.7437		95.4135
1186		48.5564		107.545
1187		7.66113		102.66
1188		-26.9365		81.2233
1189		-48.2488		46.8036
1190		-50.987		6.34751
1191		-33.5203		-30.6859
1192		0.760521		-54.4613
1193		43.4991		-57.6534
1194		83.198		-38.0627
1195		108.427		0.1404
1196		111.368		47.2205
1197		90.4003		90.6359
1198		50.6928		118.852
1199		2.52947		124.844
1200		-42.0195		108.008
1201		-72.8232		73.8389
1202		-84.4222		31.6258
1203		-76.8589		-8.78925
1204		-54.5386		-39.8591
1205		-23.8944		-57.7453
1206		8.94455		-62.0238
1207		39.4553		-54.2439
1208		64.6404		-36.3927
1209		82.0315		-10.2283
1210		88.7677		22.1926
1211		81.6712		57.2831
1212		58.6123		89.0424
1213		20.5717		109.513
1214		-26.8085		110.901
1215		-73.3824		88.6924
1216		-106.839		44.372
1217		-116.603		-13.7482
1218		-97.7488		-72.3401
1219		-53.1772		-117.065
1220		7.05807		-137.23
1221		69.1109		-129.142
1222		119.984		-96.7436
1223		151.45		-49.3651
1224		161.639		2.22506
1225		153.856		49.5543
1226		133.584		88.2785
1227		105.467		117.547
1228		71.8987		137.698
1229		33.8342		147.985
1230		-6.97865		145.907
1231		-46.0185		128.716
1232		-75.8768		96.2358
1233		-88.5441		53.2084
1234		-79.1618		9.42127
1235		-49.2648		-22.9879
1236		-7.5618		-34.0903
1237		32.5461		-20.4557
1238		57.8288		13.0249
1239		60.2711		54.8477
1240		39.9022		91.4362
1241		4.09052		112.356
1242		-36.2185		113.719
1243		-71.2974		98.279
1244		-95.9903		72.5108
1245		-110.065		42.5562
1246		-115.764		11.4486
1247		-114.388		-20.8542
1248		-104.267		-54.8613
1249		-81.6122		-88.246
1250		-43.9122		-114.279
1251		6.17118		-123.508
1252		59.0487		-108.263
1253		100.254		-67.7352
1254		115.907		-10.6604
1255		99.1654		46.3399
1256		54.3824		84.5823
1257		-3.41714		90.8449
1258		-53.8808		63.067
1259		-79.2093		11.428
1260		-70.9625		-45.7729
1261		-32.6989		-89.4741
1262		22.5459		-106.951
1263		78.3729		-95.4583
1264		121.506		-61.1445
1265		145.543		-14.4579
1266		150.636		35.063
1267		140.112		81.7451
1268		116.698		123.267
1269		80.9242		157.724
1270		32.7		180.83
1271		-25.2195		185.692
1272		-84.555		165.871
1273		-132.067		120.154
1274		-153.934		56.0462
1275		-142.096		-10.6849
1276		-99.1762		-61.0401
1277		-38.9587		-80.3777
1278		18.4373		-64.8425
1279		54.6851		-23.1977
1280		60.7481		27.1382
1281		39.9589		68.0146
1282		5.11739		88.4323
1283		-28.7878		88.3583
1284		-52.2757		76.6107
1285		-65.3218		64.1981
1286		-75.4912		57.0021
1287		-91.4819		52.0592
1288		-115.941		39.6548
1289		-141.914		10.1044
1290		-155.307		-38.6786
1291		-142.309		-97.3633
1292		-97.8279		-147.725
1293		-30.157		-170.631
1294		41.0169		-155.487
1295		92.6579		-106.168
1296		108.556		-40.152
1297		86.5029		18.8855
1298		38.8681		51.3154
1299		-13.5758		49.5187
1300		-51.2138		19.7458
1301		-63.5705		-22.6141
1302		-51.8549		-61.3579
1303		-25.3829		-86.6851
1304		5.40242		-97.5799
1305		34.8851		-98.6682
1306		63.707		-94.1662
1307		95.1513		-83.1809
1308		129.193		-59.6479
1309		158.504		-17.1847
1310		169.611		44.1205
1311		149.292		113.497
1312		92.8905		171.19
1313		9.67569		196.08
1314		-78.4202		175.681
1315		-144.851		113.192
1316		-169.64		27.525
1317		-148.089		-54.2074
1318		-92.4449		-108.192
1319		-25.6181		-123.632
1320		29.7533		-105.795
1321		61.1455		-71.0771
1322		69.82		-37.0923
1323		66.7576		-13.4324
1324		63.6327		1.79752
1325		64.3671		17.9671
1326		62.3803		43.1211
1327		45.2663		75.928
1328		4.18876		103.561
1329		-57.6753		107.296
1330		-123.022		73.055
1331		-166.588		1.0088
1332		-166.83		-91.4601
1333		-117.043		-175.702
1334		-29.8088		-224.036
1335		67.8712		-222.103
1336		146.487		-174.934
1337		186.85		-103.614
1338		187.269		-34.4694
1339		161.634		13.3401
1340		129.951		35.2298
1341		106.992		39.9949
1342		95.5091		41.3499
1343		87.6542		47.6693
1344		73.2805		56.3056
1345		49.6605		56.0265
1346		26.2178		36.1372
1347		20.7542		-3.37904
1348		48.7715		-47.3493
1349		111.903		-70.1987
1350		192.559		-48.3643
1351		258.847		26.0432
1352		278.246		138.026
1353		233.402		253.622
1354		131.771		333.83
1355		3.66976		351.923
1356		-110.76		305.402
1357		-179.299		216.441
1358		-191.169		120.594
1359		-159.581		49.6845
1360		-112.389		17.7943
1361		-76.2491		17.463
1362		-63.027		27.5648
1363		-65.7346		27.9319
1364		-65.8359		12.1838
1365		-47.3139		-8.61588
1366		-9.06575		-13.5495
1367		31.88		13.7379
1368		48.6307		72.2613
1369		19.8854		140.323
1370		-56.0214		184.183
1371		-156.65		174.674
1372		-243.711		103.024
1373		-280.286		-12.7547
1374		-248.283		-134.679
1375		-157.078		-221.637
1376		-38.8521		-247.707
1377		66.8561		-212.645
1378		131.24		-139.482
1379		147.639		-61.0205
1380		130.766		-2.86919
1381		104.998		27.8159
1382		88.8338		42.1842
1383		84.4699		58.9627
1384		78.2794		89.9071
1385		51.57		130.214
1386		-4.93161		159.718
1387		-81.6423		154.417
1388		-151.712		101.83
1389		-183.39		11.2793
1390		-156.731		-87.2163
1391		-75.512		-155.528
1392		32.3868		-165.238
1393		126.795		-111.399
1394		173.338		-15.0103
1395		158.548		87.0876
1396		94.3702		159.516
1397		10.1715		183.82
1398		-62.9796		164.292
1399		-107.1		121.79
1400		-123.361		79.7592
1401		-126.817		50.7324
1402		-133.621		30.9542
1403		-148.716		5.83456
1404		-161.528		-37.4241
1405		-152.394		-97.9204
1406		-106.117		-157.437
1407		-24.617		-187.981
1408		69.129		-166.873
1409		139.079		-91.2012
1410		152.639		16.6668
1411		97.367		116.316
1412		-10.957		166.304
1413		-133.458		142.749
1414		-224.301		50.244
1415		-250.02		-80.244
1416		-202.671		-205.253
1417		-100.846		-287.347
1418		21.1376		-309.179
1419		129.612		-276.765
1420		204.915		-211.607
1421		245.432		-137.072
1422		261.581		-66.9659
1423		264.528		-2.2888
1424		257.018		63.0145
1425		231.92		131.848
1426		179.132		196.344
1427		96.2922		238.185
1428		-3.74129		237.334
1429		-94.0221		184.444
1430		-143.714		89.6639
1431		-132.513		-17.8305
1432		-61.6761		-100.339
1433		44.4888		-127.403
1434		147.996		-89.0383
1435		213.01		0.257851
1436		220.371		108.68
1437		173.788		201.688
1438		95.1004		256.516
1439		11.7307		269.48
1440		-56.6769		253.063
1441		-105.433		225.309
1442		-142.557		198.041
1443		-179.271		170.684
1444		-219.398		132.947
1445		-254.264		74.3859
1446		-266.367		-5.16409
1447		-239.905		-90.8917
1448		-172.123		-157.418
1449		-78.7152		-180.515
1450		10.4348		-150.053
1451		63.6516		-77.0805
1452		61.965		9.1748
1453		8.32519		73.3624
1454		-73.2808		89.3638
1455		-148.49		51.3952
1456		-187.724		-24.5022
1457		-178.375		-109.028
1458		-128.281		-173.623
1459		-59.3406		-202.735
1460		4.82318		-198.432
1461		50.4015		-175.677
1462		78.2406		-151.557
1463		99.9479		-134.726
1464		128.039		-120.903
1465		166.027		-96.6655
1466		204.194		-49.1804
1467		223.537		23.7825
1468		205.856		109.285
1469		144.568		182.896
1470		50.4536		218.991
1471		-50.876		202.568
1472		-128.699		136.708
1473		-159.452		42.0822
1474		-135.783		-51.1051
1475		-68.4481		-114.711
1476		19.2074		-132.384
1477		100.933		-103.399
1478		156.595		-39.8099
1479		176.706		40.5338
1480		161.491		120.998
1481		116.476		189.827
1482		48.1245		239.609
1483		-37.6869		264.372
1484		-133.877		257.454
1485		-229.057		212.513
1486		-306.27		127.711
1487		-345.807		10.6744
1488		-331.886		-119.292
1489		-260.373		-234.23
1490		-143.49		-305.66
1491		-8.43243		-314.834
1492		110.473		-260.567
1493		183.272		-160.827
1494		194.812		-46.9447
1495		149.629		47.3679
1496		69.2853		97.6185
1497		-16.5062		95.9797
1498		-80.9653		51.8101
1499		-108.8		-14.3184
1500		-99.0332		-79.8457
1501		-61.7719		-128.362
1502		-11.3683		-153.362
1503		40.2449		-156.808
1504		86.9263		-144.337
1505		127.429		-120.325
1506		161.674		-85.6487
1507		187.034		-39.0989
1508		197.213		18.8556
1509		184.595		82.5996
1510		144.809		140.685
1511		80.8831		178.811
1512		4.4425		185.279
1513		-67.0814		156.271
1514		-116.209		98.28
1515		-131.562		26.3893
1516		-111.631		-40.8649
1517		-64.5921		-87.6956
1518		-4.55152		-105.59
1519		53.7562		-94.4235
1520		99.2469		-60.254
1521		126.03		-11.5005
1522		132.165		44.1837
1523		117.15		100.77
1524		80.2617		152.447
1525		21.1628		191.491
1526		-57.3857		207.516
1527		-146.434		189.527
1528		-229.743		130.505
1529		-286.32		32.5517
1530		-296.455		-90.1866
1531		-249.182		-212.956
1532		-147.993		-306.522
1533		-12.019		-346.099
1534		128.378		-319.759
1535		240.282		-232.966
1536		298.067		-107.368
1537		290.808		25.7
1538		224.73		134.504
1539		120.22		195.607
1540		5.02365		199.121
1541		-93.5907		149.379
1542		-155.057		61.7094
1543		-168.675		-42.7209
1544		-133.779		-141.949
1545		-58.0614		-216.881
1546		44.6822		-253.465
1547		156.685		-243.968
1548		258.348		-187.969
1549		330.915		-93.0495
1550		359.885		25.5075
1551		338.594		146.838
1552		270.646		248.677
1553		169.814		312.757
1554		56.8259		329.64
1555		-46.1979		301.075
1556		-121.724		238.793
1557		-160.926		160.2
1558		-164.459		82.7746
1559		-139.967		19.541
1560		-97.8934		-22.7001
1561		-47.8569		-42.2183
1562		2.7495		-39.6649
1563		47.7425		-15.9587
1564		80.104		27.7019
1565		91.0126		87.6654
1566		71.4557		155.076
1567		16.2988		214.879
1568		-71.0817		248.249
1569		-176.345		238.33
1570		-276.004		177.149
1571		-343.662		70.5256
1572		-358.566		-61.6914
1573		-312.997		-190.736
1574		-215.299		-287.605
1575		-87.2553		-331.841
1576		42.9714		-316.961
1577		149.209		-250.703
1578		213.573		-150.779
1579		228.723		-38.6828
1580		196.368		65.4281
1581		124.163		145.047
1582		23.4719		187.194
1583		-90.7784		181.867
1584		-199.029		123.214
1585		-277.173		13.1081
1586		-300.092		-134.507
1587		-249.045		-291.692
1588		-120.626		-420.012
1589		66.9704		-480.161
1590		274.512		-445.172
1591		450.801		-312.066
1592		548.07		-106.461
1593		538.202		122.93
1594		423.208		318.811
1595		235.333		433.667
1596		26.3913		444.895
1597		-149.563		360.842
1598		-253.379		215.738
1599		-271.275		56.1691
1600		-215.363		-74.9863
1601		-115.33		-150.778
1602		-5.9205		-164.639
1603		84.1768		-127.017
1604		138.163		-57.4937
1605		151.051		23.117
1606		125.991		97.438
1607		70.4023		152.41
1608		-5.77167		178.259
1609		-89.7191		168.165
1610		-165.326		120.028
1611		-214.97		39.4676
1612		-224.283		-58.5353
1613		-188.199		-151.841
1614		-114.901		-217.708
1615		-24.6005		-241.398
1616		57.4797		-222.637
1617		111.334		-176.124
1618		130.74		-124.984
1619		125.556		-89.7688
1620		115.986		-78.3711
1621		121.252		-82.2128
1622		148.272		-81.2042
1623		186.479		-55.4505
1624		212.055		2.08167
1625		200.123		78.6948
1626		139.144		145.095
1627		40.1556		167.842
1628		-64.3491		125.594
1629		-132.204		21.3816
1630		-129.103		-115.292
1631		-43.9992		-238.07
1632		104.695		-301.129
1633		274.933		-276.779
1634		416.254		-165.763
1635		487.691		3.76259
1636		470.89		187.354
1637		373.736		340.067
1638		224.352		430.116
1639		59.5178		445.544
1640		-86.8586		392.961
1641		-190.876		291.097
1642		-240.254		163.486
1643		-232.353		33.6189
1644		-171.81		-76.8016
1645		-69.8857		-148.274
1646		54.7153		-165.13
1647		175.877		-119.524
1648		263.458		-16.4548
1649		290.712		123.406
1650		243.567		266.146
1651		127.6		373.102
1652		-31.2792		412.923
1653		-193.836		372.325
1654		-319.937		260.704
1655		-381.312		106.372
1656		-369.276		-53.9117
1657		-294.461		-187.286
1658		-179.565		-273.541
1659		-49.4379		-307.025
1660		76.3313		-292.24
1661		185.148		-237.033
1662		268.017		-148.133
1663		314.796		-31.8563
1664		312.718		100.95
1665		250.668		229.888
1666		127.75		324.832
1667		-38.7455		353.116
1668		-211.68		292.33
1669		-341.884		143.03
1670		-383.841		-65.4234
1671		-313.156		-280.214
1672		-137.971		-440.813
1673		101.344		-499.223
1674		344.737		-436.32
1675		532.229		-267.471
1676		622.604		-35.4362
1677		603.594		205.675
1678		490.43		407.92
1679		315.246		541.162
1680		113.666		595.206
1681		-84.709		574.03
1682		-258.53		487.498
1683		-391.023		346.374
1684		-465.373		163.38
1685		-464.408		-41.5476
1686		-376.645		-237.052
1687		-206.059		-382.485
1688		20.5167		-438.202
1689		254.42		-380.713
1690		436.881		-215.588
1691		518.047		19.2111
1692		475.418		262.936
1693		323.085		451.815
1694		106.924		540.915
1695		-112.68		518.578
1696		-283.012		407.098
1697		-376.215		249.829
1698		-394.126		91.2963
1699		-359.609		-39.9608
1700		-299.909		-137.911
1701		-231.262		-212.809
1702		-152.863		-276.848
1703		-52.8904		-330.496
1704		77.4293		-357.68
1705		230.286		-332.982
1706		376.699		-237.227
1707		474.594		-72.9458
1708		486.412		129.219
1709		397.732		317.706
1710		227.397		438.467
1711		23.4984		456.419
1712		-153.575		369.925
1713		-253.519		211.562
1714		-253.911		34.9814
1715		-165.822		-105.79
1716		-25.7222		-175.082
1717		121.341		-164.427
1718		238.677		-89.03
1719		307.337		24.3716
1720		325.069		150.706
1721		297.853		273.79
1722		230.739		384.874
1723		124.367		475.343
1724		-20.6008		530.051
1725		-194.339		527.312
1726		-370.801		447.434
1727		-509.087		286.022
1728		-565.207		64.478
1729		-510.143		-169.582
1730		-345.748		-354.728
1731		-109.899		-437.074
1732		133.232		-391.627
1733		314.914		-233.682
1734		386.708		-14.4412
1735		337.624		197.871
1736		196.072		343.305
1737		16.0726		390.869
1738		-145.582		345.855
1739		-250.578		241.569
1740		-289.435		120.598
1741		-277.408		15.3784
1742		-239.699		-62.5477
1743		-194.777		-120.287
1744		-144.974		-171.09
1745		-79.0509		-219.672
1746		15.3893		-254.304
1747		137.295		-250.698
1748		264.43		-185.982
1749		357.983		-55.2529
1750		378.384		118.733
1751		304.94		289.043
1752		149.332		400.974
1753		-44.4741		414.426
1754		-214.957		321.898
1755		-306.384		153.483
1756		-290.488		-33.8412
1757		-176.88		-177.999
1758		-7.89059		-235.052
1759		159.304		-193.886
1760		274.844		-76.6866
1761		312.854		73.6946
1762		276.176		212.565
1763		188.848		309.427
1764		81.7134		354.639
1765		-20.9488		355.485
1766		-107.549		325.836
1767		-176.556		276.238
1768		-228.576		210.008
1769		-259.204		126.759
1770		-257.715		30.1053
1771		-212.706		-66.2076
1772		-121.398		-138.522
1773		3.20332		-160.86
1774		132.17		-116.467
1775		228.723		-7.34967
1776		261.211		143.426
1777		214.974		298.281
1778		97.556		417.64
1779		-64.854		472.613
1780		-237.459		452.268
1781		-388.058		363.058
1782		-494.149		222.231
1783		-543.595		49.973
1784		-530.569		-134.952
1785		-451.299		-314.213
1786		-303.946		-465.704
1787		-93.9074		-560.956
1788		158.425		-568.585
1789		413.163		-464.79
1790		614.967		-247.134
1791		707.006		55.3681
1792		650.837		382.623
1793		444.074		656.945
1794		127.364		806.263
1795		-223.974		788.523
1796		-521.816		607.339
1797		-692.708		312.124
1798		-700.438		-17.7113
1799		-555.209		-298.245
1800		-306.732		-466.225
1801		-25.2126		-494.761
1802		221.309		-395.087
1803		384.519		-206.161
1804		443.136		21.4734
1805		400.206		240.193
1806		274.883		413.421
1807		94.3489		517.113
1808		-110.633		537.932
1809		-306.793		472.274
1810		-459.228		328.161
1811		-535.515		128.543
1812		-513.97		-87.9471
1813		-393.263		-272.438
1814		-198.179		-378.061
1815		23.203		-375.319
1816		212.026		-264.11
1817		317.137		-76.2842
1818		312.304		133.607
1819		204.78		306.349
1820		31.4447		397.669
1821		-155.728		391.316
1822		-308.338		300.622
1823		-396.278		158.959
1824		-412.868		4.5334
1825		-369.762		-132.992
1826		-286.005		-238.359
1827		-177.884		-307.957
1828		-54.8652		-342.042
1829		77.3196		-337.927
1830		209.781		-288.84
1831		325.416		-189.277
1832		400.081		-43.3027
1833		410.518		129.859
1834		345.249		297.393
1835		212.455		422.116
1836		40.0997		475.452
1837		-132.52		447.929
1838		-268.04		352.032
1839		-342.867		216.191
1840		-352.217		73.2203
1841		-306.743		-50.7723
1842		-223.717		-141.704
1843		-118.388		-195.42
1844		-0.532074		-210.949
1845		122.389		-184.579
1846		238.482		-109.477
1847		326.706		18.0983
1848		359		189.502
1849		310.103		377.581
1850		171.025		539.055
1851		-40.8903		626.556
1852		-281.663		606.087
1853		-492.087		472.115
1854		-617.037		252.845
1855		-624.617		2.46201
1856		-516.825		-216.8
1857		-327.24		-355.096
1858		-107.322		-389.27
1859		91.9646		-325.628
1860		234.865		-191.568
1861		306.223		-21.6612
1862		307.207		154.239
1863		246.101		315.516
1864		130.937		447.521
1865		-31.2764		534.943
1866		-228.722		558.228
1867		-437.111		497.402
1868		-616.891		342.793
1869		-719.875		107.213
1870		-704.741		-168.007
1871		-555.403		-418.645
1872		-293.576		-575.06
1873		21.529		-585.647
1874		308.107		-436.892
1875		486.562		-161.409
1876		505.013		169.882
1877		355.938		468.776
1878		78.1116		656.197
1879		-256.035		684.581
1880		-562.19		549.19
1881		-767.112		286.146
1882		-825.761		-40.1611
1883		-729.025		-354.827
1884		-502.179		-589.801
1885		-196.635		-697.243
1886		121.928		-657.491
1887		386.809		-481.699
1888		543.398		-209.332
1889		560.708		99.5396
1890		439.043		376.91
1891		211.093		562.81
1892		-65.4729		620.853
1893		-323.276		548.339
1894		-504.397		376.623
1895		-577.032		160.531
1896		-543.333		-39.9989
1897		-435.205		-179.321
1898		-299.794		-238.975
1899		-180.87		-229.181
1900		-104.056		-179.111
1901		-71.8339		-121.149
1902		-69.3985		-76.8389
1903		-77.1967		-50.8585
1904		-83.0072		-34.8513
1905		-87.2756		-17.7552
1906		-99.5255		3.95898
1907		-128.769		22.2167
1908		-174.131		21.6811
1909		-221.604		-10.2329
1910		-249.178		-73.7402
1911		-237.671		-153.346
1912		-181.232		-223.101
1913		-91.5266		-257.865
1914		6.81122		-244.547
1915		87.0503		-187.298
1916		131.582		-104.05
1917		137.474		-16.7287
1918		113.734		59.0227
1919		72.568		118.665
1920		20.4861		165.612
1921		-44.8537		202.582
1922		-129.714		223.524
1923		-234.104		212.195
1924		-342.947		149.668
1925		-425.202		27.5582
1926		-443.487		-140.359
1927		-370.856		-315.605
1928		-206.705		-444.863
1929		16.7161		-479.164
1930		241.666		-394.083
1931		403.916		-201.462
1932		455.313		53.0833
1933		379.988		305.861
1934		197.457		496.77
1935		-47.6275		587.219
1936		-302.964		567.172
1937		-524.407		450.268
1938		-683.31		262.148
1939		-764.306		29.9433
1940		-758.331		-221.148
1941		-658.272		-463.837
1942		-462.289		-662.657
1943		-184.055		-773.485
1944		136.896		-753.535
1945		433.715		-580.095
1946		625.473		-269.545
1947		643.308		114.575
1948		459.755		472.322
1949		107.635		696.474
1950		-322.314		710.123
1951		-707.216		497.358
1952		-932.706		113.117
1953		-932.535		-333.324
1954		-710.936		-715.447
1955		-338.697		-932.31
1956		74.7456		-939.931
1957		420.786		-759.534
1958		626.126		-461.484
1959		669.261		-134.199
1960		575.152		147.265
1961		394.352		340.1
1962		178.841		434.951
1963		-33.7944		443.474
1964		-222.618		382.303
1965		-375.015		263.399
1966		-476.386		95.2818
1967		-506.539		-107.842
1968		-446.341		-317.217
1969		-291.088		-489.055
1970		-62.1236		-575.485
1971		191.697		-542.917
1972		405.961		-388.715
1973		522.065		-147.015
1974		508.569		120.457
1975		372.535		345.249
1976		155.599		475.543
1977		-83.1137		491.652
1978		-288.84		407.411
1979		-427.69		258.4
1980		-491.159		84.2216
1981		-488.712		-85.7308
1982		-434.69		-236.545
1983		-338.168		-361.867
1984		-201.768		-453.563
1985		-29.4528		-495.117
1986		162.567		-464.417
1987		340.085		-345.605
1988		456.069		-143.709
1989		466.463		106.874
1990		349.956		346.578
1991		121.955		507.91
1992		-165.006		539.231
1993		-436.095		424.794
1994		-618.684		191.97
1995		-666.404		-97.6669
1996		-572.883		-369.455
1997		-370.302		-559.816
1998		-114.835		-633.67
1999		133.491		-589.308
2000		327.617		-451.215
2001		441.159		-256.636
2002		466.694		-43.3208
2003		409.096		156.582
2004		279.923		316.328
2005		96.5446		412.091
2006		-114.751		423.326
2007		-316.197		338.559
2008		-461.747		164.619
2009		-508.199		-66.4271
2010		-431.373		-298.87
2011		-240.183		-466.259
2012		19.232		-512.628
2013		273.663		-413.979
2014		445.22		-190.461
2015		477.88		97.1377
2016		357.488		366.427
2017		116.781		540.935
2018		-176.713		575.212
2019		-444.774		467.7
2020		-624.554		256.969
2021		-686.316		4.17079
2022		-636.874		-229.925
2023		-509.444		-403.529
2024		-346.288		-501.419
2025		-182.732		-530.671
2026		-39.0462		-509.138
2027		78.2345		-453.818
2028		168.884		-374.859
2029		231.343		-276.875
2030		259.738		-164.817
2031		246.882		-49.3795
2032		190.647		52.255
2033		99.018		121.21
2034		-9.90585		144.484
2035		-113.547		120.69
2036		-193.137		60.3385
2037		-239.955		-19.6849
2038		-255.891		-104.309
2039		-248.071		-186.219
2040		-220.939		-265.831
2041		-171.007		-345.1
2042		-88.2601		-418.875
2043		35.521		-469.543
2044		195.612		-469.534
2045		366.864		-392.279
2046		505.467		-227.35
2047		561.372		7.55433
2048		497.405		264.678
2049		307.158		477.195
2050		23.3769		580.142
2051		-287.898		533.475
2052		-546.194		337.978
2053		-681.666		37.4215
2054		-656.94		-294.013
2055		-477.804		-574.092
2056		-189.664		-736.181
2057		137.637		-745.964
2058		429.952		-606.727
2059		626.61		-353.704
2060		691.073		-41.9318
2061		613.759		266.873
2062		409.617		514.653
2063		113.892		653.951
2064		-222.017		653.209
2065		-535.347		502.388
2066		-759.801		218.808
2067		-838.073		-149.652
2068		-737.761		-528.262
2069		-465.749		-828.946
2070		-74.2411		-972.443
2071		346.897		-913.071
2072		692.081		-657.006
2073		870.593		-265.696
2074		835.483		159.072
2075		599.833		504.819
2076		233.536		682.792
2077		-158.883		654.779
2078		-471.405		442.638
2079		-628.437		117.674
2080		-604.263		-225.139
2081		-424.312		-497.578
2082		-150.111		-641.956
2083		144.151		-641.014
2084		393.488		-513.259
2085		555.042		-299.095
2086		610.157		-45.6336
2087		559.022		203.47
2088		413.879		411.318
2089		195.543		546.898
2090		-65.8711		584.899
2091		-329.194		509.695
2092		-544.239		323.125
2093		-660.717		51.7403
2094		-642.856		-252.276
2095		-484.221		-520.283
2096		-215.474		-685.405
2097		100.191		-703.758
2098		384.041		-570.137
2099		565.627		-321.154
2100		604.369		-23.8727
2101		500.514		245.803
2102		291.617		426.425
2103		36.9143		487.032
2104		-203.145		430.688
2105		-383.666		286.113
2106		-482.617		93.0303
2107		-498.1		-111.288
2108		-439.821		-298.846
2109		-321.013		-450.202
2110		-155.46		-549.714
2111		39.8107		-582.175
2112		239.736		-534.764
2113		409.61		-404.264
2114		510.381		-205.437
2115		510.469		25.2778
2116		399.422		234.965
2117		196.718		368.253
2118		-49.5729		385.385
2119		-275.224		276.973
2120		-419.267		68.9575
2121		-442.997		-184.677
2122		-341.276		-418.676
2123		-142.238		-576.204
2124		103.598		-624.105
2125		339.7		-558.923
2126		518.881		-403.112
2127		612.73		-194.802
2128		613.639		23.8554
2129		531.271		215.591
2130		386.894		352.658
2131		208.412		418.224
2132		26.8908		406.664
2133		-126.474		324.174
2134		-224.487		189.336
2135		-249.596		31.8608
2136		-199.511		-112.212
2137		-89.9679		-208.91
2138		47.8321		-236.034
2139		175.479		-190.38
2140		258.878		-89.0259
2141		278.695		36.4344
2142		235.462		150.742
2143		147.303		226.52
2144		41.5249		251.839
2145		-56.0166		231.046
2146		-129.101		179.277
2147		-173.75		113.894
2148		-195.022		47.1301
2149		-200.548		-16.8722
2150		-194.531		-80.0196
2151		-175.205		-145.163
2152		-136.523		-211.1
2153		-72.6204		-270.324
2154		17.5476		-310.34
2155		127.618		-317.501
2156		244.017		-281.357
2157		348.26		-197.901
2158		420.062		-71.225
2159		440.461		85.9708
2160		395.08		252.465
2161		278.069		399.506
2162		96.6692		493.898
2163		-125.102		504.376
2164		-346.339		411.079
2165		-515.216		215.668
2166		-581.497		-52.285
2167		-512.776		-336.999
2168		-308.728		-568.218
2169		-6.99644		-680.764
2170		323.343		-635.61
2171		600.044		-434.488
2172		751.89		-121.748
2173		740.103		227.967
2174		568.993		531.909
2175		282.28		722.926
2176		-52.5857		766.043
2177		-365.037		662.817
2178		-598.712		444.034
2179		-719.971		156.167
2180		-717.165		-151.345
2181		-594.871		-433.073
2182		-368.922		-648.541
2183		-66.0145		-761.092
2184		272.866		-740.005
2185		590.074		-568.722
2186		815.959		-257.152
2187		883.54		148.524
2188		750.436		566.325
2189		419.853		893.706
2190		-49.5746		1035.38
2191		-552.204		934.844
2192		-962.037		597.318
2193		-1169.57		93.9481
2194		-1115.74		-455.964
2195		-810.403		-919.139
2196		-328.641		-1186.8
2197		213.084		-1203.9
2198		691.373		-979.9
2199		1008.42		-579.563
2200		1112.47		-99.7503
2201		1002.31		357.71
2202		718.498		708.07
2203		328.046		896.047
2204		-90.8015		899.312
2205		-460.526		726.94
2206		-713.574		416.41
2207		-801.358		29.8484
2208		-704.218		-352.74
2209		-440.214		-646.176
2210		-67.736		-779.064
2211		323.107		-714.856
2212		631.581		-467.135
2213		775.256		-101.103
2214		716.956		282.511
2215		478.727		577.66
2216		135.834		707.087
2217		-208.375		647.303
2218		-457.68		434.333
2219		-554.645		147.848
2220		-496.43		-119.651
2221		-329.313		-295.824
2222		-125.635		-350.444
2223		45.9286		-298.607
2224		143.923		-186.153
2225		162.619		-65.833
2226		124.331		24.1449
2227		61.8739		70.2017
2228		1.20372		79.7612
2229		-47.3641		68.5937
2230		-86.6251		47.6887
2231		-122.374		17.2083
2232		-153.241		-29.8929
2233		-167.296		-97.9634
2234		-147.708		-179.506
2235		-84.0558		-253.236
2236		17.6833		-291.475
2237		132.972		-273.409
2238		226.661		-197.08
2239		267.691		-83.2453
2240		243.282		31.6543
2241		165.28		110.462
2242		65.2227		131.031
2243		-19.6343		94.9886
2244		-62.4464		25.3512
2245		-57.2131		-45.572
2246		-18.6616		-91.6951
2247		27.8107		-104.273
2248		60.5191		-93.3056
2249		72.597		-79.0875
2250		74.201		-78.8298
2251		85.0193		-95.6813
2252		121.382		-115.993
2253		185.005		-116.21
2254		259.413		-75.702
2255		316.012		11.1804
2256		326.785		130.08
2257		277.257		251.199
2258		173.366		341.184
2259		39.0671		376.456
2260		-93.8376		351.661
2261		-198.416		279.537
2262		-261.695		182.959
2263		-286.124		83.6726
2264		-283.482		-6.3866
2265		-265.142		-87.0309
2266		-234.222		-164.557
2267		-183.968		-242.652
2268		-103.241		-314.804
2269		13.7698		-362.726
2270		158.789		-362.265
2271		306.543		-294.464
2272		419.911		-156.796
2273		461.683		30.6933
2274		408.45		227.562
2275		261.174		383.246
2276		48.2146		451.99
2277		-180.464		407.307
2278		-366.092		251.15
2279		-456.813		15.0411
2280		-421.697		-246.944
2281		-259.32		-471.067
2282		0.936951		-599.148
2283		304.799		-592.474
2284		584.627		-441.427
2285		774.081		-168.991
2286		823.074		172.596
2287		710.086		511.684
2288		449.162		772.043
2289		89.5138		890.07
2290		-293.097		830.774
2291		-612.247		598.514
2292		-790.98		239.132
2293		-781.492		-168.199
2294		-579.063		-528.41
2295		-225.875		-753.48
2296		197.239		-785.087
2297		589.708		-610.683
2298		856.203		-268.162
2299		931.042		162.693
2300		795.249		580.035
2301		481.424		885.801
2302		65.002		1010.51
2303		-355.624		930.208
2304		-684.519		671.153
2305		-852.095		301.17
2306		-831.087		-89.3117
2307		-640.721		-411.009
2308		-338.701		-597.657
2309		-4.05228		-620.339
2310		283.909		-491.177
2311		464.616		-256.461
2312		508.673		17.8468
2313		421.347		263.663
2314		237.497		426.671
2315		10.4095		477.038
2316		-201.988		413.347
2317		-350.129		260.002
2318		-402.567		59.7012
2319		-351.181		-136.888
2320		-211.53		-282.131
2321		-18.7334		-341.286
2322		180.327		-299.719
2323		337.253		-166.171
2324		413.099		28.8235
2325		387.79		239.556
2326		265.554		415.85
2327		74.482		515.549
2328		-140.301		515.51
2329		-328.429		417.76
2330		-447.805		248.604
2331		-475.68		50.6896
2332		-413.695		-129.593
2333		-285.283		-255.17
2334		-126.544		-307.418
2335		25.8729		-288.429
2336		145.32		-216.17
2337		220.374		-115.048
2338		253.335		-6.14711
2339		253.523		98.781
2340		229.053		197.356
2341		181.255		291.298
2342		104.506		378.973
2343		-8.47832		449.917
2344		-158.5		484.546
2345		-333.031		459.867
2346		-504.381		359.118
2347		-634.551		181.359
2348		-685.554		-53.24
2349		-631.627		-305.023
2350		-468.9		-523.346
2351		-219.027		-659.275
2352		74.5022		-678.396
2353		356.028		-569.804
2354		570.282		-348.941
2355		674.23		-54.138
2356		645.465		261.513
2357		485.913		540.434
2358		221.045		730.751
2359		-104.43		794.928
2360		-433.41		716.195
2361		-705.124		502.388
2362		-865.24		186.626
2363		-876.441		-176.065
2364		-727.735		-516.878
2365		-439.975		-765.838
2366		-65.039		-867.004
2367		322.722		-792.748
2368		641.977		-552.831
2369		823.512		-194.741
2370		827.794		205.968
2371		655.655		563.459
2372		348.484		802.821
2373		-22.5052		878.545
2374		-374.886		784.868
2375		-635.92		555.093
2376		-759.624		250.61
2377		-735.386		-56.5045
2378		-586.549		-301.775
2379		-360.618		-442.292
2380		-115.043		-463.245
2381		96.8189		-376.653
2382		236.047		-214.328
2383		283.214		-18.2114
2384		238.579		168.985
2385		118.94		311.124
2386		-47.1992		383.528
2387		-225.117		375.74
2388		-379.711		292.495
2389		-481.527		152.75
2390		-512.47		-13.6883
2391		-469.92		-172.17
2392		-367.689		-291.1
2393		-232.695		-349.842
2394		-97.6066		-344.021
2395		8.57533		-286.054
2396		68.828		-200.24
2397		82.1677		-113.915
2398		61.7854		-47.9545
2399		27.9726		-10.361
2400		-1.18874		4.44818
2401		-17.3446		10.503
2402		-24.3138		21.726
2403		-34.4549		43.9767
2404		-60.7592		71.4618
2405		-108.497		89.26
2406		-170.507		80.8376
2407		-228.551		37.0414
2408		-260.34		-37.7117
2409		-249.182		-125.094
2410		-191.913		-198.779
2411		-101.568		-234.166
2412		-3.54395		-217.824
2413		73.1274		-152.728
2414		105.774		-57.303
2415		85.4097		41.0263
2416		18.8742		114.941
2417		-74.416		145.41
2418		-169.18		126.249
2419		-241.585		64.2579
2420		-274.766		-24.0734
2421		-261.515		-117.31
2422		-204.568		-193.586
2423		-115.533		-234.165
2424		-13.28		-226.314
2425		78.2789		-166.014
2426		133.695		-60.435
2427		131.27		70.8592
2428		59.5722		197.533
2429		-76.714		284.027
2430		-254.283		298.583
2431		-434.173		223.412
2432		-570.531		62.4362
2433		-623.067		-156.755
2434		-569.259		-388.254
2435		-412.025		-579.292
2436		-180.067		-684.229
2437		79.2188		-676.512
2438		311.715		-554.954
2439		469.398		-342.999
2440		520.29		-82.1984
2441		453.528		177.237
2442		279.739		385.847
2443		28.2274		502.582
2444		-257.377		500.534
2445		-524.455		371.453
2446		-718.271		129.309
2447		-791.19		-188.1
2448		-713.896		-521.704
2449		-486.197		-799.922
2450		-143.263		-953.848
2451		246.899		-935.934
2452		596.691		-736.507
2453		820.83		-391.559
2454		860.804		22.7241
2455		703.564		408.76
2456		387.271		674.546
2457		-8.83195		760.016
2458		-387.517		653.661
2459		-661.758		393.668
2460		-778.276		53.6512
2461		-728.712		-281.284
2462		-545.807		-539.124
2463		-287.758		-677.774
2464		-18.0073		-689.655
2465		211.663		-594.961
2466		369.605		-428.743
2467		443.794		-228.404
2468		435.826		-26.3247
2469		354.564		151.398
2470		213.249		282.757
2471		30.6705		348.346
2472		-166.26		333.59
2473		-342.518		234.62
2474		-460.307		64.6053
2475		-489.291		-143.974
2476		-417.939		-344.309
2477		-260.659		-487.329
2478		-56.4956		-536.945
2479		141.368		-482.462
2480		281.929		-342.806
2481		332.41		-160.449
2482		287.811		12.7813
2483		170.505		132.483
2484		20.534		174.62
2485		-119.007		140.145
2486		-215.517		50.5456
2487		-254.525		-62.7306
2488		-239.59		-169.947
2489		-186.117		-251.224
2490		-112.953		-298.857
2491		-35.725		-314.518
2492		35.8152		-304.13
2493		96.6597		-273.581
2494		143.673		-227.171
2495		173.436		-168.657
2496		182.206		-103.232
2497		167.715		-38.5021
2498		131.279		16.5608
2499		78.5053		54.1578
2500		17.9232		70.1522
2501		-41.7886		64.9334
2502		-94.3226		42.1349
2503		-136.503		6.08052
2504		-166.907		-40.2927
2505		-183.419		-95.5207
2506		-181.653		-157.457
2507		-155.873		-220.199
2508		-102.601		-272.367
2509		-25.3244		-298.652
2510		62.4173		-284.982
2511		138.045		-225.56
2512		175.844		-128.576
2513		156.171		-17.3733
2514		74.4511		74.5329
2515		-54.0181		113.568
2516		-196.099		77.9206
2517		-309.693		-33.432
2518		-356.681		-198.192
2519		-315.375		-376.025
2520		-188.062		-520.022
2521		-0.999687		-590.414
2522		202.936		-565.927
2523		376.221		-449.269
2524		479.214		-265.511
2525		489.464		-54.6229
2526		405.641		138.907
2527		245.953		276.108
2528		42.6161		330.79
2529		-165.424		293.106
2530		-339.597		169.769
2531		-447.628		-18.061
2532		-468.056		-238.289
2533		-393.507		-452.389
2534		-232.634		-620.899
2535		-10.1955		-709.847
2536		235.544		-697.524
2537		458.606		-580.257
2538		613.922		-375.385
2539		667.263		-119.858
2540		604.03		136.145
2541		434.268		339.678
2542		191.962		447.235
2543		-71.7856		435.514
2544		-300.306		307.646
2545		-444.767		92.952
2546		-475.848		-159.94
2547		-390.531		-394.874
2548		-212.19		-561.702
2549		15.9337		-627.945
2550		241.949		-585.567
2551		418.067		-451.289
2552		511.428		-260.746
2553		510.314		-58.4756
2554		424.532		113.243
2555		280.495		223.639
2556		112.989		258.602
2557		-43.6857		221.003
2558		-162.756		126.964
2559		-228.719		-0.0482063
2560		-237.634		-135.206
2561		-194.959		-256.753
2562		-112.437		-348.302
2563		-5.33733		-399.414
2564		109.396		-405.447
2565		214.386		-367.545
2566		293.256		-293.005
2567		332.885		-195.476
2568		326.443		-93.9903
2569		276.272		-10.0378
2570		195.137		37.2372
2571		104.588		36.5678
2572		30.1066		-11.133
2573		-5.92355		-91.6424
2574		8.78434		-180.496
2575		71.9873		-249.733
2576		166.902		-276.278
2577		266.914		-249.126
2578		343.545		-172.76
2579		374.942		-65.6308
2580		351.999		45.6952
2581		280.18		134.505
2582		176.798		181.207
2583		65.1852		177.601
2584		-31.8598		127.234
2585		-97.1109		42.5246
2586		-121.214		-59.5952
2587		-102.413		-161.648
2588		-44.8884		-248.051
2589		42.9052		-306.036
2590		149.089		-325.947
2591		258.599		-301.954
2592		353.759		-233.653
2593		416.2		-128.002
2594		430.455		-0.325958
2595		388.425		126.913
2596		293.084		228.099
2597		159.634		280.449
2598		13.1187		270.172
2599		-117.129		196.613
2600		-204.537		72.8309
2601		-231.535		-77.5921
2602		-193.081		-226.33
2603		-96.6949		-346.627
2604		40.3776		-418.23
2605		195.359		-429.927
2606		343.915		-379.877
2607		463.076		-274.765
2608		533.286		-128.821
2609		540.397		36.9623
2610		478.291		195.995
2611		351.956		318.776
2612		179.711		377.856
2613		-7.25114		354.668
2614		-169.416		246.368
2615		-267.52		69.9458
2616		-273.182		-138.845
2617		-178.197		-332.604
2618		1.04309		-464.043
2619		226.187		-498.921
2620		446.342		-425.907
2621		611.496		-259.95
2622		685.634		-37.9814
2623		655.395		191.491
2624		531.798		381.305
2625		345.2		496.87
2626		135.848		522.559
2627		-56.39		462.215
2628		-200.03		334.917
2629		-276.08		168.486
2630		-278.485		-6.76671
2631		-212.385		-162.566
2632		-91.803		-275.385
2633		62.3269		-328.229
2634		224.012		-312.446
2635		364.817		-229.738
2636		457.976		-93.5799
2637		483.807		71.3369
2638		435.057		232.72
2639		320.16		357.254
2640		162.615		418.632
2641		-4.02243		404.552
2642		-144.393		320.176
2643		-230.343		186.693
2644		-247.781		35.3279
2645		-199.239		-101.186
2646		-101.594		-196.843
2647		19.8795		-237.775
2648		138.8		-223.54
2649		233.839		-164.6
2650		292.103		-77.5753
2651		309.398		19.6804
2652		288.262		111.551
2653		235.285		186.059
2654		159.06		234.619
2655		69.4089		251.233
2656		-22.3883		232.215
2657		-103.249		176.986
2658		-158.831		89.7002
2659		-175.562		-19.2035
2660		-143.968		-132.66
2661		-62.4285		-228.727
2662		60.056		-284.602
2663		203.407		-282.214
2664		339.167		-213.94
2665		436.253		-86.6172
2666		468.615		77.7873
2667		422.8		245.697
2668		303.075		379.276
2669		132.183		445.936
2670		-53.0397		427.368
2671		-210.429		325.319
2672		-303.303		162.06
2673		-310.182		-24.8859
2674		-230.422		-192.379
2675		-84.0273		-302.778
2676		94.1765		-333.175
2677		264.003		-280.088
2678		389.905		-158.613
2679		448.537		3.04973
2680		432.137		171.401
2681		347.644		315.1
2682		212.964		410.168
2683		52.3168		442.387
2684		-107.803		407.608
2685		-241.621		311.175
2686		-326.557		167.338
2687		-346.042		-1.47904
2688		-292.968		-166.462
2689		-172.973		-296.286
2690		-5.91561		-363.253
2691		176.169		-350.485
2692		335.256		-257.777
2693		436.512		-103.536
2694		457.756		78.7072
2695		395.821		248.687
2696		267.379		370.148
2697		103.746		420.28
2698		-58.4185		394.628
2699		-187.106		306.082
2700		-262.146		178.921
2701		-277.562		40.7202
2702		-239.268		-84.6138
2703		-160.168		-180.472
2704		-55.424		-237.569
2705		60.1453		-251.895
2706		172.234		-222.822
2707		266.146		-152.969
2708		326.817		-49.8398
2709		341.085		72.3002
2710		301.937		192.434
2711		212.853		286.065
2712		89.7281		331.407
2713		-41.3969		316.382
2714		-150.743		243.459
2715		-213.277		129.999
2716		-216.102		3.57446
2717		-161.891		-106.097
2718		-67.1841		-175.573
2719		43.5009		-193.384
2720		145.176		-161.317
2721		218.619		-91.5534
2722		253.459		-1.57349
2723		247.955		90.7613
2724		206.763		170.292
2725		138.53		225.562
2726		54.4763		248.733
2727		-32.0334		235.766
2728		-106.017		187.551
2729		-152.68		111.461
2730		-160.857		21.9145
2731		-127.117		-61.4888
2732		-58.5793		-118.593
2733		27.467		-134.882
2734		107.846		-106.838
2735		160.575		-43.9777
2736		172.147		33.7228
2737		142.078		102.342
2738		82.7725		142.02
2739		14.7629		143.304
2740		-40.6734		109.41
2741		-68.4885		53.7905
2742		-63.7799		-5.58652
2743		-31.5373		-52.6114
2744		16.9793		-77.4757
2745		69.1162		-77.8337
2746		114.674		-57.0316
2747		147.403		-21.0226
2748		164.272		24.1463
2749		163.803		73.1531
2750		145		120.671
2751		107.748		160.231
2752		54.4136		184.042
2753		-8.55123		184.468
2754		-70.33		156.773
2755		-117.51		101.871
2756		-137.519		27.6383
2757		-122.463		-52.0704
2758		-71.8701		-120.497
2759		6.68591		-162.078
2760		99.1624		-166.164
2761		188.11		-129.305
2762		256.147		-55.7852
2763		289.009		43.2728
2764		277.825		151.662
2765		220.707		250.318
2766		123.725		319.995
2767		1.05998		344.5
2768		-126.227		314.325
2769		-233.311		229.926
2770		-296.577		103.445
2771		-299.488		-42.3209
2772		-237.625		-178.16
2773		-121.009		-275.147
2774		27.4656		-311.949
2775		177.319		-280.392
2776		297.951		-187.446
2777		365.909		-53.0757
2778		369.776		95.1347
2779		311.525		228.617
2780		204.594		323.638
2781		69.9686		364.975
2782		-68.1678		347.235
2783		-186.146		274.522
2784		-263.702		159.333
2785		-286.462		21.1312
2786		-248.398		-115.681
2787		-154.029		-225
2788		-19.3721		-283.769
2789		129.624		-277.58
2790		261.829		-205.443
2791		348.262		-81.659
2792		369.964		66.6557
2793		323.655		206.292
2794		222.859		307.017
2795		93.7633		349.909
2796		-32.8303		331.959
2797		-130.544		265.367
2798		-184.153		172.077
2799		-191.811		75.9675
2800		-162.544		-4.13218
2801		-110.777		-58.1401
2802		-50.6388		-84.3988
2803		7.57121		-86.4926
2804		57.8205		-69.4776
2805		96.5015		-37.6319
2806		120.22		5.40818
2807		125.046		54.8549
2808		107.931		103.091
2809		69.4702		139.822
2810		16.1726		154.655
2811		-39.559		141.199
2812		-82.4289		100.664
2813		-99.3269		42.9298
2814		-84.3625		-15.8737
2815		-41.5479		-58.5995
2816		16.2243		-73.0501
2817		71.6167		-56.2032
2818		108.891		-14.9567
2819		119.092		36.8008
2820		102.387		83.4206
2821		66.8936		112.788
2822		24.89		119.632
2823		-11.7741		105.885
2824		-35.1437		78.486
2825		-42.4186		46.0388
2826		-35.0741		15.9161
2827		-16.8356		-7.13934
2828		8.22265		-20.8351
2829		36.5938		-24.2814
2830		65.1715		-17.0539
2831		90.5742		0.966789
2832		108.761		28.9576
2833		115.459		64.2581
2834		107.359		101.95
2835		83.5382		135.378
2836		46.3756		157.578
2837		1.49207		163.08
2838		-43.3335		149.421
2839		-79.8589		117.827
2840		-101.096		72.9481
2841		-102.569		21.8817
2842		-82.9295		-27.0985
2843		-44.0207		-65.7597
2844		9.38052		-86.9322
2845		69.9921		-85.3914
2846		128.636		-58.6924
2847		175.162		-7.9524
2848		199.795		61.6085
2849		194.87		140.666
2850		156.674		216.604
2851		86.9657		275.222
2852		-6.28741		303.193
2853		-109.327		290.858
2854		-204.308		234.818
2855		-272.19		139.726
2856		-296.448		18.7296
2857		-266.966		-107.83
2858		-183.298		-215.573
2859		-56.3418		-280.799
2860		92.3689		-285.937
2861		234.108		-224.488
2862		338.79		-103.976
2863		382.005		54.2759
2864		351.436		219.003
2865		250.732		355.87
2866		99.4496		435.658
2867		-71.2131		441.526
2868		-225.852		373.178
2869		-333.378		246.723
2870		-374.209		90.3115
2871		-344.175		-63.0337
2872		-254.336		-183.253
2873		-127.169		-249.588
2874		9.39246		-254.005
2875		128.268		-201.37
2876		208.372		-106.951
2877		237.792		7.61046
2878		214.893		118.776
2879		147.714		205.261
2880		52.0406		251.485
2881		-51.539		250.093
2882		-141.395		203.295
2883		-199.083		122.609
2884		-213.336		26.6995
2885		-182.836		-62.6428
2886		-116.748		-125.667
2887		-32.5157		-149.651
2888		48.7565		-132.184
2889		108.075		-81.5473
2890		133.693		-13.9527
2891		123.923		51.5224
2892		86.7508		98.5985
2893		36.5		118.156
2894		-11.1016		109.933
2895		-43.6627		81.2632
2896		-55.09		43.6467
2897		-46.0462		8.66312
2898		-22.2117		-15.25
2899		8.56267		-24.2215
2900		38.9122		-18.5261
2901		63.4975		-1.0272
2902		79.2059		24.5012
2903		84.4742		54.3785
2904		78.5136		85.1103
2905		61.0875		112.926
2906		33.022		133.43
2907		-2.90437		141.939
2908		-41.3664		134.677
2909		-74.8159		110.441
2910		-94.9672		72.0164
2911		-95.1394		26.5754
2912		-72.707		-15.3982
2913		-30.7362		-42.557
2914		21.9264		-45.8788
2915		72.3688		-21.6125
2916		106.784		27.0146
2917		114.232		89.9944
2918		89.8808		152.732
2919		36.6864		199.701
2920		-35.0499		218.516
2921		-110.194		203.236
2922		-172.636		155.893
2923		-209.334		85.8129
2924		-213.348		7
2925		-185.024		-65.5227
2926		-131.14		-119.243
2927		-62.536		-146.524
2928		8.80921		-145.288
2929		72.2377		-118.202
2930		119.778		-71.0331
2931		146.374		-11.0568
2932		149.464		53.9268
2933		128.603		115.883
2934		85.5713		166.585
2935		24.9537		198.032
2936		-45.352		203.628
2937		-114.404		179.982
2938		-169.721		128.665
2939		-199.889		57.0195
2940		-197.522		-22.6469
2941		-161.504		-95.4858
2942		-97.6161		-147.493
2943		-17.2739		-168.73
2944		65.1675		-155.349
2945		135.557		-109.9
2946		182.527		-40.1424
2947		198.917		42.9187
2948		182.104		126.936
2949		133.744		199.617
2950		59.4917		249.705
2951		-31.1087		268
2952		-124.899		248.837
2953		-206.203		191.951
2954		-259.222		104.035
2955		-271.546		-1.00826
2956		-237.872		-103.925
2957		-162.478		-184.08
2958		-59.2281		-224.568
2959		51.3111		-216.798
2960		146.928		-162.884
2961		209.336		-74.9329
2962		228.391		28.4953
2963		203.642		127.382
2964		143.055		204.913
2965		59.8144		250.357
2966		-31.2723		259.691
2967		-116.478		234.525
2968		-184.466		180.457
2969		-226.589		105.854
2970		-237.081		21.3408
2971		-213.803		-60.5098
2972		-159.541		-126.151
2973		-83.026		-163.285
2974		1.44468		-164.051
2975		76.4892		-128.043
2976		125.94		-63.6177
2977		139.603		13.5504
2978		116.599		84.6323
2979		65.7625		133.203
2980		2.73041		150.123
2981		-55.2402		135.847
2982		-94.7117		99.3152
2983		-109.665		54.0333
2984		-102.055		13.1125
2985		-79.4815		-14.6928
2986		-51.3812		-26.5457
2987		-25.5566		-24.5385
2988		-6.43729		-13.1776
2989		4.63211		3.10231
2990		7.85606		21.1744
2991		3.50661		38.9142
2992		-8.47098		54.0461
2993		-27.5906		63.3083
2994		-51.4276		62.8306
2995		-74.8584		49.7856
2996		-90.8123		24.4772
2997		-92.5558		-8.4004
2998		-76.6011		-40.3092
2999		-44.8472		-61.3268
3000		-4.79646		-63.6382
3001		32.4574		-44.6053
3002		55.7585		-8.08631
3003		57.546		36.5581
3004		36.2346		77.34
3005		-3.4651		103.229
3006		-52.1784		107.127
3007		-98.6085		87.351
3008		-132.318		47.4747
3009		-145.757		-4.984
3010		-135.282		-60.3175
3011		-101.396		-108.289
3012		-48.5496		-139.554
3013		15.2958		-146.965
3014		79.4874		-126.893
3015		132.117		-80.4093
3016		162.167		-13.8682
3017		162.037		61.6218
3018		129.731		132.102
3019		69.875		183.738
3020		-6.9602		206.061
3021		-86.5491		194.454
3022		-154.23		151.108
3023		-198.048		84.2381
3024		-210.935		5.99464
3025		-191.543		-70.1548
3026		-143.851		-131.801
3027		-76.0437		-169.317
3028		0.881821		-176.932
3029		74.5604		-153.36
3030		132.835		-102.127
3031		165.576		-31.4539
3032		166.644		46.6303
3033		135.517		118.196
3034		77.9107		170.182
3035		4.85926		193.363
3036		-69.7443		184.536
3037		-132.465		147.082
3038		-173.397		89.6592
3039		-187.913		23.5407
3040		-176.638		-40.3058
3041		-143.955		-93.2942
3042		-96.02		-129.862
3043		-39.3151		-146.904
3044		19.7061		-142.863
3045		74.1514		-117.405
3046		116.276		-72.1214
3047		138.059		-11.8418
3048		133.116		54.4963
3049		99.3818		114.494
3050		41.2612		154.869
3051		-30.1118		165.337
3052		-99.1465		142.278
3053		-150.081		90.5349
3054		-171.711		22.3398
3055		-160.671		-46.3695
3056		-121.946		-100.807
3057		-66.5129		-131.42
3058		-7.29755		-135.672
3059		44.7399		-117.124
3060		82.8306		-82.7021
3061		104.394		-39.7374
3062		109.465		5.78887
3063		98.9327		49.2764
3064		73.8281		86.415
3065		36.0498		112.246
3066		-10.1744		121.491
3067		-57.4138		110.371
3068		-95.8634		79.0523
3069		-116.038		33.2268
3070		-112.329		-16.4511
3071		-85.7043		-57.3005
3072		-44.0684		-78.8985
3073		0.198109		-76.8554
3074		34.5875		-54.3385
3075		50.843		-20.6099
3076		47.4662		12.7395
3077		29.377		36.121
3078		5.13175		44.9345
3079		-16.7844		40.0909
3080		-30.8025		26.2576
3081		-35.1394		9.10021
3082		-30.7733		-6.89226
3083		-19.6338		-19.0192
3084		-3.38779		-25.5426
3085		16.3901		-24.4974
3086		36.9639		-13.4089
3087		53.2847		9.46867
3088		58.2579		42.9162
3089		44.9765		80.9397
3090		10.2233		112.907
3091		-42.4614		126.289
3092		-101.986		111.266
3093		-152.132		65.3029
3094		-176.615		-4.50609
3095		-164.849		-82.6391
3096		-115.986		-149.673
3097		-39.5281		-188.368
3098		47.7056		-188.871
3099		126.839		-151.077
3100		182.203		-83.565
3101		204.641		-0.0972633
3102		192.074		84.4716
3103		147.996		157.129
3104		79.3674		207.803
3105		-4.72108		229.172
3106		-93.2219		216.466
3107		-172.9		168.3
3108		-229.018		88.5283
3109		-247.88		-11.9933
3110		-220.964		-115.433
3111		-149.091		-199.92
3112		-44.4443		-245.135
3113		71.1538		-238.746
3114		171.775		-181.04
3115		234.963		-85.5706
3116		248.476		24.7937
3117		213.498		125.025
3118		143.1		195.471
3119		56.8017		226.822
3120		-26.2865		220.812
3121		-92.8295		186.949
3122		-137.207		137.275
3123		-159.909		81.8335
3124		-163.988		26.7492
3125		-151.891		-24.7709
3126		-124.445		-69.8565
3127		-82.289		-103.894
3128		-28.4907		-120.56
3129		29.6443		-114.174
3130		81.1172		-83.0848
3131		114.318		-32.0427
3132		121.308		28.0558
3133		101.168		83.3245
3134		60.6156		121.641
3135		11.463		136.807
3136		-33.9651		130.165
3137		-67.2798		108.983
3138		-86.3074		82.5405
3139		-94.3048		57.911
3140		-96.7861		37.5091
3141		-97.7916		19.4272
3142		-97.5835		0.0987396
3143		-92.8778		-22.3532
3144		-79.3086		-45.9741
3145		-54.6573		-65.1885
3146		-21.046		-73.1913
3147		15.0677		-65.2142
3148		45.0538		-40.9699
3149		61.2949		-5.10513
3150		59.8325		34.4169
3151		41.3502		69.0591
3152		10.3239		92.2108
3153		-26.8946		100.433
3154		-63.9232		93.2873
3155		-95.3153		72.3864
3156		-116.603		40.5962
3157		-124.059		1.94228
3158		-114.979		-37.9656
3159		-88.8213		-71.7832
3160		-48.7246		-91.3939
3161		-2.34004		-90.2045
3162		39.0752		-66.0671
3163		63.5979		-23.4179
3164		62.8044		26.7579
3165		35.4744		69.7113
3166		-10.955		91.7525
3167		-62.185		85.3146
3168		-101.705		52.1248
3169		-116.604		3.01632
3170		-102.233		-45.7034
3171		-63.8696		-77.9604
3172		-14.7349		-83.4676
3173		28.7396		-61.0225
3174		52.4938		-18.4605
3175		49.1699		30.4293
3176		19.8241		70.5954
3177		-27.1791		90.2002
3178		-79.2199		83.4739
3179		-123.062		51.4336
3180		-147.894		0.837334
3181		-147.213		-57.7961
3182		-119.608		-112.348
3183		-68.8195		-151.093
3184		-3.32484		-164.548
3185		64.5935		-147.311
3186		120.589		-99.7308
3187		150.938		-28.901
3188		145.877		51.7204
3189		102.734		124.521
3190		27.7207		171.605
3191		-64.5159		179.409
3192		-153.821		142.672
3193		-219.271		66.4224
3194		-244.374		-34.7496
3195		-221.203		-139.967
3196		-152.321		-226.903
3197		-50.1093		-276.799
3198		66.0854		-278.39
3199		174.069		-229.977
3200		253.157		-139.48
3201		287.956		-22.7691
3202		271.073		99.2516
3203		204.481		204.304
3204		99.41		272.692
3205		-25.3596		291.035
3206		-146.724		255.126
3207		-241.634		171.213
3208		-291.818		55.167
3209		-287.759		-70.5543
3210		-230.846		-181.573
3211		-133.04		-256.782
3212		-14.1133		-282.709
3213		102.748		-255.985
3214		195.771		-183.436
3215		248.663		-80.0615
3216		253.153		34.3023
3217		209.824		138.733
3218		127.496		214.682
3219		21.5619		248.797
3220		-88.4313		235.028
3221		-181.849		175.878
3222		-240.566		82.5319
3223		-252.717		-26.5756
3224		-215.797		-129.006
3225		-138.052		-203.096
3226		-37.2914		-233.261
3227		63.0891		-214.297
3228		140.044		-153.105
3229		177.081		-66.9959
3230		168.711		21.1628
3231		121.602		89.4741
3232		52.037		123.075
3233		-19.3934		117.753
3234		-73.9732		80.0682
3235		-99.8213		24.2492
3236		-94.1829		-32.7549
3237		-62.7304		-76.2152
3238		-16.6461		-97.0261
3239		31.1378		-92.8918
3240		69.2405		-67.5465
3241		89.9414		-28.8326
3242		90.0448		13.4946
3243		70.8629		49.7336
3244		37.6848		71.8896
3245		-1.16977		75.1209
3246		-35.8593		58.9294
3247		-57.1819		27.7238
3248		-59.1034		-9.77299
3249		-40.8886		-42.5841
3250		-7.85727		-60.6973
3251		29.9036		-58.4363
3252		60.7452		-36.6171
3253		75.5142		-2.40252
3254		70.8297		33.3275
3255		50.111		60.1362
3256		21.8087		71.9697
3257		-4.42712		69.1152
3258		-21.9025		57.2871
3259		-29.4172		44.2998
3260		-30.9992		35.9707
3261		-33.0274		33.2906
3262		-40.2453		32.2726
3263		-52.7406		26.5388
3264		-65.488		11.2954
3265		-70.7424		-13.3877
3266		-62.097		-41.7465
3267		-38.1404		-64.4569
3268		-3.81824		-72.7296
3269		31.2403		-62.3504
3270		56.6395		-35.6654
3271		65.4547		-0.556232
3272		56.7365		33.0272
3273		35.145		57.1915
3274		8.06966		68.8237
3275		-18.1314		69.6511
3276		-40.7444		63.8201
3277		-60.8188		54.496
3278		-80.8429		41.4874
3279		-101.387		21.3235
3280		-118.736		-10.1458
3281		-125.061		-53.966
3282		-111.374		-105.188
3283		-72.0358		-152.615
3284		-8.70067		-181.689
3285		68.2652		-179.529
3286		141.765		-140.059
3287		192.736		-67.1157
3288		205.91		25.7306
3289		174.475		118.516
3290		102.115		190.077
3291		2.06697		223.292
3292		-106.108		208.862
3293		-200.769		146.953
3294		-262.303		46.8679
3295		-276.451		-74.6639
3296		-236.736		-196.031
3297		-146.047		-293.92
3298		-17.1939		-347.133
3299		128.038		-340.89
3300		261.91		-270.927
3301		355.918		-146.172
3302		387.373		11.345
3303		345.697		170.126
3304		236.36		296.027
3305		80.8139		360.602
3306		-88.0086		348.542
3307		-233.529		261.848
3308		-324.42		119.402
3309		-341.941		-47.8445
3310		-283.736		-204.467
3311		-163.405		-318.635
3312		-6.53749		-368.528
3313		155.271		-345.909
3314		290.754		-256.66
3315		374.478		-118.906
3316		390.97		40.4964
3317		337.334		190.541
3318		224.194		301.396
3319		74.5882		350.112
3320		-79.6507		325.953
3321		-204.101		233.99
3322		-269.691		95.4789
3323		-260.518		-55.9966
3324		-179.079		-182.363
3325		-46.7835		-251.085
3326		101.076		-244.438
3327		224.81		-164.927
3328		291.48		-34.8337
3329		284.171		110.171
3330		206.392		231.331
3331		80.3127		297.668
3332		-60.2828		293.993
3333		-179.777		223.835
3334		-250.025		106.96
3335		-256.571		-27.0725
3336		-200.578		-146.885
3337		-96.8284		-226.408
3338		30.8335		-249.668
3339		154.975		-212.827
3340		249.773		-123.92
3341		295.36		-0.920753
3342		281.177		131.37
3343		208.165		245.476
3344		89.3944		316.25
3345		-51.5033		326.231
3346		-184.447		270.228
3347		-279.23		157.719
3348		-312.762		11.8586
3349		-275.274		-135.236
3350		-173.47		-250.006
3351		-29.4368		-305.789
3352		124.605		-289.557
3353		254.234		-205.086
3354		331.176		-71.7111
3355		339.738		80.7694
3356		279.799		219.409
3357		165.944		315.592
3358		23.4176		350.891
3359		-117.786		320.231
3360		-229.249		232.12
3361		-289.667		106.265
3362		-288.763		-30.7464
3363		-229.036		-150.924
3364		-125.05		-230.618
3365		-0.245186		-255.502
3366		118.31		-223.685
3367		206.22		-146.029
3368		247.616		-43.2907
3369		238.874		59.4194
3370		188.988		139.401
3371		116.311		182.358
3372		42.6206		185.699
3373		-13.5577		158.103
3374		-42.1478		115.549
3375		-43.5557		75.3374
3376		-27.0304		50.2415
3377		-6.20023		44.8134
3378		6.41163		54.945
3379		3.86995		70.5142
3380		-13.1443		79.8665
3381		-37.1846		74.3793
3382		-57.1385		51.5654
3383		-62.2967		15.8842
3384		-46.013		-22.6993
3385		-7.956		-51.7105
3386		45.4709		-59.7404
3387		102.448		-39.6865
3388		148.38		9.00061
3389		169.314		79.4871
3390		155.503		158.348
3391		104.415		228.004
3392		22.4439		270.539
3393		-75.3791		272.223
3394		-167.997		227.695
3395		-232.994		142.554
3396		-252.341		33.3155
3397		-217.688		-75.6673
3398		-133.591		-157.815
3399		-17.5083		-191.092
3400		103.695		-164.1
3401		199.966		-79.7474
3402		245.439		44.5804
3403		225.082		180.483
3404		138.964		294.822
3405		3.12183		357.37
3406		-153.216		348.128
3407		-293.538		262.734
3408		-382.018		114.73
3409		-392.013		-66.0202
3410		-313.314		-238.849
3411		-156.358		-361.019
3412		48.1183		-398.072
3413		254.617		-333.421
3414		413.005		-174.512
3415		481.141		46.72
3416		436.748		280.054
3417		284.962		468.909
3418		58.844		565.091
3419		-187.951		542.228
3420		-394.715		403.79
3421		-509.73		183.025
3422		-504.132		-65.4055
3423		-379.533		-279.721
3424		-167.286		-407.057
3425		80.1263		-416.648
3426		302.778		-306.692
3427		448.003		-103.532
3428		482.254		145.885
3429		397.535		385.643
3430		211.657		563.362
3431		-36.8183		640.766
3432		-297.156		600.592
3433		-516.548		449.201
3434		-650.06		215.011
3435		-669.079		-56.7084
3436		-567.175		-312.032
3437		-362.307		-498.58
3438		-94.5185		-576.269
3439		181.172		-526.574
3440		405.921		-357.968
3441		530.189		-105.599
3442		525.752		175.511
3443		393.272		422.705
3444		162.966		580.52
3445		-112.254		614.234
3446		-369.607		518.317
3447		-551.789		317.39
3448		-620.647		59.4721
3449		-565.508		-196.467
3450		-404.205		-395.022
3451		-177.005		-496.994
3452		64.3494		-487.044
3453		269.22		-374.959
3454		398.969		-191.024
3455		433.829		22.5773
3456		374.825		221.72
3457		241.186		369.282
3458		64.6196		441.425
3459		-117.868		430.556
3460		-271.098		345.104
3461		-367.722		206.722
3462		-392.452		45.6864
3463		-344.203		-104.767
3464		-235.944		-214.435
3465		-92.2424		-261.703
3466		55.3464		-237.784
3467		174.466		-148.758
3468		238.725		-14.7072
3469		233.641		134.24
3470		160.267		264.432
3471		35.3466		346.452
3472		-112.388		362.267
3473		-249.129		309.798
3474		-344.466		203.501
3475		-379.155		70.574
3476		-349.977		-56.3311
3477		-270.201		-147.921
3478		-165.456		-186.07
3479		-66.1865		-168.358
3480		1.08197		-108.022
3481		21.0742		-29.4201
3482		-6.42799		39.5479
3483		-67.2961		75.7171
3484		-137.881		67.1851
3485		-192.347		16.2789
3486		-210.26		-61.6899
3487		-182.283		-143.275
3488		-112.492		-203.772
3489		-16.9269		-224.121
3490		81.0189		-195.997
3491		156.976		-123.869
3492		192.024		-23.6592
3493		177.559		81.5103
3494		117.415		167.353
3495		26.7808		214.684
3496		-71.8427		214.346
3497		-154.604		169.489
3498		-202.652		94.5539
3499		-207.126		11.1568
3500		-171.351		-58.0547
3501		-109.511		-95.8171
3502		-42.1329		-95.0233
3503		10.267		-60.3567
3504		33.3877		-6.25767
3505		23.2116		48.1094
3506		-13.3586		85.2135
3507		-61.426		94.7186
3508		-103.51		76.4357
3509		-125.55		39.7825
3510		-121.491		0.0917053
3511		-95.007		-26.8643
3512		-57.9707		-30.2532
3513		-26.3432		-7.76778
3514		-14.9082		33.585
3515		-32.4932		79.5538
3516		-79.016		112.814
3517		-145.064		117.988
3518		-214.006		86.183
3519		-266.048		17.9207
3520		-283.245		-76.2141
3521		-254.303		-177.404
3522		-178.06		-262.576
3523		-64.7337		-309.699
3524		65.521		-303.235
3525		186.565		-238.403
3526		271.938		-123.12
3527		300.887		22.9736
3528		263.293		172.251
3529		162.296		294.691
3530		14.1039		363.989
3531		-154.815		362.852
3532		-312.372		286.517
3533		-426.37		144.129
3534		-470.08		-41.9929
3535		-427.319		-239.019
3536		-296.592		-408.111
3537		-93.6152		-510.705
3538		148.744		-516.217
3539		384.183		-410.105
3540		560.867		-200.293
3541		632.797		80.4928
3542		572.277		378.553
3543		379.855		629.719
3544		87.9306		774.728
3545		-244.345		775.419
3546		-544.558		626.66
3547		-745.547		359.637
3548		-803.4		34.7753
3549		-709.2		-273.97
3550		-490.724		-498.603
3551		-203.767		-594.242
3552		83.6991		-548.785
3553		309.111		-382.851
3554		429.237		-141.242
3555		427.055		120.161
3556		311.231		347.459
3557		110.398		498.322
3558		-134.567		547.014
3559		-377.768		485.845
3560		-574.253		324.871
3561		-685.479		90.9258
3562		-685.324		-174.389
3563		-566.616		-419.319
3564		-346.332		-590.518
3565		-66.4579		-645.146
3566		212.128		-563.687
3567		423.057		-358.886
3568		512.279		-76.3656
3569		454.705		215.071
3570		263.52		441.613
3571		-11.9276		545.585
3572		-299.76		502.417
3573		-526.4		327.44
3574		-637.558		70.2084
3575		-612.329		-201.36
3576		-466.197		-421.16
3577		-243.001		-542.412
3578		0.14743		-547.269
3579		209.14		-446.766
3580		345.098		-273.073
3581		389.891		-68.218
3582		345.322		126.447
3583		228.433		277.414
3584		65.7847		362.481
3585		-111.524		371.732
3586		-271.887		307.53
3587		-387.053		184.114
3588		-436.463		26.2623
3589		-411.66		-134.057
3590		-319.284		-263.547
3591		-180.844		-335.057
3592		-28.339		-334.502
3593		103.513		-264.662
3594		186.083		-144.222
3595		203.675		-2.25671
3596		156.197		129.825
3597		57.1625		225.937
3598		-71.555		270.148
3599		-205.774		257.764
3600		-323.662		193.492
3601		-408.059		88.4987
3602		-447.032		-41.9645
3603		-434.004		-179.838
3604		-368.556		-305.112
3605		-257.87		-397.54
3606		-117.657		-439.962
3607		28.99		-422.747
3608		155.655		-347.611
3609		238.864		-228.746
3610		264.463		-90.0283
3611		231.492		41.1852
3612		151.831		141.477
3613		45.6835		197.136
3614		-65.1446		206.079
3615		-163.29		175.538
3616		-238.808		117.09
3617		-288.361		41.6949
3618		-311.842		-42.891
3619		-308.839		-131.456
3620		-277.199		-218.45
3621		-214.565		-295.112
3622		-121.973		-348.775
3623		-7.34927		-365.284
3624		113.284		-333.707
3625		217.981		-251.301
3626		283.89		-126.459
3627		293.303		21.6511
3628		238.625		166.676
3629		124.797		280.594
3630		-31.1815		339.517
3631		-203.068		328.471
3632		-359.691		244.593
3633		-470.125		98.6065
3634		-509.409		-85.5726
3635		-464.353		-273.585
3636		-338.401		-426.232
3637		-153.782		-507.808
3638		50.8614		-495.68
3639		228.219		-388.316
3640		334.25		-208.464
3641		341.016		0.813267
3642		245.918		187.066
3643		73.5252		303.311
3644		-131.278		321.773
3645		-316.731		241.521
3646		-439.396		87.2627
3647		-475.612		-99.8977
3648		-425.443		-275.761
3649		-308.695		-405.102
3650		-155.915		-468.408
3651		1.10689		-462.146
3652		135.553		-394.592
3653		227.389		-280.912
3654		262.517		-140.478
3655		232.456		3.06669
3656		136.825		121.209
3657		-11.7983		182.848
3658		-183.936		161.508
3659		-334.606		46.3404
3660		-412.763		-147.686
3661		-377.568		-376.415
3662		-215.957		-574.196
3663		46.2287		-672.365
3664		345.948		-622.884
3665		599.124		-418.142
3666		726.695		-98.3112
3667		681.262		257.89
3668		464.138		556.573
3669		126.093		717.882
3670		-248.496		700.344
3671		-567.874		511.77
3672		-759.661		203.769
3673		-788.897		-146.645
3674		-662.503		-460.442
3675		-421.068		-676.432
3676		-123.386		-762.023
3677		169.486		-714.076
3678		405.735		-552.988
3679		548.548		-314.621
3680		577.876		-43.3894
3681		490.975		212.882
3682		303.186		407.903
3683		48.089		503.502
3684		-225.432		477.907
3685		-461.205		333.264
3686		-608.422		98.4929
3687		-635.421		-175.544
3688		-539.318		-428.599
3689		-347.076		-607.607
3690		-106.838		-681.215
3691		127.355		-646.652
3692		311.421		-526.547
3693		421.46		-357.709
3694		454.992		-177.353
3695		424.23		-12.9077
3696		346.053		120.855
3697		234.366		217.767
3698		98.5022		273.316
3699		-52.5556		280.043
3700		-203.948		228.695
3701		-331.772		114.808
3702		-406.326		-53.2036
3703		-401.38		-249.686
3704		-305.414		-434.759
3705		-129.233		-564.58
3706		94.2225		-604.913
3707		318.365		-542.214
3708		496.312		-387.573
3709		593.559		-172.247
3710		595.153		62.5802
3711		505.6		276.941
3712		343.349		439.697
3713		133.863		530.854
3714		-95.0745		540.064
3715		-314.658		464.675
3716		-494.711		310.106
3717		-604.973		92.8034
3718		-620.335		-156.843
3719		-529.445		-395.519
3720		-342.979		-574.484
3721		-96.5373		-652.676
3722		155.334		-610.861
3723		353.554		-460.546
3724		452.615		-242.787
3725		435.191		-16.1815
3726		317.039		161.751
3727		140.034		252.411
3728		-43.5963		246.073
3729		-188.956		160.48
3730		-270.751		29.8226
3731		-285.844		-109.991
3732		-246.762		-232.802
3733		-171.03		-325.928
3734		-72.6301		-386.207
3735		40.2192		-412.551
3736		160.965		-400.673
3737		278.265		-343.771
3738		372.597		-238.918
3739		419.5		-94.9755
3740		398.93		63.5609
3741		306.21		200.559
3742		158.468		279.605
3743		-7.7855		278.013
3744		-147.922		196.822
3745		-224.766		61.7452
3746		-221.594		-85.7717
3747		-146.857		-203.397
3748		-28.9721		-262.006
3749		95.7011		-253.065
3750		195.616		-187.054
3751		251.812		-85.2902
3752		258.342		29.5201
3753		217.351		138.865
3754		133.602		228.206
3755		12.9529		283.157
3756		-134		286.893
3757		-286.103		223.007
3758		-409.206		84.3863
3759		-461.762		-115.945
3760		-408.909		-338.926
3761		-240.095		-524.447
3762		18.2726		-608.412
3763		303.066		-546.722
3764		530.477		-336.341
3765		623.53		-23.2946
3766		540.681		307.769
3767		293.515		560.047
3768		-54.5885		657.292
3769		-409.056		569.812
3770		-675.995		323.285
3771		-792.544		-12.727
3772		-743.885		-351.088
3773		-561.279		-616.755
3774		-303.946		-767.714
3775		-34.2867		-799.98
3776		202.221		-737.255
3777		384.653		-612.681
3778		510.997		-452.827
3779		585.08		-271.482
3780		605.064		-74.6903
3781		560.615		127.941
3782		440.344		313.961
3783		244.88		447.732
3784		-2.57607		490.761
3785		-255.383		418.269
3786		-454.571		233.739
3787		-547.975		-26.3976
3788		-509.163		-301.198
3789		-347.683		-523.855
3790		-106.137		-642.839
3791		154.43		-636.861
3792		374.247		-518.147
3793		511.416		-324.04
3794		549.482		-102.015
3795		494.918		104.696
3796		368.234		265.322
3797		194.618		362.184
3798		-1.20587		386.622
3799		-194.855		335.102
3800		-359.705		209.229
3801		-466.359		19.9131
3802		-487.329		-207.672
3803		-406.472		-433.252
3804		-228.966		-608.032
3805		13.9869		-688.043
3806		269.882		-649.439
3807		478.946		-498.932
3808		592.681		-273.945
3809		589.441		-31.4601
3810		480.465		170.362
3811		303.901		290.314
3812		109.703		314.707
3813		-57.7583		256.691
3814		-171.942		145.863
3815		-226.812		14.0634
3816		-230.454		-115.652
3817		-194.544		-232.176
3818		-126.144		-331.631
3819		-26.3547		-409.06
3820		103.969		-452.616
3821		255.57		-444.699
3822		405.296		-370.268
3823		518.446		-228.137
3824		559.448		-38.7828
3825		506.682		156.669
3826		364.495		307.515
3827		166.111		370.829
3828		-34.9954		327.918
3829		-182.508		192.659
3830		-236.614		7.79806
3831		-187.517		-169.527
3832		-57.8548		-287.257
3833		106.491		-315.209
3834		252.987		-253.073
3835		339.644		-127.486
3836		346.557		19.4265
3837		278.565		144.694
3838		159.781		216.689
3839		23.658		221.292
3840		-96.9579		161.668
3841		-176.648		53.8005
3842		-200.325		-79.1767
3843		-163.388		-211.647
3844		-70.9455		-318.711
3845		62.8418		-378.768
3846		215.588		-376.578
3847		358.866		-306.915
3848		462.736		-177.682
3849		502.339		-10.5672
3850		464.785		162.168
3851		353.729		304.655
3852		189.557		386.239
3853		4.70041		389.221
3854		-164.404		312.843
3855		-285.902		172.408
3856		-338.839		-5.65082
3857		-315.672		-190.453
3858		-221.201		-352.631
3859		-69.5576		-468.045
3860		118.879		-519.254
3861		319.515		-495.937
3862		504.771		-395.631
3863		645.682		-225.339
3864		715.104		-3.31631
3865		692.781		240.564
3866		571.223		467.383
3867		360.319		635.192
3868		88.594		707.473
3869		-200.035		661.863
3870		-453.678		496.658
3871		-622.405		233.216
3872		-668.414		-86.3939
3873		-574.318		-405.994
3874		-348.052		-664.891
3875		-23.573		-808.953
3876		343.018		-801.616
3877		681.98		-633.099
3878		922.53		-325.785
3879		1007.97		66.3308
3880		910.389		465.693
3881		640.866		786.555
3882		251.188		955.082
3883		-175.243		929.157
3884		-542.462		711.777
3885		-766.395		352.919
3886		-797.649		-61.9682
3887		-635.271		-434.258
3888		-326.716		-678.688
3889		46.2286		-745.842
3890		390.966		-633.565
3891		629.368		-384.168
3892		716.84		-69.2702
3893		649.965		231.892
3894		461.843		453.31
3895		208.487		556.154
3896		-48.0873		533.126
3897		-254.573		404.186
3898		-375.53		207.143
3899		-396.47		-12.9256
3900		-322.398		-212.61
3901		-173.975		-356.54
3902		17.2319		-421.576
3903		214.056		-399.464
3904		379.797		-297.933
3905		484.891		-139.449
3906		513.03		43.1834
3907		464.724		214.194
3908		356.563		343.51
3909		215.764		413.865
3910		71.6535		423.66
3911		-52.7251		384.421
3912		-145.558		314.066
3913		-205.931		229.122
3914		-238.934		139.532
3915		-249.129		48.2961
3916		-236.1		-44.3459
3917		-194.615		-134.923
3918		-119.387		-212.721
3919		-11.8184		-260.524
3920		115.174		-260.396
3921		237.381		-202.015
3922		325.283		-89.5243
3923		353.59		56.6437
3924		310.348		204.257
3925		201.718		318.465
3926		50.5227		371.977
3927		-110.536		352.315
3928		-247.973		263.83
3929		-335.353		124.652
3930		-357.559		-39.1737
3931		-311.291		-199.557
3932		-203.377		-330.374
3933		-48.9012		-409.594
3934		129.803		-420.862
3935		303.91		-356.034
3936		440.368		-218.907
3937		507.187		-28.6172
3938		481.658		179.961
3939		359.191		361.042
3940		159.059		468.229
3941		-76.3862		467.807
3942		-290.319		350.571
3943		-426.038		137.519
3944		-443.098		-123.324
3945		-329.61		-368.545
3946		-106.586		-535.909
3947		176.96		-580.673
3948		456.315		-486.89
3949		666.842		-270.949
3950		758.854		22.7402
3951		708.292		331.947
3952		521.62		589.873
3953		234.796		738.819
3954		-93.1096		742.258
3955		-390.847		593.648
3956		-589.394		320.284
3957		-637.869		-19.5618
3958		-517.721		-347.273
3959		-250.955		-581.503
3960		101.459		-659.312
3961		452.593		-554.997
3962		711.845		-290.12
3963		810.463		69.8736
3964		722.125		432.802
3965		471.22		705.948
3966		125.448		822.882
3967		-225.03		761.805
3968		-494.65		549.29
3969		-626.274		248.794
3970		-603.968		-61.0706
3971		-451.573		-310.063
3972		-219.559		-453.449
3973		33.3184		-478.073
3974		256.131		-397.752
3975		414.725		-242.498
3976		492.728		-47.4787
3977		487.591		154.018
3978		406.067		332.789
3979		262.232		463.4
3980		78.1466		524.825
3981		-115.409		504.079
3982		-281.49		401.971
3983		-384.395		237.522
3984		-400.32		47.0813
3985		-326.815		-123.73
3986		-186.036		-233.463
3987		-19.0258		-258.573
3988		127.664		-201.416
3989		217.824		-88.5522
3990		237.177		40.2491
3991		195.698		147.556
3992		119.952		211.414
3993		39.4647		230.331
3994		-26.0881		218.436
3995		-72.7424		194.027
3996		-108.774		167.962
3997		-144.488		138.209
3998		-181.419		93.3981
3999		-207.421		23.2559
4000		-200.933		-70.085
4001		-142.721		-166.679
4002		-29.1246		-233.146
4003		120.398		-235.675
4004		266.113		-155.846
4005		360.938		-1.64911
4006		368.101		191.947
4007		275.746		373.669
4008		102.011		493.397
4009		-111.423		518.883
4010		-314.036		444.822
4011		-462.637		291.296
4012		-532.227		93.6558
4013		-518.054		-110.381
4014		-430.124		-290.244
4015		-284.987		-425.277
4016		-100.2		-501.764
4017		105.748		-508.623
4018		309.475		-436.624
4019		479.373		-283.286
4020		577.884		-61.2721
4021		571.348		195.319
4022		444.568		432.631
4023		213.328		589.267
4024		-72.5292		616.141
4025		-339.477		496.317
4026		-512.119		255.751
4027		-538.648		-41.0874
4028		-409.636		-310.445
4029		-162.069		-476.457
4030		133.356		-495.579
4031		396.484		-368.674
4032		563.474		-136.607
4033		603.905		137.568
4034		523.536		391.24
4035		353.899		579.859
4036		135.666		683.276
4037		-95.38		700.79
4038		-313.754		640.537
4039		-500.731		511.006
4040		-636.969		320.044
4041		-698.54		81.2995
4042		-661.248		-177.301
4043		-512.623		-410.557
4044		-265.397		-563.551
4045		36.0669		-588.952
4046		322.471		-467.167
4047		519.23		-219.448
4048		571.981		93.7507
4049		466.997		390.422
4050		237.009		594.282
4051		-50.7945		660.294
4052		-319.61		587.54
4053		-509.783		414.281
4054		-595.894		198.375
4055		-587.525		-7.05998
4056		-515.234		-171.177
4057		-410.385		-288.659
4058		-289.993		-369.071
4059		-154.303		-420.011
4060		2.59087		-434.802
4061		176.354		-392.659
4062		340.991		-271.921
4063		450.746		-69.2561
4064		456.494		186.417
4065		329.578		434.574
4066		81.2532		600.525
4067		-232.966		623.196
4068		-527.938		481.042
4069		-717.4		204.007
4070		-744.495		-134.397
4071		-601.408		-441.819
4072		-330.264		-638.074
4073		-6.03026		-679.587
4074		290.086		-568.274
4075		495.054		-343.565
4076		577.164		-63.7975
4077		535.471		213.191
4078		389.938		442.195
4079		170.162		593.097
4080		-90.9324		647.248
4081		-357.089		594.282
4082		-586.452		434.107
4083		-733.219		183.784
4084		-757.096		-116.131
4085		-638.751		-402.933
4086		-394.078		-604.861
4087		-78.2985		-663.556
4088		225.569		-557.166
4089		432.005		-313.058
4090		482.738		-2.50258
4091		368.256		282.427
4092		131.115		460.966
4093		-150.952		491.331
4094		-394.885		382.174
4095		-541.933		183.523

 
--------------------------------------


