Compute Correlation 
 
0		602.73		504.014
1		291.262		728.556
2		-115.299		768.779
3		-504.675		588.865
4		-757.052		222.472
5		-787.647		-232.941
6		-578.354		-646.698
7		-185.282		-898.565
8		280.54		-918.16
9		690.775		-705.141
10		940.196		-324.129
11		974.899		120.896
12		800.175		520.473
13		469.427		788.478
14		62.6646		877.567
15		-335.158		780.61
16		-649.268		523.486
17		-822.951		156.067
18		-821.885		-254.858
19		-638.969		-631.751
20		-300.21		-895.558
21		132.301		-980.852
22		566.324		-855.04
23		897.9		-534.63
24		1039.66		-89.457
25		949.823		371.066
26		649.834		728.161
27		221.319		890.677
28		-218.566		824.663
29		-555.035		563.297
30		-712.118		192.804
31		-673.371		-179.7
32		-479.528		-462.875
33		-205.984		-607.486
34		68.502		-613.087
35		287.846		-515.306
36		429.427		-362.575
37		498.155		-194.755
38		510.571		-33.1452
39		479.6		115.986
40		408.392		249.843
41		295.169		358.719
42		143.987		424.107
43		-27.0163		426.584
44		-186.469		358.212
45		-300.341		231.131
46		-346.569		76.0714
47		-325.14		-69.4753
48		-257.251		-177.332
49		-173.401		-239.919
50		-96.8318		-270.037
51		-31.866		-288.908
52		35.6534		-309.188
53		125.352		-323.095
54		243.713		-303.582
55		370.812		-219.486
56		461.379		-57.5079
57		461.995		160.818
58		337.5		377.631
59		93.9203		516.02
60		-214.214		509.985
61		-497.594		334.127
62		-662.531		19.3409
63		-645.67		-353.344
64		-438.41		-678.924
65		-90.9609		-863.957
66		305.066		-857.085
67		647.511		-663.068
68		855.137		-336.632
69		888.131		38.9469
70		752.301		378.196
71		489.212		614.51
72		159.662		710.355
73		-171.605		657.31
74		-445.673		470.911
75		-614.366		185.543
76		-644.046		-148.599
77		-521.512		-468.552
78		-261.581		-705.771
79		88.0547		-799.921
80		450.638		-717.148
81		736.108		-466.039
82		866.38		-102.763
83		801.764		280.114
84		557.512		579.879
85		202.16		716.469
86		-163.557		659.165
87		-439.986		436.195
88		-561.147		122.996
89		-513.844		-186
90		-336.353		-410.351
91		-98.6254		-508.033
92		126.308		-482.499
93		287.165		-371.751
94		365.905		-226.677
95		373.509		-89.7101
96		335.149		16.9282
97		274.073		90.1791
98		202.564		135.996
99		123.17		157.937
100		37.1948		151.811
101		-46.5273		109.187
102		-109.127		26.7711
103		-127.795		-84.9774
104		-87.3295		-200.269
105		9.61044		-285.583
106		139.915		-313.16
107		267.423		-273.475
108		357.143		-179.949
109		389.323		-63.1683
110		366.294		42.6525
111		308.806		114.115
112		244.058		146.753
113		191.921		153.052
114		156.609		152.003
115		127.93		156.313
116		90.9451		164.439
117		38.3112		161.861
118		-21.8543		130.849
119		-67.2736		63.3102
120		-71.7209		-30.4581
121		-19.0895		-122.215
122		85.8691		-175.8
123		215.721		-162.244
124		328.658		-72.9558
125		383.312		74.9935
126		353.637		243.625
127		237.779		386.391
128		58.0965		462.649
129		-146.487		448.718
130		-331.724		342.387
131		-458.433		161.103
132		-499.363		-63.5519
133		-442.424		-292.187
134		-291.798		-483.27
135		-68.2525		-598.525
136		191.544		-609.263
137		438.44		-503.852
138		618.791		-294.459
139		686.988		-19.534
140		619.584		261.295
141		425.752		480.686
142		148.864		582.323
143		-143.23		538.636
144		-377.021		360.563
145		-494.974		95.011
146		-472.041		-189.487
147		-321.094		-423.568
148		-85.9341		-556.469
149		174.426		-567.319
150		403.36		-465.497
151		559.561		-282.162
152		622.004		-58.262
153		587.917		165.448
154		467.763		353.516
155		281.381		476.868
156		57.0599		513.169
157		-168.085		449.615
158		-350.002		288.647
159		-444.792		53.7236
160		-420.7		-209.553
161		-270.977		-440.559
162		-21.4183		-578.867
163		272.381		-582.916
164		538.934		-444.792
165		711.628		-194.583
166		748.592		108.128
167		643.983		392.486
168		426.781		597.045
169		148.664		684.97
170		-132.94		648.913
171		-369.323		505.88
172		-527.625		286.812
173		-590.418		27.0596
174		-551.562		-238.205
175		-413.461		-473.797
176		-188.623		-643.378
177		95.6764		-712.056
178		394.369		-654.837
179		648.418		-468.535
180		797.629		-181.005
181		799.407		148.902
182		646.017		443.817
183		372.009		630.025
184		46.8848		661.296
185		-245.542		534.583
186		-433.485		290.727
187		-478.828		-0.305908
188		-385.7		-263.4
189		-193.585		-441.499
190		40.6338		-509.078
191		262.929		-472.105
192		436.112		-357.187
193		543.277		-197.1
194		582.348		-20.2289
195		557.608		152.22
196		474.521		302.667
197		340.783		412.504
198		171.652		461.76
199		-5.82169		435.096
200		-154.873		331.276
201		-238.848		170.006
202		-235.144		-9.49798
203		-146.179		-159.718
204		-0.895081		-241.776
205		155.336		-240.227
206		278.417		-168.196
207		342.548		-59.8559
208		348.196		46.2493
209		317.105		124.663
210		277.204		172.292
211		245.683		204.812
212		219.585		242.449
213		179.289		293.248
214		103.194		343.592
215		-14.4441		362.031
216		-152.764		315.335
217		-267.595		188.84
218		-308.561		0.250626
219		-242.387		-201.165
220		-71.0919		-350.991
221		164.217		-394.83
222		396.497		-310.823
223		557.329		-119.189
224		601.96		125.429
225		523.971		354.953
226		353.946		512.44
227		144.178		569.49
228		-52.3409		530.055
229		-198.773		421.199
230		-280.552		277.454
231		-300.485		127.439
232		-268.226		-11.2024
233		-191.655		-128.117
234		-75.3786		-212.608
235		73.571		-248.859
236		237.715		-218.586
237		385.487		-110.677
238		476.422		67.4818
239		474.531		284.177
240		364.164		487.978
241		160.502		622.533
242		-91.2029		645.947
243		-328.427		546.425
244		-491.331		347.309
245		-541.758		99.3739
246		-473.808		-136.102
247		-312.604		-306.27
248		-103.197		-380.352
249		104.656		-353.912
250		269.456		-244.388
251		364.751		-81.993
252		379.693		99.0306
253		316.281		265.822
254		186.784		389.112
255		13.0252		444.689
256		-173.577		416.652
257		-334.08		302.86
258		-428.551		120.211
259		-426.82		-94.2098
260		-319.993		-289.183
261		-127.425		-412.533
262		105.203		-427.522
263		317.654		-326.168
264		453.273		-133.635
265		476.86		98.7306
266		385.39		309.476
267		207.581		446.131
268		-7.07614		480.103
269		-204.974		412.254
270		-344.016		268.222
271		-402.716		86.7555
272		-380.75		-93.2926
273		-292.823		-242.202
274		-160.199		-342.412
275		-4.18665		-386.331
276		156.189		-372.183
277		303.037		-301.351
278		417.676		-178.91
279		480.823		-16.5073
280		476.195		165.061
281		396.426		336.379
282		248.469		464.3
283		55.4048		520.142
284		-146.983		488.24
285		-318.237		371.502
286		-423.245		191.719
287		-440.86		-15.5071
288		-368.452		-209.336
289		-221.484		-352.874
290		-28.9815		-420.341
291		173.079		-400.833
292		348.427		-298.778
293		465.955		-132.084
294		503.756		70.871
295		452.107		274.87
296		315.709		442.233
297		114.805		538.354
298		-115.83		538.339
299		-331.143		433.762
300		-483.746		237.566
301		-534.564		-15.1972
302		-463.745		-272.373
303		-278.432		-475.451
304		-14.258		-573.927
305		271.065		-539.415
306		511.22		-375.069
307		648.503		-116.791
308		649.752		174.928
309		515.958		430.695
310		282.24		590.899
311		7.92802		621.688
312		-240.213		523.215
313		-406.272		327.734
314		-459.192		88.5418
315		-398.395		-136.157
316		-250.021		-298.916
317		-56.1306		-373.343
318		138.592		-356.591
319		297.893		-264.763
320		399.693		-124.414
321		436.165		35.8795
322		410.168		190.96
323		331.06		320.869
324		212.152		410.349
325		70.2325		448.356
326		-74.2276		429.187
327		-198.241		355.055
328		-280.021		238.311
329		-304.59		101.016
330		-268.893		-29.3101
331		-183.633		-126.879
332		-70.316		-174.934
333		45.6581		-169.872
334		142.846		-120.245
335		208.914		-41.2769
336		240.821		52.0697
337		240.533		149.632
338		209.353		245.776
339		144.906		334.811
340		43.3441		405.478
341		-93.9056		438.942
342		-252.703		413.171
343		-403.27		312.994
344		-505.363		141.398
345		-521.156		-74.128
346		-431.072		-284.943
347		-245.375		-434.784
348		-5.35996		-478.917
349		227.709		-401.082
350		392.232		-220.763
351		446.656		12.6955
352		382.31		236.823
353		223.768		396.53
354		17.4967		459.966
355		-185.379		423.955
356		-344.348		308.479
357		-436.956		144.756
358		-457.264		-36.2442
359		-408.977		-209.524
360		-299.162		-354.998
361		-137.073		-453.125
362		61.5667		-482.774
363		268.871		-425.285
364		443.618		-274.285
365		538.662		-46.2588
366		516.177		215.168
367		364.83		446.234
368		110.449		581.073
369		-186.4		574.569
370		-447.029		420.504
371		-599.877		156.607
372		-604.498		-146.518
373		-464.519		-408.6
374		-224.536		-565.764
375		47.1616		-589.188
376		282.291		-489.784
377		432.933		-308.736
378		481.387		-99.6495
379		437.818		89.3084
380		329.567		226.456
381		188.722		298.554
382		43.6386		306.171
383		-83.6121		257.448
384		-175.861		164.482
385		-219.451		43.3608
386		-205.753		-84.4425
387		-135.436		-192.907
388		-22.3822		-256.651
389		106.668		-259.311
390		218.689		-201.018
391		285.412		-100.336
392		293.933		11.6118
393		251.446		102.974
394		181.212		153.595
395		111.37		161.914
396		62.097		142.801
397		37.6663		117.534
398		27.4737		101.333
399		15.2681		95.2616
400		-8.70284		86.9837
401		-39.616		59.9714
402		-58.9212		6.0148
403		-44.085		-66.151
404		17.7947		-131.38
405		119.89		-158.237
406		234.857		-123.93
407		324.398		-26.5084
408		354.843		111.968
409		311.284		253.093
410		203.561		356.961
411		61.5707		397.105
412		-77.3098		368.721
413		-182.251		287.113
414		-237.913		178.325
415		-245.033		67.5951
416		-214.076		-28.4189
417		-156.832		-102.546
418		-81.2544		-152.406
419		7.88131		-174.551
420		103.925		-162.186
421		193.348		-108.553
422		255.311		-14.0932
423		267.596		107.326
424		216.624		227.877
425		106.43		312.773
426		-38.648		332.474
427		-179.861		274.685
428		-276.562		150.428
429		-300.025		-8.78063
430		-242.678		-161.37
431		-119.234		-269.07
432		39.8232		-307.582
433		198.608		-270.925
434		325.266		-169.347
435		397.294		-23.646
436		402.622		140.383
437		338.721		295.242
438		212.437		413.248
439		41.4134		468.69
440		-144.615		442.716
441		-305.885		330.738
442		-400.36		149.177
443		-396.38		-63.1084
444		-285.817		-252.034
445		-91.477		-363.615
446		136.155		-362.433
447		333.39		-245.625
448		444.279		-45.7893
449		439.759		179.371
450		326.975		366.97
451		144.866		470.309
452		-51.7882		472.901
453		-212.646		389.879
454		-307.635		257.375
455		-332.286		115.82
456		-301.94		-4.73627
457		-239.473		-91.1459
458		-163.695		-144.216
459		-84.114		-170.009
460		-3.5056		-171.627
461		74.9917		-146.573
462		141.904		-90.8557
463		181.187		-6.59225
464		176.545		92.38
465		120.885		181.313
466		23.2616		232.443
467		-91.2363		226.395
468		-189.472		161.238
469		-242.602		54.3333
470		-236.84		-64.2122
471		-177.497		-163.291
472		-84.71		-221.975
473		16.4476		-234.922
474		106.077		-210.117
475		174.774		-161.219
476		222.213		-99.4451
477		251.044		-29.6678
478		260.692		47.5351
479		245.399		129.936
480		197.962		208.331
481		116.896		266.016
482		12.3384		284.305
483		-93.5671		251.591
484		-173.101		170.966
485		-203.576		61.8391
486		-176.936		-46.0126
487		-103.382		-123.46
488		-7.0828		-152.864
489		83.8994		-133.537
490		148.398		-79.4811
491		178.41		-11.1165
492		178.264		54.2592
493		158.088		108.201
494		126.011		150.463
495		83.9318		183.249
496		29.2812		204.655
497		-38.5934		206.023
498		-111.841		175.497
499		-172.138		106.214
500		-195.712		4.42744
501		-163.7		-107.663
502		-72.8247		-197.123
503		59.3947		-232.081
504		198.297		-194.97
505		303.721		-90.9335
506		344.72		52.816
507		310.816		196.643
508		214.903		302.841
509		86.9057		348.316
510		-38.3901		330.341
511		-133.499		263.706
512		-185.163		171.764
513		-193.945		76.4648
514		-168.284		-7.79225
515		-117.377		-74.3519
516		-47.188		-119.99
517		38.513		-139.978
518		133.535		-126.44
519		224.845		-71.5911
520		292.139		25.7434
521		312.942		154.292
522		271.511		289.203
523		167.365		397.429
524		18.9749		448.119
525		-139.808		423.815
526		-269.676		327.584
527		-338.309		182.955
528		-330.408		26.6527
529		-251.623		-102.837
530		-125.404		-176.36
531		15.2501		-180.977
532		137.489		-121.006
533		216.286		-14.1284
534		238.223		114.869
535		201.608		240.045
536		114.489		338.446
537		-7.75142		392.457
538		-144.459		391.349
539		-271.812		332.849
540		-365.879		224.659
541		-407.067		84.8232
542		-385.232		-60.3907
543		-303.611		-181.673
544		-179.531		-253.964
545		-40.7757		-263.557
546		81.7479		-212.262
547		162.667		-116.784
548		189.003		-3.31354
549		162.714		100.672
550		98.1946		174.276
551		16.0764		207.852
552		-63.8889		203.129
553		-127.99		169.495
554		-170.092		118.692
555		-189.757		60.5766
556		-188.758		1.65302
557		-168.33		-53.5925
558		-128.79		-100.097
559		-71.5921		-130.546
560		-2.31731		-136.195
561		67.5947		-110.258
562		122.101		-52.3208
563		144.994		28.6471
564		125.983		114.725
565		65.7514		183.496
566		-22.5211		215.184
567		-116.341		199.681
568		-190.878		140.523
569		-227.108		53.9565
570		-217.873		-36.6259
571		-169.443		-108.66
572		-98.1062		-147.522
573		-23.5		-149.969
574		38.3022		-122.845
575		78.9634		-78.1725
576		97.8675		-27.3601
577		98.6124		22.5516
578		84.4637		68.9507
579		55.6434		110.506
580		10.1853		143.166
581		-52.0613		158.239
582		-124.732		144.455
583		-192.792		93.6117
584		-235.152		7.1665
585		-231.9		-99.9635
586		-173.341		-201.241
587		-66.5701		-266.322
588		64.0845		-272.131
589		183.89		-212.53
590		259.539		-102.039
591		271.198		28.4996
592		219.566		142.829
593		124.844		212.236
594		18.1292		225.014
595		-70.8142		188.524
596		-123.885		123.438
597		-138.711		53.3891
598		-125.283		-4.76754
599		-97.7076		-45.5585
600		-65.8583		-72.7469
601		-31.4189		-92.4944
602		9.89955		-106.289
603		61.7494		-108.027
604		120.47		-87.129
605		172.75		-35.9646
606		199.615		42.7346
607		185.107		133.103
608		125.189		210.245
609		31.9597		249.76
610		-69.4917		238.167
611		-150.464		179.016
612		-189.87		91.5184
613		-181.886		2.3653
614		-136.49		-65.1786
615		-73.0297		-99.4913
616		-10.5817		-102.345
617		39.6823		-84.0118
618		76.3072		-55.1419
619		103.222		-20.4546
620		122.564		22.0337
621		129.617		75.9705
622		113.567		139.216
623		64.2357		199.112
624		-18.8698		234.338
625		-120.723		223.536
626		-212.496		156.807
627		-261.317		43.9741
628		-244.1		-85.3952
629		-158.923		-191.358
630		-28.0734		-238.695
631		109.216		-210.992
632		211.398		-117.19
633		250.046		12.3703
634		219.234		138.365
635		135.114		227.389
636		26.7849		262.58
637		-76.3853		245.795
638		-154.673		191.711
639		-201.008		118.223
640		-217.12		38.8075
641		-206.666		-39.386
642		-170.434		-111.844
643		-106.901		-171.122
644		-17.6095		-204.252
645		86.6509		-196.021
646		183.849		-137.13
647		245.803		-32.6866
648		249.074		94.4986
649		186.605		209.122
650		73.784		275.917
651		-55.0751		274.129
652		-159.218		206.929
653		-207.572		100.817
654		-191.052		-5.20076
655		-125.24		-75.8163
656		-42.2157		-93.4598
657		24.3576		-63.7316
658		53.6579		-10.0915
659		44.8713		39.0236
660		14.2418		63.928
661		-15.6917		61.5234
662		-28.6076		43.8981
663		-22.1511		29.2747
664		-7.33644		30.7115
665		-0.641739		48.7339
666		-13.6174		71.5566
667		-45.8253		82.2533
668		-84.7469		68.5469
669		-112.318		29.7658
670		-114.195		-22.6069
671		-86.6579		-70.6682
672		-37.7138		-98.618
673		17.6331		-99.3635
674		64.7919		-75.975
675		95.3756		-37.9353
676		108.452		4.92195
677		107.321		46.8577
678		94.6211		86.508
679		69.4428		123.343
680		28.651		153.234
681		-28.298		166.759
682		-94.2892		152.25
683		-153.082		102.544
684		-183.497		21.7675
685		-168.077		-72.1375
686		-102.181		-151.533
687		1.2943		-188.827
688		114.545		-167.667
689		204.289		-90.3233
690		243.989		22.3659
691		223.469		138.621
692		151.715		227.452
693		52.03		269.239
694		-47.7602		260.747
695		-125.267		213.114
696		-169.378		144.793
697		-180.232		73.5324
698		-164.73		11.2601
699		-131.01		-36.4387
700		-85.1795		-67.4001
701		-31.6763		-79.4642
702		23.9664		-69.3598
703		72.71		-34.8118
704		102.463		21.5954
705		101.977		89.6838
706		66.412		152.553
707		1.41995		191.519
708		-76.9221		193.173
709		-146.937		155.151
710		-189.013		87.6781
711		-192.649		9.93639
712		-159.677		-57.0649
713		-102.424		-97.8195
714		-38.0493		-106.633
715		17.9677		-87.4335
716		56.1793		-49.958
717		73.8806		-4.85274
718		72.836		39.6884
719		56.1774		78.4796
720		26.6795		107.765
721		-12.7006		123.468
722		-56.9146		121.136
723		-97.5447		98.0578
724		-123.867		56.332
725		-126.461		4.61919
726		-101.749		-43.1748
727		-54.9143		-72.3945
728		0.844299		-73.4483
729		48.8858		-46.0497
730		75.5994		0.448761
731		75.6642		51.0323
732		53.4718		91.4537
733		20.0375		113.92
734		-12.9089		119.213
735		-38.4827		114.331
736		-56.929		107.165
737		-73.5476		101.301
738		-93.6254		93.9353
739		-117.422		78.1055
740		-138.254		47.9787
741		-145.02		4.16078
742		-128.007		-44.1346
743		-84.9741		-81.5897
744		-24.1679		-93.0084
745		37.5197		-70.2946
746		80.6139		-16.7483
747		90.5694		53.4461
748		63.2931		120.299
749		6.2977		165.255
750		-64.6996		177.336
751		-131.811		155.708
752		-180.745		108.176
753		-203.991		47.0081
754		-200.755		-15.4727
755		-174.719		-69.5853
756		-131.554		-108.712
757		-77.6703		-128.387
758		-20.4467		-125.636
759		31.1392		-99.622
760		66.9554		-53.3891
761		78.016		4.6928
762		60.0314		61.4123
763		16.4061		101.881
764		-41.303		114.54
765		-96.4026		95.8382
766		-132.719		52.21
767		-140.532		-1.967
768		-120.044		-49.7776
769		-80.7015		-78.187
770		-36.6698		-82.5192
771		-0.677385		-66.9788
772		20.7806		-41.1804
773		28.6404		-14.6625
774		28.5546		7.67658
775		26.015		26.8649
776		22.1741		47.3556
777		12.7906		72.3149
778		-9.02549		99.5238
779		-47.7266		120.425
780		-100.73		123.177
781		-157.017		98.4077
782		-200.079		44.8219
783		-214.128		-28.2704
784		-190.821		-103.021
785		-133.356		-159.031
786		-56.0181		-180.719
787		20.6676		-162.884
788		77.0335		-112.188
789		100.605		-44.1849
790		89.2144		22.5222
791		50.0708		72.3254
792		-4.1656		96.4692
793		-60.1466		93.6706
794		-107.31		68.0998
795		-139.026		26.4195
796		-151.814		-24.3817
797		-143.991		-77.5329
798		-115.15		-125.829
799		-67.0182		-161.061
800		-5.0574		-174.754
801		60.6108		-160.569
802		116.253		-117.468
803		147.887		-51.9929
804		145.957		21.969
805		109.384		86.4678
806		47.012		124.941
807		-24.5227		127.767
808		-85.9264		95.622
809		-121.451		39.1996
810		-123.715		-24.626
811		-95.2973		-78.574
812		-46.717		-110.3
813		8.06031		-115.275
814		56.4658		-96.4048
815		90.5103		-61.1331
816		107.328		-17.7853
817		107.519		26.993
818		92.7701		68.7275
819		64.4184		103.871
820		23.8051		128.184
821		-25.954		136.282
822		-78.2072		123.136
823		-122.628		87.0111
824		-147.525		32.241
825		-144.03		-30.0164
826		-110.37		-84.0998
827		-54.0133		-114.787
828		9.74444		-112.952
829		62.619		-79.4211
830		89.7568		-25.1048
831		85.0317		32.8685
832		52.884		77.4797
833		5.91667		97.8647
834		-40.5895		92.4747
835		-74.665		68.1269
836		-91.4267		35.6949
837		-93.1133		4.76202
838		-85.7855		-20.0661
839		-74.7649		-39.5057
840		-61.4279		-56.773
841		-43.1059		-73.4976
842		-16.0364		-86.9357
843		20.4594		-90.289
844		61.1663		-76.1554
845		95.4483		-41.2995
846		111.143		9.95157
847		100.088		65.792
848		62.465		110.832
849		7.61699		132.102
850		-49.2517		124.295
851		-92.983		91.6696
852		-114.128		45.7618
853		-111.684		0.157234
854		-91.7994		-34.9413
855		-63.5044		-55.6587
856		-34.0202		-63.6998
857		-6.27806		-62.82
858		20.1587		-54.9756
859		45.6869		-38.7062
860		67.2478		-10.8725
861		77.4843		29.284
862		67.5522		76.408
863		32.4087		118.384
864		-24.3512		139.951
865		-89.1997		129.333
866		-142.383		84.6616
867		-165.462		16.688
868		-149.292		-54.1292
869		-98.5285		-105.262
870		-30.22		-121.104
871		33.0449		-99.095
872		72.2787		-50.0846
873		79.202		7.13005
874		58.081		54.2593
875		21.7823		80.7572
876		-15.5208		86.4324
877		-44.9812		78.6186
878		-65.6549		66.0073
879		-82.0586		52.9331
880		-98.6279		37.4173
881		-114.724		13.9485
882		-123.424		-20.8782
883		-115.057		-63.5017
884		-83.547		-102.584
885		-31.8262		-123.229
886		27.1047		-114.263
887		74.6005		-74.6704
888		94.3394		-15.5224
889		79.8273		43.9863
890		37.5076		84.6158
891		-16.2125		95.2614
892		-62.5137		77.118
893		-88.3895		41.8495
894		-91.3678		4.97222
895		-78.5467		-21.839
896		-60.9112		-35.3917
897		-46.4412		-40.3077
898		-36.0348		-43.8732
899		-24.4919		-49.7949
900		-5.74357		-54.813
901		21.0489		-50.3728
902		48.5006		-28.4922
903		63.336		11.651
904		53.1449		60.5305
905		13.9429		100.838
906		-45.8152		114.951
907		-107.385		93.5809
908		-149.367		41.0013
909		-157.121		-26.089
910		-129.179		-85.6877
911		-77.385		-120.035
912		-20.8119		-122.751
913		23.2492		-100.073
914		46.4645		-65.9234
915		51.2187		-33.8398
916		46.4895		-10.3687
917		40.6644		6.51825
918		35.7488		23.4496
919		26.4604		44.859
920		4.72266		67.768
921		-33.2174		81.6195
922		-81.5182		73.6481
923		-124.894		36.9169
924		-144.727		-23.6285
925		-128.219		-90.9013
926		-75.7122		-141.946
927		-2.06807		-157.881
928		68.9912		-132.512
929		114.913		-75.1754
930		123.735		-6.33343
931		98.2393		51.764
932		53.0027		84.5367
933		6.26429		89.9333
934		-28.8399		76.6146
935		-49.0536		57.0623
936		-59.6301		39.8725
937		-68.2244		25.6825
938		-78.1058		8.84687
939		-84.986		-16.5106
940		-79.4855		-50.0631
941		-53.804		-82.7128
942		-8.52911		-99.8689
943		44.7572		-89.0691
944		87.1399		-47.7346
945		100.804		13.4904
946		77.9135		74.1029
947		25.1388		112.458
948		-38.78		115.501
949		-91.3565		84.5156
950		-116.359		33.9403
951		-110.405		-16.0223
952		-82.9386		-49.0422
953		-49.9558		-59.5072
954		-25.1537		-53.2166
955		-13.3808		-42.0181
956		-9.79431		-35.7781
957		-4.79451		-36.3994
958		8.45403		-37.2582
959		28.4985		-28.2151
960		45.4139		-3.12128
961		46.1754		34.7068
962		22.5687		72.4228
963		-22.8934		93.3073
964		-76.5376		85.2113
965		-119.066		47.2346
966		-134.287		-8.99694
967		-116.522		-64.1942
968		-72.9522		-99.8825
969		-19.8707		-106.145
970		24.9417		-84.8481
971		49.6499		-47.1355
972		51.9353		-7.05596
973		37.4157		24.9329
974		14.5358		45.1642
975		-10.6506		55.4529
976		-36.6911		58.8153
977		-64.9383		55.4225
978		-95.3605		41.631
979		-123.118		12.8363
980		-138.602		-31.6711
981		-131.481		-85.1181
982		-96.6945		-133.659
983		-38.9099		-161.243
984		27.4684		-156.742
985		83.2909		-119.601
986		112.433		-60.8673
987		108.476		1.19623
988		76.9011		48.8083
989		31.7474		71.8059
990		-11.4022		70.6814
991		-42.3398		54.2377
992		-59.5005		33.4915
993		-68.1628		15.4133
994		-75.0352		-0.00366211
995		-82.6616		-17.8894
996		-87.0643		-43.227
997		-80.0699		-75.524
998		-54.9744		-106.818
999		-12.19		-124.49
1000		38.5904		-117.574
1001		81.2931		-83.1628
1002		100.221		-29.3321
1003		87.2967		27.2141
1004		46.0839		67.7942
1005		-9.45817		79.4576
1006		-60.828		60.02
1007		-92.483		18.1605
1008		-97.3802		-31.1092
1009		-78.197		-73.0246
1010		-44.2584		-98.3658
1011		-6.34622		-105.194
1012		27.6491		-96.9058
1013		54.1981		-78.4705
1014		72.6393		-53.4243
1015		82.4258		-23.3281
1016		81.3977		10.4172
1017		66.462		44.1187
1018		36.3074		70.851
1019		-5.72099		82.1871
1020		-50.7609		71.9809
1021		-86.6691		40.1188
1022		-102.588		-6.06908
1023		-93.5946		-53.8777
1024		-62.957		-89.9968
1025		-20.7352		-105.666
1026		20.5922		-99.6376
1027		51.1953		-77.5578
1028		67.0762		-48.3327
1029		69.9288		-19.6485
1030		64.167		4.85372
1031		53.1944		25.3567
1032		37.3151		43.105
1033		14.5727		57.1607
1034		-16.0875		63.029
1035		-51.4835		54.3539
1036		-83.1003		26.9527
1037		-99.4456		-17.1289
1038		-91.0473		-68.1284
1039		-55.6156		-111.001
1040		-0.537594		-131.02
1041		58.9104		-119.995
1042		105.085		-80.046
1043		124.743		-23.0278
1044		113.915		34.1822
1045		78.682		76.2669
1046		31.7475		94.832
1047		-13.2806		90.2246
1048		-47.0007		69.394
1049		-66.4226		41.3788
1050		-73.6892		13.0195
1051		-72.6317		-12.9431
1052		-65.4775		-36.7922
1053		-51.6719		-58.9466
1054		-29.3308		-77.3863
1055		1.80713		-87.183
1056		37.963		-82.5617
1057		71.1488		-60.3481
1058		91.6395		-22.7728
1059		91.9434		22.0841
1060		70.2541		62.6599
1061		31.6127		88.034
1062		-13.792		91.8613
1063		-54.311		74.3354
1064		-80.7375		41.4829
1065		-88.7341		2.43639
1066		-79.0389		-33.8035
1067		-55.9034		-60.6389
1068		-24.985		-74.5125
1069		8.1236		-74.2812
1070		38.2718		-60.3207
1071		60.4662		-34.2458
1072		69.8272		0.580574
1073		62.4579		38.3709
1074		37.1394		71.0378
1075		-3.01862		89.7314
1076		-50.1231		87.552
1077		-92.9505		62.3646
1078		-120.082		18.3506
1079		-123.586		-34.6235
1080		-101.728		-83.7635
1081		-59.5885		-117.199
1082		-7.38226		-127.426
1083		42.7383		-113.099
1084		80.0849		-78.7419
1085		97.8518		-32.8274
1086		94.0022		14.7725
1087		70.8054		55.0194
1088		33.6508		81.1296
1089		-10.2582		89.226
1090		-53.0614		78.541
1091		-87.3161		51.4015
1092		-107.139		12.9536
1093		-109.353		-29.6089
1094		-94.2729		-68.4367
1095		-65.6862		-96.8044
1096		-29.8038		-110.684
1097		6.51665		-109.456
1098		37.5637		-95.4477
1099		59.8075		-72.5839
1100		71.8169		-44.9167
1101		73.3628		-15.835
1102		64.512		11.7203
1103		45.5074		34.4378
1104		17.6594		48.12
1105		-15.3369		48.2973
1106		-46.7707		32.0997
1107		-67.9281		0.570038
1108		-70.8527		-39.984
1109		-51.843		-78.8096
1110		-13.9591		-103.906
1111		33.0093		-106.491
1112		75.5458		-84.7419
1113		101.32		-44.9034
1114		103.852		0.974178
1115		84.7345		39.7721
1116		52.3647		62.333
1117		17.845		66.4233
1118		-9.84419		56.322
1119		-26.9886		39.4935
1120		-35.1604		22.3081
1121		-38.4266		7.20098
1122		-39.6138		-7.25835
1123		-37.9745		-23.646
1124		-29.7197		-42.1612
1125		-11.1326		-58.6543
1126		17.6426		-65.6751
1127		50.5745		-56.2213
1128		77.0258		-28.1814
1129		86.0313		13.1123
1130		71.4937		55.9173
1131		35.5496		86.4836
1132		-11.7781		94.7393
1133		-56.5883		78.4142
1134		-86.7697		43.5394
1135		-96.4701		1.20513
1136		-87.2216		-37.5681
1137		-65.4759		-66.0582
1138		-38.2833		-83.0479
1139		-9.7915		-90.7435
1140		19.4117		-91.1076
1141		49.9448		-83.2182
1142		80.0648		-63.5779
1143		103.56		-29.3748
1144		111.007		17.314
1145		94.257		67.2637
1146		51.8764		105.822
1147		-7.67261		118.451
1148		-67.4399		97.6026
1149		-107.974		47.3608
1150		-115.334		-16.9003
1151		-87.2615		-74.1318
1152		-34.3484		-106.068
1153		24.511		-104.516
1154		70.2215		-73.9905
1155		91.1751		-28.5418
1156		86.8507		15.3863
1157		65.8637		46.3071
1158		39.9467		61.5431
1159		17.3995		65.9431
1160		-0.38335		66.7056
1161		-17.624		67.6445
1162		-39.2451		66.3891
1163		-65.5545		56.1747
1164		-89.9687		31.1024
1165		-101.416		-8.36567
1166		-90.2829		-53.1573
1167		-54.5979		-88.2927
1168		-2.85454		-99.4375
1169		48.4109		-79.9585
1170		81.3154		-34.7195
1171		84.2938		21.4832
1172		56.876		70.1139
1173		9.26625		96.5744
1174		-42.821		95.5321
1175		-85.1679		71.4757
1176		-110.229		34.7301
1177		-118.077		-4.42797
1178		-113.261		-40.1131
1179		-100.035		-71.3899
1180		-79.1956		-99.2538
1181		-48.5497		-122.476
1182		-6.61585		-135.443
1183		43.0135		-129.852
1184		89.8616		-99.6543
1185		119.148		-46.4178
1186		118.013		18.3404
1187		82.2973		75.8413
1188		20.1424		107.035
1189		-49.9267		100.674
1190		-105.9		58.4349
1191		-130.995		-5.59774
1192		-119.988		-70.8969
1193		-80.1908		-118.947
1194		-26.8909		-140.029
1195		24.088		-135.206
1196		62.7367		-113.084
1197		87.0368		-83.6797
1198		100.415		-53.132
1199		106.654		-22.1659
1200		105.774		11.2072
1201		93.6126		46.9259
1202		65.4024		79.501
1203		21.0485		98.6385
1204		-31.4656		94.0053
1205		-77.1922		61.6144
1206		-99.9411		8.03686
1207		-89.9123		-50.4207
1208		-49.1722		-93.762
1209		8.19631		-106.822
1210		61.7065		-85.9909
1211		93.2066		-40.6467
1212		94.389		11.4574
1213		69.3528		52.4519
1214		31.1465		71.9646
1215		-5.57436		70.2741
1216		-31.6516		55.7215
1217		-46.4983		38.2875
1218		-55.783		23.2852
1219		-65.5133		8.87712
1220		-76.3705		-11.2477
1221		-81.9449		-41.8245
1222		-72.1617		-80.4671
1223		-40.0321		-116.311
1224		12.2711		-134.15
1225		71.8631		-122.127
1226		119.549		-78.8141
1227		138.264		-15.5653
1228		121.223		47.5225
1229		75.4181		90.2597
1230		18.4514		101.259
1231		-29.7333		82.4718
1232		-55.9231		47.0581
1233		-58.7778		11.8503
1234		-47.4688		-11.4111
1235		-34.8272		-21.2884
1236		-29.032		-25.5499
1237		-28.648		-34.5831
1238		-23.9086		-53.2563
1239		-3.57597		-76.1042
1240		36.5353		-88.9059
1241		88.385		-76.144
1242		133.219		-30.4473
1243		149.503		41.2017
1244		123.46		118.197
1245		56.8099		174.108
1246		-32.4278		187.957
1247		-116.715		153.493
1248		-170.183		81.965
1249		-178.883		-2.86752
1250		-145.354		-74.8387
1251		-85.7609		-115.611
1252		-21.6233		-120.292
1253		29.3614		-96.371
1254		58.892		-57.4708
1255		67.9001		-15.9081
1256		61.8397		21.8144
1257		45.0153		54.5978
1258		17.7009		82.5675
1259		-22.2449		102.525
1260		-74.576		106.558
1261		-132.148		85.2668
1262		-180.229		34.0441
1263		-201.031		-41.325
1264		-181.701		-123.544
1265		-121.735		-188.726
1266		-35.5834		-215.636
1267		51.5215		-194.97
1268		113.06		-134.024
1269		131.769		-54.2293
1270		106.277		17.4969
1271		50.7424		59.5372
1272		-12.1244		63.4611
1273		-61.0685		35.5242
1274		-84.4253		-8.40872
1275		-82.7096		-51.4495
1276		-65.047		-83.1732
1277		-42.0577		-102.346
1278		-19.4602		-114.055
1279		4.06545		-123.539
1280		33.8489		-130.722
1281		73.1721		-128.876
1282		118.078		-108.343
1283		156.461		-63.2147
1284		172.435		2.92377
1285		153.934		75.7406
1286		99.5985		134.583
1287		21.1513		160.713
1288		-60.2453		145.373
1289		-122.097		93.6942
1290		-149.311		22.5182
1291		-139.441		-46.7345
1292		-102.167		-96.6133
1293		-53.6688		-119.532
1294		-9.03915		-118.512
1295		23.4054		-103.035
1296		43.3483		-82.7561
1297		55.2654		-62.6483
1298		63.2022		-42.0798
1299		66.8857		-17.8744
1300		61.5297		10.8923
1301		41.3979		39.5699
1302		4.91026		58.3843
1303		-41.9126		56.7213
1304		-86.017		29.0174
1305		-112.041		-21.0317
1306		-108.999		-80.4678
1307		-75.5403		-131.617
1308		-21.0391		-159.122
1309		38.1201		-156.063
1310		85.2538		-126.233
1311		109.788		-81.6205
1312		110.349		-36.6019
1313		93.3471		-1.92984
1314		68.2779		18.4961
1315		42.5857		26.7873
1316		18.9619		27.1823
1317		-3.63628		21.8069
1318		-26.2302		8.84848
1319		-45.9882		-15.6194
1320		-55.0981		-53.2054
1321		-43.594		-98.9388
1322		-5.03271		-140.148
1323		57.9708		-159.903
1324		131.653		-143.96
1325		194.265		-88.0563
1326		223.695		-1.82893
1327		206.36		93.002
1328		143.313		169.863
1329		50.6		207.032
1330		-46.4695		195.59
1331		-122.679		142.155
1332		-161.761		65.3644
1333		-160.998		-12.073
1334		-129.925		-71.9785
1335		-84.3153		-106.15
1336		-38.7412		-116.634
1337		-1.33504		-111.45
1338		27.0407		-98.5789
1339		49.5008		-81.5909
1340		68.142		-59.1142
1341		80.5083		-28.0723
1342		79.694		11.5157
1343		58.1231		53.2162
1344		12.9375		84.568
1345		-50.0419		91.3752
1346		-116.161		63.979
1347		-166.065		2.47106
1348		-182.449		-81.7496
1349		-156.499		-168.939
1350		-91.2633		-237.257
1351		-0.699963		-269.672
1352		94.9262		-258.801
1353		175.157		-208.161
1354		224.574		-129.994
1355		235.603		-41.1651
1356		208.75		41.0105
1357		151.179		101.805
1358		74.83		130.811
1359		-5.2934		122.97
1360		-72.8559		79.5114
1361		-112.576		8.743
1362		-113.561		-74.1206
1363		-72.9577		-149.11
1364		1.59093		-196.004
1365		92.3614		-200.257
1366		175.632		-158.275
1367		228.589		-79.619
1368		236.68		15.2666
1369		198.457		101.41
1370		125.787		157.415
1371		39.2535		172.094
1372		-39.2914		146.955
1373		-93.8171		93.8099
1374		-117.948		28.9408
1375		-114.347		-33.2089
1376		-90.6799		-83.9498
1377		-54.7561		-120.492
1378		-11.5517		-143.087
1379		36.5575		-151.506
1380		87.0651		-143.361
1381		134.373		-115.466
1382		169.021		-67.403
1383		180.216		-4.94693
1384		160.684		59.1922
1385		111.295		108.444
1386		42.7035		128.263
1387		-27.3638		112.088
1388		-80.239		64.3514
1389		-103.099		-1.11476
1390		-93.1728		-66.594
1391		-57.4548		-117.236
1392		-8.31313		-145.764
1393		42.4896		-153.046
1394		88.1598		-144.722
1395		127.487		-126.214
1396		161.823		-99.2353
1397		190.691		-61.8745
1398		209.085		-12.0975
1399		208.503		47.6482
1400		181.491		107.88
1401		127.227		153.692
1402		54.7929		170.292
1403		-18.1924		149.879
1404		-71.4701		96.2457
1405		-89.9585		24.4942
1406		-69.716		-44.2944
1407		-19.1392		-90.9683
1408		45.0713		-104.994
1409		104.955		-86.8511
1410		147.687		-45.4376
1411		168.277		7.54552
1412		167.809		62.7701
1413		149.102		115.142
1414		113.114		161.739
1415		58.7648		197.831
1416		-13.4719		214.394
1417		-96.6072		199.743
1418		-174.541		145.375
1419		-224.718		53.1702
1420		-226.077		-60.3784
1421		-169.082		-166.375
1422		-62.7929		-232.499
1423		65.2665		-235.439
1424		177.442		-171.202
1425		239.461		-58.1842
1426		233.293		68.8757
1427		163.599		171.7
1428		54.916		222.367
1429		-58.8574		212.206
1430		-147.592		152.14
1431		-194.62		65.1669
1432		-199.097		-24.5974
1433		-171.113		-100.679
1434		-123.338		-156.919
1435		-64.3362		-193.901
1436		2.83288		-212.528
1437		76.6673		-209.515
1438		151.269		-178.073
1439		213.062		-113.602
1440		243.315		-20.7831
1441		226.019		82.8209
1442		157.202		169.918
1443		50.3176		212.965
1444		-65.9771		195.768
1445		-157.514		121.418
1446		-197.606		12.2439
1447		-177.221		-98.584
1448		-107.516		-179.952
1449		-13.7004		-214.065
1450		76.3914		-200.912
1451		143.145		-154.408
1452		180.205		-93.0792
1453		191.933		-30.7964
1454		185.824		27.3678
1455		165.102		82.4182
1456		126.356		134.317
1457		63.8244		175.665
1458		-22.3561		191.012
1459		-119.385		163.291
1460		-201.63		84.4352
1461		-238.705		-35.7543
1462		-208.748		-168.203
1463		-110.457		-272.812
1464		32.6073		-313.522
1465		178.519		-273.51
1466		282.098		-163.277
1467		312.106		-17.5121
1468		262.83		118.071
1469		154.993		204.016
1470		26.0396		220.816
1471		-85.2563		173.353
1472		-152.615		85.0825
1473		-168.679		-14.1458
1474		-142.377		-100.188
1475		-90.1639		-161.078
1476		-26.6994		-195.971
1477		40.0297		-208.887
1478		107.413		-202.115
1479		172.878		-173.667
1480		228.969		-120.13
1481		262.776		-42.6822
1482		260.739		48.1475
1483		216.269		132.76
1484		135.634		188.626
1485		38.1659		199.538
1486		-50.0742		163.145
1487		-106.401		92.5601
1488		-120.369		10.8983
1489		-96.9055		-58.6267
1490		-52.2302		-102.053
1491		-4.86634		-118.774
1492		33.3612		-118.598
1493		61.6045		-113.758
1494		87.5078		-110.578
1495		119.706		-105.52
1496		159.822		-87.8334
1497		198.732		-47.2684
1498		219.481		17.545
1499		205.555		94.8896
1500		150.255		162.587
1501		62.2059		196.514
1502		-35.996		180.981
1503		-115.569		116.019
1504		-152.195		18.1848
1505		-134.761		-85.2713
1506		-68.6019		-165.998
1507		27.48		-203.596
1508		128.341		-190.662
1509		210.231		-132.737
1510		256.156		-44.5171
1511		257.798		55.0338
1512		214.935		146.477
1513		134.204		212.011
1514		28.4759		236.846
1515		-83.3788		211.263
1516		-177.774		133.821
1517		-230.214		14.6077
1518		-221.723		-123.781
1519		-146.03		-249.53
1520		-14.3279		-329.426
1521		145.314		-339.058
1522		294.756		-271.524
1523		396.926		-140.83
1524		427.204		21.8104
1525		380.635		177.61
1526		272.266		292.017
1527		130.863		344.149
1528		-10.9868		330.571
1529		-126.182		262.869
1530		-198.496		161.131
1531		-222.987		46.8356
1532		-202.858		-61.8519
1533		-145.519		-151.323
1534		-60.2564		-211.384
1535		41.7561		-233.98
1536		146.257		-213.651
1537		235.614		-149.996
1538		291.067		-50.7057
1539		297.488		67.1582
1540		248.901		179.337
1541		152.118		260.02
1542		26.4558		289.139
1543		-100.862		258.472
1544		-202.047		174.146
1545		-256.142		54.6415
1546		-253.884		-74.7069
1547		-198.74		-188.479
1548		-104.45		-266.86
1549		9.37196		-298.819
1550		121.799		-282.655
1551		214.142		-224.767
1552		272.254		-137.696
1553		287.975		-38.0641
1554		260.147		55.6062
1555		195.17		125.506
1556		106.582		157.644
1557		13.1467		144.912
1558		-64.6377		89.156
1559		-108.887		1.29399
1560		-108.315		-100.794
1561		-60.65		-196.078
1562		27.1233		-264.718
1563		140.449		-291.75
1564		260.014		-269.446
1565		364.86		-198.319
1566		435.387		-87.1865
1567		456.312		47.4965
1568		419.711		183.217
1569		327.841		294.447
1570		194.751		357.424
1571		45.3417		356.093
1572		-88.9862		287.545
1573		-177.693		164.727
1574		-199.513		14.6864
1575		-148.992		-127.867
1576		-38.5126		-229.896
1577		105.23		-269.071
1578		249.124		-239.249
1579		362.882		-150.573
1580		426.235		-24.6788
1581		431.797		112.539
1582		383.543		237.435
1583		292.784		332.182
1584		174.284		385.162
1585		44.3357		389.748
1586		-79.2584		343.703
1587		-176.999		250.453
1588		-229.424		121.611
1589		-221.667		-21.509
1590		-149.612		-149.875
1591		-24.6026		-233.185
1592		126.508		-249.187
1593		267.452		-192.176
1594		363.306		-76.5382
1595		391.842		66.9282
1596		350.645		200.988
1597		256.84		294.243
1598		139.618		330.534
1599		29.0807		311.658
1600		-53.4487		252.864
1601		-99.5714		174.093
1602		-111.421		91.7476
1603		-95.2262		15.0464
1604		-55.2972		-51.945
1605		7.75174		-104.939
1606		93.5661		-135.029
1607		195.885		-128.97
1608		298.146		-74.9586
1609		374.733		28.8918
1610		398.712		168.284
1611		353.082		313.068
1612		240.119		425.399
1613		83.7505		472.849
1614		-76.9771		440.781
1615		-200.989		338.273
1616		-259.216		194.799
1617		-243.524		49.222
1618		-167.003		-63.795
1619		-56.343		-123.977
1620		59.3958		-128.342
1621		158.057		-86.8564
1622		227.901		-14.4418
1623		265.119		75.7553
1624		268.47		174.401
1625		235.425		273.204
1626		162.817		360.376
1627		51.736		418.525
1628		-86.5939		427.701
1629		-228.346		373.066
1630		-340.861		253.575
1631		-392.151		86.8698
1632		-362.368		-92.9071
1633		-252.074		-244.277
1634		-83.479		-331.055
1635		105.986		-333.276
1636		274.885		-252.195
1637		389.105		-108.078
1638		429.172		67.2519
1639		391.949		239.296
1640		287.95		377.737
1641		137.08		459.948
1642		-34.8255		472.108
1643		-198.159		410.037
1644		-321.834		281.009
1645		-377.654		105.837
1646		-347.341		-81.2491
1647		-230.343		-237.473
1648		-48.6216		-321.71
1649		155.344		-307.46
1650		328.642		-193.599
1651		423.644		-7.72871
1652		413.719		200.5
1653		302.562		374.456
1654		123.077		468.513
1655		-73.9362		461.999
1656		-236.659		363.857
1657		-327.969		206.882
1658		-334.228		34.8064
1659		-264.933		-111.915
1660		-145.161		-206.119
1661		-5.40141		-237.128
1662		126.632		-208.118
1663		229.903		-130.996
1664		290.355		-22.2171
1665		300.149		99.0829
1666		258.105		211.663
1667		171.629		293.799
1668		58.1955		327.475
1669		-56.2868		304.387
1670		-143.582		230.775
1671		-182.228		127.614
1672		-165.702		24.5451
1673		-105.233		-50.743
1674		-25.0541		-83.0382
1675		48.3282		-74.7731
1676		97.794		-42.8895
1677		122.275		-8.67465
1678		134.769		14.2554
1679		152.583		27.3626
1680		184.99		45.7111
1681		225.201		88.0419
1682		251.532		163.553
1683		237.829		262.671
1684		168.133		357.352
1685		47.9684		411.607
1686		-93.9897		397.552
1687		-215.34		309.195
1688		-276.365		167.117
1689		-255.793		11.6669
1690		-158.687		-112.029
1691		-13.3455		-170.16
1692		140.449		-150.276
1693		265.587		-61.7496
1694		337.602		71.7654
1695		347.055		222.558
1696		295.632		366.087
1697		190.595		482.517
1698		42.3319		554.218
1699		-133.363		563.805
1700		-310.932		496.89
1701		-453.874		350.127
1702		-521.057		140.579
1703		-480.557		-90.2286
1704		-325.783		-282.848
1705		-85.6247		-377.348
1706		178.381		-335.777
1707		389.319		-159.861
1708		480.986		104.979
1709		422.226		382.64
1710		228.874		591.95
1711		-42.0719		674.464
1712		-313.499		612.895
1713		-515.1		433.068
1714		-604.702		190.015
1715		-576.009		-54.1237
1716		-451.871		-249.884
1717		-269.079		-370.056
1718		-63.8013		-407.556
1719		135.405		-366.515
1720		305.831		-254.388
1721		424.886		-80.8111
1722		467.592		136.717
1723		412.081		365.873
1724		251.893		558.845
1725		8.18427		662.524
1726		-267.03		637.564
1727		-501.945		477.914
1728		-628.345		220.228
1729		-607.988		-63.8562
1730		-449.649		-291.523
1731		-207.79		-399.307
1732		37.8582		-366.809
1733		213.256		-222.632
1734		277.685		-29.7511
1735		235.667		142.637
1736		128.466		247.367
1737		10.4537		274.614
1738		-77.2449		248.081
1739		-122.741		205.754
1740		-141.996		176.456
1741		-162.485		164.909
1742		-202.142		152.707
1743		-255.798		113.583
1744		-296.701		33.4929
1745		-291.995		-76.3764
1746		-223.202		-181.382
1747		-99.9722		-239.337
1748		40.8858		-221.993
1749		150.962		-130.423
1750		192.298		4.02975
1751		154.384		133.751
1752		57.4495		216.303
1753		-59.0958		232.077
1754		-156.27		189.349
1755		-212.388		115.128
1756		-228.512		37.9728
1757		-220.634		-26.9488
1758		-204.415		-82.1345
1759		-182.398		-139.587
1760		-141.842		-205.986
1761		-64.7827		-271.066
1762		55.7028		-307.355
1763		203.202		-282.742
1764		338.174		-179.597
1765		412.343		-9.64352
1766		390.873		184.633
1767		270.948		344.407
1768		86.5947		418.574
1769		-103.591		385.786
1770		-240.348		263.411
1771		-287.665		98.9184
1772		-245.119		-51.7833
1773		-143.141		-147.988
1774		-24.6563		-178.028
1775		76.5053		-157.164
1776		148.84		-112.125
1777		201.586		-62.039
1778		250.429		-7.09358
1779		299.859		68.5336
1780		333.429		181.342
1781		318.66		330.09
1782		224.903		485.815
1783		44.7171		597.573
1784		-193.325		612.64
1785		-428.631		501.799
1786		-589.071		276.995
1787		-619.09		-8.04468
1788		-502.47		-275.354
1789		-269.257		-450.711
1790		15.8848		-489.472
1791		277.8		-389.256
1792		456.012		-185.384
1793		520.2		66.5581
1794		471.285		311.222
1795		331.176		507.391
1796		129.435		630.887
1797		-104.983		669.145
1798		-343.653		614.722
1799		-553.515		464.608
1800		-693.946		227.162
1801		-722.434		-67.9344
1802		-609.607		-365.177
1803		-357.449		-591.154
1804		-10.4428		-675.546
1805		349.051		-578.033
1806		622.96		-309.008
1807		730.132		66.9005
1808		636.202		448.457
1809		367.5		730.895
1810		2.38081		841.256
1811		-356.701		761.468
1812		-618.514		530.078
1813		-731.097		223.259
1814		-691.949		-75.2865
1815		-538.591		-301.931
1816		-326.636		-427.308
1817		-107.185		-453.859
1818		86.2912		-401.855
1819		238.004		-293.804
1820		340.816		-146.066
1821		386.635		29.2283
1822		363.791		215.822
1823		263.6		386.442
1824		91.7338		504.254
1825		-123.734		534.134
1826		-334.531		458.717
1827		-485.972		290.403
1828		-536.942		71.7404
1829		-476.573		-137.698
1830		-329.124		-282.744
1831		-144.199		-332.617
1832		23.2544		-290.209
1833		133.712		-186.728
1834		175.003		-65.0797
1835		160.657		39.264
1836		117.021		110.469
1837		67.016		152.488
1838		19.4855		178.751
1839		-30.7026		198.537
1840		-93.0613		208.433
1841		-169.048		193.884
1842		-244.86		139.647
1843		-294.317		42.7155
1844		-290.708		-80.2804
1845		-221.22		-196.108
1846		-95.8958		-267.456
1847		54.0351		-268.702
1848		187.874		-196.826
1849		271.299		-72.0441
1850		288.393		71.7229
1851		244.307		201.115
1852		158.324		294.758
1853		52.2926		346.467
1854		-58.498		359.943
1855		-166.997		339.699
1856		-268.655		284.967
1857		-353.197		191.138
1858		-400.688		58.1967
1859		-386.312		-99.3423
1860		-292.864		-248.367
1861		-124.721		-343.727
1862		85.0464		-344.409
1863		280.132		-232.526
1864		398.619		-25.7164
1865		395.937		224.085
1866		263.038		446.336
1867		31.398		575.916
1868		-237.54		575.3
1869		-473.693		445.641
1870		-620.972		222.927
1871		-651.873		-37.5529
1872		-569.424		-280.271
1873		-398.396		-463.428
1874		-172.61		-563.279
1875		74.2857		-570.246
1876		310.865		-482.74
1877		504.702		-304.959
1878		619.828		-51.1535
1879		620.758		246.77
1880		484.641		535.331
1881		217.02		745.825
1882		-137.62		812.544
1883		-498.863		697.443
1884		-769.825		410.668
1885		-867.925		16.1606
1886		-755.296		-382.945
1887		-455.806		-675.639
1888		-50.4249		-779.675
1889		348.346		-669.118
1890		633.31		-381.872
1891		736.361		-4.63124
1892		646.618		357.93
1893		407.477		616.973
1894		96.1244		723.567
1895		-204.364		675.796
1896		-428.935		509.635
1897		-542.949		280.713
1898		-542.081		46.0395
1899		-444.345		-147.89
1900		-280.693		-269.401
1901		-88.531		-301.521
1902		91.7019		-241.767
1903		219.997		-103.851
1904		263.496		80.4923
1905		206.611		263.851
1906		60.5604		393.005
1907		-133.998		425.567
1908		-315.915		347.546
1909		-423.544		183.265
1910		-418.966		-9.23483
1911		-305.807		-158.09
1912		-131.309		-206.071
1913		30.3967		-135.6
1914		108.132		21.4345
1915		64.2655		194.779
1916		-87.6402		304.236
1917		-286.632		293.606
1918		-448.69		155.37
1919		-501.389		-64.8801
1920		-413.972		-286.333
1921		-210.035		-425.384
1922		42.1673		-428.606
1923		256.931		-292.562
1924		363.733		-63.0587
1925		331.759		184.336
1926		177.426		373.027
1927		-46.0151		451.163
1928		-270.217		405.076
1929		-434.737		257.63
1930		-502.732		55.3069
1931		-465.762		-148.472
1932		-339.607		-306.966
1933		-156.069		-387.554
1934		44.6815		-374.034
1935		219.607		-266.974
1936		327.623		-84.4313
1937		336.246		137.462
1938		230.834		347.036
1939		23.8445		485.872
1940		-241.009		504.219
1941		-494.611		379.091
1942		-659.603		127.836
1943		-674.766		-190.122
1944		-518.059		-486.73
1945		-218.783		-671.141
1946		147.235		-679.317
1947		479.039		-496.46
1948		681.354		-163.619
1949		693.857		234.084
1950		508.689		593.143
1951		170.932		821.797
1952		-236.645		864.38
1953		-617.827		712.951
1954		-887.54		404.776
1955		-989.806		9.20694
1956		-906.127		-390.108
1957		-655.201		-712.34
1958		-286.863		-893.147
1959		127.121		-894.511
1960		504.401		-711.322
1961		765.644		-374.421
1962		850.078		51.574
1963		730.708		477.841
1964		424.783		808.869
1965		-5.42001		965.215
1966		-464.376		905.405
1967		-846.212		639.471
1968		-1062.57		228.383
1969		-1066.51		-231.692
1970		-864.306		-635.675
1971		-511.26		-897.726
1972		-93.5348		-971.939
1973		296.897		-859.517
1974		585.335		-601.83
1975		728.503		-263.982
1976		717.369		83.8627
1977		571.005		381.027
1978		326.61		583.839
1979		30.5167		667.188
1980		-267.709		623.516
1981		-519.086		462.293
1982		-679.661		210.634
1983		-717.464		-87.0304
1984		-621.183		-373.372
1985		-407.028		-588.463
1986		-119.3		-684.467
1987		178.036		-639.998
1988		417.649		-468.149
1989		547.893		-213.944
1990		547.559		58.8963
1991		430.524		287.356
1992		238.539		427.392
1993		25.3711		464.264
1994		-161.027		411.667
1995		-291.283		301.313
1996		-358.106		168.492
1997		-370.849		40.1458
1998		-345.363		-70.0604
1999		-294.848		-159.186
2000		-225.884		-228.185
2001		-140.441		-275.608
2002		-41.2691		-295.524
2003		63.4502		-280.372
2004		159.392		-226.439
2005		229.82		-138.234
2006		261.53		-28.9614
2007		249.526		83.2384
2008		197.908		181.031
2009		116.851		252.327
2010		17.9897		291.173
2011		-88.6544		295.281
2012		-194.242		262.729
2013		-287.854		191.016
2014		-353.411		80.1776
2015		-370.342		-61.2193
2016		-319.801		-211.031
2017		-194.808		-333.842
2018		-9.63419		-388.997
2019		197.229		-344.841
2020		370.12		-193.77
2021		452.507		38.8716
2022		407.126		297.382
2023		231.919		510.529
2024		-35.2918		614.027
2025		-326.268		572.393
2026		-563.046		391.698
2027		-682.322		118.256
2028		-654.589		-176.125
2029		-491.42		-416.48
2030		-239.292		-546.27
2031		36.4582		-541.005
2032		270.778		-410.612
2033		414.445		-192.019
2034		442.166		63.3831
2035		353.203		302.146
2036		167.345		477.778
2037		-80.4165		556.024
2038		-344.695		518.149
2039		-574.504		364.031
2040		-719.887		115.157
2041		-741.569		-184.632
2042		-622.447		-473.725
2043		-377.006		-684.478
2044		-53.6487		-760.643
2045		273.583		-675.472
2046		523.488		-443.535
2047		631.328		-120.456
2048		569.456		211.104
2049		357.025		465.412
2050		54.5444		579.452
2051		-255.133		531.29
2052		-492.522		344.497
2053		-604.553		77.6142
2054		-577.018		-196.624
2055		-433.096		-413.959
2056		-220.322		-534.983
2057		7.49963		-550.462
2058		205.975		-475.952
2059		348.26		-340.227
2060		424.754		-173.659
2061		437.298		-1.19757
2062		392.595		158.752
2063		298.641		291.603
2064		165.212		383.7
2065		6.61008		422.219
2066		-156.503		398.448
2067		-298.651		312.525
2068		-394.714		176.565
2069		-426.66		13.8565
2070		-388.772		-146.044
2071		-289.042		-274.335
2072		-146.481		-349.157
2073		13.8918		-358.793
2074		165.82		-301.658
2075		284.642		-184.686
2076		348.388		-22.2498
2077		339.004		163.396
2078		245.678		341.241
2079		70.6609		472.89
2080		-164.621		518.698
2081		-417.215		448.944
2082		-627.898		257.007
2083		-735.104		-31.1185
2084		-694.353		-356.714
2085		-496.345		-640.479
2086		-175.883		-804.693
2087		193.616		-798.301
2088		519.838		-615.533
2089		719.36		-300.325
2090		743.655		65.9708
2091		593.696		389.531
2092		317.958		592.614
2093		-4.87622		635.406
2094		-291.382		523.956
2095		-477.361		302.842
2096		-532.267		37.1782
2097		-460.864		-208.032
2098		-294.338		-383.64
2099		-76.7599		-463.211
2100		146.954		-441.696
2101		338.058		-329.907
2102		466.223		-149.239
2103		509.932		71.0689
2104		458.125		294.966
2105		313.995		481.85
2106		98.9026		592.573
2107		-147.364		599.21
2108		-372.93		495.323
2109		-526.648		301.721
2110		-573.496		63.635
2111		-506.407		-161.288
2112		-349.113		-320.392
2113		-148.15		-382.132
2114		43.0389		-344.402
2115		181.386		-231.856
2116		245.84		-83.9661
2117		239.158		60.4195
2118		180.396		175.093
2119		92.9208		250.395
2120		-5.6602		288.764
2121		-106.971		295.906
2122		-208.145		273.41
2123		-304.402		217.233
2124		-383.381		122.676
2125		-425.441		-7.49683
2126		-410.526		-157.168
2127		-328.236		-297.463
2128		-185.618		-394.547
2129		-8.18054		-421.339
2130		166.93		-367.602
2131		302.618		-243.615
2132		372.986		-75.9607
2133		369.096		102.081
2134		297.588		260.506
2135		174.279		378.327
2136		17.3193		443.417
2137		-155.926		448.548
2138		-327.07		388.054
2139		-472.544		258.95
2140		-561.906		67.1354
2141		-562.644		-164.744
2142		-451.836		-393.631
2143		-230.405		-561.554
2144		67.2913		-611.17
2145		375.183		-506.745
2146		610.844		-252.112
2147		700.586		103.092
2148		605.292		473.465
2149		336.631		762.067
2150		-43.4856		890.543
2151		-440.751		823.988
2152		-757.244		581.321
2153		-920.553		227.731
2154		-902.954		-147.191
2155		-724.883		-456.892
2156		-443.366		-640.918
2157		-131.546		-676.627
2158		142.363		-577.924
2159		329.888		-384.44
2160		408.085		-147.187
2161		377.68		83.8315
2162		257.323		267.389
2163		77.52		374.63
2164		-124.198		390.654
2165		-307.556		315.881
2166		-434.862		167.212
2167		-478.099		-22.74
2168		-426.471		-210.377
2169		-291.406		-350.399
2170		-105.91		-407.713
2171		83.0263		-368.001
2172		227.273		-242.697
2173		291.444		-65.9215
2174		262.793		115.865
2175		153.596		257.775
2176		-4.44935		328.877
2177		-171.144		318.915
2178		-309.55		237.796
2179		-394.478		109.354
2180		-415.582		-37.2222
2181		-375.61		-174.739
2182		-286.112		-282.098
2183		-163.274		-345.197
2184		-25.3882		-356.18
2185		108.126		-312.854
2186		217.409		-219.145
2187		283.852		-86.1224
2188		293.182		67.732
2189		239.091		218.201
2190		125.898		339.183
2191		-31.0944		407.764
2192		-207.887		408.946
2193		-375.987		338.629
2194		-507.224		204.348
2195		-578.06		24.1075
2196		-572.964		-175.922
2197		-486.987		-364.392
2198		-327.734		-508.521
2199		-116.361		-579.017
2200		113.448		-556.107
2201		319.668		-435.647
2202		459.648		-233.236
2203		500.124		15.9671
2204		426.752		263.02
2205		249.789		455.873
2206		3.36819		552.123
2207		-261.977		529.836
2208		-491.4		392.916
2209		-638.571		169.439
2210		-675.343		-95.9831
2211		-595.879		-352.784
2212		-415.274		-554.445
2213		-164.598		-665.548
2214		115.105		-665.429
2215		378.227		-549.58
2216		579.377		-330.301
2217		678.667		-37.0519
2218		648.478		284.548
2219		481.228		577.114
2220		195.724		780.673
2221		-161.393		845.963
2222		-521.86		748.561
2223		-809.824		498.898
2224		-960.537		143.653
2225		-938.021		-243.351
2226		-745.709		-578.789
2227		-426.263		-790.728
2228		-50.591		-836.246
2229		300.157		-710.571
2230		553.785		-445.849
2231		661.999		-101.231
2232		608.029		251.613
2233		406.831		543.153
2234		99.8579		717.91
2235		-253.185		742.674
2236		-584.06		611.404
2237		-826.854		347.121
2238		-929.876		0.0978546
2239		-867.476		-359.092
2240		-648.941		-652.586
2241		-320.571		-813.037
2242		42.1201		-802.061
2243		352.121		-623.208
2244		534.453		-323.764
2245		548.138		17.0059
2246		398.617		310.532
2247		135.509		485.204
2248		-163.984		506.981
2249		-420.101		386.944
2250		-574.681		173.492
2251		-605.79		-67.0201
2252		-528.38		-273.057
2253		-382.486		-405.27
2254		-215.371		-452.791
2255		-65.6399		-428.198
2256		44.8192		-355.744
2257		109.798		-259.625
2258		131.954		-157.612
2259		115.763		-61.4563
2260		64.7527		18.6353
2261		-15.9754		70.2827
2262		-114.718		79.8014
2263		-210.339		38.1313
2264		-275.269		-51.4132
2265		-284.508		-168.689
2266		-226.927		-279.553
2267		-113.093		-346.326
2268		25.1428		-342.052
2269		144.366		-262.201
2270		205.113		-128.118
2271		186.645		19.8854
2272		94.5217		137.142
2273		-42.2758		190.707
2274		-183.172		170.075
2275		-291.282		88.3329
2276		-345.453		-25.9066
2277		-344.316		-141.364
2278		-301.691		-235.529
2279		-236.765		-299.826
2280		-164.517		-337.217
2281		-91.0411		-354.818
2282		-15.3551		-356.311
2283		64.3189		-338.452
2284		144.032		-293.382
2285		211.388		-215.05
2286		248.34		-105.916
2287		238.15		19.9447
2288		172.95		139.177
2289		58.1787		225.88
2290		-88.0975		259.585
2291		-240.355		230.954
2292		-372.586		143.153
2293		-463.961		9.20169
2294		-501.304		-152.542
2295		-478.571		-322.141
2296		-395.172		-479.633
2297		-255.307		-604.763
2298		-69.3126		-676.791
2299		143.832		-676.405
2300		355.109		-590.486
2301		527.54		-418.513
2302		622.715		-177.786
2303		610.573		95.5496
2304		479.345		351.384
2305		242.016		535.865
2306		-63.3822		604.222
2307		-380.215		532.411
2308		-644.766		324.185
2309		-799.726		11.8275
2310		-806.378		-349.328
2311		-652.991		-690.964
2312		-358.246		-944.249
2313		30.5394		-1052.64
2314		444.07		-983.284
2315		802.127		-735.522
2316		1028.11		-344.605
2317		1065.31		121.055
2318		891.762		570.364
2319		529.781		907.272
2320		46.0718		1052.8
2321		-459.595		966.15
2322		-876.113		658.445
2323		-1108.35		193.977
2324		-1102.54		-323.199
2325		-861.933		-774.647
2326		-447.119		-1058.15
2327		39.6396		-1114.52
2328		481.894		-942.432
2329		779.989		-596.801
2330		876.235		-171.536
2331		767.023		227.596
2332		499.109		511.349
2333		152.444		628.215
2334		-184.091		573.035
2335		-436.196		382.055
2336		-560.319		117.773
2337		-549.165		-150.498
2338		-426.991		-364.212
2339		-238.119		-486.957
2340		-33.2388		-508.125
2341		142.492		-439.983
2342		257.326		-310.758
2343		296.407		-156.446
2344		261.75		-13.2027
2345		169.853		88.9147
2346		47.7287		130.766
2347		-72.4528		107.4
2348		-159.921		29.2523
2349		-192.404		-79.6044
2350		-162.246		-186.71
2351		-79.4946		-259.516
2352		29.7905		-274.864
2353		130.434		-226.701
2354		188.734		-129.047
2355		183.491		-12.5151
2356		113.546		85.0656
2357		-1.20172		131.014
2358		-126.078		108.782
2359		-223.168		23.4684
2360		-263.939		-100.28
2361		-238.256		-227.192
2362		-156.477		-323.613
2363		-44.1534		-368.334
2364		68.2239		-357.941
2365		156.046		-305.072
2366		207.667		-230.942
2367		225.295		-155.818
2368		220.088		-91.6717
2369		204.346		-39.9041
2370		184.699		5.48399
2371		159.359		51.4336
2372		120.346		99.5372
2373		59.1847		142.976
2374		-26.9018		167.962
2375		-131.196		158.762
2376		-237.604		103.894
2377		-324.274		0.909515
2378		-368.947		-141.754
2379		-354.028		-305.811
2380		-270.183		-465.965
2381		-118.46		-593.31
2382		88.4423		-658.907
2383		325.396		-637.991
2384		555.287		-515.495
2385		732.266		-292.677
2386		809.328		7.05248
2387		750.127		336.293
2388		542.433		628.936
2389		208.453		813.651
2390		-193.25		833.232
2391		-577.441		664.072
2392		-852.624		328.513
2393		-946.7		-105.784
2394		-829.44		-541.04
2395		-523.555		-875.301
2396		-99.8263		-1030.85
2397		342.527		-975.523
2398		703.586		-729.889
2399		909.122		-358.415
2400		927.144		51.2021
2401		770.422		412.621
2402		486.33		660.909
2403		139.754		762.67
2404		-203.828		715.611
2405		-489.862		541.059
2406		-679.398		274.723
2407		-749.086		-40.2378
2408		-690.248		-356.833
2409		-509.655		-626.522
2410		-231.902		-803.273
2411		99.3989		-851.159
2412		425.189		-754.305
2413		681.146		-525.208
2414		812.933		-206.665
2415		791.692		135.605
2416		623.72		428.703
2417		349.911		611.854
2418		34.4781		652.5
2419		-253.185		553.425
2420		-456.927		348.771
2421		-546.197		91.2939
2422		-518.952		-163.64
2423		-395.894		-371.261
2424		-210.126		-503.969
2425		2.71977		-551.063
2426		210.431		-514.458
2427		385.825		-404.258
2428		506.207		-236.761
2429		553.731		-34.8355
2430		518.329		171.649
2431		402.377		348.145
2432		224.178		461.759
2433		17.0323		490.126
2434		-177.508		429.203
2435		-320.62		296.011
2436		-387.352		124.301
2437		-373.319		-45.6738
2438		-294.133		-179.257
2439		-178.069		-256.465
2440		-55.477		-274.64
2441		50.2596		-244.481
2442		126.675		-182.356
2443		170.458		-103.25
2444		182.406		-17.7114
2445		162.997		66.541
2446		111.628		140.643
2447		29.9226		191.947
2448		-73.3647		205.552
2449		-179.71		170.135
2450		-263.381		85.2653
2451		-299.288		-34.1089
2452		-273.029		-159.379
2453		-188.33		-256.608
2454		-67.8152		-298.42
2455		53.9436		-274.308
2456		142.468		-194.654
2457		175.381		-86.5813
2458		149.274		16.4435
2459		78.8253		86.561
2460		-10.7666		109.88
2461		-93.9984		88.1996
2462		-153.145		34.4684
2463		-181.11		-34.7393
2464		-179.027		-105.505
2465		-151.347		-168.798
2466		-102.074		-218.639
2467		-34.4843		-248.713
2468		45.9149		-250.732
2469		127.847		-216.529
2470		193.436		-143.233
2471		221.949		-38.5392
2472		197.219		77.522
2473		115.435		176.396
2474		-10.7742		229.562
2475		-154.448		218.38
2476		-282.167		140.847
2477		-364.409		12.2509
2478		-383.958		-140.345
2479		-339.088		-286.986
2480		-240.989		-402.916
2481		-107.755		-472.665
2482		41.3799		-489.479
2483		188.744		-452.124
2484		317.443		-362.357
2485		409.272		-225.443
2486		444.581		-53.5941
2487		406.243		130.348
2488		287.152		292.715
2489		97.8789		394.712
2490		-130.062		403.384
2491		-348.554		304.001
2492		-504.735		108.45
2493		-556.584		-144.671
2494		-486.38		-399.241
2495		-306.736		-597.076
2496		-56.9589		-693.992
2497		208.493		-670.776
2498		434.738		-535.868
2499		579.072		-320.185
2500		617.994		-67.5018
2501		548.304		175.432
2502		384.439		366.225
2503		154.844		471.331
2504		-101.122		469.32
2505		-336.467		354.635
2506		-502.071		141.865
2507		-555.938		-131.768
2508		-475.185		-409.189
2509		-266.919		-623.838
2510		27.42		-716.703
2511		338.382		-655.165
2512		585.717		-446.513
2513		701.836		-139.757
2514		653.368		186.565
2515		452.54		447.309
2516		153.641		576.418
2517		-164.299		546.086
2518		-422.083		372.664
2519		-562.989		108.016
2520		-565.763		-179.217
2521		-444.724		-424.556
2522		-239.296		-583.216
2523		1.05681		-636.113
2524		229.964		-587.013
2525		411.451		-455.013
2526		521.424		-267.298
2527		546.383		-55.0581
2528		482.904		147.819
2529		339.498		306.092
2530		139.442		387.439
2531		-78.8866		370.29
2532		-267.297		252.708
2533		-379.126		57.7374
2534		-383.467		-168.893
2535		-276.663		-369.785
2536		-85.6881		-492.575
2537		138.9		-506.24
2538		338.367		-410.603
2539		463.788		-235.295
2540		489.844		-28.8639
2541		419.626		157.279
2542		279.721		283.694
2543		108.815		331.39
2544		-54.8448		302.196
2545		-182.382		212.906
2546		-257.564		87.2467
2547		-275.415		-50.5894
2548		-239.002		-179.104
2549		-157.057		-280.13
2550		-43.3304		-339.058
2551		83.4217		-346.37
2552		200.781		-300.47
2553		286.535		-210.071
2554		324.374		-93.8742
2555		308.99		23.5904
2556		247.839		118.902
2557		158.197		176.597
2558		60.6121		192.717
2559		-28.1872		173.422
2560		-99.4367		129.607
2561		-151.697		70.6812
2562		-186.298		1.05967
2563		-202.052		-78.6901
2564		-192.876		-166.978
2565		-150.281		-255.919
2566		-69.6928		-329.508
2567		43.0025		-367.321
2568		168.902		-352.625
2569		279.893		-281.022
2570		347.839		-164.96
2571		355.127		-31.2438
2572		301.498		87.8
2573		203.802		165.57
2574		88.8551		189.594
2575		-16.9674		163.357
2576		-96.1765		101.272
2577		-142.791		20.1597
2578		-158.658		-67.7848
2579		-146.623		-156.697
2580		-105.452		-243.001
2581		-30.2451		-318.862
2582		81.4184		-368.204
2583		221.18		-369.148
2584		365.015		-303.045
2585		476.114		-166.162
2586		516.046		22.2808
2587		460.063		220.963
2588		309.668		377.492
2589		96.0879		445.869
2590		-127.793		403.217
2591		-304.25		258.571
2592		-389.477		49.9471
2593		-366.698		-168.831
2594		-248.857		-345.716
2595		-70.9755		-445.174
2596		123.292		-454.886
2597		294.601		-383.555
2598		415.513		-253.054
2599		471.585		-90.0294
2600		458.443		79.1405
2601		378.86		229.329
2602		242.668		336.034
2603		69.1972		376.698
2604		-110.878		335.954
2605		-258.145		213.43
2606		-333.274		29.8883
2607		-310.052		-173.151
2608		-187.246		-342.629
2609		6.78507		-430.029
2610		220.312		-408.32
2611		394.051		-282.495
2612		480.697		-88.7054
2613		460.259		118.087
2614		345.005		282.892
2615		172.489		368.082
2616		-9.54079		362.596
2617		-159.316		280.292
2618		-251.575		149.968
2619		-279.298		2.99513
2620		-248.277		-135.374
2621		-169.468		-248.075
2622		-54.3075		-323.032
2623		84.7098		-349.162
2624		229.944		-316.058
2625		355.618		-218.96
2626		430.316		-66.4614
2627		426.17		114.349
2628		331.47		280.306
2629		160.414		383.554
2630		-46.1127		388.408
2631		-231.049		286.52
2632		-339.884		103.023
2633		-340.15		-110.114
2634		-233.292		-291.512
2635		-53.7019		-391.551
2636		144.613		-388.487
2637		307.744		-293.104
2638		399.439		-140.867
2639		409.565		23.8527
2640		351.247		163.801
2641		249.932		258.253
2642		130.949		303.057
2643		11.8518		303.579
2644		-97.7268		266.196
2645		-190.593		193.875
2646		-255.987		88.2507
2647		-278.133		-43.8153
2648		-241.393		-184.246
2649		-139.734		-303.397
2650		14.8699		-367.374
2651		190.599		-350.606
2652		343.005		-247.941
2653		429.185		-80.1083
2654		423.126		110.809
2655		325.504		274.597
2656		163.638		369.497
2657		-18.2916		375.34
2658		-174.372		298.159
2659		-271.076		165.245
2660		-295.075		13.7571
2661		-252.848		-121.675
2662		-164.012		-217.45
2663		-52.63		-263.38
2664		59.4182		-260.085
2665		155.078		-214.573
2666		221.634		-137.122
2667		249.621		-40.6619
2668		233.415		58.4527
2669		173.911		140.717
2670		81.5204		186.645
2671		-23.2752		182.625
2672		-113.765		127.05
2673		-164.822		33.2767
2674		-161.804		-72.9787
2675		-106.471		-161.648
2676		-16.8395		-208.723
2677		79.4315		-204.608
2678		155.41		-156.66
2679		194.455		-84.8258
2680		194.788		-12.5403
2681		167.32		42.751
2682		128.301		75.0763
2683		90.7582		89.2215
2684		59.0697		94.8048
2685		29.1748		98.7164
2686		-6.15295		100.153
2687		-50.1972		90.9196
2688		-97.4926		60.7711
2689		-134.174		4.81948
2690		-143.579		-71.0836
2691		-114.405		-150.1
2692		-47.341		-209.804
2693		43.2429		-230.895
2694		133.585		-205.234
2695		198.992		-139.518
2696		222.748		-52.9673
2697		201.648		29.8252
2698		146.023		87.6428
2699		74.6805		109.25
2700		7.38464		95.3723
2701		-41.6991		55.8585
2702		-66.9872		3.97245
2703		-70.2496		-49.177
2704		-56.5603		-97.554
2705		-29.9845		-139.554
2706		8.62502		-174.798
2707		60.6882		-200.575
2708		126.525		-210.214
2709		201.558		-194.547
2710		274.372		-146.038
2711		328.068		-63.726
2712		344.847		43.3793
2713		312.288		156.266
2714		228.925		249.788
2715		106.89		299.416
2716		-29.6367		288.706
2717		-149.955		215.009
2718		-224.789		91.4648
2719		-234.271		-55.4734
2720		-173.6		-192.352
2721		-54.7013		-287.064
2722		96.5323		-316.88
2723		246.583		-273.975
2724		362.418		-167.048
2725		419.158		-18.8123
2726		405.369		139.754
2727		324.83		276.691
2728		194.701		365.944
2729		40.9375		392.259
2730		-107.61		353.24
2731		-224.905		258.574
2732		-292.096		127.116
2733		-300.001		-17.1842
2734		-249.72		-149.547
2735		-151.707		-248.172
2736		-23.7751		-297.28
2737		111.664		-289.242
2738		230.867		-225.742
2739		312.34		-117.795
2740		340.397		15.532
2741		308.176		149.808
2742		219.516		259.129
2743		89.1096		320.728
2744		-59.3432		319.511
2745		-196.906		251.613
2746		-294.593		126.156
2747		-329.123		-35.354
2748		-288.196		-202.169
2749		-174.162		-339.712
2750		-5.08321		-416.484
2751		187.468		-411.25
2752		363.982		-318.902
2753		485.215		-153.355
2754		521.446		53.7895
2755		460.505		259.19
2756		312.211		417.416
2757		107.459		492.116
2758		-108.397		465.688
2759		-286.505		344.512
2760		-386.933		157.888
2761		-388.99		-49.3068
2762		-296.343		-228.281
2763		-135.453		-338.882
2764		52.0954		-359.401
2765		220.872		-290.926
2766		333.043		-155.407
2767		366.789		11.4262
2768		319.8		169.743
2769		207.686		284.985
2770		58.6063		334.666
2771		-93.8724		311.582
2772		-217.783		223.586
2773		-288.441		90.8421
2774		-292.339		-58.4668
2775		-229.195		-193.258
2776		-112.152		-285.082
2777		34.116		-313.631
2778		177.62		-271.436
2779		285.42		-166.6
2780		331.204		-22.3061
2781		302.293		127.524
2782		203.941		245.99
2783		59.1647		302.62
2784		-96.3918		281.784
2785		-223.496		187.446
2786		-289.759		42.5758
2787		-278.371		-116.825
2788		-192.497		-251.37
2789		-54.0649		-328.742
2790		102.533		-331.895
2791		239.832		-262.784
2792		326.952		-140.855
2793		346.907		2.90685
2794		299.81		134.409
2795		201.558		224.972
2796		78.7447		257.793
2797		-38.5685		230.973
2798		-124.299		156.707
2799		-162.215		57.1725
2800		-148.962		-41.6606
2801		-93.7287		-116.647
2802		-14.8301		-152.877
2803		65.7377		-146.58
2804		128.238		-104.906
2805		159.992		-42.8405
2806		157.775		21.6819
2807		127.318		72.9039
2808		80.3608		101.067
2809		30.4405		103.922
2810		-11.0792		85.7829
2811		-37.5168		54.8508
2812		-47.3862		20.0231
2813		-43.206		-11.6231
2814		-29.4787		-35.9836
2815		-10.8261		-51.7353
2816		9.0678		-59.3743
2817		27.6338		-60.229
2818		43.1146		-55.9421
2819		54.332		-48.448
2820		60.844		-40.0751
2821		63.3861		-33.3161
2822		64.1476		-30.0716
2823		66.4014		-30.6152
2824		73.3231		-32.8706
2825		86.3394		-32.6106
2826		103.749		-24.8232
2827		120.414		-5.91016
2828		128.969		24.1242
2829		122.335		60.4971
2830		96.7274		94.2058
2831		53.9937		114.397
2832		2.25978		111.904
2833		-45.5845		82.782
2834		-75.2926		30.5986
2835		-75.6031		-33.461
2836		-42.1932		-92.9124
2837		20.0405		-130.225
2838		97.2297		-131.892
2839		169.483		-92.8848
2840		215.939		-19.1065
2841		220.667		73.0695
2842		177.775		160.379
2843		94.1219		218.646
2844		-11.4475		229.647
2845		-112.493		186.872
2846		-182.022		98.2903
2847		-200.229		-15.0065
2848		-160.57		-124.188
2849		-72.1439		-200.658
2850		42.5484		-224.2
2851		153.857		-188.74
2852		233.314		-103.891
2853		261.384		8.12321
2854		232.269		118.981
2855		154.516		202.007
2856		47.6944		238.676
2857		-63.3572		222.19
2858		-154.659		157.631
2859		-207.893		59.4286
2860		-213.084		-52.4834
2861		-169.3		-156.564
2862		-84.103		-232.948
2863		27.6502		-266.149
2864		145.531		-247.502
2865		246.14		-177.383
2866		306.985		-66.6791
2867		311.476		63.5408
2868		253.978		185.07
2869		143.176		268.453
2870		2.00753		290.595
2871		-136.706		241.86
2872		-238.237		130.144
2873		-275.372		-19.9098
2874		-236.272		-172.732
2875		-128.155		-291.115
2876		24.4628		-346.072
2877		186.347		-324.232
2878		320.742		-230.673
2879		398.329		-86.7482
2880		403.496		75.9286
2881		336.687		223.201
2882		212.976		325.622
2883		57.9556		363.774
2884		-97.6588		331.092
2885		-223.621		234.386
2886		-295.306		92.4038
2887		-298.058		-67.2617
2888		-230.287		-212.828
2889		-104.616		-314.242
2890		53.6913		-349.567
2891		211.377		-310.441
2892		334.372		-204.909
2893		395.94		-56.3393
2894		383.495		101.813
2895		301.929		234.205
2896		172.261		312.491
2897		25.9074		322.212
2898		-103.624		265.712
2899		-189.081		160.408
2900		-215.449		33.3151
2901		-182.202		-86.2268
2902		-101.757		-173.412
2903		4.77891		-212.758
2904		113.02		-200.139
2905		200.456		-142.262
2906		250.493		-54.3188
2907		255.054		43.4573
2908		215.684		129.77
2909		143.106		186.381
2910		55.1233		201.885
2911		-27.1085		174.425
2912		-83.9746		112.463
2913		-102.388		33.012
2914		-79.4212		-42.6494
2915		-23.2461		-94.7696
2916		49.2098		-110.714
2917		117.337		-88.4762
2918		163.038		-36.8522
2919		175.946		27.8011
2920		155.892		87.0311
2921		111.945		125.993
2922		58.5912		137.414
2923		10.6946		122.649
2924		-20.9011		89.8414
2925		-31.7129		50.2865
2926		-23.4966		14.5666
2927		-2.24004		-10.1753
2928		24.5815		-21.1912
2929		50.3522		-19.4946
2930		70.612		-8.36799
2931		83.2638		8.17554
2932		88.0887		26.4553
2933		86.0682		43.6111
2934		78.8247		57.7062
2935		68.2362		67.6885
2936		56.1278		73.3146
2937		43.9732		74.9919
2938		32.674		73.4654
2939		22.5664		69.3932
2940		13.7392		63.0088
2941		6.54465		54.1166
2942		1.99841		42.5193
2943		1.73664		28.7073
2944		7.40506		14.406
2945		19.6924		2.56622
2946		37.499		-3.37582
2947		57.7525		-0.728664
2948		76.0969		11.2914
2949		88.2247		31.0619
2950		91.252		55.0105
2951		84.4806		78.8199
2952		69.2102		98.763
2953		47.795		112.488
2954		22.5769		118.904
2955		-4.60989		117.393
2956		-32.0337		107.023
2957		-57.0606		86.5182
2958		-75.3511		55.2849
2959		-81.1264		15.1102
2960		-68.8777		-28.4642
2961		-36.0645		-66.1803
2962		14.3853		-87.0766
2963		73.1653		-82.079
2964		126.155		-47.8636
2965		158.29		10.7002
2966		158.485		80.8138
2967		123.721		144.951
2968		60.643		185.994
2969		-16.0509		192.45
2970		-87.8557		161.853
2971		-137.76		101.224
2972		-154.72		24.63
2973		-135.923		-51.0102
2974		-86.4851		-110.261
2975		-17.2035		-142.304
2976		58.4464		-142.279
2977		127.003		-111.1
2978		176.883		-54.4636
2979		199.534		18.2774
2980		190.306		95.1725
2981		149.331		162.895
2982		82.2318		208.523
2983		0.106743		221.981
2984		-81.8178		198.663
2985		-147.032		141.337
2986		-181.545		60.3649
2987		-177.518		-28.1945
2988		-135.463		-106.267
2989		-64.2062		-158.116
2990		21.4001		-173.992
2991		104.169		-152.023
2992		168.464		-97.9679
2993		203.166		-23.2986
2994		203.204		57.5349
2995		169.752		129.794
2996		109.553		180.661
2997		33.81		200.961
2998		-43.2655		186.604
2999		-106.447		139.726
3000		-142.201		69.1694
3001		-141.874		-10.3621
3002		-104.534		-80.9162
3003		-38.2956		-125.507
3004		40.8596		-132.89
3005		112.934		-101.273
3006		159.506		-39.4127
3007		169.235		35.6442
3008		141.264		103.616
3009		85.2187		147.122
3010		17.7752		156.689
3011		-42.8233		132.874
3012		-82.2135		84.9504
3013		-93.3697		27.0068
3014		-77.1386		-26.7553
3015		-40.2288		-65.6727
3016		7.97392		-84.1404
3017		58.1839		-81.0863
3018		102.607		-58.4232
3019		134.971		-19.7412
3020		150.057		30.0138
3021		143.779		84.0478
3022		114.338		133.331
3023		64.0316		167.35
3024		0.596085		176.433
3025		-63.1541		155.074
3026		-111.946		104.863
3027		-132.361		35.4847
3028		-117.319		-37.0801
3029		-68.8848		-94.8325
3030		1.83649		-123.043
3031		77.8118		-114.594
3032		141.023		-71.8057
3033		177.402		-5.23156
3034		180.061		69.8524
3035		150.003		137.742
3036		94.6033		185.838
3037		24.948		206.509
3038		-46.7633		197.323
3039		-109.016		160.342
3040		-151.999		101.289
3041		-168.353		28.9788
3042		-154.159		-45.224
3043		-110.192		-108.507
3044		-42.8474		-148.677
3045		36.0917		-157
3046		111.432		-130.903
3047		168.068		-75.3608
3048		194.956		-2.0695
3049		188.091		73.5627
3050		151.289		136.626
3051		94.4743		176.548
3052		30.2561		189.146
3053		-29.7338		176.326
3054		-77.2806		143.948
3055		-108.104		99.1423
3056		-120.788		48.4272
3057		-115.243		-2.68678
3058		-91.8999		-48.9146
3059		-52.2007		-84.2989
3060		0.0130348		-102.32
3061		57.373		-97.4834
3062		109.301		-67.8368
3063		144.257		-17.0893
3064		153.29		45.0534
3065		133.408		104.975
3066		89.124		149.105
3067		31.289		168.178
3068		-26.4394		159.979
3069		-72.0032		129.414
3070		-98.3403		85.9781
3071		-104.421		39.9476
3072		-93.782		-0.901592
3073		-71.6559		-32.6297
3074		-42.3843		-54.2583
3075		-8.48622		-65.6358
3076		28.3371		-65.6366
3077		65.184		-51.9931
3078		96.5029		-23.0058
3079		114.517		19.8524
3080		111.761		70.1199
3081		84.6756		116.747
3082		36.4155		147.048
3083		-22.7665		151.165
3084		-78.1399		126.087
3085		-115.224		77.3224
3086		-124.676		17.3604
3087		-105.283		-38.4982
3088		-63.8729		-77.151
3089		-12.3967		-91.4845
3090		36.3548		-81.5876
3091		72.5021		-53.3228
3092		90.9448		-15.3797
3093		91.126		23.5993
3094		75.542		56.6529
3095		48.2713		78.7214
3096		14.3873		86.2063
3097		-19.8017		76.9273
3098		-46.5617		51.0439
3099		-57.6309		12.5485
3100		-46.6002		-29.8483
3101		-12.0812		-63.6937
3102		39.9191		-76.0742
3103		96.0681		-58.3495
3104		138.954		-10.4054
3105		152.742		57.698
3106		129.126		127.896
3107		71.0465		179.669
3108		-7.58828		196.945
3109		-86.2467		173.6
3110		-144.497		115.347
3111		-168.409		37.3831
3112		-154.187		-41.0368
3113		-107.936		-102.685
3114		-42.2383		-136.709
3115		28.54		-139.92
3116		92.0481		-115.294
3117		139.6		-69.2045
3118		165.8		-9.13983
3119		167.381		57.0698
3120		142.708		120.745
3121		92.6707		171.794
3122		22.4537		199.416
3123		-57.2038		194.613
3124		-130.738		153.74
3125		-181.021		81.4178
3126		-194.319		-8.97937
3127		-165.029		-98.0439
3128		-98.0973		-165.593
3129		-7.94529		-196.521
3130		85.7761		-184.962
3131		163.877		-135.243
3132		212.532		-59.5392
3133		225.719		26.4273
3134		204.794		107.691
3135		156.156		172.749
3136		88.5781		214.203
3137		11.5146		228.042
3138		-65.297		212.82
3139		-131.647		169.719
3140		-177.216		103.486
3141		-193.216		23.3642
3142		-175.054		-57.2552
3143		-124.799		-123.145
3144		-51.9447		-161.123
3145		28.4026		-164.054
3146		99.5894		-133.172
3147		148.191		-77.5628
3148		167.534		-10.9347
3149		158.554		52.9059
3150		127.844		103.887
3151		84.1189		137.267
3152		34.9761		152.686
3153		-14.544		151.7
3154		-61.2211		135.523
3155		-101.695		104.405
3156		-130.925		58.949
3157		-142.418		2.38603
3158		-130.468		-57.8578
3159		-93.3304		-110.686
3160		-35.568		-144.191
3161		31.9664		-149.738
3162		94.8553		-125.397
3163		139.534		-77.0241
3164		157.495		-16.4373
3165		147.488		42.4832
3166		114.96		87.9939
3167		69.3317		113.23
3168		20.6592		116.648
3169		-22.7548		100.605
3170		-55.0314		69.3602
3171		-72.0858		27.8458
3172		-70.8707		-18.2983
3173		-49.5976		-61.9756
3174		-9.17331		-94.4206
3175		45.0099		-106.552
3176		102.418		-91.9305
3177		149.028		-50.1446
3178		171.303		11.21
3179		161.129		77.466
3180		119.535		130.949
3181		57.2756		156.824
3182		-8.3071		148.349
3183		-59.0469		109.274
3184		-81.9952		52.3383
3185		-73.2954		-5.41404
3186		-38.4971		-48.4328
3187		10.4192		-67.1788
3188		59.6356		-59.8112
3189		97.5941		-30.9905
3190		117.146		10.9417
3191		115.598		56.6994
3192		93.6381		97.5654
3193		54.4739		125.686
3194		3.89545		134.108
3195		-49.114		117.675
3196		-92.4314		75.1304
3197		-112.685		11.5829
3198		-99.1743		-60.3256
3199		-48.5935		-122.083
3200		31.6185		-154.118
3201		123.387		-142.421
3202		202.326		-84.3752
3203		245.133		8.84952
3204		237.343		114.737
3205		178.375		206.044
3206		81.8532		259.143
3207		-28.8134		260.912
3208		-127.675		211.742
3209		-193.405		124.042
3210		-213.914		17.4697
3211		-187.401		-86.7507
3212		-120.541		-170.274
3213		-25.5083		-219.854
3214		82.563		-227.773
3215		187.073		-191.701
3216		270.965		-115.025
3217		318.349		-7.67479
3218		317.414		113.543
3219		264.163		226.475
3220		165.414		307.688
3221		39.1915		338.398
3222		-88.5567		310.273
3223		-190.374		228.683
3224		-244.761		111.792
3225		-241.939		-14.432
3226		-185.804		-123.488
3227		-91.5809		-195.138
3228		19.5122		-219.41
3229		126.203		-196.9
3230		211.523		-136.173
3231		264.579		-50.101
3232		280.218		47.0705
3233		258.005		141.191
3234		201.747		218.726
3235		119.857		267.53
3236		25.6687		278.772
3237		-63.641		249.755
3238		-130.316		186.257
3239		-160.898		102.61
3240		-150.847		18.522
3241		-106.579		-46.7534
3242		-43.5121		-80.7007
3243		19.5164		-81.5089
3244		67.1974		-57.7692
3245		92.9844		-23.9081
3246		100.221		6.55767
3247		98.7297		26.7503
3248		98.6647		38.4346
3249		104.783		49.4789
3250		114.019		68.2548
3251		117.491		97.9949
3252		105.78		134.079
3253		74.6167		165.624
3254		28.0123		180.508
3255		-22.7592		171.174
3256		-63.7217		138.298
3257		-83.9265		90.5844
3258		-79.5292		41.012
3259		-54.4311		1.63358
3260		-17.5986		-20.4846
3261		21.1637		-24.4482
3262		54.666		-13.8456
3263		79.4736		6.28757
3264		94.767		31.8378
3265		100.323		60.0623
3266		95.3812		88.3317
3267		79.3437		112.609
3268		53.8002		127.319
3269		24.2319		127.302
3270		-0.319996		111.041
3271		-10.2215		83.1819
3272		0.229652		54.4088
3273		29.0334		37.9902
3274		65.7702		44.1825
3275		94.8727		75.0814
3276		101.779		122.599
3277		79.2518		170.876
3278		30.8737		202.29
3279		-29.9868		204.392
3280		-85.2765		174.659
3281		-119.024		121.021
3282		-122.706		58.2437
3283		-97.0421		2.18499
3284		-50.0049		-35.2433
3285		7.28674		-48.3427
3286		64.3337		-36.8211
3287		112.885		-3.35804
3288		146.296		48.3113
3289		158.089		113.362
3290		141.735		184.118
3291		92.8238		248.332
3292		12.9829		289.696
3293		-86.6822		291.709
3294		-185.274		244.04
3295		-256.363		148.674
3296		-276.016		22.5754
3297		-231.63		-105.162
3298		-127.782		-201.339
3299		13.6847		-238.999
3300		159.702		-206.077
3301		275.853		-108.97
3302		336.21		30.1198
3303		329.56		180.544
3304		260.287		312.011
3305		144.656		401.469
3306		4.9828		436.203
3307		-135.552		413.42
3308		-255.924		338.104
3309		-338.352		221.183
3310		-368.941		78.8786
3311		-339.367		-67.4021
3312		-249.826		-192.325
3313		-111.941		-270.367
3314		50.6213		-281.927
3315		205.514		-219.893
3316		319.033		-93.7617
3317		365.29		71.0511
3318		333.842		239.233
3319		232.733		375.061
3320		85.711		451.935
3321		-75.1698		458.501
3322		-218.52		399.538
3323		-320.81		292.069
3324		-369.687		159.063
3325		-363.378		23.5974
3326		-307.886		-94.6316
3327		-214.186		-180.317
3328		-96.7746		-222.428
3329		26.6425		-214.65
3330		135.754		-157.12
3331		210.06		-58.6672
3332		233.44		62.3356
3333		199.556		180.281
3334		115.576		268.154
3335		1.88237		305.293
3336		-112.98		284.084
3337		-200.682		212.658
3338		-241.667		112.184
3339		-230.52		9.73441
3340		-176.145		-70.3759
3341		-97.0895		-113.33
3342		-14.398		-116.267
3343		54.8344		-86.2398
3344		100.837		-35.4567
3345		120.96		23.519
3346		117.22		80.5529
3347		93.7274		128.247
3348		55.5885		160.909
3349		9.41088		173.949
3350		-35.8461		164.847
3351		-69.3606		135.35
3352		-81.1293		93.3027
3353		-66.1141		52.2004
3354		-27.7794		27.6437
3355		21.2622		31.6191
3356		62.6084		67.0676
3357		78.5334		125.493
3358		58.922		189.154
3359		5.54241		237.247
3360		-68.3663		253.5
3361		-143.038		231.882
3362		-199.383		178.036
3363		-225.22		106.12
3364		-217.986		32.9282
3365		-183.302		-27.7723
3366		-130.838		-68.2132
3367		-70.0733		-86.1693
3368		-8.16414		-82.2884
3369		49.4569		-57.495
3370		96.9433		-12.386
3371		126.529		50.9982
3372		129.385		126.398
3373		98.9906		201.819
3374		35.3936		261.026
3375		-52.1465		288.105
3376		-146.1		273.301
3377		-225.376		217.339
3378		-271.99		131.968
3379		-276.762		36.2587
3380		-241.515		-49.7181
3381		-176.996		-110.946
3382		-97.8676		-140.617
3383		-17.464		-139.397
3384		55.117		-111.917
3385		114.581		-62.9819
3386		156.683		4.09513
3387		175.566		86.1147
3388		163.533		176.692
3389		114.049		263.555
3390		26.7276		328.897
3391		-88.5037		353.676
3392		-210.825		324.523
3393		-312.772		240.273
3394		-368.195		114.87
3395		-360.888		-25.119
3396		-290.341		-147.775
3397		-172.248		-225.174
3398		-33.6675		-241.223
3399		95.0813		-195.222
3400		188.561		-100.37
3401		231.611		21.4814
3402		220.788		146.285
3403		162.458		253.032
3404		69.3346		326.546
3405		-42.7619		358.061
3406		-157.043		344.755
3407		-257.042		289.361
3408		-327.918		200.162
3409		-358.441		90.8168
3410		-343.442		-20.9329
3411		-285.734		-116.154
3412		-196.281		-178.725
3413		-92.021		-199.115
3414		8.15164		-176.412
3415		87.7916		-117.791
3416		136.04		-35.7858
3417		148.538		55.291
3418		126.329		142.18
3419		73.9724		213.865
3420		-1.75384		261.36
3421		-91.8694		277.271
3422		-184.421		256.406
3423		-264.295		197.832
3424		-314.97		107.563
3425		-322.525		0.0489197
3426		-280.755		-103.197
3427		-195.12		-178.389
3428		-83.2848		-206.431
3429		28.7743		-179.463
3430		114.123		-104.165
3431		153.06		-0.189453
3432		138.977		105.9
3433		79.6474		188.847
3434		-6.31921		231.91
3435		-96.1199		230.493
3436		-169.657		191.359
3437		-214.151		128.536
3438		-225.368		58.1905
3439		-206.072		-5.34845
3440		-163.409		-51.4022
3441		-106.874		-73.0392
3442		-47.4603		-66.7843
3443		2.63609		-33.0747
3444		31.0462		22.4585
3445		27.8525		88.0013
3446		-10.5827		146.452
3447		-78.2782		179.136
3448		-158.944		171.746
3449		-229.301		120.346
3450		-265.965		34.6332
3451		-253.555		-63.5415
3452		-190.723		-146.455
3453		-91.4146		-189.424
3454		19.3826		-178.866
3455		113.731		-116.295
3456		169.351		-16.8437
3457		175.355		96.6527
3458		133.231		201.14
3459		53.5472		279.125
3460		-49.2349		320.773
3461		-160.945		322.485
3462		-269.037		283.995
3463		-361.29		206.596
3464		-423.882		94.066
3465		-441.421		-44.1741
3466		-400.404		-189.979
3467		-295.413		-316.389
3468		-135.313		-392.305
3469		54.0992		-391.327
3470		233.489		-301.763
3471		359.408		-133.597
3472		396.948		81.0354
3473		331.106		294.899
3474		172.51		458.232
3475		-44.7286		532.57
3476		-272.295		501.087
3477		-460.695		372.18
3478		-571.58		175.742
3479		-585.688		-45.8387
3480		-504.82		-248.413
3481		-348.627		-395.184
3482		-148.458		-462.299
3483		59.2798		-440.836
3484		238.781		-336.338
3485		359.335		-167.182
3486		399.22		37.6813
3487		349.424		242.032
3488		216.701		407.49
3489		24.5421		500.609
3490		-189.538		500.828
3491		-381.065		406.921
3492		-508.97		239.238
3493		-546.424		36.0016
3494		-488.524		-156.038
3495		-353.889		-294.029
3496		-179.24		-350.541
3497		-8.63826		-320.318
3498		118.992		-220.099
3499		179.844		-81.8908
3500		169.645		57.5502
3501		101.7		167.16
3502		0.131142		228.519
3503		-108.581		237.681
3504		-202.596		202.391
3505		-268.3		136.853
3506		-300.329		56.5885
3507		-299.354		-24.8128
3508		-269.507		-96.6605
3509		-216.814		-150.71
3510		-148.921		-180.629
3511		-75.3692		-182.33
3512		-7.33482		-155.181
3513		43.8548		-103.242
3514		69.197		-35.4503
3515		64.4824		35.8729
3516		31.5456		97.8837
3517		-22.3936		140.349
3518		-87.0386		157.743
3519		-151.89		149.533
3520		-208.371		118.823
3521		-250.402		70.3969
3522		-273.614		9.43233
3523		-274.235		-58.3867
3524		-248.955		-125.638
3525		-196.442		-182.037
3526		-120.086		-214.898
3527		-30.4216		-211.985
3528		54.6417		-166.264
3529		112.991		-80.7045
3530		124.588		29.2993
3531		78.9012		137.755
3532		-19.4515		214.429
3533		-149.531		234.036
3534		-278.545		185.075
3535		-370.949		74.9373
3536		-399.246		-70.9321
3537		-352.707		-215.849
3538		-240.961		-322.478
3539		-91.209		-363.599
3540		59.8003		-329.501
3541		176.169		-229.822
3542		232.159		-89.7387
3543		217.729		57.6677
3544		139.235		180.064
3545		16.0257		252.921
3546		-125.25		263.473
3547		-256.578		211.443
3548		-353.386		107.455
3549		-397.775		-29.7063
3550		-380.476		-176.146
3551		-301.979		-306.04
3552		-172.925		-395.121
3553		-13.4039		-424.589
3554		149.445		-385.031
3555		285.782		-279.35
3556		368.874		-123.518
3557		381.059		55.6672
3558		318.149		225.714
3559		190.825		355.307
3560		22.4588		421.064
3561		-156.051		412.328
3562		-312.905		332.792
3563		-421.666		198.863
3564		-465.697		35.6047
3565		-440.123		-128.352
3566		-351.523		-265.66
3567		-216.073		-354.128
3568		-56.8506		-379.449
3569		99.2825		-336.983
3570		225.188		-232.706
3571		297.418		-83.1338
3572		300.422		86.2642
3573		230.287		244.575
3574		96.8977		360.818
3575		-76.5849		410.358
3576		-257.457		380.825
3577		-409.994		275.807
3578		-503.332		114.96
3579		-518.672		-69.8523
3580		-453.789		-241.58
3581		-323.572		-366.395
3582		-156.413		-421.286
3583		12.5334		-398.917
3584		149.442		-308.632
3585		229.213		-173.563
3586		240.48		-24.7747
3587		187.245		106.017
3588		87.0014		193.423
3589		-34.0035		223.543
3590		-147.176		196.293
3591		-228.187		124.53
3592		-262.312		30.2519
3593		-247.304		-61.1796
3594		-193.15		-127.423
3595		-118.78		-154.552
3596		-46.5893		-140.083
3597		3.74071		-92.8107
3598		20.3791		-29.5528
3599		1.96884		30.2065
3600		-42.9815		70.0987
3601		-99.6149		81.267
3602		-151.874		64.0493
3603		-187.479		26.5731
3604		-201.057		-19.0133
3605		-194.496		-61.1342
3606		-174.678		-92.4437
3607		-149.746		-111.254
3608		-125.562		-120.415
3609		-103.85		-124.387
3610		-82.7014		-126.002
3611		-59.0623		-124.469
3612		-31.9285		-115.605
3613		-4.62653		-94.2614
3614		15.0656		-57.8551
3615		17.2727		-9.40151
3616		-5.92369		41.4949
3617		-56.3185		80.4251
3618		-127.058		92.366
3619		-202.971		66.9026
3620		-263.937		2.62494
3621		-290.344		-90.9283
3622		-268.943		-194.577
3623		-197.268		-283.759
3624		-85.2885		-334.52
3625		46.1004		-329.555
3626		169.287		-262.769
3627		255.719		-141.377
3628		281.961		14.749
3629		234.932		176.205
3630		115.496		309.104
3631		-60.1363		381.375
3632		-261.665		369.543
3633		-448.91		264.973
3634		-578.94		78.2454
3635		-615.39		-159.887
3636		-538.241		-402.236
3637		-351.541		-593.925
3638		-86.2873		-684.966
3639		203.511		-643.823
3640		451.819		-468.1
3641		596.508		-188.563
3642		596.105		135.684
3643		442.37		430.49
3644		164.501		625.17
3645		-176.862		671.053
3646		-504.499		554.552
3647		-744.132		300.828
3648		-842.972		-32.9574
3649		-782.042		-372.584
3650		-579.206		-645.336
3651		-282.789		-796.888
3652		41.5816		-802.261
3653		326.781		-668.842
3654		518.449		-431.89
3655		584.78		-144.805
3656		520.628		132.879
3657		346.266		347.117
3658		101.961		458.811
3659		-160.25		450.108
3660		-386.347		327.073
3661		-530.471		118.386
3662		-563.979		-130.049
3663		-481.705		-364.199
3664		-303.649		-533.391
3665		-71.0287		-601.841
3666		163.054		-557.29
3667		346.389		-414.094
3668		440.586		-209.486
3669		430.461		6.30011
3670		327.104		183.336
3671		163.702		284.888
3672		-14.4947		296.143
3673		-162.931		226.434
3674		-249.384		104.705
3675		-261.278		-29.9536
3676		-207.023		-139.62
3677		-111.625		-197.391
3678		-8.41234		-193.314
3679		70.5291		-135.298
3680		102.631		-45.387
3681		79.94		47.1829
3682		10.1403		114.145
3683		-86.3954		135.563
3684		-182.592		104.705
3685		-252.146		29.3599
3686		-276.622		-70.6705
3687		-250.353		-169.282
3688		-181.77		-241.496
3689		-90.7141		-270.563
3690		-2.39498		-252.641
3691		60.2606		-197.584
3692		83.5238		-125.489
3693		66.8291		-60.0341
3694		22.4673		-20.7051
3695		-28.9428		-16.4533
3696		-65.7563		-42.8719
3697		-73.0078		-83.8738
3698		-47.992		-117.398
3699		-1.83827		-123.389
3700		43.5953		-91.5519
3701		62.7735		-26.3784
3702		35.5375		52.365
3703		-44.5174		114.286
3704		-165.066		127.295
3705		-295.548		68.5817
3706		-393.825		-65.5581
3707		-417.934		-254.411
3708		-339.974		-454.605
3709		-157.962		-609.651
3710		98.665		-665.475
3711		372.829		-587.791
3712		593.073		-375.79
3713		693.259		-67.0533
3714		632.955		269.048
3715		411.902		548.503
3716		73.3172		695.674
3717		-305.661		665.115
3718		-633.861		455.284
3719		-830.225		109.81
3720		-844.833		-293.85
3721		-670.788		-664.425
3722		-344.288		-919.183
3723		65.8053		-1002.29
3724		474.715		-895.115
3725		799.731		-617.472
3726		975.426		-221.642
3727		964.226		218.126
3728		762.194		618.189
3729		400.497		898.951
3730		-57.5352		998.681
3731		-524.686		886.702
3732		-904.296		573.547
3733		-1110.07		114.373
3734		-1087.7		-397.908
3735		-832.222		-850.928
3736		-394.49		-1139.69
3737		127.673		-1194.89
3738		613.016		-1003.65
3739		949.053		-614.828
3740		1062.88		-126.155
3741		940.397		343.51
3742		627.426		687.587
3743		212.96		839.829
3744		-199.114		788.098
3745		-519.492		570.645
3746		-694.433		258.197
3747		-712.737		-70.147
3748		-599.14		-348.24
3749		-399.374		-535.166
3750		-164.041		-617.004
3751		63.0557		-600.966
3752		250.06		-506.894
3753		377.152		-360.315
3754		434.784		-188.602
3755		422.646		-19.1772
3756		349.841		122.484
3757		234.729		216.375
3758		102.438		252.332
3759		-20.6721		232.924
3760		-114.052		172.515
3761		-168.399		91.8981
3762		-186.602		10.4864
3763		-179.415		-60.2457
3764		-158.002		-118.687
3765		-127.43		-169.357
3766		-84.8808		-215.724
3767		-23.8239		-253.93
3768		58.137		-271.604
3769		152.465		-253.178
3770		238.562		-189.378
3771		290.099		-85.6847
3772		286.436		35.4319
3773		223.547		140.872
3774		118.5		199.698
3775		4.35889		196.504
3776		-82.8192		138.701
3777		-119.041		53.6907
3778		-102.263		-23.1512
3779		-52.2018		-64.1083
3780		-0.111092		-60.8656
3781		26.4512		-26.7129
3782		16.3212		11.6511
3783		-21.2737		28.3458
3784		-63.0685		11.2346
3785		-84.797		-32.9317
3786		-73.9019		-83.4349
3787		-35.2958		-117.542
3788		12.5875		-122.839
3789		48.9598		-103.261
3790		62.7278		-75.7008
3791		58.7026		-59.2009
3792		54.4769		-62.8456
3793		69.5855		-79.14
3794		112.794		-86.7882
3795		174.481		-61.7376
3796		228.511		9.06566
3797		243.09		118.307
3798		195.535		238.271
3799		83.845		330.467
3800		-70.3622		360.521
3801		-228.769		311.587
3802		-349.726		190.528
3803		-402.005		24.8855
3804		-373.364		-147.074
3805		-271.462		-288.171
3806		-118.516		-371.088
3807		56.3955		-381.72
3808		223.505		-318.031
3809		355.273		-187.415
3810		427.179		-5.38531
3811		419.067		203.748
3812		319.129		406.122
3813		130.204		560.588
3814		-124.629		626.073
3815		-401.321		573.189
3816		-641.782		396.14
3817		-787.945		119.557
3818		-798.738		-203.88
3819		-663.662		-505.579
3820		-407.535		-719.297
3821		-84.2887		-799.145
3822		237.866		-731.048
3823		494.371		-534.196
3824		639.107		-253.137
3825		651.909		55.3463
3826		538.219		335.382
3827		323.441		541.282
3828		45.7979		641.99
3829		-249.582		622.285
3830		-514.941		483.256
3831		-704.142		243.373
3832		-778.864		-60.6858
3833		-717.079		-376.054
3834		-521.627		-640.99
3835		-224.819		-797.759
3836		114.754		-808.167
3837		424.48		-666.345
3838		636.395		-403.241
3839		706.31		-79.8123
3840		626.438		229.737
3841		426.611		459.184
3842		163.482		568.458
3843		-98.1822		552.355
3844		-305.02		437.214
3845		-428.33		267.752
3846		-466.941		90.0015
3847		-440.079		-62.7784
3848		-374.602		-176.256
3849		-292.751		-252.199
3850		-205.561		-299.581
3851		-113.893		-324.816
3852		-15.3379		-326.119
3853		87.3614		-294.488
3854		181.12		-220.465
3855		243.533		-103.016
3856		250.043		44.0806
3857		184.314		191.813
3858		47.3617		302.38
3859		-138.614		340.462
3860		-333.698		285.278
3861		-490.253		138.981
3862		-566.259		-71.7279
3863		-537.648		-301.511
3864		-405.683		-498.033
3865		-197.182		-615.708
3866		42.2923		-627.456
3867		260.037		-531.231
3868		409.117		-349.875
3869		459.123		-124.883
3870		402.301		93.7473
3871		254.178		258.747
3872		49.3049		335.287
3873		-166.351		307.505
3874		-344.542		181.188
3875		-443.906		-17.2819
3876		-438.04		-245.326
3877		-321.551		-451.476
3878		-113.044		-585.047
3879		146.159		-607.122
3880		398.473		-500.947
3881		581.643		-279.005
3882		643.74		16.0726
3883		558.03		318.607
3884		333.2		554.582
3885		14.8514		660.847
3886		-323.576		603.481
3887		-598.938		389.39
3888		-740.748		66.815
3889		-711.043		-286.196
3890		-515.467		-582.294
3891		-202.039		-748.183
3892		151.925		-743.751
3893		460.449		-571.511
3894		650.725		-274.23
3895		679.984		77.548
3896		543.506		403.636
3897		273.001		632.67
3898		-72.7163		716.563
3899		-421.402		638.615
3900		-702.095		414.95
3901		-858.357		90.191
3902		-858.484		-271.34
3903		-701.574		-597.631
3904		-418.439		-822.789
3905		-66.5339		-900.632
3906		281.107		-815.334
3907		551.383		-586.135
3908		687.793		-264.047
3909		663.885		79.4883
3910		489.487		369.429
3911		207.69		544.907
3912		-116.536		572.896
3913		-412.531		454.139
3914		-620.1		220.361
3915		-701.37		-75.367
3916		-646.129		-371.548
3917		-470.813		-610.766
3918		-213.011		-749.372
3919		76.3355		-763.629
3920		341.584		-652.679
3921		531.391		-438.757
3922		607.825		-164.383
3923		554.671		114.23
3924		382.875		337.855
3925		130.473		457.71
3926		-144.752		448.395
3927		-379.294		315.861
3928		-521.054		96.7297
3929		-543.959		-151.982
3930		-454.638		-369.864
3931		-288.384		-511.017
3932		-95.842		-556.297
3933		74.3994		-515.569
3934		190.504		-419.728
3935		244.035		-306.509
3936		246.937		-206.352
3937		221.507		-133.956
3938		188.668		-87.996
3939		159.825		-57.5301
3940		135.103		-30.8707
3941		107.256		-2.36703
3942		68.0495		25.4871
3943		13.4813		44.3143
3944		-54.1861		44.0729
3945		-127.248		16.6009
3946		-194.384		-42.6783
3947		-241.835		-134.131
3948		-253.926		-252.728
3949		-214.553		-385.539
3950		-111.589		-509.239
3951		55.6488		-590.669
3952		268.544		-593.31
3953		485.834		-489.892
3954		649.325		-277.354
3955		699.782		12.6945
3956		598.915		314.878
3957		348.96		545.364
3958		0.424973		628.249
3959		-357.713		523.757
3960		-623.998		246.656
3961		-717.917		-133.82
3962		-607.966		-514.026
3963		-323.096		-789.025
3964		57.0978		-886.188
3965		429.315		-786.563
3966		699.667		-526.694
3967		810.241		-181.979
3968		750.33		160.042
3969		550.902		425.158
3970		267.985		567.926
3971		-36.0125		574.411
3972		-305.599		455.802
3973		-497.668		239.609
3974		-581.922		-36.2189
3975		-541.352		-325.276
3976		-376.115		-574.191
3977		-109.741		-728.434
3978		207.502		-744.648
3979		503.944		-606.595
3980		702.937		-337.4
3981		746.541		-0.168976
3982		617.411		316.789
3983		348.634		526.762
3984		15.522		573.556
3985		-288.795		450.524
3986		-484.528		201.367
3987		-530.338		-97.6058
3988		-432.341		-365.77
3989		-234.56		-544.543
3990		3.01465		-611.035
3991		227.453		-575.114
3992		406.469		-464.372
3993		528.161		-306.964
3994		590.516		-122.005
3995		589.628		78.3813
3996		515.544		278.88
3997		359.182		451.44
3998		126.306		554.991
3999		-150.781		547.558
4000		-412.976		406.138
4001		-589.036		144.13
4002		-620.479		-184.006
4003		-485.834		-495.526
4004		-212.612		-705.706
4005		129.311		-756.853
4006		450.57		-637.575
4007		671.618		-384.461
4008		746.176		-66.5796
4009		670.073		239.116
4010		474.378		470.292
4011		208.954		591.161
4012		-74.1053		592.048
4013		-329.947		481.392
4014		-522.048		277.9
4015		-619.488		8.31042
4016		-597.114		-289.454
4017		-442.551		-563.261
4018		-167.977		-750.865
4019		180.74		-794.486
4020		526.053		-662.36
4021		775.994		-367.827
4022		852.92		24.9194
4023		722.804		414.494
4024		411.921		692.755
4025		2.10126		780.878
4026		-395.057		656.348
4027		-675.151		359.515
4028		-774.146		-22.7787
4029		-684.751		-388.928
4030		-450.964		-655.875
4031		-145.592		-780.677
4032		157.571		-763.716
4033		404.601		-636.029
4034		568.43		-440.069
4035		643.099		-214.417
4036		632.753		11.512
4037		543.97		213.785
4038		386.056		367.85
4039		177.428		447.339
4040		-48.6353		430.965
4041		-245.78		314.406
4042		-366.299		119.574
4043		-378.62		-106.147
4044		-281.826		-303.079
4045		-108.772		-420.211
4046		85.2711		-434.333
4047		244.043		-357.832
4048		331.847		-231.012
4049		344.917		-102.632
4050		307.465		-8.38306
4051		255.148		42.0572
4052		215.135		63.5044
4053		193.337		81.204
4054		175.077		112.729
4055		137.892		156.138
4056		68.5218		190.788
4057		-25.8916		189.894
4058		-118.822		137.311
4059		-176.921		38.8161
4060		-176.952		-78.5171
4061		-117.589		-178.393
4062		-19.7243		-231.943
4063		84.4341		-229.703
4064		166.834		-182.686
4065		214.702		-112.837
4066		231.341		-39.3407
4067		227.107		30.5174
4068		207.178		100.344
4069		164.763		174.428
4070		85.1208		245.418
4071		-41.1233		288.96
4072		-203.259		270.722
4073		-364.301		163.937
4074		-469.425		-31.3265
4075		-467.243		-278.347
4076		-334.506		-510.709
4077		-91.7456		-655.039
4078		199.088		-660.059
4079		455.422		-518.53
4080		604.559		-271.529
4081		610.222		7.19433
4082		483.382		239.42
4083		273.453		370.149
4084		45.4727		382.631
4085		-144.831		295.654
4086		-266.376		147.227
4087		-313.08		-24.7995
4088		-292.573		-194.459
4089		-212.789		-346.832
4090		-76.2018		-468.072
4091		114.286		-535.664
4092		342.078		-518.27
4093		566.4		-388.494
4094		724.552		-143.18
4095		750.351		180.391

 
--------------------------------------


