Compute Correlation 
 
0		-245.855		359.393
1		-499.956		231.934
2		-674.005		-5.67551
3		-722.208		-304.648
4		-628.011		-598.41
5		-409.855		-819.957
6		-116.737		-919.951
7		185.254		-879.73
8		431.093		-715.041
9		573.685		-469.58
10		594.118		-201.082
11		502.67		34.8611
12		331.541		197.77
13		123.106		268.447
14		-81.4615		247.928
15		-249.565		151.672
16		-359.541		2.75739
17		-399.558		-172.912
18		-365.893		-348.516
19		-262.79		-496.775
20		-104.08		-591.402
21		85.3279		-611.183
22		270.817		-546.206
23		413.944		-403.546
24		482.028		-208.948
25		458.133		-2.2604
26		347.122		172.791
27		174.654		280.996
28		-20.9525		305.265
29		-200.759		249.529
30		-336.035		134.038
31		-413.441		-14.2273
32		-433.088		-171.091
33		-401.718		-320.096
34		-325.694		-451.079
35		-208.356		-554.459
36		-53.4548		-615.972
37		127.56		-616.504
38		309.509		-538.805
39		453.927		-378.58
40		518.17		-154.192
41		470.709		91.2501
42		306.206		298.575
43		52.9857		410.12
44		-231.724		389.624
45		-478.123		236.1
46		-625.736		-14.5074
47		-642.198		-300.867
48		-531.536		-556.284
49		-329.279		-728.93
50		-87.546		-794.428
51		142.727		-756.939
52		324.842		-640.408
53		440.406		-475.857
54		485.163		-291.456
55		461.444		-109.401
56		373.126		51.0215
57		226.478		168.643
58		35.9033		219.349
59		-170.247		181.693
60		-349.481		47.6046
61		-453.691		-167.324
62		-444.649		-420.607
63		-310.265		-650.656
64		-73.8401		-794.394
65		209.111		-808.402
66		466.602		-684.914
67		632.919		-455.705
68		669.517		-181.897
69		575.96		66.2419
70		387.17		231.406
71		159.097		284.823
72		-50.5219		230.295
73		-198.482		97.0444
74		-264.112		-73.7675
75		-248.115		-242.261
76		-165.562		-377.895
77		-38.1671		-461.189
78		110.31		-481.564
79		254.838		-435.245
80		368.475		-326.012
81		423.846		-168.518
82		398.807		8.85683
83		285.203		165.533
84		96.725		256.787
85		-129.027		246.94
86		-337.235		122.972
87		-470.449		-97.408
88		-486.314		-367.555
89		-371.753		-623.888
90		-148.019		-804.169
91		135.354		-865.462
92		415.259		-795.431
93		632.733		-613.578
94		747.467		-363.146
95		744.984		-97.7474
96		635.753		132.047
97		448.675		288.195
98		222.618		349.408
99		-0.977509		311.276
100		-183.399		184.552
101		-292.632		-6.79886
102		-307.343		-227.723
103		-221.33		-435.662
104		-47.244		-586.882
105		182.751		-645.473
106		421.415		-592.962
107		616.244		-435.076
108		722.413		-202.462
109		714.778		55.9066
110		594.709		285.061
111		389.242		438.149
112		142.967		487.673
113		-94.2631		430.399
114		-279.464		285.142
115		-384.783		85.2658
116		-400.264		-130.683
117		-331.879		-326.943
118		-197.086		-475.372
119		-20.2773		-557.295
120		170.65		-563.758
121		346.795		-495.584
122		480.868		-363.689
123		550.722		-188.924
124		543.57		-0.209648
125		459.529		169.762
126		312.755		290.749
127		129.115		341.347
128		-59.2236		313.384
129		-220.582		212.863
130		-329.652		57.4485
131		-370.872		-128.097
132		-339.027		-316.559
133		-238.145		-481.592
134		-80.2348		-599.596
135		115.258		-651.19
136		321.677		-623.591
137		506.573		-514.286
138		635.849		-334.875
139		680.893		-112.751
140		627.077		111.665
141		480.379		292.878
142		268.825		391.785
143		37.0099		386.921
144		-165.204		281.175
145		-296.149		101.099
146		-333.138		-111.147
147		-276.768		-310.177
148		-147.665		-459.366
149		22.2445		-538.198
150		199.8		-543.138
151		357.935		-483.226
152		478.179		-373.771
153		549.097		-231.736
154		563.504		-74.6033
155		517.555		78.0737
156		413.06		203.271
157		261.77		276.19
158		88.3589		276.168
159		-71.247		195.07
160		-177.548		44.2211
161		-199.318		-144.311
162		-125.15		-324.2
163		30.4138		-447.763
164		229.393		-480.754
165		421.193		-413.339
166		557.818		-262.929
167		607.716		-67.9489
168		563.305		124.624
169		440.161		272.834
170		269.462		349.477
171		87.7621		345.431
172		-71.5937		267.225
173		-182.999		131.875
174		-229.395		-37.6965
175		-201.721		-214.935
176		-99.5108		-370.362
177		66.5737		-473.149
178		271.903		-495.754
179		477.914		-421.798
180		637.703		-254.599
181		707.41		-22.032
182		660.307		226.126
183		498.217		429.484
184		254.954		534.162
185		-10.8243		509.958
186		-231.763		361.012
187		-351.588		125.694
188		-341.549		-134.497
189		-207.911		-352.989
190		11.5421		-476.72
191		259.857		-479.182
192		477.11		-364.548
193		614.966		-163.175
194		645.844		78.4318
195		565.714		309.115
196		391.878		482.94
197		157.993		566.223
198		-92.0498		542.01
199		-310.899		412.66
200		-455.455		200.481
201		-495.329		-54.6167
202		-420.614		-301.593
203		-246.333		-488.867
204		-10.9399		-576.999
205		232.145		-549.625
206		428.251		-418.548
207		536.22		-220.506
208		539.087		-6.28473
209		446.9		174.05
210		291.005		284.457
211		112.583		310.176
212		-49.6972		257.191
213		-168.247		145.572
214		-229.075		0.707245
215		-229.158		-153.395
216		-171.883		-296.549
217		-64.0561		-411.294
218		83.8273		-481.062
219		255.043		-490.665
220		424.815		-430.268
221		562.208		-301.359
222		636.785		-121.195
223		628.124		77.722
224		534.155		254.516
225		374.129		371.31
226		184.153		404.779
227		6.6002		353.09
228		-122.493		235.363
229		-183.021		84.1053
230		-173.941		-65.8862
231		-109.561		-187.406
232		-11.6586		-265.886
233		98.4678		-298.703
234		204.681		-290.678
235		296.411		-249.126
236		366.307		-181.236
237		407.907		-94.4992
238		415.492		1.29379
239		386.399		92.9658
240		324.048		165.514
241		239.241		206.135
242		148.176		208.648
243		67.6858		175.714
244		10.0461		117.345
245		-19.8572		46.3965
246		-23.5297		-26.3815
247		-4.89917		-94.835
248		33.8272		-156.018
249		93.425		-206.053
250		174.704		-236.403
251		272.837		-233.918
252		372.71		-186.006
253		449.224		-89.1115
254		474.273		43.961
255		428.432		182.723
256		312.259		286.145
257		151.289		316.656
258		-8.91378		255.543
259		-116.9		112.921
260		-133.489		-72.7604
261		-46.5453		-246.239
262		123.822		-353.708
263		331.734		-360.597
264		520.814		-261.986
265		641.878		-82.2728
266		666.295		134.596
267		590.91		339.338
268		434.635		490.106
269		230.175		559.876
270		15.445		538.017
271		-172.366		428.421
272		-299.974		247.384
273		-340.563		22.794
274		-278.05		-206.396
275		-113.33		-393.249
276		130.013		-490.837
277		404.813		-464.816
278		647.631		-306.792
279		794.335		-42.5301
280		799.646		270.126
281		653.453		555.033
282		386.878		739.542
283		64.7216		776.71
284		-233.587		659.558
285		-437.654		422.09
286		-505.692		127.082
287		-433.383		-154.044
288		-250.154		-361.355
289		-6.1712		-459.625
290		243.578		-441.635
291		451.999		-323.13
292		586.262		-134.045
293		628.559		89.3439
294		574.495		309.054
295		432.263		487.716
296		223.536		591.342
297		-15.8442		594.751
298		-238.635		489.307
299		-394.594		289.73
300		-443.547		35.4872
301		-368.803		-216.231
302		-185.049		-405.313
303		63.689		-486.596
304		316.465		-443.955
305		514.01		-294.756
306		616.401		-82.7494
307		612.987		137.587
308		521.264		318.667
309		376.268		432.332
310		216.038		473.1
311		69.7426		452.486
312		-47.0498		388.749
313		-129.606		297.92
314		-177.22		190.288
315		-187.445		72.9469
316		-155.121		-44.6318
317		-76.6781		-146.593
318		43.2211		-211.749
319		187.219		-220.037
320		326.49		-161.414
321		428.13		-42.5271
322		465.853		112.625
323		429.257		268.974
324		327.496		391.15
325		185.829		454.193
326		36.8062		449.879
327		-89.8966		386.557
328		-174.805		283.515
329		-210.777		163.136
330		-200.33		44.5677
331		-150.709		-58.7854
332		-69.8493		-138.049
333		34.7712		-185.989
334		154.442		-195.126
335		276.546		-158.547
336		383.336		-73.3075
337		453.794		55.384
338		468.519		211.649
339		415.941		369.873
340		297.422		499.381
341		129.161		571.584
342		-59.9837		567.368
343		-234.226		482.522
344		-358.588		329.707
345		-406.697		136.575
346		-366.92		-59.5109
347		-245.54		-219.013
348		-66.2921		-308.57
349		133.863		-308.532
350		312.179		-218.002
351		429.431		-55.9902
352		459.062		142.047
353		393.82		331.862
354		247.929		470.599
355		53.9665		526.89
356		-144.824		488.137
357		-304.68		363.057
358		-391.145		179.049
359		-386.142		-24.5235
360		-290.941		-205.066
361		-125.019		-325.315
362		78.2606		-360.171
363		277.94		-301.067
364		432.727		-157.728
365		508.568		42.7721
366		485.813		259.892
367		364.777		446.664
368		167.984		559.452
369		-62.5792		568.754
370		-273.872		468.213
371		-414.644		278.525
372		-449.425		43.9643
373		-369.197		-178.482
374		-194.798		-334.609
375		28.6779		-388.251
376		244.956		-331.166
377		402.83		-184.18
378		470.071		10.5694
379		440.508		203.211
380		332.569		350.544
381		180.812		426.46
382		24.2905		425.66
383		-103.913		360.803
384		-182.994		255.553
385		-205.855		136.849
386		-176.937		28.9446
387		-108.599		-49.8597
388		-17.7435		-88.3804
389		76.7886		-82.7966
390		156.505		-36.7257
391		205.891		39.0374
392		215.405		127.899
393		183.96		210.553
394		119.589		269.43
395		37.4597		293.161
396		-44.416		279.247
397		-110.2		233.79
398		-149.951		168.453
399		-160.626		96.1831
400		-144.415		27.7765
401		-105.813		-29.2767
402		-49.4483		-69.6861
403		20.023		-88.4389
404		96.1364		-80.0156
405		168.587		-39.9414
406		223.038		31.758
407		243.981		127.153
408		220.044		229.481
409		149.486		316.135
410		43.0166		365.01
411		-77.8802		361.797
412		-186.879		305.03
413		-260.66		206.628
414		-285.409		87.766
415		-259.437		-27.9163
416		-191.4		-120.692
417		-95.7251		-178.207
418		12.0302		-195.382
419		117.697		-172.13
420		208.453		-111.259
421		271.664		-18.3393
422		294.866		96.4759
423		268.368		216.517
424		189.986		319.061
425		69.4795		379.684
426		-70.3781		379.741
427		-197.987		314.017
428		-281.7		194.8
429		-299.999		49.8307
430		-248.792		-85.6955
431		-142.579		-180.027
432		-9.00545		-214.199
433		120.662		-186.109
434		220.893		-108.229
435		277.289		-0.865662
436		286.608		115.247
437		252.877		223.536
438		182.89		312.014
439		84.1021		370.911
440		-34.107		390.564
441		-157.468		362.212
442		-265.333		282.218
443		-333.312		157.548
444		-340.28		8.82499
445		-277.152		-132.045
446		-153.119		-230.103
447		4.32303		-258.652
448		156.527		-208.917
449		265.566		-93.692
450		306.027		56.7758
451		271.942		204.847
452		176.467		317.119
453		45.2993		372.895
454		-92.4962		366.771
455		-212.014		305.753
456		-295.867		203.825
457		-333.618		77.4508
458		-319.75		-56.0388
459		-253		-177.787
460		-138.244		-266.944
461		10.3511		-302.935
462		167.879		-271.062
463		301.677		-169.462
464		379.233		-13.6502
465		378.531		164.662
466		296.411		325.309
467		150.873		431.502
468		-24.184		460.973
469		-189.729		411.799
470		-313.246		300.721
471		-376.448		155.396
472		-376.523		4.70122
473		-321.816		-128.37
474		-225.522		-228.758
475		-101.402		-287.131
476		36.5302		-296.711
477		171.471		-252.624
478		281.918		-155.162
479		343.789		-15.0693
480		337.48		143.239
481		257.262		284.342
482		117.983		371.308
483		-45.6194		378.928
484		-188.489		304.777
485		-270.638		172.323
486		-271.911		23.6196
487		-199.349		-95.9202
488		-83.5651		-154.177
489		34.2843		-143.015
490		118.887		-78.4507
491		152.991		9.14658
492		140.274		89.4977
493		98.5782		144.241
494		48.0799		170.771
495		1.17166		177.322
496		-40.6953		173.281
497		-82.2947		161.098
498		-125.801		134.79
499		-164		85.8732
500		-180.441		12.901
501		-157.249		-71.642
502		-86.603		-142.158
503		20.7302		-169.3
504		135.333		-133.776
505		218.827		-37.5953
506		239.395		93.4658
507		185.894		218.209
508		73.6548		295.822
509		-60.9996		302.015
510		-175.102		238.145
511		-235.646		129.395
512		-231.041		13.3595
513		-172.812		-75.2853
514		-87.8136		-116.987
515		-5.52576		-111.514
516		53.2601		-73.5621
517		81.6521		-23.2708
518		84.7025		23.0324
519		72.8914		57.636
520		55.3917		80.6665
521		36.6062		95.739
522		16.8691		105.533
523		-4.43521		110.001
524		-26.1994		107.645
525		-45.347		98.1212
526		-58.8968		83.6991
527		-66.4007		68.2255
528		-70.4945		54.2736
529		-74.6848		40.7513
530		-79.6391		23.1967
531		-80.6831		-2.72253
532		-68.8762		-36.3202
533		-35.974		-68.8527
534		19.0217		-85.0255
535		85.5649		-69.3514
536		142.728		-14.7128
537		166.378		71.2946
538		139.618		166.097
539		61.6232		239.021
540		-49.6643		262.78
541		-162.727		224.518
542		-243.557		131.396
543		-267.791		8.21407
544		-228.687		-111.644
545		-137.932		-197.69
546		-19.7791		-231.267
547		97.9781		-208.776
548		191.893		-139.195
549		246.752		-38.6235
550		255.414		74.6645
551		216.863		182.55
552		135.191		267.164
553		20.7333		311.056
554		-107.903		299.761
555		-223.8		227.202
556		-296.165		101.686
557		-299.333		-51.3719
558		-223.304		-193.214
559		-80.8623		-282.334
560		93.0214		-288.552
561		250.674		-204.821
562		347.059		-51.3166
563		354.945		130.509
564		273.628		291.747
565		127.788		392.05
566		-42.5359		411.36
567		-196.052		353.145
568		-302.276		239.07
569		-347.215		98.8425
570		-331.955		-39.5322
571		-266.946		-155.166
572		-166.247		-234.625
573		-44.8132		-269.507
574		80.9388		-254.756
575		191.728		-189.886
576		266.342		-82.5384
577		286.475		48.6728
578		244.06		175.453
579		147.219		266.658
580		20.7518		298.738
581		-100.582		265.134
582		-183.95		179.754
583		-210.413		72.088
584		-181.332		-24.2924
585		-116.07		-84.7008
586		-42.123		-101.676
587		17.3735		-84.926
588		52.5673		-53.4089
589		68.0681		-24.0907
590		76.4332		-3.48866
591		88.1239		13.6681
592		103.854		38.4107
593		113.71		78.0254
594		103.44		128.864
595		64.1968		175.875
596		-0.0506134		199.377
597		-71.9049		185.452
598		-127.448		134.161
599		-147.145		60.9413
600		-124.967		-9.76842
601		-70.9135		-55.3617
602		-5.7178		-64.6672
603		49.2415		-41.3989
604		81.2901		-0.0170822
605		90.1782		43.238
606		84.6198		78.8276
607		74.2418		107.118
608		62.1032		134.765
609		42.4817		166.831
610		5.41353		199.801
611		-54.6544		220.193
612		-131.386		210.273
613		-205.175		158.148
614		-249.532		66.7208
615		-242.586		-43.7587
616		-178.009		-141.644
617		-69.6812		-195.953
618		52.5302		-188.901
619		154.042		-122.92
620		208.527		-18.9934
621		206.59		92.5282
622		156.58		183.824
623		78.1257		238.51
624		-7.49347		253.911
625		-84.9197		236.902
626		-146.84		196.883
627		-190.82		140.569
628		-214.157		71.5261
629		-211.026		-5.95677
630		-174.442		-82.0455
631		-102.236		-139.811
632		-3.28091		-159.289
633		100.547		-126.037
634		179.181		-39.9695
635		204.834		80.5423
636		163.65		202.4
637		62.9363		288.583
638		-69.817		311.652
639		-196.163		264.035
640		-280.284		160.594
641		-301.132		32.5358
642		-258.191		-84.3208
643		-169.125		-161.647
644		-61.2996		-186.176
645		38.3892		-160.503
646		110.972		-98.2357
647		147.831		-16.9503
648		148.704		67.387
649		117.888		142.6
650		61.4832		199.572
651		-13.0097		230.764
652		-95.4975		230.132
653		-172.56		195.141
654		-228.992		129.642
655		-251.829		45.3546
656		-235.211		-39.8383
657		-183.472		-106.816
658		-110.47		-141.453
659		-35.0321		-139.279
660		25.5279		-106.319
661		60.8766		-55.781
662		69.685		-2.34417
663		57.6748		43.0679
664		33.2054		75.6563
665		3.04544		95.6119
666		-29.4483		104.827
667		-63.1772		103.864
668		-96.4757		91.1776
669		-124.891		64.9743
670		-141.371		26.3321
671		-139.06		-18.6987
672		-115.17		-59.7265
673		-73.5656		-85.4616
674		-24.3378		-88.3058
675		19.7012		-67.6373
676		47.8755		-29.9815
677		55.3554		14.0187
678		43.8716		54.1411
679		19.3158		84.1444
680		-12.1127		102.535
681		-46.779		110.462
682		-83.7735		108.433
683		-122.41		94.2886
684		-158.904		64.0961
685		-184.794		15.7447
686		-188.812		-46.8342
687		-161.895		-111.673
688		-103.011		-160.94
689		-22.5501		-177.06
690		59.0743		-150.313
691		117.734		-84.3054
692		134.43		3.59769
693		102.86		87.5316
694		32.3057		142.108
695		-55.4884		151.36
696		-134.09		113.961
697		-181.445		42.7692
698		-186.556		-40.6649
699		-151.438		-113.924
700		-88.3188		-160.514
701		-14.0668		-173.251
702		55.375		-153.753
703		108.424		-109.403
704		138.584		-49.8823
705		143.4		15.0548
706		123.206		76.1987
707		80.7947		124.709
708		22.0225		152.408
709		-43.6322		153.266
710		-103.783		125.694
711		-145.652		74.3802
712		-159.775		10.2715
713		-143.339		-51.9017
714		-101.501		-97.8918
715		-45.8766		-118.32
716		9.31882		-111.325
717		51.8541		-82.3887
718		74.8814		-41.5706
719		77.8818		0.462059
720		65.1171		35.7907
721		42.7022		60.6761
722		15.9021		74.8455
723		-12.1038		79.5051
724		-39.7114		75.4609
725		-65.3491		62.4631
726		-86.1257		40.0434
727		-97.6843		9.19942
728		-95.5228		-26.2177
729		-77.1803		-59.408
730		-44.1766		-82.1418
731		-2.6544		-87.3919
732		37.7539		-72.022
733		66.5425		-38.4117
734		75.5308		5.68072
735		61.5246		49.0449
736		27.5312		80.1325
737		-17.879		90.3738
738		-62.8804		76.6776
739		-95.6858		42.3554
740		-107.851		-3.82258
741		-96.5921		-50.1803
742		-65.3849		-85.5365
743		-22.6273		-102.376
744		21.2033		-98.7326
745		56.8949		-78.1247
746		79.1019		-47.612
747		87.2097		-14.8052
748		84.1995		14.8566
749		74.1674		39.3404
750		59.8301		59.2598
751		41.3922		75.646
752		17.4555		87.6166
753		-12.488		91.4801
754		-45.4536		82.1194
755		-74.0141		56.2291
756		-88.0745		15.7768
757		-79.0266		-30.3927
758		-44.5011		-68.2214
759		8.73043		-83.2292
760		65.5693		-66.5913
761		107.341		-19.7213
762		118.752		45.0131
763		94.0752		108.164
764		39.715		150.237
765		-28.0993		158.898
766		-89.5376		133.218
767		-128.521		83.1758
768		-137.969		24.895
769		-120.846		-25.9674
770		-87.0172		-59.5704
771		-47.9379		-73.7492
772		-12.0286		-72.1248
773		17.1188		-60.1454
774		39.3582		-41.6234
775		54.9332		-17.7209
776		62.1028		11.3601
777		57.1966		43.4903
778		37.1805		72.8176
779		3.08493		90.6984
780		-38.0862		89.2708
781		-74.6199		65.8307
782		-94.3787		25.4298
783		-90.1032		-20.1005
784		-62.9376		-56.5992
785		-22.1679		-73.4291
786		18.8724		-67.7723
787		48.6864		-45.1518
788		62.2529		-15.9583
789		62.0525		10.0644
790		55.1263		28.333
791		48.0301		40.5032
792		42.7142		51.6826
793		35.7917		65.616
794		21.6323		80.9024
795		-2.60086		90.7447
796		-33.1395		86.6726
797		-59.6443		64.2573
798		-69.5727		27.4614
799		-54.8156		-11.2131
800		-17.024		-35.4214
801		31.5172		-32.4456
802		72.3767		0.33326
803		88.872		53.4359
804		73.5009		109.017
805		31.1491		148.614
806		-23.5591		161.062
807		-73.3599		146.635
808		-106.194		115.455
809		-119.771		81.2447
810		-120.671		53.9543
811		-118.798		35.259
812		-120.51		19.2595
813		-124.4		-2.23621
814		-122.159		-33.0404
815		-104.028		-68.4965
816		-65.7377		-96.5025
817		-12.9157		-103.315
818		39.7476		-81.0912
819		74.4344		-33.0703
820		78.3219		26.5306
821		49.7436		78.0634
822		-0.771217		104.74
823		-55.0784		99.566
824		-95.2471		67.587
825		-110.708		22.6171
826		-101.35		-19.5591
827		-75.4917		-47.8699
828		-44.3602		-59.2584
829		-16.3927		-57.4236
830		5.59187		-48.3977
831		23.2175		-35.9746
832		38.6769		-19.7955
833		50.9974		2.9182
834		55.0761		33.3386
835		44.3142		67.5284
836		15.3786		96.0377
837		-27.8311		107.36
838		-73.6841		93.6735
839		-106.617		55.787
840		-113.663		4.41878
841		-90.5174		-43.244
842		-44.0492		-70.2939
843		10.1148		-66.9964
844		53.8203		-34.5703
845		73.4592		15.816
846		64.6278		68.1126
847		32.4798		107.883
848		-11.8705		127.137
849		-56.6637		125.559
850		-93.7484		108.239
851		-119.958		81.7519
852		-135.621		51.0126
853		-141.811		18.4547
854		-138.416		-14.5472
855		-124.3		-45.5243
856		-99.263		-69.9063
857		-66.2459		-82.1657
858		-31.969		-78.6152
859		-5.13361		-60.1433
860		7.12843		-33.0229
861		2.68416		-6.95141
862		-14.2845		8.91836
863		-34.9904		9.95622
864		-50.0271		-2.0744
865		-53.5847		-20.2825
866		-45.6901		-36.3716
867		-31.3339		-44.7935
868		-17.0745		-45.0821
869		-7.09757		-41.162
870		-0.989174		-38.1396
871		5.52206		-38.5187
872		17.3118		-40.1035
873		36.0139		-36.8938
874		57.8802		-22.5641
875		74.7299		5.38477
876		77.6553		43.1627
877		61.5996		81.4185
878		28.3789		108.961
879		-13.5059		117.668
880		-52.2612		106.115
881		-77.7396		80.1379
882		-85.5056		50.091
883		-78.1249		26.254
884		-63.2391		14.676
885		-49.6158		15.3873
886		-43.2729		23.5768
887		-45.5446		32.7861
888		-53.7664		38.2457
889		-63.8177		38.6129
890		-72.8484		35.4356
891		-80.6074		30.9956
892		-88.7433		26.0552
893		-98.7018		18.9641
894		-109.661		6.69147
895		-117.9		-12.8433
896		-118.127		-38.564
897		-106.163		-65.5464
898		-81.5384		-86.4154
899		-48.5804		-94.2653
900		-15.3087		-85.7068
901		9.41689		-62.5544
902		19.1961		-31.3492
903		12.347		-0.965775
904		-7.7999		20.5623
905		-34.5345		28.5909
906		-60.4157		22.8025
907		-79.6875		6.3948
908		-89.5008		-15.807
909		-89.6978		-39.263
910		-81.6389		-60.7955
911		-66.9292		-78.5561
912		-46.7843		-91.2492
913		-22.281		-97.3303
914		4.82529		-94.8247
915		31.3743		-81.9833
916		52.7809		-58.4766
917		63.9668		-26.4782
918		60.9894		9.02491
919		42.7266		41.0427
920		11.8742		62.3849
921		-25.2661		67.8768
922		-60.2972		56.1904
923		-85.1154		30.5664
924		-94.4029		-1.93948
925		-87.3385		-32.5312
926		-67.8687		-53.4203
927		-43.3615		-60.295
928		-22.0655		-53.6024
929		-10.2804		-38.1296
930		-10.3114		-21.0137
931		-20.0123		-8.95112
932		-34.092		-5.74063
933		-46.6009		-11.1834
934		-53.4825		-21.7775
935		-54.029		-32.826
936		-50.5952		-40.8995
937		-46.7813		-45.4166
938		-45.0777		-48.5424
939		-45.2655		-53.4859
940		-44.4846		-62.1463
941		-38.991		-73.4579
942		-26.6685		-83.4577
943		-8.8691		-87.1835
944		9.56779		-81.4702
945		22.3225		-67.1279
946		24.7108		-49.2035
947		16.2953		-34.9957
948		1.54021		-30.7051
949		-11.9711		-38.3985
950		-16.9474		-54.89
951		-9.71651		-73.1728
952		8.24657		-85.691
953		31.3617		-87.7427
954		52.9385		-79.2313
955		68.4424		-63.9018
956		77.2156		-46.6104
957		81.743		-30.3003
958		85.001		-14.5228
959		87.5914		3.57633
960		86.5514		26.3785
961		76.7739		52.8181
962		54.4036		77.312
963		20.2611		91.5888
964		-18.8787		88.7277
965		-52.2819		67.2962
966		-69.8374		33.176
967		-66.9654		-2.25172
968		-47.1929		-26.9509
969		-20.8127		-33.7563
970		-0.0892372		-23.6875
971		6.61331		-5.20161
972		-1.2933		10.3426
973		-16.8434		14.6638
974		-29.7639		6.77282
975		-32.458		-6.89717
976		-24.4183		-16.5616
977		-12.5518		-15.129
978		-7.12708		-2.81699
979		-15.5181		12.3709
980		-37.2512		18.7726
981		-63.2771		7.67921
982		-80.1349		-21.1929
983		-76.964		-58.5252
984		-51.631		-89.4317
985		-12.5603		-100.779
986		24.9365		-87.9877
987		46.0892		-57.6474
988		44.0356		-24.4282
989		23.2388		-3.78045
990		-2.8892		-4.19943
991		-18.9456		-23.0979
992		-15.4248		-48.4372
993		6.60669		-65.2065
994		36.4518		-63.2656
995		59.725		-42.3813
996		66.006		-11.8539
997		54.0555		14.9104
998		31.8469		27.7897
999		11.5536		25.1971
1000		2.40797		14.3478
1001		5.47781		6.50543
1002		13.2907		9.9791
1003		14.4851		24.8826
1004		0.838776		42.6665
1005		-27.3252		50.7495
1006		-60.4695		39.7054
1007		-84.3988		9.00971
1008		-87.6255		-31.8988
1009		-67.5509		-67.9189
1010		-32.0947		-85.6957
1011		4.12638		-80.1875
1012		27.0157		-56.9118
1013		29.7521		-28.758
1014		15.5428		-9.19029
1015		-4.92873		-5.56052
1016		-19.7628		-16.0762
1017		-22.2604		-31.8668
1018		-13.9927		-42.7489
1019		-2.99544		-43.3073
1020		1.66879		-35.8518
1021		-4.2644		-28.6762
1022		-17.4247		-30.7512
1023		-28.5657		-45.9886
1024		-27.874		-70.4157
1025		-10.7668		-93.9013
1026		19.1392		-105.478
1027		51.5922		-99.265
1028		74.9439		-77.6854
1029		82.1509		-50.1913
1030		74.2415		-28.2492
1031		59.3969		-19.3846
1032		48.2683		-23.5512
1033		48.2043		-33.7228
1034		59.5921		-40.2085
1035		76.2246		-36.1405
1036		89.2846		-21.026
1037		92.513		-0.465698
1038		85.5486		17.6014
1039		73.5847		27.7803
1040		63.6971		30.2958
1041		60.143		30.467
1042		61.5182		34.9477
1043		61.5306		47.0412
1044		52.9875		63.9712
1045		32.6563		77.8648
1046		4.07095		80.0284
1047		-23.516		66.1315
1048		-39.6398		39.2912
1049		-38.1693		9.16563
1050		-20.8023		-12.6179
1051		3.51244		-18.2879
1052		23.0099		-7.84351
1053		29.0458		11.0955
1054		20.33		27.4332
1055		3.18462		32.472
1056		-12.254		24.3128
1057		-17.7401		8.41779
1058		-11.3588		-5.885
1059		1.73006		-10.9274
1060		12.5822		-5.1265
1061		13.8779		6.1632
1062		4.36887		13.8191
1063		-10.1567		10.33
1064		-19.9403		-5.65446
1065		-16.644		-28.1681
1066		1.92849		-46.8259
1067		30.3904		-52.1861
1068		58.3898		-40.6379
1069		75.8253		-16.1686
1070		77.8045		11.8806
1071		66.682		33.757
1072		50.1896		44.1726
1073		36.8373		44.475
1074		31.2394		41.0467
1075		31.9731		41.0067
1076		33.0728		47.7658
1077		28.1729		59.0093
1078		14.8105		68.2363
1079		-3.6655		68.9195
1080		-19.7392		58.8338
1081		-26.0378		41.9819
1082		-19.8636		26.8943
1083		-5.31992		22.1307
1084		8.29706		31.4216
1085		11.1143		51.158
1086		-2.10307		71.7078
1087		-28.9276		81.9874
1088		-60.0976		74.9578
1089		-83.8308		51.1947
1090		-91.429		18.6914
1091		-81.3209		-10.9865
1092		-59.5352		-28.1928
1093		-36.4722		-29.5434
1094		-21.7374		-18.9872
1095		-19.7159		-5.236
1096		-28.0684		2.93863
1097		-39.7172		1.01782
1098		-47.0573		-9.52433
1099		-46.047		-22.7762
1100		-38.0253		-32.1909
1101		-28.4197		-34.4613
1102		-23.2037		-31.3544
1103		-25.1292		-28.5753
1104		-31.8117		-32.3475
1105		-36.7003		-45.5999
1106		-32.4189		-65.8148
1107		-14.7339		-85.6936
1108		14.8909		-96.3241
1109		49.4416		-91.28
1110		79.1265		-69.6555
1111		95.4244		-36.6152
1112		94.5081		-1.27973
1113		78.5324		26.9802
1114		54.3538		42.1029
1115		30.4512		43.2107
1116		13.5612		34.1622
1117		6.51195		21.2519
1118		8.0332		10.3104
1119		14.327		4.5758
1120		21.3986		4.17635
1121		26.9204		7.19722
1122		30.7822		11.5438
1123		34.223		16.5069
1124		38.1807		23.1848
1125		41.8629		33.5685
1126		42.4041		48.811
1127		35.9058		67.6457
1128		19.4413		85.886
1129		-6.92667		97.4532
1130		-39.161		96.6476
1131		-69.9531		80.747
1132		-91.0369		51.7514
1133		-96.2844		16.3679
1134		-84.3101		-15.9731
1135		-59.408		-36.4177
1136		-30.2819		-40.0131
1137		-6.94803		-27.6604
1138		2.97878		-5.80573
1139		-2.9211		16.0738
1140		-21.1865		29.159
1141		-44.1824		28.582
1142		-63.4092		14.9143
1143		-72.8976		-6.73207
1144		-71.1586		-29.4472
1145		-60.8833		-47.7063
1146		-46.7242		-59.4106
1147		-32.4558		-65.8463
1148		-19.1014		-69.7486
1149		-5.05383		-72.7016
1150		11.9258		-73.4869
1151		32.0569		-68.4795
1152		51.9317		-54.0139
1153		65.1531		-29.4391
1154		65.1941		0.976244
1155		49.1248		28.672
1156		20.1693		44.0384
1157		-12.539		40.8778
1158		-37.2798		19.8431
1159		-44.7795		-11.0832
1160		-32.5477		-39.6159
1161		-6.26999		-54.4586
1162		22.6172		-50.3564
1163		42.1327		-30.392
1164		45.2322		-4.30988
1165		32.8372		16.3555
1166		12.8802		23.9132
1167		-4.1372		18.0462
1168		-10.7611		5.43511
1169		-6.43445		-4.29887
1170		2.45431		-4.16844
1171		6.35405		6.07633
1172		-1.8473		19.5446
1173		-22.4091		25.7772
1174		-47.9231		16.4487
1175		-66.6215		-9.81049
1176		-68.1491		-46.0467
1177		-48.8243		-79.8529
1178		-13.6741		-99.034
1179		25.7868		-97.1833
1180		56.8445		-76.3629
1181		71.1975		-45.6435
1182		68.0712		-16.439
1183		53.4359		2.8071
1184		36.0458		9.81729
1185		22.6682		8.08886
1186		15.1643		3.48776
1187		10.8882		0.0494766
1188		5.887		-2.45103
1189		-1.252		-7.73953
1190		-7.42304		-19.6255
1191		-6.28392		-38.1045
1192		7.77543		-57.5399
1193		35.2465		-68.3588
1194		69.3921		-61.6748
1195		97.9909		-34.4736
1196		108.431		7.53132
1197		93.7412		51.191
1198		56.4712		81.0488
1199		8.32076		85.9537
1200		-34.4762		63.9543
1201		-57.8409		23.0918
1202		-55.4149		-22.2342
1203		-30.4321		-57.4478
1204		6.73792		-73.4627
1205		43.8176		-69.2099
1206		71.7865		-50.1846
1207		87.4403		-24.2952
1208		92.4339		2.40361
1209		89.9286		27.7084
1210		81.2442		52.1439
1211		64.7391		75.82
1212		37.6538		95.6106
1213		-0.278412		104.811
1214		-43.8828		95.9131
1215		-82.4796		65.17
1216		-103.367		16.3359
1217		-97.4369		-38.858
1218		-64.1077		-84.319
1219		-12.8274		-105.938
1220		39.9857		-97.702
1221		77.4089		-64.5415
1222		88.9322		-20.3643
1223		74.5555		17.8897
1224		44.1443		37.3826
1225		12.4522		34.3364
1226		-7.67842		14.5784
1227		-10.616		-10.3313
1228		0.691254		-29.2215
1229		17.634		-36.5196
1230		31.3334		-34.0277
1231		37.5492		-28.6435
1232		38.5757		-27.527
1233		41.3116		-33.4569
1234		52.7405		-42.8721
1235		75.3573		-47.5656
1236		105.004		-39.0363
1237		132.213		-13.157
1238		146.314		27.2468
1239		140.17		73.1404
1240		113.247		112.846
1241		71.6752		136.584
1242		25.556		139.827
1243		-14.9357		124.133
1244		-42.7507		95.5036
1245		-55.2115		61.5106
1246		-53.2695		28.7948
1247		-39.7768		1.98518
1248		-18.0751		-15.9785
1249		8.33741		-23.0131
1250		35.2547		-17.6208
1251		57.2694		0.338791
1252		68.316		28.2904
1253		63.5351		60.1259
1254		41.7349		86.9781
1255		7.06291		99.8045
1256		-31.3688		92.8774
1257		-62.2118		66.5309
1258		-76.0071		27.6321
1259		-68.867		-12.7338
1260		-43.9193		-43.4917
1261		-9.7314		-57.7927
1262		23.5711		-55.2216
1263		48.5931		-40.9624
1264		63.2421		-22.4374
1265		70.351		-5.24369
1266		74.6878		9.41862
1267		79.1074		24.4423
1268		82.0989		43.8298
1269		78.2604		68.7481
1270		61.6337		94.9802
1271		30.1874		113.5
1272		-11.0698		114.271
1273		-50.3478		91.5938
1274		-73.0873		48.2876
1275		-68.1539		-3.64312
1276		-33.3788		-46.6451
1277		22.3036		-64.2466
1278		81.4023		-47.8306
1279		124.218		-0.47934
1280		136.309		63.923
1281		113.813		125.991
1282		64.3672		168.192
1283		3.37469		181.023
1284		-52.4862		165.411
1285		-91.4621		130.607
1286		-109.915		88.9829
1287		-111.416		50.4839
1288		-102.743		19.4322
1289		-89.2404		-5.03526
1290		-72.1587		-25.6224
1291		-49.327		-42.8918
1292		-18.5724		-53.1921
1293		18.3068		-49.9175
1294		53.6133		-27.5944
1295		75.4389		13.4248
1296		72.5773		64.4397
1297		40.4082		109.899
1298		-15.276		132.776
1299		-78.759		121.625
1300		-129.476		76.07
1301		-149.714		8.00537
1302		-131.592		-62.3191
1303		-80.2061		-113.776
1304		-11.5118		-132.19
1305		54.0694		-115.14
1306		99.4255		-71.7966
1307		116.502		-18.1711
1308		107.722		29.7913
1309		82.9353		62.0244
1310		53.8314		76.6169
1311		28.7698		78.0281
1312		10.4551		72.7696
1313		-2.84072		65.1917
1314		-13.7538		55.6751
1315		-22.4072		41.9825
1316		-25.271		22.6482
1317		-17.0442		0.116348
1318		5.53114		-18.5116
1319		40.2158		-23.8741
1320		78.3811		-8.81613
1321		107.537		27.4205
1322		116.275		77.629
1323		99.2564		128.747
1324		59.7291		166.803
1325		8.28515		182.386
1326		-41.5603		174.011
1327		-78.7913		147.875
1328		-98.7007		114.29
1329		-103.395		82.7703
1330		-99.0648		58.2985
1331		-91.7676		40.5288
1332		-84.107		26.0167
1333		-74.5804		11.9202
1334		-59.7606		-1.1143
1335		-37.8733		-8.61027
1336		-11.5537		-4.69157
1337		11.9504		14.0871
1338		23.4247		45.6972
1339		15.8862		82.1636
1340		-11.8265		112.067
1341		-53.9141		124.853
1342		-99.4793		114.88
1343		-136.416		83.3341
1344		-155.421		37.3556
1345		-152.378		-12.865
1346		-128.41		-57.372
1347		-88.2356		-88.5776
1348		-38.2084		-101.692
1349		14.7194		-94.0844
1350		62.8788		-64.8216
1351		97.4533		-15.3291
1352		109.062		48.9831
1353		90.1481		117.383
1354		38.6895		174.418
1355		-38.5324		203.364
1356		-125.28		191.902
1357		-199.163		137.826
1358		-238.406		51.9936
1359		-229.729		-43.4576
1360		-174.009		-121.622
1361		-87.039		-159.852
1362		5.32452		-147.716
1363		75.8894		-90.6094
1364		105.263		-7.52183
1365		87.7791		76.0168
1366		32.0729		136.784
1367		-43.438		160.927
1368		-117.818		146.727
1369		-174.397		102.674
1370		-204.539		42.5043
1371		-207.624		-20.1544
1372		-188.311		-75.2531
1373		-153.143		-117.072
1374		-108.327		-142.975
1375		-59.3372		-151.772
1376		-11.7019		-143.044
1377		28.3543		-117.8
1378		54.4493		-79.7017
1379		61.8161		-35.5877
1380		49.3612		5.54166
1381		20.699		34.9479
1382		-16.6466		46.8759
1383		-53.6408		40.1928
1384		-82.5614		18.1298
1385		-98.8447		-13.6087
1386		-101.166		-49.1872
1387		-90.073		-84.0658
1388		-66.3697		-114.829
1389		-30.5727		-137.857
1390		16.0194		-148.156
1391		69.2911		-139.678
1392		120.844		-107.598
1393		158.612		-51.6765
1394		170.06		21.1394
1395		146.972		96.6764
1396		89.7368		156.811
1397		8.90549		185.134
1398		-77.0678		172.779
1399		-147.301		121.898
1400		-185.042		45.2413
1401		-182.676		-37.973
1402		-143.342		-108.121
1403		-78.8523		-150.69
1404		-5.25599		-159.295
1405		61.8884		-135.616
1406		110.752		-87.118
1407		134.358		-24.1261
1408		130.171		42.3559
1409		99.2928		101.698
1410		46.1593		144.115
1411		-21.2714		161.479
1412		-91.6341		148.95
1413		-151.506		106.983
1414		-188.273		42.5324
1415		-193.743		-31.687
1416		-166.962		-100.214
1417		-114.77		-149.211
1418		-49.6108		-170.417
1419		14.5621		-162.977
1420		66.4303		-132.44
1421		99.7075		-87.6679
1422		112.983		-37.4214
1423		107.674		11.6217
1424		85.7774		54.6618
1425		49.0761		87.1285
1426		0.373226		103.318
1427		-54.2216		96.9435
1428		-103.916		63.9833
1429		-134.543		6.55599
1430		-132.91		-64.5501
1431		-92.6627		-130.827
1432		-18.8525		-171.044
1433		71.4433		-168.724
1434		153.48		-118.96
1435		202.841		-31.3968
1436		203.886		72.2585
1437		155.082		165.339
1438		69.0518		225.002
1439		-32.454		239.061
1440		-126.204		208.335
1441		-194.396		144.162
1442		-228.232		62.9568
1443		-227.519		-19.3383
1444		-197.648		-90.5807
1445		-146.269		-142.896
1446		-81.512		-171.395
1447		-12.0767		-173.041
1448		51.9551		-146.994
1449		99.3213		-96.3271
1450		119.765		-29.6264
1451		107.639		39.3252
1452		65.0401		94.6389
1453		2.37377		123.311
1454		-64.5845		119.844
1455		-120.143		88.0609
1456		-154.146		38.98
1457		-164.711		-14.3003
1458		-156.904		-62.0706
1459		-138.231		-100.942
1460		-113.635		-132.758
1461		-82.9986		-160.328
1462		-42.7139		-182.759
1463		9.56033		-193.515
1464		69.8943		-182.863
1465		126.205		-143.753
1466		161.331		-77.9946
1467		160.175		1.01329
1468		117.544		71.1644
1469		42.6077		109.468
1470		-42.7226		101.423
1471		-111.203		47.5412
1472		-140.299		-36.1557
1473		-120.366		-123.945
1474		-57.4445		-189.803
1475		30.1635		-216.124
1476		119.393		-198.146
1477		190.194		-142.904
1478		230.228		-64.3214
1479		235.282		22.3451
1480		206.712		103.861
1481		148.67		169.303
1482		67.3318		208.681
1483		-27.5571		212.438
1484		-120.699		173.638
1485		-191.57		92.4873
1486		-218.761		-19.3305
1487		-187.592		-137.861
1488		-97.771		-231.657
1489		32.9853		-271.354
1490		172.107		-240.45
1491		281.752		-142.485
1492		331.254		-1.08385
1493		307.277		147.542
1494		217.486		266.553
1495		86.4861		329.875
1496		-53.6247		328.515
1497		-173.621		270.013
1498		-254.131		172.561
1499		-287.276		57.5241
1500		-274.042		-55.9546
1501		-220.395		-152.647
1502		-135.064		-220.272
1503		-29.92		-248.535
1504		78.5671		-230.433
1505		169.55		-165.961
1506		221.681		-65.9285
1507		220.135		47.4123
1508		163.674		145.053
1509		67.6483		200.448
1510		-39.7157		199.519
1511		-127.083		146.535
1512		-171.766		62.4889
1513		-167.942		-23.7756
1514		-127.26		-87.6358
1515		-71.5531		-118.089
1516		-21.4889		-119.884
1517		12.851		-107.623
1518		34.5692		-95.4182
1519		54.6384		-88.0659
1520		82.0799		-78.839
1521		115.648		-55.1329
1522		142.242		-8.61418
1523		143.427		56.285
1524		106.658		120.994
1525		34.785		160.11
1526		-51.9834		153.935
1527		-123.537		99.5548
1528		-153.377		14.1384
1529		-131.234		-71.8453
1530		-68.043		-128.353
1531		9.56828		-139.399
1532		72.4681		-109.439
1533		102.874		-59.2127
1534		101.478		-13.4718
1535		84.1643		12.4903
1536		70.4561		19.9595
1537		70.5258		23.6175
1538		78.4834		40.0076
1539		76.1271		74.5247
1540		45.3157		114.895
1541		-18.0727		135.657
1542		-96.9852		111.937
1543		-157.854		35.2809
1544		-165.673		-77.4076
1545		-102.145		-187.561
1546		22.6507		-250.443
1547		171.659		-235.222
1548		295.351		-139.642
1549		352.531		8.18673
1550		327.332		161.897
1551		234.222		276.817
1552		109.027		327.848
1553		-8.83546		316.71
1554		-93.4968		265.817
1555		-140.527		203.121
1556		-162.399		146.812
1557		-175.295		98.2857
1558		-185.659		46.7285
1559		-184.734		-18.1625
1560		-154.445		-93.5356
1561		-81.2175		-159.028
1562		30.5377		-184.169
1563		153.747		-144.196
1564		246.653		-35.7976
1565		270.341		116.161
1566		207.231		265.469
1567		71.0465		362.406
1568		-97.1297		374.228
1569		-245.071		298.445
1570		-330.117		162.698
1571		-334.578		11.8223
1572		-269.085		-111.033
1573		-163.558		-179.89
1574		-51.662		-191.204
1575		42.6879		-157.98
1576		110.241		-97.8243
1577		151.768		-22.7257
1578		168.538		63.5029
1579		155.213		159.424
1580		100.622		256.628
1581		-3.37995		334.132
1582		-150.253		361.88
1583		-312.122		313.253
1584		-443.932		180.779
1585		-498.54		-13.6258
1586		-446.675		-220.644
1587		-292.297		-378.754
1588		-75.3168		-436.914
1589		140.679		-374.853
1590		291.03		-211.785
1591		333.321		0.480988
1592		261.555		196.948
1593		105.656		322.775
1594		-82.4395		350.72
1595		-249.109		286.209
1596		-356.712		159.608
1597		-391.883		10.9376
1598		-362.898		-125.211
1599		-289.766		-228.279
1600		-193.319		-291.846
1601		-88.7037		-317.784
1602		14.8459		-309.46
1603		109.972		-268.374
1604		187.023		-195.646
1605		233.343		-96.4261
1606		236.912		16.5251
1607		192.3		123.175
1608		105.292		201.111
1609		-6.7558		232.84
1610		-119.431		211.945
1611		-208.664		145.174
1612		-257.668		49.6875
1613		-260.597		-52.892
1614		-222.014		-142.73
1615		-153.377		-205.837
1616		-68.8573		-235.08
1617		17.5952		-229.035
1618		93.3699		-190.444
1619		147.377		-125.512
1620		170.636		-44.1121
1621		157.97		40.2303
1622		110.272		111.79
1623		35.8618		155.904
1624		-50.4484		163.054
1625		-130.831		131.92
1626		-189.275		69.8056
1627		-215.706		-9.90195
1628		-207.646		-92.0194
1629		-168.994		-163.539
1630		-107.088		-215.55
1631		-30.0016		-242.765
1632		54.3988		-241.802
1633		137.489		-210.109
1634		208.398		-146.82
1635		253.911		-55.3522
1636		260.978		53.9782
1637		221.319		163.52
1638		136.05		251.305
1639		17.766		296.953
1640		-111.457		288.137
1641		-225.727		224.788
1642		-302.354		119.173
1643		-327.364		-7.93979
1644		-297.558		-132.998
1645		-219.196		-234.637
1646		-105.059		-296.258
1647		27.9201		-306.442
1648		159.389		-258.991
1649		265.588		-154.425
1650		320.89		-3.27222
1651		302.801		170.768
1652		200.235		331.103
1653		22.0586		434.609
1654		-198.841		443.974
1655		-410.011		342.243
1656		-553.127		143.374
1657		-583.118		-107.041
1658		-485.483		-343.193
1659		-284.186		-499.614
1660		-35.8239		-533.42
1661		188.559		-439.32
1662		327.223		-251.149
1663		347.714		-29.2545
1664		255.393		160.938
1665		87.9085		270.363
1666		-100.97		279.494
1667		-260.556		199.234
1668		-357.569		61.1949
1669		-380.966		-96.6529
1670		-337.707		-242.023
1671		-244.031		-353.675
1672		-117.89		-420.089
1673		23.8658		-435.091
1674		163.818		-395.075
1675		281.285		-300.42
1676		352.716		-160.175
1677		357.134		3.88736
1678		284.946		158.084
1679		145.549		264.336
1680		-31.124		292.34
1681		-201.407		231.243
1682		-321.178		95.195
1683		-360.3		-80.2932
1684		-312.079		-249.997
1685		-193.869		-373.7
1686		-39.0868		-427.808
1687		115.215		-409.505
1688		239.527		-332.936
1689		317.5		-220.625
1690		345.094		-95.0261
1691		325.77		26.0133
1692		265.79		129.07
1693		172.663		202.521
1694		57.0036		234.985
1695		-64.6811		217.22
1696		-169.714		147.074
1697		-233.54		34.4616
1698		-237.69		-97.3907
1699		-177.839		-216.625
1700		-67.62		-292.32
1701		64.4087		-305.051
1702		183.914		-253.62
1703		262.19		-154.799
1704		284.798		-36.3048
1705		253.909		73.5165
1706		184.018		154.458
1707		94.0153		198.035
1708		-0.0020752		205.297
1709		-87.7764		181.363
1710		-163.222		130.631
1711		-220.371		55.6177
1712		-250.541		-40.2706
1713		-243.314		-148.458
1714		-191.274		-252.964
1715		-95.7897		-332.606
1716		29.8284		-367.345
1717		162.25		-345.815
1718		274.757		-270.149
1719		345.556		-155.53
1720		363.796		-24.7369
1721		330.654		99.3666
1722		255.712		199.515
1723		151.476		265.428
1724		29.7112		291.283
1725		-98.2759		272.222
1726		-218.248		203.492
1727		-309.949		83.9995
1728		-348.205		-77.1678
1729		-309.939		-255.485
1730		-185.166		-411.642
1731		13.2032		-500.334
1732		246.518		-485.184
1733		457.814		-354.016
1734		588.143		-127.481
1735		595.982		143.673
1736		471.965		392.623
1737		242.852		556.712
1738		-36.7915		596.147
1739		-301.557		504.277
1740		-493.913		306.502
1741		-577.863		49.8045
1742		-543.908		-211.701
1743		-405.975		-429.381
1744		-194.079		-567.492
1745		53.013		-605.546
1746		292.936		-538.281
1747		483.4		-375.918
1748		586.823		-145.242
1749		577.674		110.623
1750		451.524		337.056
1751		231.85		479.223
1752		-30.4105		497.986
1753		-267.523		384.902
1754		-414.295		169.31
1755		-429.755		-87.4153
1756		-312.448		-310.199
1757		-102.28		-435.127
1758		132.904		-431.229
1759		321.238		-310.262
1760		411.776		-120.445
1761		390.468		73.0787
1762		281.202		212.636
1763		132.523		267.208
1764		-3.28278		239.171
1765		-89.4064		157.347
1766		-114.425		61.1039
1767		-90.3386		-16.4701
1768		-41.7496		-59.0724
1769		7.32002		-68.1991
1770		42.6335		-56.4045
1771		61.7809		-37.8503
1772		70.0761		-21.3811
1773		74.2016		-8.83897
1774		77.7276		2.15804
1775		80.4968		14.0955
1776		80.9653		27.2622
1777		78.7809		40.4541
1778		75.1865		53.3605
1779		70.8764		68.009
1780		63.2119		87.3689
1781		45.6197		111.485
1782		10.8182		133.77
1783		-43.1204		140.759
1784		-107.299		117.008
1785		-161.141		53.7691
1786		-178.275		-42.7652
1787		-137.729		-148.584
1788		-35.6791		-227.293
1789		108.145		-242.842
1790		253.448		-174.648
1791		351.652		-28.4726
1792		363.011		162.165
1793		271.659		345.258
1794		92.4655		466.825
1795		-132.911		488.238
1796		-348.818		397.899
1797		-501.972		213.608
1798		-555.449		-23.9692
1799		-496.279		-263.107
1800		-335.948		-453.429
1801		-105.771		-555.546
1802		149.988		-546.906
1803		381.32		-424.734
1804		539.798		-207.194
1805		586.734		67.2401
1806		502.238		343.68
1807		293.37		559.688
1808		-2.18555		659.209
1809		-320.546		608.734
1810		-585.443		410.273
1811		-728.745		105.258
1812		-711.287		-233.972
1813		-536.232		-523.798
1814		-249.26		-693.851
1815		75.2091		-707.736
1816		356.961		-572.344
1817		533.588		-332.682
1818		576.264		-54.9699
1819		492.832		194.761
1820		318.923		368.311
1821		102.485		443.545
1822		-111.098		422.442
1823		-287.904		322.652
1824		-407.031		168.238
1825		-457.445		-15.9203
1826		-434.529		-205.045
1827		-339.681		-373.048
1828		-183.184		-492.632
1829		12.5051		-539.414
1830		212.936		-499.474
1831		377.704		-376.745
1832		471.28		-195.688
1833		474.451		3.49487
1834		391.071		176.212
1835		246.671		287.01
1836		79.2373		319.519
1837		-73.7053		278.681
1838		-185.926		184.916
1839		-246.746		63.7838
1840		-257.891		-63.3209
1841		-226.03		-183.021
1842		-156.171		-287.363
1843		-50.1364		-367.717
1844		89.0365		-410.206
1845		249.875		-396.811
1846		407.729		-312.858
1847		526.959		-157.456
1848		570.908		48.9787
1849		516.104		265.266
1850		364.24		439.624
1851		145.821		526.198
1852		-87.1807		501.279
1853		-277.308		372.257
1854		-379.933		175.4
1855		-376.569		-36.5278
1856		-278.272		-211.456
1857		-118.752		-312.998
1858		58.796		-327.883
1859		215.029		-264.421
1860		322.875		-144.718
1861		369.235		4.44309
1862		351.821		157.767
1863		275.02		293.156
1864		148.089		390.646
1865		-13.5736		431.92
1866		-186.206		403.008
1867		-338.038		300.1
1868		-434.676		135.541
1869		-449		-60.2404
1870		-371.91		-243.842
1871		-218.688		-370.704
1872		-26.9987		-409.619
1873		153.922		-353.923
1874		279.182		-224.21
1875		322.876		-60.9359
1876		285.386		90.2293
1877		190.397		194.168
1878		73.354		236.598
1879		-33.2181		224.935
1880		-110.895		180.225
1881		-158.444		124.701
1882		-186.319		71.2555
1883		-206.224		19.7586
1884		-221.607		-38.5395
1885		-224.149		-111.434
1886		-198.089		-196.473
1887		-130.112		-277.186
1888		-19.6909		-327.214
1889		115.54		-320.831
1890		242.494		-245.128
1891		322.785		-108.299
1892		326.317		59.8627
1893		242.826		215.75
1894		86.8719		315.083
1895		-105.43		326.503
1896		-286.414		240.908
1897		-409.831		73.8756
1898		-442.553		-138.766
1899		-371.993		-349.99
1900		-208.222		-512.196
1901		18.5706		-586.865
1902		263.809		-551.9
1903		476.246		-406.273
1904		606.977		-171.816
1905		619.249		108.341
1906		498.009		375.599
1907		257.049		566.514
1908		-59.1526		627.347
1909		-381.44		529.595
1910		-630.425		281.843
1911		-736.91		-67.0123
1912		-662.83		-436.245
1913		-415.714		-732.889
1914		-50.7428		-877.61
1915		341.928		-828.896
1916		661.832		-597.25
1917		827.48		-243.769
1918		800.658		137.268
1919		597.414		446.534
1920		281.834		609.184
1921		-55.2041		595.889
1922		-324.774		428.483
1923		-466.15		169.013
1924		-461.829		-103.076
1925		-337.157		-316.904
1926		-146.23		-430.088
1927		49.4277		-436.499
1928		200.97		-360.859
1929		284.236		-244.207
1930		300.848		-127.12
1931		270.277		-37.2749
1932		217.95		14.9968
1933		165.054		33.5578
1934		123.653		29.2308
1935		97.4518		12.9644
1936		85.7181		-7.52972
1937		86.9144		-27.2944
1938		99.6928		-41.8266
1939		121.276		-45.7802
1940		145.315		-34.3505
1941		161.85		-6.75101
1942		160.668		30.7465
1943		136.881		65.0686
1944		95.5803		81.1156
1945		52.1004		69.4991
1946		26.3696		33.3413
1947		33.0594		-10.1607
1948		72.1063		-35.6249
1949		124.95		-21.3048
1950		159.77		38.2363
1951		144.814		125.071
1952		64.574		201.151
1953		-68.7112		222.078
1954		-214.534		156.483
1955		-316.458		2.77696
1956		-323.392		-204.699
1957		-211.417		-404.048
1958		3.158		-526.492
1959		265.615		-521.642
1960		499.59		-377.336
1961		632.62		-126.037
1962		620.722		164.788
1963		462.803		414.457
1964		200.073		554.564
1965		-98.3		548.877
1966		-356.962		401.343
1967		-515.337		151.098
1968		-541.167		-141.684
1969		-434.035		-412.793
1970		-220.531		-608.131
1971		54.9193		-692.172
1972		339.638		-651.056
1973		580.796		-492.503
1974		732.355		-244.377
1975		762.076		47.9642
1976		658.854		327.003
1977		438.586		532.639
1978		145.235		615.696
1979		-155.909		552.207
1980		-393.091		353.232
1981		-507.625		65.2237
1982		-471.603		-241.027
1983		-296.92		-490.266
1984		-31.5502		-624.772
1985		255.971		-620.434
1986		498.042		-491.022
1987		647.221		-279.686
1988		686.25		-41.9699
1989		626.301		172.109
1990		496.18		329.82
1991		328.854		417.914
1992		151.89		436.854
1993		-14.7465		392.41
1994		-154.712		290.447
1995		-249.948		137.964
1996		-279.363		-51.0167
1997		-224.193		-249.67
1998		-78.2072		-418.207
1999		142.774		-512.075
2000		398.292		-496.461
2001		630.989		-361.008
2002		783.029		-127.513
2003		814.909		153.932
2004		718.689		419.671
2005		519.881		612.295
2006		267.381		697.319
2007		16.2461		670.141
2008		-188.88		551.484
2009		-322.883		374.983
2010		-379.344		173.941
2011		-362.626		-26.2421
2012		-279.161		-207.436
2013		-133.974		-352.557
2014		65.3556		-439.846
2015		300.257		-443.507
2016		534.797		-342.632
2017		717.72		-134.916
2018		795.138		152.311
2019		730.122		461.296
2020		520.795		716.649
2021		207.767		848.509
2022		-134.24		817.253
2023		-418.823		629.19
2024		-576.06		335.968
2025		-575.111		17.3021
2026		-432.173		-246.085
2027		-201.068		-398.277
2028		48.7122		-422.602
2029		256.622		-340.039
2030		388.135		-194.242
2031		438.425		-31.3968
2032		423.583		115.553
2033		365.93		232.174
2034		281.897		317.167
2035		178.367		371.713
2036		57.9507		391.08
2037		-71.5534		363.941
2038		-190.556		279.871
2039		-269.192		140.404
2040		-277.43		-33.395
2041		-199.16		-202.322
2042		-42.9341		-320.249
2043		156.714		-350.742
2044		349.036		-281.581
2045		484.148		-130.376
2046		530.091		61.4358
2047		482.604		243.496
2048		363.883		373.698
2049		211.766		430.332
2050		64.9705		414.81
2051		-48.8386		345.335
2052		-117.592		245.981
2053		-141.641		137.176
2054		-126.439		31.8654
2055		-76.2808		-62.1217
2056		7.12704		-136.6
2057		120.839		-179.137
2058		254.656		-174.183
2059		387.503		-109.43
2060		489.634		15.7907
2061		530.906		184.883
2062		491.905		364.912
2063		372.864		514.759
2064		196.036		597.624
2065		0.104965		592.795
2066		-171.206		501.949
2067		-281.732		347.769
2068		-311.893		166.041
2069		-261.418		-5.01874
2070		-146.046		-133.936
2071		9.08055		-200.908
2072		175.928		-198.271
2073		327.748		-128.427
2074		440.807		-1.6995
2075		495.271		164.41
2076		477.193		345.078
2077		382.313		509.026
2078		220.437		622.381
2079		17.7264		656.013
2080		-185.724		594.589
2081		-343.904		443.889
2082		-416.844		232.814
2083		-382.67		8.19241
2084		-245.33		-176.74
2085		-34.8953		-276.656
2086		199.962		-266.537
2087		404.862		-148.116
2088		533.723		51.4047
2089		559.601		287.403
2090		479.594		509.584
2091		313.351		673.707
2092		96.6989		750.317
2093		-127.126		729.092
2094		-316.284		618.936
2095		-437.674		444.823
2096		-472.155		242.545
2097		-417.445		52.1784
2098		-288.505		-89.1037
2099		-115.047		-154.134
2100		63.9517		-131.556
2101		208.238		-28.8316
2102		285.249		128.833
2103		277.817		303.977
2104		188.285		455.708
2105		37.6503		549.532
2106		-140.155		565.359
2107		-307.052		501.372
2108		-429.964		372.901
2109		-487.669		207.114
2110		-473.73		35.6097
2111		-395.441		-112.645
2112		-269.977		-216.218
2113		-119.571		-263.306
2114		32.7399		-251.482
2115		166.079		-186.213
2116		263.513		-79.1098
2117		313.252		53.6377
2118		309.724		192.822
2119		254.559		318.228
2120		156.971		411.324
2121		32.9319		458.349
2122		-97.1828		453.002
2123		-212.18		397.843
2124		-293.987		303.795
2125		-330.864		187.842
2126		-319.047		69.604
2127		-262.618		-32.161
2128		-171.999		-102.272
2129		-61.8503		-130.671
2130		50.9264		-113.014
2131		148.805		-50.8153
2132		215.106		48.3959
2133		235.811		170.911
2134		202.067		297.175
2135		113.17		403.415
2136		-20.8553		465.147
2137		-178.382		462.46
2138		-328.261		386.054
2139		-435.317		242.206
2140		-468.589		54.6231
2141		-410.362		-138.335
2142		-263.286		-291.286
2143		-52.9208		-362.936
2144		175.923		-327.822
2145		368.905		-185.192
2146		475.815		38.0796
2147		464.52		292.121
2148		331.071		515.605
2149		102.683		651.365
2150		-167.749		661.811
2151		-414.448		539.691
2152		-575.471		310.979
2153		-608.751		28.9373
2154		-503.037		-239.063
2155		-280.848		-428.353
2156		7.19949		-492.883
2157		294.923		-416.2
2158		516.57		-214.931
2159		622.223		65.705
2160		589.03		362.892
2161		425.91		610.902
2162		170.995		756.04
2163		-117.398		768.622
2164		-374.194		649.453
2165		-542.465		429.433
2166		-586.556		162.29
2167		-500.373		-88.0959
2168		-308.707		-262.969
2169		-60.9888		-322.893
2170		181.209		-257.186
2171		359.78		-85.9493
2172		434.582		146.001
2173		392.781		381.596
2174		250.457		566.731
2175		46.3134		663.731
2176		-170.198		659.266
2177		-352.397		564.888
2178		-467.395		410.864
2179		-501.792		236.061
2180		-461.32		77.4913
2181		-365.843		-37.4574
2182		-242.259		-94.6245
2183		-117.83		-92.8232
2184		-15.4576		-41.1762
2185		48.894		44.3353
2186		67.2577		144.129
2187		39.9325		237.955
2188		-24.8455		307.832
2189		-112.224		341.11
2190		-203.539		333.103
2191		-280.529		288.217
2192		-329.911		218.605
2193		-346.645		140.275
2194		-334.317		67.8694
2195		-302.255		10.2437
2196		-260.531		-31.1005
2197		-215.256		-59.9305
2198		-166.601		-80.5782
2199		-110.748		-93.1687
2200		-44.8659		-91.5917
2201		27.5632		-65.7756
2202		94.2725		-7.56098
2203		136.591		82.6327
2204		136.281		191.969
2205		83.9818		296.753
2206		-14.7324		369.473
2207		-138.919		388.643
2208		-258.182		347.215
2209		-342.706		255.754
2210		-373.215		138.877
2211		-346.651		26.5572
2212		-275.453		-55.8513
2213		-181.303		-94.617
2214		-86.6688		-89.1274
2215		-8.14963		-48.1776
2216		45.7529		16.1596
2217		72.4626		93.4647
2218		71.1793		176.259
2219		40.0643		257.689
2220		-23.0407		327.98
2221		-116.59		372.909
2222		-230.595		376.429
2223		-344.669		327.061
2224		-431.234		225.187
2225		-463.638		87.2825
2226		-426.212		-55.8596
2227		-321.87		-167.171
2228		-173.614		-214.924
2229		-18.8435		-183.423
2230		101.554		-78.5772
2231		155.225		73.6342
2232		127.2		234.861
2233		22.9483		365.019
2234		-134.398		432.079
2235		-310.597		418.363
2236		-467.87		322.714
2237		-571.501		159.555
2238		-594.952		-43.6348
2239		-524.029		-249.652
2240		-360.621		-416.045
2241		-125.479		-501.65
2242		141.713		-475.376
2243		387.01		-325.798
2244		552.463		-68.4239
2245		590.434		253.016
2246		478.004		573.516
2247		226.4		821.385
2248		-118.6		936.694
2249		-486.388		887.817
2250		-798.806		680.592
2251		-989.657		357.129
2252		-1020.48		-15.0792
2253		-888.281		-359.891
2254		-623.989		-609.845
2255		-283.455		-719.534
2256		65.4633		-672.652
2257		356.188		-482.718
2258		534.772		-188.923
2259		568.434		151.235
2260		451.052		471.537
2261		205.2		708.341
2262		-120.32		812.772
2263		-458.48		761.909
2264		-737.427		565.884
2265		-897.036		267.768
2266		-904.275		-65.3196
2267		-762.334		-358.526
2268		-509.889		-548.55
2269		-210.139		-599.808
2270		66.9763		-512.147
2271		263.341		-317.827
2272		345.902		-69.5519
2273		310.917		175.484
2274		179.345		369.689
2275		-13.1274		483.166
2276		-226.62		504.925
2277		-424.49		439.442
2278		-576.678		302.075
2279		-660.574		115.956
2280		-662.017		-89.3255
2281		-577.954		-279.145
2282		-419.971		-417.729
2283		-215.948		-475.431
2284		-6.89838		-437.636
2285		161.967		-311.44
2286		253.774		-126.163
2287		251.388		73.9941
2288		162.65		243.139
2289		16.7723		347.668
2290		-146.805		375.235
2291		-292.226		335.079
2292		-397.606		250.181
2293		-457.766		145.613
2294		-479.129		39.0442
2295		-470.589		-62.1528
2296		-436.1		-156.683
2297		-373.345		-241.547
2298		-279.049		-306.275
2299		-157.361		-333.534
2300		-25.5656		-306.593
2301		87.4149		-219.868
2302		150.303		-86.3807
2303		142.552		62.8581
2304		64.6179		188.522
2305		-60.3093		257.74
2306		-194.693		256.972
2307		-301.559		196.596
2308		-358.823		104.813
2309		-366.08		13.9435
2310		-340.773		-53.9413
2311		-306.147		-94.7908
2312		-277.691		-120.081
2313		-255.437		-145.923
2314		-226.222		-180.201
2315		-174.462		-215.21
2316		-95.1964		-230.265
2317		-1.73731		-203.199
2318		76.966		-124.619
2319		108.63		-6.97339
2320		73.6207		117.062
2321		-23.6201		206.871
2322		-153.904		231.235
2323		-274.208		182.317
2324		-345.169		79.4298
2325		-346.884		-39.1877
2326		-285.714		-132.463
2327		-189.417		-172.643
2328		-93.7789		-154.114
2329		-27.7863		-91.6102
2330		-4.45943		-10.1024
2331		-20.818		67.4008
2332		-65.2323		127.586
2333		-126.597		166.835
2334		-199.36		185.125
2335		-281.595		179.122
2336		-368.048		140.072
2337		-443.66		58.8809
2338		-483.272		-64.0508
2339		-459.816		-210.363
2340		-358.175		-342.979
2341		-187.805		-415.857
2342		13.2532		-391.468
2343		186.895		-258.595
2344		273.947		-41.8712
2345		236.282		202.325
2346		72.6688		403.039
2347		-178.586		498.444
2348		-451.487		456.618
2349		-673.764		285.348
2350		-789.212		27.8571
2351		-772.66		-252.637
2352		-633.219		-492.524
2353		-406.778		-643.987
2354		-142.812		-683.113
2355		108.487		-609.653
2356		304.756		-441.714
2357		415.194		-209.591
2358		421.721		48.6881
2359		320.292		290.361
2360		123.337		471.701
2361		-138.274		554.604
2362		-416.856		515.836
2363		-655.513		355.953
2364		-801.232		103.439
2365		-819.707		-189.39
2366		-706.219		-458.879
2367		-487.819		-647.181
2368		-215.428		-717.882
2369		51.2486		-664.332
2370		260.104		-508.067
2371		378.269		-288.986
2372		395.623		-52.2568
2373		320.815		162.494
2374		173.667		326.289
2375		-21.3514		420.427
2376		-237.806		433.802
2377		-446.64		361.781
2378		-615.343		208.58
2379		-710.548		-8.12355
2380		-705.485		-254.18
2381		-590.244		-481.631
2382		-380.05		-638.631
2383		-116.45		-684.32
2384		141.092		-603.099
2385		331.393		-412.021
2386		409.873		-157.47
2387		361.97		98.3322
2388		206.451		295.999
2389		-12.3401		395.798
2390		-239.709		386.596
2391		-427.006		284.615
2392		-543.203		124.012
2393		-578.526		-55.7352
2394		-540.898		-220.379
2395		-448.736		-346.28
2396		-324.19		-420.702
2397		-189.264		-439.483
2398		-64.6799		-404.995
2399		30.502		-325.855
2400		80.618		-217.63
2401		77.0185		-102.427
2402		22.031		-5.50133
2403		-69.4336		51.0805
2404		-172.704		55.5113
2405		-260.505		10.6601
2406		-311.859		-66.7596
2407		-318.837		-152.464
2408		-287.989		-223.737
2409		-235.798		-267.291
2410		-180.478		-282.272
2411		-134.234		-277.304
2412		-99.7702		-263.559
2413		-72.4389		-247.809
2414		-46.3527		-229.283
2415		-20.6379		-201.9
2416		-2.02174		-160.368
2417		-2.07026		-106.409
2418		-30.4738		-51.2513
2419		-88.0917		-12.5685
2420		-163.745		-7.08784
2421		-236.831		-42.5624
2422		-284.769		-113.217
2423		-291.764		-201.037
2424		-254.736		-282.286
2425		-183.801		-336.034
2426		-97.5644		-350.719
2427		-15.9898		-326.073
2428		45.4885		-270.425
2429		78.1859		-195.791
2430		78.7463		-113.961
2431		46.355		-35.6071
2432		-18.5055		27.9774
2433		-112.2		63.0271
2434		-223.96		54.2737
2435		-332.91		-9.94356
2436		-409.557		-129.972
2437		-423.282		-288.525
2438		-354.035		-450.166
2439		-203.495		-568.951
2440		-0.0666046		-602.771
2441		205.947		-529.31
2442		356.579		-356.936
2443		405.105		-125.34
2444		332.441		105.274
2445		154.469		272.828
2446		-82.6548		332.937
2447		-317.351		272.119
2448		-491.781		110.158
2449		-568.209		-108.409
2450		-537.164		-329.519
2451		-415.811		-505.348
2452		-238.88		-605.236
2453		-46.8411		-619.274
2454		124.082		-555.45
2455		247.511		-433.491
2456		308.255		-278.749
2457		301.349		-118.043
2458		230.93		22.6719
2459		109.881		120.257
2460		-40.4784		157.282
2461		-192.221		125.894
2462		-315.275		31.2043
2463		-384.102		-107.98
2464		-384.528		-262.477
2465		-317.947		-399.76
2466		-200.905		-492.452
2467		-59.9833		-525.139
2468		76.0353		-497.002
2469		183.576		-419.634
2470		248.559		-311.578
2471		266.578		-192.38
2472		240.068		-78.7221
2473		174.857		16.3094
2474		78.3995		81.7884
2475		-39.5313		107.524
2476		-164.744		84.7006
2477		-277.454		9.13709
2478		-354.129		-114.205
2479		-372.91		-268.16
2480		-321.009		-424.258
2481		-201.015		-548.477
2482		-32.9633		-610.414
2483		149.387		-592.634
2484		307.231		-496.531
2485		407.345		-342.343
2486		430.85		-163.328
2487		377.17		3.62425
2488		262.293		127.422
2489		112.734		189.155
2490		-42.0172		183.97
2491		-175.772		119.024
2492		-269.12		9.48252
2493		-310.25		-125.312
2494		-294.457		-264.299
2495		-223.853		-386.005
2496		-107.89		-469.878
2497		35.9202		-498.808
2498		182.563		-463.07
2499		302.7		-364.552
2500		368.671		-219.248
2501		362		-56.1017
2502		279.886		88.5332
2503		138.04		179.771
2504		-31.7389		193.84
2505		-189.031		125.325
2506		-295.242		-10.5058
2507		-323.861		-181.2
2508		-267.461		-345.409
2509		-139.453		-463.461
2510		29.6268		-507.173
2511		199.969		-466.33
2512		332.132		-350.469
2513		395.999		-185.985
2514		377.094		-9.69594
2515		279.194		139.415
2516		123.077		228.459
2517		-58.066		237.384
2518		-225.559		163.03
2519		-343.221		19.8657
2520		-384.961		-162.817
2521		-340.496		-346.821
2522		-217.918		-493.068
2523		-42.3425		-570.135
2524		149.326		-561.385
2525		316.523		-468.939
2526		424.209		-313.35
2527		450.901		-128.895
2528		393.481		44.4409
2529		267.562		170.299
2530		103.321		224.23
2531		-62.055		198.834
2532		-193.264		104.57
2533		-264.832		-33.7711
2534		-266.145		-183.762
2535		-202.533		-313.294
2536		-92.495		-397.673
2537		37.8396		-424.195
2538		161.311		-393.373
2539		255.622		-316.971
2540		307.203		-213.822
2541		312.46		-104.811
2542		276.613		-8.39144
2543		210.894		62.4316
2544		129.135		101.268
2545		44.6814		107.85
2546		-31.7468		86.4196
2547		-93.0106		43.6646
2548		-135.414		-13.1887
2549		-157.801		-77.6853
2550		-160.322		-144.629
2551		-143.359		-209.749
2552		-107.059		-268.767
2553		-51.7502		-316.357
2554		20.7547		-345.595
2555		105.391		-348.524
2556		192.433		-318.113
2557		267.422		-251.325
2558		313.18		-152.348
2559		313.974		-34.5543
2560		260.89		80.1839
2561		156.672		165.487
2562		17.9309		197.231
2563		-126.804		161.233
2564		-243.401		59.2256
2565		-301.349		-89.3465
2566		-283.058		-250.979
2567		-190.056		-386.581
2568		-43.6854		-462.317
2569		120.217		-459.347
2570		261.105		-379.247
2571		344.826		-243.396
2572		352.527		-86.7017
2573		284.794		52.0771
2574		160.243		140.236
2575		9.65636		158.428
2576		-132.045		103.82
2577		-233.549		-10.8846
2578		-272.948		-161.347
2579		-240.991		-316.901
2580		-142.045		-446.093
2581		6.7486		-521.938
2582		177.951		-526.698
2583		338.077		-455.857
2584		453.701		-320.433
2585		498.836		-146.387
2586		461.981		29.8011
2587		350.54		169.225
2588		190.5		240.591
2589		20.538		229.215
2590		-118.249		141.747
2591		-193.934		4.57499
2592		-192.769		-143.962
2593		-122.444		-265.035
2594		-8.53291		-330.523
2595		114.404		-330.127
2596		213.634		-272.274
2597		267.112		-179.179
2598		267.688		-78.5663
2599		222.115		4.57037
2600		146.382		53.4373
2601		59.9638		61.1437
2602		-18.7401		29.4394
2603		-74.8427		-33.7196
2604		-97.8081		-116.207
2605		-81.9569		-202.904
2606		-27.554		-276.742
2607		57.7129		-320.78
2608		158.138		-321.877
2609		251.8		-275.203
2610		315.38		-187.648
2611		330.98		-77.9741
2612		292.487		27.3493
2613		208.606		101.78
2614		100.82		127.107
2615		-3.36343		99.2471
2616		-79.3481		28.9572
2617		-112.948		-62.8432
2618		-103.456		-153.041
2619		-61.3394		-224.08
2620		-2.07323		-268.257
2621		60.6682		-287.149
2622		119.26		-287.189
2623		172.167		-274.233
2624		220.478		-250.161
2625		263.455		-213.196
2626		296.004		-161.412
2627		309.734		-97.0377
2628		297.107		-28.7277
2629		256.357		29.8966
2630		194.276		65.0124
2631		125.071		68.3461
2632		65.5502		40.9391
2633		28.8951		-7.07993
2634		20.0278		-60.6713
2635		34.7764		-105.939
2636		63.0477		-135.083
2637		94.1742		-147.944
2638		121.583		-149.709
2639		144.465		-146.384
2640		165.878		-140.714
2641		188.719		-130.838
2642		212.111		-112.286
2643		230.434		-82.0062
2644		235.644		-41.9337
2645		221.634		0.103966
2646		188.165		32.8507
2647		142.162		46.2682
2648		95.5404		35.9648
2649		60.6567		5.13302
2650		45.6645		-36.9164
2651		52.0446		-78.7166
2652		75.2804		-110.956
2653		107.913		-128.994
2654		143.009		-132.633
2655		176.063		-123.877
2656		204.564		-104.51
2657		226.014		-75.3
2658		236.293		-37.3806
2659		230.06		5.23656
2660		203.554		44.095
2661		158.437		67.4783
2662		104.209		64.6399
2663		57.0877		31.4313
2664		34.8843		-25.5721
2665		49.6405		-89.0966
2666		101.319		-136.22
2667		175.807		-146.845
2668		248.743		-112.098
2669		294.011		-38.8493
2670		293.511		51.8806
2671		244.062		132.168
2672		158.56		177.101
2673		61.0576		173.231
2674		-21.9068		122.253
2675		-69.9341		38.8914
2676		-73.9537		-55.4249
2677		-36.5242		-139.87
2678		31.7898		-199.381
2679		117.368		-226.133
2680		207.132		-217.962
2681		289.487		-175.883
2682		353.279		-102.934
2683		386.769		-5.2584
2684		378.669		105.535
2685		321.85		210.993
2686		218.394		287.622
2687		83.2411		312.523
2688		-56.2719		271.35
2689		-166.122		165.402
2690		-215.28		14.4162
2691		-186.012		-146.882
2692		-80.8136		-277.922
2693		76.946		-344.132
2694		249.161		-327.32
2695		393.81		-230.931
2696		476.664		-78.5723
2697		480.023		93.292
2698		406.018		245.619
2699		274.188		346.541
2700		115.009		377.879
2701		-38.0537		337.286
2702		-155.581		236.574
2703		-216.976		97.6834
2704		-212.8		-52.1271
2705		-145.202		-184.889
2706		-27.0453		-276.029
2707		120.009		-308.006
2708		268.589		-273.39
2709		389.984		-176.854
2710		459.5		-35.2698
2711		461.814		124.751
2712		394.908		271.893
2713		271.22		376.825
2714		115.32		418.9
2715		-41.5351		391
2716		-168.615		301.089
2717		-242.753		170.028
2718		-253.34		26.2685
2719		-204.05		-101.067
2720		-111.007		-188.883
2721		1.90898		-224.903
2722		109.263		-209.517
2723		190.157		-154.435
2724		232.72		-78.6929
2725		235.997		-3.17092
2726		208.909		54.9204
2727		166.691		86.1537
2728		125.882		90.5595
2729		99.3041		76.4891
2730		92.4788		57.0909
2731		102.509		45.5283
2732		119.685		50.4393
2733		131.224		73.0509
2734		125.923		106.805
2735		98.1975		139.534
2736		50.2961		157.437
2737		-7.93531		149.575
2738		-61.5905		111.565
2739		-94.754		47.4429
2740		-94.9519		-30.7315
2741		-56.8775		-105.413
2742		15.4986		-157.647
2743		108.972		-171.796
2744		203.433		-139.891
2745		276.178		-64.5427
2746		307.416		40.4672
2747		285.743		152.456
2748		212.088		244.81
2749		100.741		293.687
2750		-23.2895		284.721
2751		-130.297		217.676
2752		-193.769		107.349
2753		-197.849		-19.9005
2754		-141.946		-133.207
2755		-40.9019		-205.715
2756		79.408		-221.878
2757		189.594		-181.216
2758		264.896		-97.4958
2759		291.377		6.12362
2760		268.437		104.096
2761		207.357		175.28
2762		126.906		207.57
2763		47.7818		199.462
2764		-12.3899		158.831
2765		-42.4474		99.8936
2766		-39.2274		39.4926
2767		-7.50963		-6.53609
2768		41.2701		-26.5515
2769		91.3844		-15.6782
2770		126.234		22.5897
2771		132.592		76.3785
2772		104.873		127.664
2773		48.0937		156.874
2774		-21.9851		149.034
2775		-82.37		99.6152
2776		-109.564		17.8181
2777		-87.6066		-74.4799
2778		-14.6143		-148.434
2779		94.8326		-177.087
2780		212.746		-144.452
2781		305.539		-51.5566
2782		344.043		82.7846
2783		312.365		226.81
2784		212.682		344.58
2785		64.6503		405.706
2786		-99.9536		393.03
2787		-245.288		306.308
2788		-339.677		161.526
2789		-362.028		-13.1914
2790		-305.509		-183.506
2791		-178.508		-315.255
2792		-3.30141		-380.477
2793		187.252		-362.642
2794		354.928		-260.654
2795		463.133		-90.7582
2796		484.917		114.767
2797		410.346		312.929
2798		250.911		459.074
2799		38.8708		517.842
2800		-179.272		472.965
2801		-353.969		332.612
2802		-445.413		128.091
2803		-433.944		-94.0787
2804		-324.733		-284.387
2805		-145.377		-402.964
2806		62.475		-428.724
2807		254.396		-362.598
2808		393.657		-224.688
2809		458.073		-47.2196
2810		442.156		133.843
2811		355.338		286.003
2812		218.015		384.986
2813		57.0734		417.143
2814		-98.2815		380.317
2815		-220.489		283.835
2816		-287.8		147.579
2817		-288.575		-0.585083
2818		-224.727		-129.624
2819		-112.712		-212.157
2820		19.3263		-231.691
2821		138.373		-187.818
2822		215.735		-97.0121
2823		235.63		11.9589
2824		199.957		106.922
2825		127.252		162.55
2826		45.9722		168.286
2827		-15.4901		131.032
2828		-38.3986		71.6923
2829		-19.43		17.0607
2830		29.2449		-9.82619
2831		85.1706		2.64795
2832		123.841		51.4485
2833		126.884		120.699
2834		87.5828		187.334
2835		12.4111		228.343
2836		-81.2479		227.304
2837		-169.995		178.621
2838		-230.368		88.8361
2839		-244.477		-24.8247
2840		-204.364		-138.142
2841		-114.368		-225.147
2842		9.00184		-264.089
2843		140.017		-243.03
2844		249.301		-163.681
2845		311.042		-42.1276
2846		310.053		94.3392
2847		246.458		213.9
2848		136.235		288.704
2849		7.0642		302.578
2850		-109.412		255.37
2851		-186.418		162.423
2852		-209.042		49.448
2853		-177.194		-55.2998
2854		-103.909		-128.733
2855		-10.1506		-158.061
2856		81.6365		-142.14
2857		152.935		-89.4359
2858		192.14		-14.1642
2859		195.076		67.6195
2860		163.988		140.843
2861		106.169		193.051
2862		32.8336		215.48
2863		-41.9632		204.255
2864		-103.072		161.747
2865		-137.156		97.359
2866		-136.407		26.6272
2867		-101.793		-32.0449
2868		-44.1426		-62.5866
2869		18.0947		-56.7621
2870		64.2662		-17.7301
2871		78.4335		40.1434
2872		55.2088		95.6242
2873		2.09885		127.758
2874		-62.7453		123.209
2875		-116.641		81.0112
2876		-140.07		12.9476
2877		-123.12		-60.4384
2878		-68.4765		-116.578
2879		9.78086		-137.845
2880		90.7285		-116.467
2881		152.641		-56.1633
2882		178.558		29.4158
2883		160.035		120.418
2884		98.6395		195.378
2885		5.43989		235.641
2886		-101.063		229.069
2887		-198.207		172.745
2888		-263.43		74.3384
2889		-279.129		-48.3804
2890		-237.301		-170.36
2891		-142.654		-264.413
2892		-12.8467		-307.81
2893		124.852		-288.573
2894		240.052		-209.378
2895		307.128		-87.5059
2896		312.066		49.4642
2897		255.999		170.962
2898		154.344		251.388
2899		32.0179		276.196
2900		-83.4341		244.415
2901		-168.48		167.34
2902		-208.168		64.4872
2903		-197.894		-41.4662
2904		-142.785		-129.214
2905		-55.6974		-182.097
2906		45.2718		-190.188
2907		139.458		-151.631
2908		206.699		-73.3883
2909		231.014		28.9939
2910		204.572		133.358
2911		130.819		215.135
2912		25.2574		253.338
2913		-87.2823		236.782
2914		-178.784		168.28
2915		-226.029		64.8584
2916		-217.734		-46.6608
2917		-158.158		-137.535
2918		-65.6835		-185.774
2919		33.211		-182.515
2920		112.349		-133.862
2921		153.562		-57.8017
2922		151.078		22.3263
2923		111.506		85.1523
2924		50.1031		116.809
2925		-14.7042		113.22
2926		-66.3845		79.2191
2927		-93.5478		25.7251
2928		-91.1544		-33.5031
2929		-60.3556		-84.5517
2930		-7.81747		-115.354
2931		55.119		-117.458
2932		113.767		-87.9203
2933		152.523		-31.0426
2934		158.608		41.0241
2935		126.373		109.914
2936		60.5674		155.357
2937		-23.2261		161.314
2938		-101.993		121.888
2939		-151.928		44.5309
2940		-156.181		-51.1547
2941		-110.751		-139.05
2942		-26.1368		-194.694
2943		76.0236		-202.962
2944		170.028		-162.348
2945		234.097		-84.4026
2946		256.242		11.0789
2947		236.113		102.855
2948		182.775		174.195
2949		110.069		215.95
2950		31.9455		226.315
2951		-40.3625		208.423
2952		-98.8142		167.669
2953		-137.571		110.295
2954		-152.104		43.5703
2955		-139.578		-23.3351
2956		-100.587		-79.2629
2957		-41.1035		-112.779
2958		26.9801		-115.541
2959		87.8202		-85.9302
2960		125.943		-31.0416
2961		131.391		34.3934
2962		103.489		92.1912
2963		51.4469		126.573
2964		-8.67855		129.358
2965		-59.5096		102.379
2966		-88.1416		56.1726
2967		-89.912		5.64541
2968		-68.8344		-35.3823
2969		-34.8756		-58.5252
2970		0.458755		-62.5455
2971		28.2652		-52.1868
2972		44.5692		-35.111
2973		50.3273		-18.5138
2974		49.6601		-6.79435
2975		47.4654		-0.87928
2976		47.4942		1.04895
2977		51.4249		2.17092
2978		58.8487		5.73094
2979		67.7297		14.1679
2980		74.9589		28.6111
2981		76.9216		48.5169
2982		70.2413		71.3788
2983		52.8348		92.7325
2984		25.1098		106.823
2985		-9.21652		108.1
2986		-43.3086		93.2487
2987		-68.7344		62.9884
2988		-78.0218		22.7278
2989		-67.3441		-18.4731
2990		-38.1928		-50.4676
2991		2.7695		-65.1944
2992		45.7099		-59.1922
2993		80.6781		-34.4477
2994		100.448		2.66838
2995		102.059		43.7575
2996		86.6631		80.8948
2997		58.1413		108.232
2998		21.479		122.301
2999		-18.2025		121.414
3000		-55.6692		105.047
3001		-85.141		73.9698
3002		-100.319		31.1998
3003		-95.583		-16.9056
3004		-68.2893		-60.5505
3005		-21.2075		-88.2239
3006		36.3656		-90.1626
3007		89.9561		-62.3872
3008		123.84		-9.49501
3009		126.357		55.3799
3010		94.5451		113.953
3011		36.0369		148.557
3012		-32.8225		148.171
3013		-92.1149		112.323
3014		-124.845		51.3054
3015		-122.313		-17.3701
3016		-86.4062		-74.8106
3017		-28.1904		-106.582
3018		36.3219		-106.457
3019		91.3378		-77.0484
3020		125.449		-27.6516
3021		133.611		29.3394
3022		116.908		81.8919
3023		80.9214		120.614
3024		33.8245		139.693
3025		-15.1265		137
3026		-56.6661		114.034
3027		-82.6108		75.9423
3028		-87.361		31.3204
3029		-69.6942		-8.86086
3030		-34.1063		-33.5727
3031		9.29662		-34.9685
3032		46.9727		-11.4511
3033		65.894		30.8613
3034		57.9991		79.2806
3035		23.3692		118.284
3036		-29.3287		134.618
3037		-85.5215		121.818
3038		-129.579		82.3259
3039		-149.929		26.376
3040		-142.444		-31.8025
3041		-110.9		-78.8055
3042		-64.6702		-105.925
3043		-14.9385		-110.713
3044		28.7869		-96.0744
3045		60.5334		-67.8459
3046		77.7977		-32.3438
3047		80.2869		4.96612
3048		68.6922		39.4251
3049		44.4218		66.4495
3050		10.3683		81.2049
3051		-28.0803		79.447
3052		-62.9311		59.4091
3053		-85.105		23.7371
3054		-87.3517		-19.8587
3055		-67.3635		-60.096
3056		-29.5023		-85.561
3057		15.9832		-88.7976
3058		56.2364		-69.2341
3059		80.318		-33.5239
3060		83.0509		6.97929
3061		66.4981		40.5486
3062		38.4867		59.3056
3063		8.96416		61.5062
3064		-14.043		51.0384
3065		-27.0171		34.6399
3066		-31.0671		18.4025
3067		-29.8649		5.34238
3068		-26.764		-4.89289
3069		-22.7694		-14.3287
3070		-16.4169		-24.2029
3071		-5.46937		-33.3085
3072		10.72		-38.1712
3073		29.7022		-34.977
3074		46.3076		-22.1222
3075		54.835		-1.8443
3076		51.9162		20.1288
3077		38.4696		36.8908
3078		19.5899		43.4995
3079		2.30657		39.3061
3080		-7.70182		28.2045
3081		-8.75287		16.6053
3082		-3.78031		10.1406
3083		1.41701		10.794
3084		1.40633		15.9449
3085		-5.83342		19.8347
3086		-17.6303		16.7109
3087		-27.7707		4.04146
3088		-29.5107		-15.8343
3089		-18.9419		-36.4469
3090		2.94039		-49.9489
3091		30.4338		-50.5231
3092		55.4146		-36.8303
3093		70.5516		-12.4391
3094		71.9424		15.7816
3095		60.0929		40.3691
3096		39.0827		55.7452
3097		14.6376		59.4649
3098		-7.78595		52.0275
3099		-24.0716		35.8187
3100		-31.528		14.0705
3101		-28.5147		-9.54807
3102		-14.3509		-30.7492
3103		10.09		-44.473
3104		41.384		-45.4936
3105		72.9918		-30.0613
3106		96.0074		1.92732
3107		101.518		45.3481
3108		83.9506		90.0208
3109		44.0326		123.134
3110		-10.1526		133.355
3111		-64.8565		115.112
3112		-104.79		71.2296
3113		-118.222		12.647
3114		-101.074		-44.8556
3115		-58.3622		-85.745
3116		-2.46082		-99.6905
3117		51.074		-84.5482
3118		88.4337		-46.4221
3119		101.418		2.92989
3120		89.0426		50.09
3121		56.7356		83.7979
3122		13.911		97.3943
3123		-28.9142		89.5023
3124		-62.4772		63.3178
3125		-80.201		25.2405
3126		-78.8466		-16.5447
3127		-58.756		-53.3414
3128		-23.8861		-77.2161
3129		18.5053		-82.4543
3130		58.8756		-67.0866
3131		87.3209		-33.9799
3132		96.156		9.17825
3133		82.3795		51.4204
3134		49.0282		81.3763
3135		4.69575		90.6219
3136		-38.8204		76.2902
3137		-69.9772		41.9241
3138		-80.7908		-3.74964
3139		-68.8073		-49.5965
3140		-37.1647		-85.272
3141		6.9927		-103.663
3142		54.8555		-101.887
3143		98.0307		-80.9221
3144		129.741		-44.5075
3145		145.164		1.8931
3146		141.437		51.6492
3147		117.892		97.1861
3148		76.7291		130.431
3149		23.73		143.998
3150		-31.7398		133.136
3151		-78.0657		97.8251
3152		-104.091		43.9847
3153		-102.445		-17.1002
3154		-72.2299		-71.3458
3155		-19.8497		-105.747
3156		42.5412		-112.194
3157		100.521		-89.7874
3158		141.543		-44.784
3159		158.225		11.709
3160		149.681		67.2872
3161		120.691		111.648
3162		79.3784		138.685
3163		34.5193		146.861
3164		-6.47131		138.22
3165		-38.4357		116.875
3166		-58.435		87.7433
3167		-65.3572		55.8849
3168		-59.688		26.2475
3169		-43.5766		3.3854
3170		-20.9081		-9.17414
3171		3.0689		-9.84064
3172		22.7942		0.312134
3173		33.9156		17.551
3174		34.6628		36.4817
3175		26.3942		51.785
3176		12.9611		59.9918
3177		-0.896606		60.5065
3178		-11.4175		55.4148
3179		-17.1074		48.1997
3180		-18.9051		42.0149
3181		-19.2501		38.3383
3182		-20.6036		36.5865
3183		-24.1788		34.7419
3184		-29.4387		30.5493
3185		-34.4528		22.6357
3186		-36.7746		11.0699
3187		-34.3264		-2.72594
3188		-25.9347		-16.4517
3189		-11.4919		-27.4257
3190		8.02827		-32.9219
3191		30.4771		-30.4557
3192		52.3871		-18.2834
3193		69.0999		3.76139
3194		75.5523		33.3393
3195		67.8305		65.1737
3196		45.0682		91.7329
3197		10.809		105.229
3198		-27.0885		100.416
3199		-58.4174		77.0662
3200		-73.9821		40.8514
3201		-69.0595		1.92623
3202		-45.3996		-28.4742
3203		-10.7159		-42.092
3204		24.2657		-36.5825
3205		49.9511		-15.9777
3206		61.3378		11.5362
3207		59.2127		37.4337
3208		48.6292		56.3764
3209		35.5806		67.7424
3210		23.7028		74.5169
3211		12.7802		80.3214
3212		-0.189629		86.3674
3213		-18.0632		90.1525
3214		-40.5297		86.736
3215		-62.8873		71.9477
3216		-77.5482		45.7128
3217		-77.6687		13.4885
3218		-61.0284		-15.2618
3219		-31.9932		-31.0333
3220		-0.29023		-28.7719
3221		23.0366		-10.5568
3222		30.5944		15.0412
3223		22.0609		36.7784
3224		4.28338		45.9371
3225		-12.0634		40.3588
3226		-17.6474		25.3166
3227		-8.93966		10.8121
3228		10.1907		6.66753
3229		30.4393		17.85
3230		41.4933		42.2601
3231		36.671		71.8992
3232		15.5599		96.6021
3233		-16.3921		108.321
3234		-50.7549		103.868
3235		-79.701		85.0485
3236		-98.3992		56.6218
3237		-105.242		23.6487
3238		-100.34		-10.0922
3239		-83.7313		-41.8246
3240		-54.8609		-68.1821
3241		-13.9		-83.8254
3242		35.8333		-81.7772
3243		86.088		-55.9711
3244		124.2		-5.04917
3245		136.48		64.6035
3246		113.415		138.578
3247		54.4509		197.746
3248		-30.037		224.248
3249		-120.842		207.829
3250		-195.547		149.858
3251		-235.529		63.3076
3252		-231.6		-31.2978
3253		-186.211		-112.237
3254		-111.734		-162.711
3255		-25.9697		-174.59
3256		53.0347		-148.944
3257		110.939		-93.9977
3258		138.963		-22.026
3259		133.967		53.3711
3260		97.7839		118.996
3261		36.7107		163.126
3262		-38.7042		176.734
3263		-114.245		155.324
3264		-173.874		101.021
3265		-203.165		23.7385
3266		-193.598		-59.8436
3267		-146.046		-129.994
3268		-71.6703		-169.534
3269		10.7279		-169.369
3270		80.3307		-131.651
3271		120.911		-69.0952
3272		125.857		-0.535065
3273		99.6319		55.5542
3274		55.2166		86.9957
3275		8.78113		91.0462
3276		-26.1006		73.7949
3277		-42.4066		46.5322
3278		-40.5716		20.9703
3279		-26.5857		5.36908
3280		-8.66939		2.84563
3281		5.80588		11.9085
3282		12.0475		28.2727
3283		8.10175		46.7277
3284		-5.69615		62.2819
3285		-27.2545		70.5874
3286		-52.8516		68.2085
3287		-77.1339		53.2902
3288		-93.6393		26.6517
3289		-96.299		-7.31384
3290		-81.6878		-40.821
3291		-51.0796		-64.4809
3292		-11.1098		-70.3663
3293		27.6854		-55.178
3294		54.1898		-22.0178
3295		60.6194		20.2384
3296		45.3298		59.8957
3297		13.2445		86.516
3298		-26.267		94.3462
3299		-63.0314		83.6522
3300		-89.5251		59.562
3301		-102.646		29.2401
3302		-103.279		-1.05276
3303		-94.3006		-27.5909
3304		-78.4087		-48.9639
3305		-57.0757		-64.5755
3306		-31.0778		-73.1331
3307		-2.01275		-72.2935
3308		26.4429		-59.8152
3309		48.6471		-35.5266
3310		58.7357		-2.80049
3311		53.2037		31.5999
3312		32.9045		59.5484
3313		3.24177		74.6006
3314		-27.7497		74.5382
3315		-52.5823		62.0692
3316		-67.1811		43.2787
3317		-71.9965		24.6216
3318		-70.8486		10.025
3319		-68.2031		-0.399593
3320		-66.4129		-9.42699
3321		-64.4435		-20.1847
3322		-58.7642		-33.4943
3323		-45.8716		-46.6185
3324		-25.0216		-54.1537
3325		0.366035		-50.6246
3326		23.4351		-33.4234
3327		36.4181		-4.5713
3328		33.7078		29.5662
3329		14.0093		60.4061
3330		-19.3234		80.0166
3331		-59.6789		83.3951
3332		-99.3933		69.308
3333		-131.634		39.729
3334		-151.275		-1.37009
3335		-154.854		-48.9682
3336		-140.312		-97.2371
3337		-107.23		-139.358
3338		-57.77		-167.687
3339		2.25648		-174.937
3340		63.1592		-156.398
3341		112.782		-112.36
3342		139.53		-49.4723
3343		136.039		19.9952
3344		101.952		81.1164
3345		44.4947		120.531
3346		-23.5354		130.283
3347		-87.5831		109.759
3348		-135.371		65.077
3349		-159.593		6.45917
3350		-158.477		-55.0403
3351		-134.536		-110.013
3352		-92.6355		-151.624
3353		-38.5894		-175.239
3354		21.1419		-177.733
3355		79.0177		-157.47
3356		126.232		-115.295
3357		153.691		-55.933
3358		154.3		11.3527
3359		125.743		73.8387
3360		72.342		118.287
3361		4.79839		134.804
3362		-62.4436		120.003
3363		-115.295		78.0537
3364		-143.923		19.1381
3365		-144.904		-43.9417
3366		-120.97		-99.4485
3367		-78.9092		-139.175
3368		-26.9555		-159.011
3369		27.0035		-158.058
3370		75.884		-137.453
3371		113.048		-99.9745
3372		132.263		-50.6468
3373		128.851		2.44386
3374		101.94		48.4311
3375		56.6003		75.9129
3376		4.21649		76.8349
3377		-40.0087		50.4008
3378		-62.0476		4.8546
3379		-54.6328		-44.3633
3380		-20.7909		-79.916
3381		26.6952		-89.3101
3382		70.1005		-70.0509
3383		93.936		-30.6755
3384		91.2598		13.0269
3385		66.1507		44.9631
3386		31.1692		55.5974
3387		1.08412		45.4687
3388		-13.9965		23.7706
3389		-12.6918		2.89958
3390		-1.70972		-8.08554
3391		8.91575		-7.65581
3392		11.9617		-1.55151
3393		7.11134		1.59452
3394		0.757072		-3.83661
3395		1.67146		-16.4312
3396		15.024		-27.9832
3397		38.1988		-27.9951
3398		60.9417		-10.0346
3399		70.0203		23.5791
3400		56.0887		61.4966
3401		19.15		87.8951
3402		-30.3555		89.7152
3403		-75.5704		62.9469
3404		-100.436		14.7724
3405		-96.5379		-39.5016
3406		-66.2441		-83.1165
3407		-20.7799		-104.746
3408		25.4876		-102.227
3409		61.3935		-81.5784
3410		82.6606		-52.3225
3411		91.2986		-22.0401
3412		91.5802		6.67667
3413		85.3962		35.2664
3414		70.0775		65.0803
3415		40.268		92.9139
3416		-7.0452		109.348
3417		-67.2885		101.562
3418		-126.245		59.737
3419		-163.134		-16.0539
3420		-158.132		-112.236
3421		-101.21		-203.838
3422		1.83652		-262.077
3423		129.172		-264.542
3424		249.028		-203.722
3425		329.773		-90.3208
3426		349.959		49.9001
3427		304.51		184.281
3428		205.15		283.006
3429		75.6128		326.811
3430		-55.8179		310.409
3431		-163.447		241.49
3432		-228.892		136.881
3433		-242.952		17.9939
3434		-205.501		-92.958
3435		-124.665		-175.735
3436		-15.9053		-214.484
3437		99.3978		-200.458
3438		196.781		-134.834
3439		253.514		-30.4082
3440		254.707		89.4877
3441		198.719		195.783
3442		99.3352		261.511
3443		-16.9945		270.283
3444		-118.706		222.121
3445		-179.111		133.995
3446		-185.159		34.3666
3447		-141.51		-46.4551
3448		-68.2575		-86.5585
3449		6.79556		-79.3542
3450		58.2219		-34.6628
3451		71.4927		26.1353
3452		46.8727		78.6364
3453		-2.31792		104.129
3454		-55.7937		95.2765
3455		-93.9679		57.1327
3456		-104.235		3.84209
3457		-83.9543		-47.064
3458		-39.7907		-80.4044
3459		15.5474		-87.2814
3460		67.5601		-66.4893
3461		103.758		-23.7108
3462		116.247		30.6528
3463		102.958		84.1917
3464		67.6986		125.217
3465		19.1891		145.236
3466		-30.864		140.889
3467		-70.5154		114.935
3468		-90.7014		75.786
3469		-87.8941		35.3855
3470		-65.3178		5.80614
3471		-32.0835		-4.43665
3472		-0.343941		6.95247
3473		18.5959		35.4407
3474		17.7962		71.3577
3475		-3.44563		103.19
3476		-39.9148		121.158
3477		-82.5896		119.777
3478		-121.478		98.7009
3479		-148.051		62.0224
3480		-156.645		16.7912
3481		-144.938		-28.4221
3482		-114.078		-64.586
3483		-68.9288		-83.1756
3484		-18.3457		-77.6293
3485		25.2223		-45.5532
3486		47.694		8.85123
3487		37.1828		73.4386
3488		-11.1133		129.311
3489		-90.8496		155.257
3490		-183.534		134.679
3491		-262.036		62.7234
3492		-298.316		-49.3877
3493		-273.074		-175.24
3494		-183.803		-279.905
3495		-47.8311		-330.623
3496		101.331		-307.854
3497		223.527		-212.638
3498		284.237		-67.4048
3499		265.337		90.1917
3500		170.697		218.295
3501		24.9144		282.93
3502		-134.015		267.251
3503		-265.341		175.379
3504		-336.062		30.3087
3505		-328.477		-132.705
3506		-243.356		-274.907
3507		-98.8551		-362.606
3508		73.8343		-373.933
3509		236.848		-303.07
3510		353.012		-161.693
3511		393.383		22.5173
3512		343.979		210.468
3513		210.349		359.251
3514		18.3568		431.832
3515		-190.025		406.817
3516		-365.861		285.514
3517		-465.556		93.5784
3518		-462.971		-124.153
3519		-357.459		-314.863
3520		-174.87		-431.951
3521		39.2131		-447.86
3522		232.075		-361.395
3523		358.301		-197.226
3524		391.456		2.02573
3525		329.569		188.222
3526		193.3		320.462
3527		18.2314		374.308
3528		-155.571		345.318
3529		-293.245		246.977
3530		-371.614		104.832
3531		-381.631		-50.6098
3532		-327.517		-190.162
3533		-223.963		-290.419
3534		-92.6572		-336.445
3535		41.3002		-323.225
3536		153.149		-256.175
3537		222.505		-150.54
3538		237.376		-29.1105
3539		197.191		82.0275
3540		113.595		159.242
3541		8.10568		187.22
3542		-93.2099		163.038
3543		-166.668		96.8598
3544		-197.313		8.7406
3545		-182.502		-77.487
3546		-131.555		-141.161
3547		-61.7538		-170.164
3548		7.62897		-163.019
3549		60.992		-127.357
3550		89.8307		-75.8514
3551		93.1246		-21.5142
3552		75.2177		25.7763
3553		42.6524		60.516
3554		1.55764		80.7447
3555		-43.4144		86.21
3556		-88.591		76.8459
3557		-130.044		52.4444
3558		-162.737		13.5696
3559		-180.83		-37.0008
3560		-179.217		-93.3354
3561		-155.624		-146.69
3562		-112.259		-187.264
3563		-56.1736		-206.825
3564		1.98572		-201.219
3565		50.4804		-171.856
3566		79.4266		-125.636
3567		83.2689		-73.3673
3568		62.0958		-27.1978
3569		21.5316		2.18264
3570		-28.6483		7.87549
3571		-76.7477		-11.858
3572		-111.675		-53.4007
3573		-125.22		-108.72
3574		-113.63		-167.195
3575		-78.1474		-217.915
3576		-24.4339		-251.912
3577		38.975		-263.778
3578		102.702		-252.259
3579		158.419		-219.745
3580		199.999		-170.973
3581		223.654		-111.58
3582		227.268		-47.201
3583		209.57		16.5154
3584		169.923		73.1369
3585		109.214		114.667
3586		31.6625		131.722
3587		-53.3681		115.351
3588		-130.861		60.3922
3589		-182.029		-30.6959
3590		-188.8		-145.269
3591		-139.859		-260.889
3592		-36.2023		-349.498
3593		106.207		-384.73
3594		258.36		-350.251
3595		384.836		-246.209
3596		453.469		-91.1733
3597		444.969		81.6452
3598		359.174		233.078
3599		215.609		328.903
3600		48.0009		349.363
3601		-105.428		294.151
3602		-212.576		181.321
3603		-255.471		40.8246
3604		-233.257		-94.7807
3605		-159.75		-199.082
3606		-57.1572		-257.22
3607		51.258		-266.745
3608		146.805		-234.625
3609		217.725		-172.498
3610		258.413		-92.5731
3611		267.019		-5.73322
3612		243.467		78.073
3613		189.26		148.423
3614		109.12		193.823
3615		13.1702		203.221
3616		-82.2851		169.6
3617		-156.833		94.1906
3618		-190.97		-10.9416
3619		-172.536		-123.839
3620		-101.985		-217.626
3621		6.0011		-268.205
3622		125.736		-261.938
3623		227.811		-200.322
3624		287.912		-99.6919
3625		293.902		14.0255
3626		248.595		113.524
3627		167.414		178.125
3628		72.2189		198.681
3629		-15.9577		177.927
3630		-82.3699		126.884
3631		-120.466		59.4851
3632		-130.335		-11.9544
3633		-115.397		-78.6549
3634		-79.6127		-134.592
3635		-26.7903		-174.468
3636		37.9819		-192.491
3637		106.264		-183.364
3638		165.644		-145.331
3639		201.956		-83.5495
3640		204.091		-11.4233
3641		169.368		51.7738
3642		106.655		86.8109
3643		35.084		81.7804
3644		-21.8461		37.4778
3645		-44.6755		-31.8867
3646		-25.3456		-103.424
3647		29.8253		-153.977
3648		102.986		-168.595
3649		172.137		-145.333
3650		219.624		-94.3551
3651		237.791		-32.1021
3652		229.401		26.3274
3653		203.134		72.6188
3654		167.105		105.868
3655		124.349		128.502
3656		73.0429		140.352
3657		11.4599		134.965
3658		-55.3719		101.165
3659		-111.759		29.9147
3660		-133.688		-76.7646
3661		-97.7865		-199.927
3662		6.50056		-305.229
3663		167.347		-352.914
3664		349.059		-313.064
3665		500.913		-179.741
3666		573.832		22.6251
3667		538.495		244.342
3668		397.284		425.874
3669		184.796		517.721
3670		-43.5103		496.809
3671		-229.884		372.924
3672		-332.439		183.121
3673		-335.862		-22.7412
3674		-251.363		-198.637
3675		-107.623		-314.281
3676		61.7888		-358.451
3677		228.25		-334.473
3678		371.433		-252.389
3679		476.627		-123.26
3680		530.086		41.1459
3681		517.392		224.051
3682		427.597		399.013
3683		261.841		530.057
3684		41.4609		579.375
3685		-190.359		520.932
3686		-376.896		354.233
3687		-464.796		111.064
3688		-423.423		-149.648
3689		-258.34		-358.588
3690		-12.3798		-458.616
3691		247.12		-424.233
3692		450.336		-269.938
3693		547.539		-44.1205
3694		523.424		188.724
3695		398.175		369.848
3696		216.119		463.409
3697		27.9646		462.961
3698		-125.478		386.567
3699		-222.015		264.8
3700		-257.637		128.241
3701		-239.866		-0.11084
3702		-180.156		-105.79
3703		-89.7747		-179.463
3704		19.6616		-213.504
3705		133.291		-201.965
3706		231.728		-144.351
3707		294.223		-50.3131
3708		305.904		58.9202
3709		265.467		155.118
3710		188.477		212.846
3711		103.124		220.164
3712		39.2324		184.541
3713		15.2772		130.1
3714		29.8922		86.5831
3715		62.6759		74.9061
3716		84.6161		96.4302
3717		73.4679		131.718
3718		26.5247		150.022
3719		-35.9029		125.338
3720		-78.6331		51.2818
3721		-67.9941		-52.7108
3722		11.1586		-147.381
3723		145.93		-189.523
3724		298.086		-150.649
3725		417.963		-30.0029
3726		463.446		143.816
3727		415.741		323.065
3728		285.546		458.059
3729		107.859		513.847
3730		-71.2374		479.863
3731		-209.536		369.888
3732		-279.458		214.296
3733		-271.757		49.3624
3734		-193.162		-91.544
3735		-61.4611		-182.571
3736		98.6093		-206.627
3737		257.485		-155.937
3738		382.4		-34.0621
3739		441.229		140.869
3740		410.064		334.503
3741		283.11		499.822
3742		80.5449		587.723
3743		-150.865		562.717
3744		-347.451		418.159
3745		-447.227		183.991
3746		-411.334		-77.9559
3747		-239.905		-291.22
3748		24.6873		-389.085
3749		309.51		-337.104
3750		533.883		-145.06
3751		634.922		136.247
3752		586.399		431.924
3753		404.47		666.845
3754		139.315		787.465
3755		-142.792		774.292
3756		-379.49		642.156
3757		-527.367		430.503
3758		-568.292		189.146
3759		-507.482		-34.7134
3760		-366.733		-204.625
3761		-176.912		-297.814
3762		27.7319		-304.881
3763		213.208		-228.748
3764		348.783		-84.0888
3765		410.798		103.356
3766		387.402		299.229
3767		282.595		465.982
3768		117.243		570.81
3769		-74.5602		593.82
3770		-253.415		533.362
3771		-384.453		406.27
3772		-445.689		242.755
3773		-432.134		77.936
3774		-354.796		-56.8908
3775		-235.758		-140.435
3776		-101.795		-163.833
3777		21.2357		-129.85
3778		112.135		-50.4419
3779		156.552		55.9506
3780		148.51		166.972
3781		91.7042		259.371
3782		0.000274658		313.124
3783		-104.208		316.415
3784		-194.711		269.89
3785		-248.773		187.869
3786		-254.654		94.8522
3787		-216.075		17.628
3788		-151.008		-24.3399
3789		-84.5246		-26.1381
3790		-38.3489		1.32106
3791		-21.7259		37.0371
3792		-28.0121		60.3654
3793		-38.9117		61.3462
3794		-34.6037		45.8355
3795		-4.96835		32.6615
3796		43.6707		43.8656
3797		89.8871		92.5856
3798		106.324		174.479
3799		72.5999		267.059
3800		-14.0486		337.605
3801		-135.421		356.256
3802		-257.925		308.469
3803		-344.623		201.418
3804		-368.482		61.7808
3805		-321.354		-73.7059
3806		-215.482		-170.552
3807		-77.8923		-206.607
3808		59.0791		-176.536
3809		166.853		-90.2666
3810		226.176		32.3865
3811		228.519		167.688
3812		174.788		292.223
3813		73.5973		385.032
3814		-59.5588		428.947
3815		-202.6		412.757
3816		-328.342		334.718
3817		-408.773		206.061
3818		-422.209		51.9783
3819		-361.228		-92.1195
3820		-237.915		-189.335
3821		-83.2185		-212.662
3822		60.6195		-154.822
3823		152.622		-32.3209
3824		166.269		118.465
3825		98.3745		252.234
3826		-29.7194		328.905
3827		-179.023		325.916
3828		-305.162		244.485
3829		-371.572		108.171
3830		-359.302		-45.0566
3831		-270.869		-173.989
3832		-127.995		-244.875
3833		35.0613		-238.898
3834		180.065		-155.311
3835		273.087		-10.5432
3836		291.16		165.731
3837		226.701		336.54
3838		89.3086		464.788
3839		-95.4325		520.818
3840		-290.454		489.162
3841		-454.705		372.876
3842		-552.343		193.898
3843		-561.362		-11.2893
3844		-479.088		-199.95
3845		-322.765		-333.134
3846		-125.019		-384.519
3847		74.249		-345.536
3848		236.84		-225.707
3849		333.529		-48.8809
3850		348.126		152.698
3851		278.359		344.393
3852		134.741		493.998
3853		-61.3415		575.304
3854		-279.771		571.146
3855		-484.551		476.498
3856		-638.293		301.256
3857		-708.743		71.3506
3858		-676.436		-173.544
3859		-541.248		-386.59
3860		-325.106		-523.83
3861		-68.9882		-555.1
3862		175.717		-472.298
3863		359.228		-292.094
3864		445.138		-52.0536
3865		418.393		198.543
3866		287.463		410.157
3867		80.826		543.325
3868		-160.366		575.452
3869		-390.89		503.299
3870		-569.308		341.865
3871		-664.162		120.926
3872		-658.463		-119.812
3873		-552.61		-336.681
3874		-365.342		-489.178
3875		-131.776		-547.803
3876		102.346		-501.16
3877		290.028		-360.036
3878		394.146		-156.272
3879		397.103		64.3392
3880		305.553		253.696
3881		148.136		374.068
3882		-33.329		407.569
3883		-196.209		359.206
3884		-308.583		252.724
3885		-356.083		121.295
3886		-342.258		-3.13027
3887		-283.417		-97.8836
3888		-200.901		-152.797
3889		-114.142		-168.651
3890		-36.7898		-152.866
3891		23.778		-115.007
3892		64.8286		-63.9356
3893		86.3097		-6.89339
3894		89.6854		50.3204
3895		77.5748		103.222
3896		53.4052		149.004
3897		20.413		186.875
3898		-19.8126		217.476
3899		-68.157		240.951
3900		-126.951		254.456
3901		-196.796		250.843
3902		-272.514		220.217
3903		-340.706		154.745
3904		-381.28		55.0481
3905		-373.695		-65.0609
3906		-306.095		-178.75
3907		-183.438		-252.683
3908		-30.3734		-258.292
3909		113.574		-183.571
3910		205.646		-40.2593
3911		214.235		137.187
3912		130.397		301.077
3913		-28.0932		405.087
3914		-221.678		418.534
3915		-400.83		335.223
3916		-520.138		174.289
3917		-549.845		-26.2151
3918		-481.816		-219.772
3919		-329.65		-362.113
3920		-124.64		-419.665
3921		90.2394		-375.125
3922		267.18		-230.818
3923		361.346		-10.3
3924		340.134		242.596
3925		193.171		469.148
3926		-59.7127		607.054
3927		-366.777		606.856
3928		-652.519		449.359
3929		-836.044		157.491
3930		-855.41		-203.688
3931		-689.827		-541.574
3932		-370.788		-762.212
3933		23.5815		-799.709
3934		390.402		-638.204
3935		633.046		-317.881
3936		690.194		77.472
3937		552.641		446.659
3938		262.548		701.136
3939		-103.05		788.234
3940		-456.908		700.54
3941		-724.801		470.705
3942		-860.109		156.58
3943		-847.588		-175.858
3944		-699.106		-465.773
3945		-446.387		-664.831
3946		-134.754		-740.449
3947		181.433		-678.263
3948		443.896		-485.641
3949		598.91		-194.887
3950		609.578		137.742
3951		468.57		440.844
3952		205.319		644.738
3953		-117.766		701.922
3954		-421.359		603.186
3955		-633.019		381.837
3956		-709.773		102.9
3957		-650.118		-159.171
3958		-490.342		-345.285
3959		-287.095		-428.626
3960		-94.4301		-417.015
3961		54.1469		-341.051
3962		151.063		-235.119
3963		206.635		-121.391
3964		233.673		-4.6506
3965		234.309		120.571
3966		196.836		255.975
3967		104.329		387.842
3968		-50.1509		485.559
3969		-250.979		512.313
3970		-458.158		442.879
3971		-618.677		279.134
3972		-686.325		54.6111
3973		-640.475		-175.038
3974		-494.694		-351.625
3975		-291.145		-434.878
3976		-83.9137		-414.409
3977		80.2629		-308.513
3978		174.832		-152.052
3979		194.964		19.047
3980		149.536		178.293
3981		50.4026		309.737
3982		-93.4711		401.512
3983		-273.366		438.519
3984		-472.238		401.439
3985		-657.53		274.99
3986		-782.861		61.827
3987		-801.349		-206.428
3988		-686.17		-469.689
3989		-448.382		-654.885
3990		-141.646		-701.896
3991		151.214		-588.896
3992		346.09		-344.849
3993		388.586		-41.9673
3994		274.406		229.874
3995		49.7401		396.126
3996		-208.617		423.582
3997		-424.286		328.279
3998		-549.399		162.73
3999		-577.62		-10.3828
4000		-537.687		-145.046
4001		-472.563		-226.947
4002		-415.785		-271.091
4003		-376.863		-305.403
4004		-341.953		-350.412
4005		-287.58		-406.116
4006		-198.62		-452.348
4007		-80.26		-461.225
4008		42.2564		-413.892
4009		135.158		-312.045
4010		171.971		-178.321
4011		144.876		-46.1786
4012		66.0256		54.4189
4013		-40.6373		107.462
4014		-151.226		112.491
4015		-250.083		78.0508
4016		-329.986		12.6656
4017		-385.679		-79.8398
4018		-406.693		-197.131
4019		-376.228		-329.471
4020		-279.107		-451.977
4021		-115.616		-525.41
4022		86.9357		-508.6
4023		273.708		-378.633
4024		376.918		-149.191
4025		341.768		123.677
4026		153.046		354.34
4027		-150.45		456.352
4028		-482.265		376.374
4029		-735.164		118.81
4030		-818.9		-250.277
4031		-693.84		-622.904
4032		-386.731		-885.37
4033		17.7031		-956.81
4034		405.582		-815.274
4035		671.341		-502.211
4036		749.527		-105.433
4037		630.255		271.066
4038		355.317		538.134
4039		-0.296219		642.8
4040		-352.262		575.17
4041		-627.361		362.666
4042		-775.653		57.4656
4043		-774.57		-276.718
4044		-628.155		-575.212
4045		-364.723		-780.503
4046		-33.8435		-849.912
4047		299.046		-763.964
4048		562.746		-533.919
4049		695.558		-204.5
4050		662.492		152.237
4051		468.301		453.069
4052		159.947		626.354
4053		-184.616		633.858
4054		-478.997		483.203
4055		-654.741		225.337
4056		-681.771		-62.721
4057		-575.186		-303.573
4058		-386.148		-443.77
4059		-181.087		-467.733
4060		-17.9692		-396.807
4061		71.0297		-275.345
4062		84.5621		-150.822
4063		44.6649		-56.6837
4064		-18.0876		-4.42896
4065		-79.2932		13.4321
4066		-128.906		12.895
4067		-170.4		6.69379
4068		-212.977		-2.83923
4069		-261.888		-23.4117
4070		-312.238		-66.0567
4071		-349.303		-136.229
4072		-354.903		-227.58
4073		-316.434		-321.596
4074		-234.102		-393.276
4075		-123.015		-420.212
4076		-9.30029		-391.09
4077		77.9901		-310.175
4078		115.848		-196.326
4079		93.8703		-77.3487
4080		16.4992		17.8291
4081		-99.0892		66.3665
4082		-227.955		56.0953
4083		-343.171		-13.0981
4084		-420.757		-130.442
4085		-443.098		-276.789
4086		-401.057		-427.472
4087		-295.387		-555.22
4088		-137.75		-633.475
4089		49.0333		-640.598
4090		232.47		-564.952
4091		374.641		-409.901
4092		439.494		-196.918
4093		402.144		35.2458
4094		257.76		236.632
4095		26.848		357.021

 
--------------------------------------


