Compute Correlation 
 
0		-265.466		495.329
1		-379.752		375.508
2		-411.631		213.43
3		-351.192		59.3704
4		-216.43		-39.0307
5		-47.2645		-50.8646
6		106.689		29.5915
7		200.423		182.199
8		205.514		367.519
9		116.699		537.929
10		-47.9541		649.756
11		-252.331		673.284
12		-450.941		598.819
13		-598.727		438.282
14		-660.271		222.751
15		-617.16		-3.32715
16		-472.617		-190.492
17		-252.458		-294.25
18		-1.5741		-285.24
19		224.322		-157.454
20		370.707		67.9285
21		397.586		345.021
22		290.64		612.438
23		66.6465		807.515
24		-229.02		881.919
25		-532.629		814.197
26		-777.417		615.542
27		-909.692		327.104
28		-901.248		9.83423
29		-755.03		-270.027
30		-503.195		-455.748
31		-198.903		-511.663
32		95.5313		-429.389
33		321.25		-228.276
34		433.984		49.1578
35		412.229		345.581
36		261.543		599.709
37		14.2216		758.334
38		-276.207		787.762
39		-545.568		682.315
40		-733.338		467.305
41		-797.631		194.566
42		-726.746		-69.5297
43		-543.267		-261.09
44		-298.561		-336.074
45		-58.5891		-282.498
46		114.872		-123.258
47		181.615		91.6165
48		133.289		300.701
49		-6.54791		449.537
50		-192.05		505.441
51		-370.41		464.279
52		-497.296		347.945
53		-547.507		194.71
54		-518.389		46.7441
55		-426.588		-60.8333
56		-300.835		-106.624
57		-173.953		-84.9296
58		-76.2458		-4.36707
59		-30.8535		115.102
60		-50.4739		245.706
61		-134.862		356.049
62		-269.39		416.568
63		-425.924		406.299
64		-567.427		319.623
65		-656.506		170.445
66		-666.168		-8.82153
67		-589.224		-174.612
68		-442.414		-284.432
69		-262.834		-310.024
70		-97.1745		-246.579
71		12.6085		-114.25
72		41.9232		48.7841
73		-10.2237		198.981
74		-123.361		300.842
75		-264.514		335.996
76		-399.749		305.139
77		-503.492		223.328
78		-562.48		111.91
79		-574.205		-8.69193
80		-542.37		-122.421
81		-472.902		-216.983
82		-372.949		-281.364
83		-252.876		-304.591
84		-128.962		-277.751
85		-23.6721		-198.86
86		38.4173		-77.8559
87		38.3962		61.8178
88		-28.6707		187.33
89		-149.075		265.777
90		-292.431		275.372
91		-420.391		213.78
92		-499.07		99.7714
93		-510.267		-32.8606
94		-456.967		-146.82
95		-361.078		-213.657
96		-254.637		-222.141
97		-168.371		-179.817
98		-122.161		-107.905
99		-120.68		-32.3608
100		-154.885		24.9776
101		-207.642		52.0291
102		-260.515		47.6906
103		-299.096		19.4872
104		-315.673		-20.4003
105		-309.511		-58.9426
106		-285.81		-85.0714
107		-254.199		-91.6434
108		-226.89		-77.0065
109		-216.081		-46.1584
110		-230.393		-10.749
111		-271.017		13.0881
112		-329.205		9.4447
113		-386.951		-31.1295
114		-421.755		-106.241
115		-414.51		-199.884
116		-357.678		-285.999
117		-260.157		-336.84
118		-146.149		-333.266
119		-47.7678		-272.751
120		6.08682		-171.521
121		0.198944		-59.5374
122		-61.4588		29.862
123		-157.441		71.5287
124		-256.935		56.6483
125		-330.758		-5.5762
126		-360.745		-92.8649
127		-344.066		-178.82
128		-291.51		-241.919
129		-221.401		-271.099
130		-152.365		-266.503
131		-97.9932		-236.284
132		-64.8972		-191.854
133		-53.7279		-143.991
134		-61.4597		-101.016
135		-83.2435		-68.7158
136		-113.119		-50.7651
137		-144.118		-48.5469
138		-168.856		-60.271
139		-181.32		-80.3224
140		-179.379		-100.086
141		-166.597		-110.752
142		-151.769		-107.251
143		-145.605		-91.3644
144		-155.675		-71.9813
145		-182.001		-61.7131
146		-215.813		-71.0061
147		-242.638		-102.481
148		-248.706		-148.505
149		-227.743		-193.619
150		-184.717		-221.083
151		-134.413		-220.556
152		-95.1833		-193.172
153		-80.7388		-151.346
154		-93.9379		-113.227
155		-125.671		-94.3883
156		-159.444		-100.797
157		-179.406		-126.515
158		-177.851		-157.221
159		-158.48		-177.729
160		-133.884		-179.678
161		-118.638		-165.552
162		-121.573		-147.091
163		-141.118		-139.032
164		-165.98		-151.438
165		-180.651		-184.466
166		-172.875		-228.063
167		-139.352		-266.535
168		-87.0416		-285.51
169		-29.7695		-277.83
170		17.8446		-245.71
171		45.9891		-198.581
172		52.2452		-148.247
173		40.4464		-104.109
174		17.114		-70.7608
175		-12.1411		-48.6693
176		-44.2391		-36.7776
177		-77.7419		-34.9396
178		-110.587		-44.4581
179		-138.411		-66.4301
180		-154.989		-99.1557
181		-154.849		-136.603
182		-136.626		-169.365
183		-105.026		-188.052
184		-69.8951		-187.475
185		-42.492		-169.319
186		-30.7172		-141.642
187		-35.7846		-115.239
188		-52.1777		-98.6387
189		-71.0019		-94.3806
190		-84.9678		-98.5779
191		-92.2877		-104.053
192		-97.2739		-105.33
193		-107.197		-102.686
194		-127.037		-102.849
195		-155.021		-115.71
196		-181.57		-148.545
197		-192.594		-200.735
198		-175.821		-261.857
199		-127.167		-314.479
200		-54.0264		-340.639
201		26.286		-329.193
202		92.4147		-280.719
203		126.654		-207.797
204		121.176		-130.627
205		80.309		-69.9679
206		18.2714		-40.4272
207		-46.2567		-46.6464
208		-96.207		-83.3915
209		-120.472		-138.77
210		-115.363		-198.651
211		-83.5339		-250.339
212		-31.706		-284.481
213		31.3817		-295.361
214		96.1197		-280.539
215		152.538		-240.77
216		190.992		-180.426
217		203.629		-107.873
218		186.513		-34.8912
219		141.48		25.4059
220		76.5701		61.7997
221		4.38113		68.1661
222		-61.304		45.2105
223		-109.313		-0.118988
224		-133.703		-57.3074
225		-134.164		-115.758
226		-114.304		-167.444
227		-79.0239		-207.612
228		-32.5916		-233.582
229		21.4695		-242.826
230		78.7783		-231.96
231		132.06		-197.759
232		170.464		-140.022
233		181.491		-64.8173
234		155.377		14.0008
235		90.3282		76.5993
236		-3.9115		102.447
237		-106.28		77.4677
238		-189.128		0.321381
239		-226.244		-114.94
240		-201.451		-241.31
241		-114.636		-345.906
242		17.0743		-399.422
243		163.486		-384.805
244		289.491		-302.34
245		364.557		-169.703
246		370.681		-17.2009
247		306.734		120.092
248		188.373		211.006
249		43.9684		235.579
250		-92.148		189.49
251		-187.532		84.9592
252		-219.003		-51.8796
253		-178.176		-186.625
254		-74.0148		-284.321
255		68.4156		-317.838
256		213.18		-275.094
257		321.969		-163.148
258		364.045		-7.59674
259		325.012		153.184
260		211.662		277.898
261		51.0238		333.691
262		-116.554		305.641
263		-248.491		201.302
264		-311.917		48.7102
265		-292.753		-111.631
266		-199.164		-238.229
267		-58.4771		-299.932
268		91.1092		-283.705
269		211.183		-196.814
270		272.81		-63.4045
271		262.684		82.8629
272		184.663		207.504
273		57.1626		282.8
274		-92.0604		292.756
275		-232.03		235.065
276		-334.276		120.543
277		-377.555		-29.2314
278		-351.4		-185.532
279		-258.371		-317.152
280		-114.611		-395.954
281		51.9498		-402.796
282		206.18		-332.711
283		312.907		-197.784
284		345.375		-26.2399
285		292.807		142.857
286		164.668		268.583
287		-10.1984		318.645
288		-189.91		278.408
289		-329.946		155.611
290		-394.777		-20.9105
291		-367.364		-208.356
292		-253.724		-360.991
293		-81.2714		-441.93
294		108.472		-432.378
295		270.63		-335.89
296		368.148		-176.775
297		380.49		6.60571
298		307.846		171.6
299		170.177		281.5
300		1.71753		313.835
301		-157.503		264.994
302		-271.081		150.421
303		-314.562		0.534607
304		-280.945		-146.633
305		-182.216		-254.523
306		-46.4872		-296.923
307		88.8029		-264.606
308		186.263		-168.037
309		218.37		-35.1633
310		175.195		95.5342
311		67.7947		185.254
312		-74.0779		205.753
313		-209.706		147.824
314		-298.723		24.7064
315		-312.858		-130.926
316		-244.608		-275.83
317		-110.054		-368.503
318		55.232		-381.333
319		206.136		-308.877
320		300.876		-169.711
321		312.949		-1.27728
322		238.603		150.704
323		97.6924		245.032
324		-72.1096		256.263
325		-225.859		181.234
326		-323.434		39.2826
327		-339.779		-133.505
328		-270.702		-294.079
329		-133.067		-403.392
330		40.1915		-435.711
331		208.57		-384.16
332		333.748		-261.564
333		388.299		-96.7808
334		361.573		72.354
335		261.695		207.794
336		113.399		279.896
337		-47.7645		274.095
338		-183.675		194.23
339		-262.587		61.6937
340		-266.777		-89.5663
341		-196.992		-221.226
342		-72.4407		-300.07
343		73.9228		-306.43
344		203.767		-239.284
345		283.292		-116.538
346		292.007		29.7172
347		227.933		161.718
348		107.816		245.955
349		-37.6447		261.754
350		-172.094		206.199
351		-262.94		94.2419
352		-289.335		-45.7719
353		-246.763		-179.652
354		-147.352		-275.858
355		-16.2375		-312.791
356		114.792		-283.333
357		214.724		-195.907
358		260.194		-72.1729
359		240.521		57.9363
360		160.069		162.81
361		37.5298		216.154
362		-97.8243		203.122
363		-212.427		124.301
364		-276.165		-3.5145
365		-270		-150.349
366		-191.564		-279.665
367		-56.9771		-357.335
368		102.117		-360.809
369		246.032		-285.919
370		337.356		-149.076
371		351.338		16.2134
372		283.226		167.921
373		150.184		266.903
374		-13.0628		287.834
375		-163.74		226.354
376		-262.911		100.214
377		-286.185		-55.95
378		-230.056		-200.57
379		-112.097		-296.758
380		34.8053		-322.092
381		172.183		-273.792
382		266.613		-168.11
383		298.109		-34.5345
384		264.126		93.0722
385		178.473		185.62
386		66.0242		225.668
387		-44.832		210.444
388		-129.703		150.703
389		-173.688		66.2882
390		-173.744		-19.9852
391		-137.759		-88.3457
392		-81.0446		-126.497
393		-21.4564		-131.59
394		25.481		-109.571
395		50.2506		-72.3765
396		51.0205		-33.8904
397		33.0608		-5.81531
398		6.2197		5.42328
399		-18.7279		-0.0718384
400		-33.7193		-16.5651
401		-35.8835		-35.3838
402		-28.0539		-48.4861
403		-17.1452		-51.6413
404		-10.9776		-46.051
405		-14.7386		-37.7646
406		-28.4624		-35.05
407		-46.5939		-44.7007
408		-59.9181		-68.7373
409		-59.1992		-102.886
410		-39.1332		-137.575
411		-1.01437		-161.202
412		47.0488		-164.476
413		92.5912		-144.159
414		123.078		-104.69
415		130.42		-56.9776
416		113.986		-14.7397
417		80.9382		10.2656
418		43.7469		12.3373
419		15.8163		-6.25049
420		6.83478		-36.1706
421		19.5259		-64.4088
422		48.8891		-78.7878
423		84.0724		-72.0434
424		112.09		-44.0985
425		122.041		-1.91785
426		108.44		42.8209
427		72.7235		77.326
428		22.6645		91.3786
429		-29.919		80.0621
430		-72.3644		44.9133
431		-94.3688		-6.62006
432		-90.4442		-63.1122
433		-61.1389		-111.925
434		-12.8481		-142.158
435		43.6902		-147.157
436		95.8754		-126.046
437		132.173		-83.9294
438		144.814		-30.6938
439		131.612		21.3725
440		96.3792		60.5449
441		47.8428		78.4433
442		-2.66763		71.862
443		-44.048		43.1719
444		-67.946		-0.728943
445		-70.2893		-50.4666
446		-51.5327		-96.5168
447		-15.7979		-131.096
448		30.5652		-149.195
449		80.4056		-148.753
450		126.799		-130.31
451		163.633		-96.5497
452		186.006		-51.99
453		190.719		-2.76372
454		177.004		43.8132
455		147.236		80.1985
456		107.193		100.16
457		65.3808		100.56
458		31.284		82.7195
459		12.8809		52.6746
460		14.1964		19.9522
461		33.818		-4.95987
462		65.0382		-13.6854
463		97.7225		-2.53534
464		121.335		26.3509
465		128.105		65.7226
466		115.255		105.539
467		85.5712		136.066
468		46.2145		150.687
469		6.30183		147.53
470		-25.8572		129.509
471		-44.9567		102.963
472		-49.7349		75.4901
473		-42.7315		53.769
474		-29.0629		41.9767
475		-14.7506		41.1376
476		-5.13531		49.3656
477		-3.75714		62.7314
478		-11.834		76.4009
479		-28.2968		85.7379
480		-50.2228		87.1807
481		-73.5046		78.8189
482		-93.6176		60.6642
483		-106.397		34.6442
484		-108.769		4.33391
485		-99.3627		-25.5563
486		-78.9339		-49.9307
487		-50.4927		-64.2454
488		-19.0128		-65.5271
489		9.34711		-53.2834
490		28.498		-30.0342
491		33.9604		-1.18469
492		24.3145		25.9435
493		2.06633		43.8654
494		-26.5319		47.0995
495		-52.9055		34.0895
496		-68.5938		8.13651
497		-68.0001		-23.1963
498		-50.4831		-50.2474
499		-20.8952		-64.3922
500		11.8233		-61.0657
501		37.6446		-41.4872
502		48.9961		-12.3097
503		43.475		16.7892
504		24.6168		36.6914
505		0.372742		42.1785
506		-20.0905		33.6688
507		-29.927		16.6717
508		-27.0139		-0.735413
509		-14.2746		-11.2423
510		2.04465		-10.9822
511		15.2092		-0.46843
512		20.5547		16.402
513		16.664		34.5332
514		4.84796		49.755
515		-12.4499		59.8231
516		-33.1867		63.9767
517		-56.1981		61.6422
518		-80.3689		51.3956
519		-103.154		31.1475
520		-119.657		-0.269928
521		-123.304		-40.9118
522		-108.274		-84.3284
523		-72.7888		-120.215
524		-21.5627		-137.411
525		34.122		-128.291
526		79.3408		-92.6512
527		100.615		-39.1423
528		91.1761		16.7828
529		54.0905		57.9147
530		1.74603		71.406
531		-48.2944		53.4688
532		-79.4448		10.6916
533		-81.7741		-42.5331
534		-54.9659		-89.3179
535		-7.57663		-116.069
536		46.7827		-116.454
537		94.4692		-92.2427
538		125.908		-51.1922
539		137.345		-3.38223
540		130.143		42.1722
541		108.612		79.3313
542		77.8637		104.842
543		42.7162		117.339
544		7.78551		116.489
545		-21.9944		103.065
546		-41.4442		79.8293
547		-46.3677		52.3453
548		-35.5984		28.647
549		-12.7262		17.245
550		13.7681		23.9683
551		32.623		49.0046
552		33.6669		85.721
553		11.9425		122.188
554		-29.7711		145.125
555		-81.3253		144.781
556		-128.516		118.733
557		-158.074		72.9699
558		-162.32		19.8008
559		-141.633		-26.5216
560		-103.885		-54.6436
561		-61.2811		-59.5367
562		-26.0717		-43.3775
563		-6.85605		-13.9176
564		-6.6897		18.6425
565		-23.268		44.8804
566		-50.5923		58.3763
567		-81.1346		56.5425
568		-107.678		40.3367
569		-124.512		13.4402
570		-128.114		-18.6465
571		-117.593		-49.5007
572		-94.9739		-72.8358
573		-65.0949		-83.8396
574		-34.7563		-80.5838
575		-10.9943		-64.9337
576		1.14349		-42.3224
577		0.474274		-20.1175
578		-9.73409		-4.98201
579		-22.9692		-0.255157
580		-32.1693		-4.56433
581		-32.8141		-12.4434
582		-24.9925		-16.8332
583		-13.4181		-12.4017
584		-5.27942		1.84438
585		-6.87485		21.9228
586		-20.5947		40.5635
587		-43.687		50.4544
588		-69.3951		47.5199
589		-89.9161		32.6935
590		-99.7613		11.3836
591		-97.9457		-9.03993
592		-88.0444		-22.4886
593		-76.2188		-26.5794
594		-68.2728		-23.1799
595		-67.1949		-16.9804
596		-72.2887		-12.954
597		-80.1383		-14.0282
598		-86.7352		-20.0625
599		-89.593		-28.4786
600		-88.8097		-36.0413
601		-86.6562		-40.7664
602		-86.0602		-42.9877
603		-88.8485		-45.1278
604		-94.6317		-50.4094
605		-100.803		-61.2121
606		-103.54		-77.8553
607		-99.2689		-98.2641
608		-85.9724		-118.529
609		-63.9159		-134.012
610		-35.7031		-140.573
611		-5.80106		-135.62
612		20.2933		-118.851
613		37.1483		-92.6588
614		40.7075		-62.0773
615		29.6564		-34.0731
616		6.4653		-16.038
617		-22.4422		-13.6215
618		-47.865		-28.4866
619		-60.3572		-56.8858
620		-53.4952		-89.9293
621		-26.6901		-115.884
622		13.7333		-123.992
623		55.9639		-108.492
624		86.4201		-71.2188
625		94.5022		-21.5424
626		76.5474		26.5634
627		37.3461		59.325
628		-11.47		67.9983
629		-55.5716		51.8248
630		-82.9537		17.9809
631		-87.8658		-21.3447
632		-72.2103		-53.4517
633		-44.1051		-69.3589
634		-14.4763		-66.2151
635		6.76971		-47.2597
636		13.5183		-19.7899
637		4.39409		7.69263
638		-17.9617		27.9209
639		-48.4785		36.1708
640		-81.1989		30.4515
641		-110.26		11.1267
642		-130.382		-19.4439
643		-137.296		-57.0065
644		-128.501		-95.5223
645		-104.302		-127.787
646		-68.6045		-146.881
647		-28.7685		-148.242
648		5.92015		-131.583
649		26.9081		-101.696
650		29.2663		-67.4791
651		13.5982		-39.304
652		-13.948		-25.618
653		-43.7074		-30.1252
654		-65.8051		-50.7013
655		-73.4114		-80.4543
656		-64.6586		-110.415
657		-42.5767		-132.663
658		-13.304		-142.6
659		16.4503		-139.601
660		41.5148		-126.086
661		59.1485		-105.765
662		68.6491		-82.0785
663		70.2708		-57.5281
664		64.2995		-33.9888
665		50.89		-13.4883
666		30.6976		1.30684
667		5.78557		7.41469
668		-19.9293		2.65315
669		-41.2026		-13.0114
670		-52.9324		-36.6639
671		-51.999		-62.7553
672		-38.6418		-84.5761
673		-16.706		-96.3628
674		7.41657		-95.2033
675		26.7654		-81.9877
676		35.9503		-61.0719
677		32.6895		-38.841
678		18.2806		-21.757
679		-3.01485		-14.5694
680		-25.3319		-19.1932
681		-42.812		-34.4479
682		-51.0241		-56.5641
683		-47.9308		-80.2114
684		-34.2866		-99.7915
685		-13.4457		-110.761
686		9.40266		-110.766
687		28.4964		-100.35
688		39.046		-82.9745
689		38.6911		-64.2092
690		28.3882		-50.1819
691		12.3287		-45.6715
692		-3.23228		-52.4693
693		-11.9436		-68.6313
694		-9.47327		-88.9799
695		5.00328		-106.746
696		28.5087		-115.781
697		55.279		-112.526
698		78.6815		-97.0282
699		93.2927		-72.6875
700		96.3745		-44.9294
701		88.3009		-19.408
702		71.9412		-0.440277
703		51.4183		9.83091
704		30.8171		11.4238
705		13.2997		5.90772
706		0.792313		-4.38889
707		-5.89454		-16.9928
708		-6.79163		-29.5921
709		-2.5829		-40.1238
710		5.43889		-46.8438
711		15.3816		-48.5161
712		24.894		-44.7066
713		31.5312		-36.0298
714		33.274		-24.1686
715		29.0274		-11.588
716		18.8942		-1.0124
717		4.14091		5.15166
718		-13.1009		5.26334
719		-30.2531		-1.32581
720		-44.69		-14.2346
721		-54.0742		-32.1164
722		-56.6645		-52.7679
723		-51.6512		-73.3167
724		-39.4953		-90.5865
725		-22.1242		-101.705
726		-2.78162		-104.881
727		14.6034		-100.096
728		26.4561		-89.387
729		30.6957		-76.4629
730		27.527		-65.6665
731		19.5037		-60.5798
732		10.7465		-62.7946
733		5.55597		-71.3413
734		6.93407		-83.032
735		15.5802		-93.5908
736		29.7257		-99.1322
737		45.8267		-97.4223
738		59.79		-88.4936
739		68.2493		-74.4775
740		69.466		-58.832
741		63.6515		-45.3159
742		52.7628		-37.0504
743		39.9587		-35.8643
744		28.917		-41.9459
745		23.1085		-53.7608
746		25.0622		-68.2159
747		35.6593		-81.1272
748		53.613		-88.0549
749		75.3807		-85.4531
750		95.7426		-71.8701
751		109.072		-48.7629
752		111.01		-20.497
753		99.9909		6.66331
754		77.9793		26.3575
755		50.0402		34.1219
756		22.8035		28.8195
757		2.36598		12.927
758		-7.56969		-8.44034
759		-6.61267		-29.3545
760		2.62955		-45.0026
761		15.8525		-52.967
762		28.7091		-53.4615
763		38.115		-48.6151
764		42.777		-41.2976
765		42.9423		-34.0751
766		39.7325		-28.6857
767		34.5241		-26.0515
768		28.6608		-26.5487
769		23.4704		-30.1858
770		20.325		-36.5315
771		20.4739		-44.5076
772		24.5997		-52.3488
773		32.3287		-57.9715
774		42.0735		-59.717
775		51.4652		-57.1288
776		58.2938		-51.2906
777		61.5244		-44.4195
778		61.8114		-38.8112
779		61.1464		-35.6481
780		61.7277		-34.3369
781		64.6219		-32.8209
782		68.9743		-28.7922
783		72.2966		-21.1909
784		71.7855		-11.138
785		66.0225		-1.68848
786		56.1097		3.60179
787		45.5172		2.61631
788		38.5708		-3.9119
789		38.2618		-12.3681
790		44.5018		-17.7668
791		53.8004		-16.1548
792		60.6623		-6.71782
793		60.1105		7.51956
794		50.1234		20.8396
795		32.7648		27.3378
796		13.4103		23.5937
797		-1.57512		10.2104
798		-7.58342		-8.51288
799		-3.60744		-26.5707
800		7.6552		-38.8814
801		21.3742		-43.2605
802		32.938		-40.8412
803		39.8534		-34.9014
804		42.2998		-28.8734
805		42.2317		-24.6773
806		41.7213		-22.23
807		41.5917		-20.2502
808		41.1345		-17.708
809		38.9977		-14.932
810		34.6015		-13.6366
811		29.1064		-15.83
812		25.2354		-22.282
813		25.9511		-31.5406
814		32.7155		-40.2009
815		44.3657		-44.4035
816		57.3461		-41.793
817		67.2807		-32.8449
818		71.0922		-20.7666
819		68.5278		-9.95456
820		62.2326		-3.79549
821		56.2993		-2.99466
822		54.0654		-5.34373
823		56.3559		-7.05768
824		61.132		-4.94567
825		64.7313		1.79167
826		64.0002		11.1298
827		58.1162		19.3923
828		49.0782		23.3563
829		40.5857		22.1054
830		35.9397		17.5753
831		36.1498		13.4795
832		39.3181		13.2106
833		41.6559		17.8921
834		39.5763		25.6733
835		31.6975		32.6654
836		19.6516		34.9997
837		7.25916		30.8672
838		-1.45258		21.4251
839		-4.28043		10.101
840		-1.813		0.728172
841		3.15135		-4.41395
842		7.33214		-5.561
843		8.80315		-4.93995
844		7.8658		-5.15014
845		6.49387		-7.46924
846		6.7481		-11.1291
847		9.1842		-14.0033
848		12.2996		-14.2721
849		13.4285		-12.0017
850		10.6069		-9.57443
851		4.27599		-10.5578
852		-2.30659		-17.5416
853		-4.3873		-30.164
854		1.77986		-44.5579
855		16.5628		-54.7454
856		36.0785		-55.4396
857		53.4753		-44.8759
858		61.9057		-26.1614
859		57.7885		-6.31477
860		42.7203		6.67483
861		23.0225		7.40279
862		7.07071		-4.4944
863		1.66212		-24.1786
864		9.15229		-43.8036
865		26.6908		-55.9728
866		47.8179		-56.7858
867		65.5324		-47.0734
868		75.2688		-31.3896
869		76.3846		-15.4514
870		71.6086		-3.43536
871		64.9776		3.5256
872		59.5011		7.04586
873		55.8137		9.78807
874		52.4197		13.47
875		47.2001		17.7306
876		39.1927		20.4403
877		29.5637		19.1688
878		21.2242		12.8936
879		17.3418		2.93062
880		19.6129		-7.44272
881		27.2644		-14.4509
882		37.3067		-15.5648
883		45.8622		-10.6062
884		49.8325		-1.69775
885		48.0512		7.81159
886		41.4318		14.7939
887		32.2108		17.4029
888		22.8502		15.3168
889		15.2452		9.26386
890		10.5726		0.331161
891		9.62414		-10.4073
892		13.148		-21.7409
893		21.7431		-31.9001
894		35.2328		-38.3905
895		51.9099		-38.5043
896		68.2812		-30.4809
897		79.7779		-14.7909
898		82.3713		5.24435
899		74.4467		24.0735
900		57.9959		35.7586
901		38.3843		36.3494
902		22.5882		25.7202
903		16.5531		7.94556
904		22.8063		-10.0708
905		39.3948		-21.1811
906		60.6276		-20.694
907		79.2828		-8.03351
908		89.2903		13.2909
909		87.7427		37.2707
910		75.4864		57.7285
911		56.2426		70.3468
912		34.8701		73.6281
913		15.6511		68.6248
914		1.29802		57.8675
915		-7.12819		44.1935
916		-9.70038		30.0354
917		-7.04588		17.3123
918		-0.113953		7.64994
919		9.67722		2.49202
920		20.2201		2.83392
921		28.8299		8.66396
922		32.8773		18.5055
923		30.7532		29.4939
924		22.6733		38.1582
925		10.822		41.6591
926		-1.36881		38.916
927		-10.5506		31.0393
928		-14.7905		20.802
929		-14.2561		11.3699
930		-10.9155		4.90028
931		-7.41219		1.69412
932		-5.69269		0.29921
933		-6.07884		-1.52312
934		-7.22763		-5.49825
935		-6.95323		-11.877
936		-3.44695		-19.2816
937		3.74373		-25.3927
938		13.4526		-28.0759
939		23.4274		-26.3644
940		31.3319		-20.8287
941		35.6896		-13.2188
942		36.3313		-5.6368
943		34.2105		0.302376
944		30.7875		3.93466
945		27.3538		5.49698
946		24.6299		5.71314
947		22.7505		5.31853
948		21.5167		4.77946
949		20.6768		4.28189
950		20.0596		3.87772
951		19.5324		3.60406
952		18.9125		3.46518
953		17.9774		3.31611
954		16.6236		2.79852
955		15.071		1.45638
956		13.9263		-0.968369
957		13.9765		-4.23039
958		15.7608		-7.49384
959		19.1428		-9.60523
960		23.1676		-9.65115
961		26.3676		-7.52509
962		27.4321		-4.16302
963		25.9192		-1.24759
964		22.6164		-0.460609
965		19.2998		-2.63673
966		17.9562		-7.26016
967		19.8283		-12.6076
968		24.7679		-16.5087
969		31.2519		-17.3694
970		37.0792		-14.9477
971		40.4182		-10.4808
972		40.6863		-6.09048
973		38.825		-3.75845
974		36.8423		-4.37495
975		36.8599		-7.31854
976		40.1327		-10.7451
977		46.4997		-12.4138
978		54.4799		-10.6324
979		61.9068		-4.89861
980		66.7615		4.00127
981		67.8268		14.3856
982		64.9438		24.3031
983		58.8776		32.0977
984		50.9691		36.7341
985		42.7737		37.8833
986		35.7854		35.8763
987		31.2272		31.629
988		29.8319		26.5341
989		31.6101		22.2459
990		35.7091		20.2879
991		40.5283		21.5486
992		44.1818		25.8733
993		45.2028		32.0189
994		43.1863		38.1092
995		39.0056		42.4701
996		34.3929		44.4643
997		31.0065		44.8555
998		29.4269		45.4215
999		28.65		47.9144
1000		26.4509		52.8654
1001		20.5514		58.9024
1002		10.0547		63.0565
1003		-3.61819		62.0471
1004		-16.8877		53.9903
1005		-25.344		39.6733
1006		-25.7015		22.6678
1007		-17.4486		8.09364
1008		-3.34168		0.529594
1009		11.582		2.03138
1010		22.0663		11.2231
1011		24.8148		23.9211
1012		19.7557		34.9994
1013		9.80768		40.5927
1014		-0.681458		39.5749
1015		-8.00279		33.6465
1016		-10.6094		26.0884
1017		-9.38537		19.9229
1018		-6.64072		16.4841
1019		-4.49684		15.1213
1020		-3.61972		14.0974
1021		-3.01326		12.0601
1022		-0.944611		9.16638
1023		3.59923		7.15826
1024		9.83691		8.31757
1025		15.2076		13.9034
1026		16.5522		23.0043
1027		11.8494		32.5406
1028		1.5437		38.5175
1029		-11.3187		37.9285
1030		-22.3051		30.3116
1031		-27.5832		18.1167
1032		-25.6805		5.65349
1033		-18.1157		-2.86156
1034		-8.59436		-5.17465
1035		-1.20856		-1.85107
1036		1.42032		4.25963
1037		-0.87431		9.59282
1038		-6.11346		11.5994
1039		-11.4971		9.73955
1040		-14.9366		5.29799
1041		-15.9492		0.256439
1042		-15.4795		-4.03491
1043		-14.8701		-7.58597
1044		-14.6814		-11.4976
1045		-14.1234		-16.9117
1046		-11.4693		-23.8787
1047		-5.21402		-30.8828
1048		4.73038		-35.3833
1049		16.551		-35.1114
1050		27.1219		-29.405
1051		33.4083		-19.7998
1052		33.949		-9.49487
1053		29.6104		-1.92706
1054		23.1874		0.812412
1055		18.0471		-1.11423
1056		16.5262		-5.51984
1057		18.9191		-9.42009
1058		23.5571		-10.5829
1059		27.8917		-8.5797
1060		29.9551		-4.80945
1061		29.4062		-1.54182
1062		27.6221		-0.542542
1063		26.8397		-2.0434
1064		28.8554		-4.58943
1065		33.9969		-5.80026
1066		40.891		-3.58998
1067		47.0884		2.80717
1068		50.158		12.5025
1069		48.6645		23.391
1070		42.5831		33.0345
1071		33.0747		39.4885
1072		21.8958		41.7062
1073		10.8561		39.4787
1074		1.58436		33.1635
1075		-4.43486		23.5352
1076		-5.83139		11.8988
1077		-1.6105		0.314507
1078		8.25821		-8.42502
1079		22.2145		-11.3573
1080		36.9295		-6.42243
1081		47.9399		6.3728
1082		51.0679		24.3353
1083		44.1178		42.509
1084		28.0745		55.1797
1085		7.14636		57.9439
1086		-12.5197		49.4658
1087		-24.9953		32.1209
1088		-26.7057		11.1872
1089		-17.6335		-7.08339
1090		-1.10892		-17.6792
1091		17.6403		-18.3904
1092		33.4649		-10.139
1093		42.9081		3.89429
1094		44.8527		19.7758
1095		40.1386		34.1795
1096		30.5955		45.044
1097		18.1361		51.4455
1098		4.37101		53.0517
1099		-9.22173		49.6999
1100		-20.9292		41.4404
1101		-28.7213		28.9964
1102		-30.7128		14.2292
1103		-26.0243		0.124603
1104		-15.5489		-9.92486
1105		-2.0912		-13.3307
1106		10.3696		-9.44518
1107		18.0663		-0.0129547
1108		18.8689		11.3674
1109		13.079		20.5784
1110		3.21764		24.5163
1111		-7.06378		22.128
1112		-14.407		14.5273
1113		-16.8329		4.25835
1114		-14.0759		-5.83088
1115		-7.18591		-13.5087
1116		2.20196		-17.5063
1117		12.4283		-17.3329
1118		21.9374		-12.925
1119		29.0845		-4.54786
1120		32.0243		6.90405
1121		29.0562		19.4495
1122		19.474		29.9049
1123		4.51926		34.5237
1124		-12.2139		30.3764
1125		-25.446		16.94
1126		-29.9664		-2.94946
1127		-22.8508		-23.4835
1128		-5.12103		-37.7325
1129		18.0812		-40.3374
1130		39.1178		-29.8859
1131		50.7473		-9.83237
1132		49.085		12.6038
1133		35.308		29.2075
1134		15.2875		34.0622
1135		-2.74902		25.9457
1136		-11.5377		8.78296
1137		-7.6552		-10.0174
1138		7.24475		-22.591
1139		27.2759		-23.6923
1140		44.7735		-12.5583
1141		53.2397		7.08705
1142		49.5786		28.701
1143		34.8492		45.4149
1144		13.4822		52.3041
1145		-8.48872		47.657
1146		-25.3655		33.0232
1147		-33.2247		12.3266
1148		-30.5805		-9.42017
1149		-18.3607		-27.3292
1150		0.532928		-37.5604
1151		21.8621		-37.9494
1152		40.82		-28.4117
1153		52.9554		-11.0868
1154		55.2049		9.92027
1155		46.8135		29.3414
1156		29.7788		42.0484
1157		8.50877		44.5246
1158		-11.3495		35.9802
1159		-24.57		18.6282
1160		-27.8914		-3.05037
1161		-20.8343		-23.7806
1162		-5.50476		-39.0996
1163		14.4434		-46.4415
1164		35.1348		-45.3425
1165		53.4614		-36.8695
1166		67.3777		-22.7552
1167		75.5902		-4.80426
1168		77.1005		15.1327
1169		71.1121		34.7626
1170		57.5227		51.0278
1171		37.7535		60.3767
1172		15.314		59.8036
1173		-4.50333		48.3102
1174		-16.0005		28.039
1175		-15.1283		4.33276
1176		-1.34471		-15.61
1177		21.6566		-25.1164
1178		46.8466		-20.5316
1179		66.17		-2.73692
1180		73.3677		23.0134
1181		66.1634		48.9141
1182		46.9319		67.3422
1183		21.6565		73.383
1184		-2.29442		66.1946
1185		-18.5996		48.8296
1186		-23.7027		26.8181
1187		-17.3545		6.2619
1188		-2.09157		-7.78806
1189		17.8336		-12.2429
1190		37.5312		-6.20557
1191		52.2892		9.1653
1192		58.195		30.8631
1193		52.7876		54.2851
1194		35.83		73.7616
1195		9.9642		83.6295
1196		-19.2406		79.8391
1197		-44.2858		61.6326
1198		-57.808		32.5233
1199		-55.1359		-0.131256
1200		-36.3176		-27.1503
1201		-6.61926		-40.5876
1202		24.964		-36.6602
1203		48.7705		-17.2859
1204		57.9391		10.5298
1205		50.8412		37.2961
1206		31.4503		54.571
1207		7.52002		57.948
1208		-12.5856		48.2764
1209		-23.0066		30.7202
1210		-22.1526		12.2405
1211		-12.5267		-1.25858
1212		1.0444		-6.86462
1213		13.7499		-4.9838
1214		22.5631		1.77649
1215		26.7493		10.3495
1216		27.1804		18.5893
1217		25.1147		25.6783
1218		21.2754		31.6068
1219		15.7234		36.2944
1220		8.4415		39.063
1221		0.0855103		38.8427
1222		-7.73666		34.9609
1223		-12.9527		27.9394
1224		-14.05		19.6899
1225		-11.018		12.8625
1226		-5.58792		9.63521
1227		-0.539032		10.6125
1228		1.60489		14.4827
1229		-0.216751		18.6665
1230		-5.16396		20.62
1231		-11.0724		19.0676
1232		-15.7019		14.4699
1233		-17.9153		8.4825
1234		-18.0924		2.75966
1235		-17.535		-2.14313
1236		-17.2467		-7.05261
1237		-16.8811		-13.4238
1238		-14.5979		-21.9694
1239		-8.05542		-31.5322
1240		3.93134		-39.0034
1241		20.0091		-40.5482
1242		36.0948		-33.6429
1243		46.7158		-18.8874
1244		47.4091		-0.539642
1245		37.0747		14.7103
1246		19.0789		20.349
1247		0.433258		12.9106
1248		-10.7411		-6.21066
1249		-8.42116		-30.8996
1250		8.8166		-52.4289
1251		37.0762		-62.6726
1252		68.4876		-57.0936
1253		94.0142		-36.3165
1254		106.55		-5.76102
1255		103.129		26.3649
1256		85.5417		51.8046
1257		59.3957		64.6824
1258		32.1699		62.8877
1259		11.0797		48.2122
1260		1.36929		25.5059
1261		5.32224		1.3136
1262		21.9678		-17.6083
1263		47.3522		-25.6777
1264		75.2871		-19.6808
1265		98.5684		0.352966
1266		110.603		30.8403
1267		107.186		65.1721
1268		87.9189		95.2058
1269		56.6919		113.469
1270		20.8319		115.435
1271		-10.9677		101.032
1272		-31.3033		74.7243
1273		-36.326		44.044
1274		-26.74		17.0871
1275		-7.16611		-0.0440979
1276		15.7988		-4.85907
1277		35.9453		1.39041
1278		49.2447		14.9273
1279		54.4349		31.284
1280		52.4096		46.8461
1281		44.9966		59.4794
1282		33.9185		68.2054
1283		20.4807		72.431
1284		5.98642		71.4298
1285		-7.62604		64.5229
1286		-17.5906		51.8776
1287		-20.9499		35.3466
1288		-15.8503		18.6428
1289		-2.82007		6.46054
1290		14.777		2.75906
1291		31.5748		8.98
1292		42.1233		23.1252
1293		43.0822		40.2834
1294		34.6446		54.4887
1295		20.4724		61.1154
1296		6.12042		58.7057
1297		-3.32391		49.3825
1298		-5.28583		37.6879
1299		-0.503387		28.4462
1300		7.70834		24.7047
1301		15.2593		26.7058
1302		19.1942		32.2728
1303		18.7775		38.2625
1304		15.3242		42.2285
1305		11.0372		43.4229
1306		7.60588		42.6999
1307		5.37262		41.533
1308		3.47568		40.8236
1309		0.7771		40.2529
1310		-3.06622		38.5399
1311		-7.08868		34.4143
1312		-9.39905		27.6743
1313		-8.2525		19.6488
1314		-3.17709		12.7367
1315		4.52411		9.23901
1316		12.2328		10.1232
1317		17.2299		14.4123
1318		18.0309		19.5614
1319		15.1331		22.6446
1320		10.7846		21.7341
1321		7.9086		16.7729
1322		8.75214		9.51341
1323		13.9504		2.61456
1324		22.4318		-1.59229
1325		32.1207		-2.0202
1326		40.9822		0.986176
1327		47.8246		6.16901
1328		52.4828		12.1797
1329		55.4149		18.1817
1330		57.0861		23.9201
1331		57.6104		29.3238
1332		56.8935		34.0242
1333		55.1533		37.2244
1334		53.3913		38.1157
1335		53.3737		36.638
1336		56.9512		34.0951
1337		64.9833		33.1249
1338		76.4386		36.8496
1339		88.2516		47.4899
1340		96.1786		65.0936
1341		96.3813		87.0545
1342		87.0565		108.765
1343		69.3434		125.202
1344		47.0539		132.781
1345		25.3099		130.653
1346		8.68979		120.895
1347		-0.305481		107.547
1348		-1.84003		94.9862
1349		1.7688		86.3854
1350		7.29768		82.9066
1351		11.9455		83.8411
1352		14.146		87.4551
1353		13.6143		91.9858
1354		10.8084		96.2735
1355		6.25714		99.7957
1356		0.199615		102.258
1357		-7.28668		103.143
1358		-15.8312		101.588
1359		-24.3697		96.7284
1360		-31.1431		88.3209
1361		-34.2049		77.2449
1362		-32.2238		65.5447
1363		-25.1781		55.8955
1364		-14.5729		50.7034
1365		-3.04059		51.2376
1366		6.50342		57.1868
1367		11.7802		66.8072
1368		11.7616		77.5522
1369		6.78593		86.8702
1370		-1.7625		92.8334
1371		-11.9752		94.4194
1372		-21.8736		91.4726
1373		-29.6701		84.5276
1374		-33.8734		74.6687
1375		-33.3863		63.4897
1376		-27.7153		53.0554
1377		-17.2711		45.7054
1378		-3.59467		43.6072
1379		10.7082		48.1199
1380		22.4429		59.2104
1381		28.6451		75.2032
1382		27.472		93.0504
1383		18.8294		109.097
1384		4.4729		120.096
1385		-12.4722		124.124
1386		-28.4028		121.083
1387		-40.2336		112.649
1388		-46.1913		101.731
1389		-46.2062		91.6354
1390		-41.8517		85.1964
1391		-35.8966		84.0452
1392		-31.5861		88.171
1393		-31.7752		95.842
1394		-38.0714		103.948
1395		-50.1808		108.775
1396		-65.7042		107.118
1397		-80.5892		97.4622
1398		-90.2767		80.8348
1399		-91.2916		60.8743
1400		-82.7417		42.8925
1401		-67.0622		32.0733
1402		-49.5164		31.3989
1403		-36.4197		40.1628
1404		-32.6426		53.8366
1405		-39.3906		65.5757
1406		-53.3005		68.9392
1407		-67.4484		60.7632
1408		-74.0552		42.9119
1409		-67.879		21.983
1410		-48.8363		6.867
1411		-22.6039		5.0396
1412		1.26611		19.1103
1413		13.1027		45.1776
1414		7.25243		73.8549
1415		-15.1598		93.7151
1416		-46.1115		95.842
1417		-73.3903		77.6373
1418		-85.1356		44.2848
1419		-74.4319		7.20724
1420		-42.13		-19.9265
1421		3.20975		-26.0982
1422		48.1954		-6.87149
1423		79.1665		34.0844
1424		86.7082		86.3313
1425		68.5197		136.218
1426		29.7718		171.259
1427		-18.932		183.795
1428		-65.0612		172.818
1429		-97.8452		143.644
1430		-111.011		105.831
1431		-103.951		70.2335
1432		-81.2881		46.1135
1433		-51.2299		39.0213
1434		-23.2926		49.7648
1435		-5.94739		74.5238
1436		-4.63062		105.96
1437		-20.4634		135.082
1438		-49.9558		153.535
1439		-85.8512		155.834
1440		-119.051		140.978
1441		-141.219		112.872
1442		-147.346		79.2666
1443		-137.407		49.372
1444		-116.407		30.8322
1445		-92.6705		27.1197
1446		-74.8534		36.3603
1447		-68.7782		52.129
1448		-75.3164		65.9963
1449		-90.2059		70.8556
1450		-105.908		63.6976
1451		-114.758		46.6873
1452		-112.086		26.1037
1453		-98.0156		9.61987
1454		-77.1902		3.11517
1455		-56.6375		8.39835
1456		-42.7653		22.7803
1457		-38.8474		40.58
1458		-44.0798		55.7711
1459		-54.5049		64.4974
1460		-65.23		66.319
1461		-72.7799		63.7197
1462		-76.4377		60.2758
1463		-77.9951		58.5209
1464		-80.17		58.642
1465		-84.6304		58.6523
1466		-90.7413		55.8926
1467		-95.7422		48.986
1468		-96.2905		39.1371
1469		-90.5497		29.9814
1470		-79.6826		25.9749
1471		-67.8694		30.0789
1472		-60.7109		41.9245
1473		-62.7042		57.4474
1474		-74.9903		70.2916
1475		-94.4846		74.409
1476		-114.872		66.683
1477		-129.056		48.3684
1478		-131.976		24.6862
1479		-122.549		2.77881
1480		-103.916		-11.0257
1481		-82.0118		-13.4309
1482		-63.2115		-4.98096
1483		-52.1645		10.695
1484		-50.6974		28.6219
1485		-58.0267		44.2413
1486		-71.8229		54.3997
1487		-89.3154		57.3492
1488		-107.765		52.1696
1489		-124.199		38.368
1490		-134.902		16.1986
1491		-135.469		-12.3256
1492		-121.935		-42.4273
1493		-92.8308		-66.5355
1494		-51.2545		-75.8951
1495		-5.66046		-63.6555
1496		31.582		-28.3339
1497		47.8864		23.9817
1498		35.2627		80.0977
1499		-5.69153		123.258
1500		-64.534		138.81
1501		-123.433		119.922
1502		-162.812		71.0013
1503		-168.24		7.1709
1504		-135.953		-50.2983
1505		-74.775		-81.0856
1506		-3.57922		-72.8471
1507		54.8536		-25.5512
1508		81.3203		48.4536
1509		66.3129		128.567
1510		12.6811		192.622
1511		-65.8529		223.668
1512		-149.457		214.558
1513		-218.311		169.084
1514		-257.937		99.7754
1515		-262.249		23.5831
1516		-233.833		-42.8566
1517		-182.033		-86.9586
1518		-119.9		-102.193
1519		-61.0846		-88.4071
1520		-17.3294		-50.9533
1521		3.26703		0.806885
1522		-2.70721		55.285
1523		-33.5292		100.624
1524		-82.5659		126.783
1525		-139.354		127.552
1526		-191.601		102.04
1527		-227.861		55.1096
1528		-240.237		-3.59869
1529		-226.302		-61.9633
1530		-189.58		-108.397
1531		-138.371		-134.652
1532		-83.3403		-137.545
1533		-34.7082		-119.119
1534		0.047821		-85.3875
1535		17.3391		-44.2664
1536		17.3611		-3.51306
1537		3.11304		30.7056
1538		-20.8576		54.3976
1539		-49.4764		65.6804
1540		-77.7464		64.4697
1541		-101.07		52.2579
1542		-115.583		32.0458
1543		-118.697		8.23987
1544		-109.785		-13.7828
1545		-90.713		-28.5901
1546		-65.8328		-31.9707
1547		-41.2228		-22.1703
1548		-23.2669		-0.603333
1549		-16.9774		28.3012
1550		-24.5975		58.1519
1551		-44.9553		82.2523
1552		-73.7666		95.3539
1553		-104.781		95.0009
1554		-131.427		82.1117
1555		-148.502		60.6828
1556		-153.516		36.7161
1557		-147.357		16.6259
1558		-134.114		5.47095
1559		-120.019		5.42603
1560		-111.668		14.9253
1561		-113.899		28.8418
1562		-127.93		39.8617
1563		-150.456		40.8367
1564		-174.226		27.4701
1565		-190.216		0.390808
1566		-190.833		-34.327
1567		-173.091		-66.6899
1568		-140.452		-86.0999
1569		-102.369		-85.3913
1570		-71.3942		-64.0468
1571		-58.6982		-29.1771
1572		-69.6362		6.39343
1573		-101.147		28.4581
1574		-142.174		26.6669
1575		-177.164		-1.31946
1576		-191.457		-48.4291
1577		-176.602		-100.177
1578		-133.598		-139.397
1579		-72.874		-151.994
1580		-11.0344		-131.664
1581		34.4021		-81.9454
1582		50.4003		-15.0504
1583		32.1694		51.9451
1584		-15.7603		102.129
1585		-81.1929		123.361
1586		-147.853		111.203
1587		-199.693		69.6163
1588		-224.753		9.57471
1589		-217.785		-53.7954
1590		-181.271		-104.792
1591		-124.791		-130.716
1592		-62.9027		-124.836
1593		-11.8574		-88.1712
1594		14.3112		-29.6064
1595		7.50273		35.9272
1596		-31.936		91.0645
1597		-94.8243		120.654
1598		-165.325		116.171
1599		-225.313		78.4354
1600		-259.705		17.5643
1601		-261.017		-50.0518
1602		-231.529		-106.86
1603		-182.224		-139.613
1604		-128.865		-143.26
1605		-86.6458		-121.909
1606		-65.4067		-86.6137
1607		-67.1018		-50.9803
1608		-86.2767		-26.38
1609		-113.072		-18.5635
1610		-137.336		-26.7895
1611		-152.137		-45.4411
1612		-155.412		-67.1367
1613		-149.417		-85.8563
1614		-138.605		-98.8285
1615		-127.092		-106.637
1616		-116.859		-111.845
1617		-107.322		-117.02
1618		-96.2023		-123.102
1619		-81.0939		-128.78
1620		-60.9845		-130.951
1621		-37.1429		-125.936
1622		-13.1601		-110.938
1623		5.76379		-85.28
1624		14.0547		-51.1523
1625		7.28259		-13.7449
1626		-16.2614		19.3511
1627		-54.2328		39.5606
1628		-99.6014		39.5388
1629		-141.267		15.8517
1630		-166.295		-28.6288
1631		-163.65		-83.6743
1632		-128.539		-132.964
1633		-65.8581		-158.014
1634		8.92944		-144.067
1635		72.6058		-86.2087
1636		100.55		6.66843
1637		75.0094		112.052
1638		-7.47485		198.962
1639		-132.42		237.041
1640		-269.501		206.854
1641		-380.446		107.821
1642		-430.6		-39.3347
1643		-400.487		-197.085
1644		-293.342		-321.575
1645		-135.756		-375.965
1646		29.2015		-342.305
1647		154.45		-227.958
1648		203.085		-64.2737
1649		159.776		102.224
1650		35.7263		223.468
1651		-134.375		264.066
1652		-302.458		211.74
1653		-421.108		80.8674
1654		-457.295		-91.851
1655		-401.75		-258.167
1656		-271.339		-372.26
1657		-103.899		-403.814
1658		52.8689		-346.458
1659		155.176		-219.269
1660		175.652		-60.9697
1661		111.049		81.4399
1662		-17.0326		166.388
1663		-168.611		169.839
1664		-297.161		92.3219
1665		-363.451		-41.2273
1666		-347.327		-188.851
1667		-253.956		-304.135
1668		-112.518		-350.29
1669		32.3833		-311.551
1670		134.158		-198.374
1671		158.521		-44.7249
1672		94.2811		101.858
1673		-42.7198		194.528
1674		-213.829		201.416
1675		-368.766		115.611
1676		-460.461		-42.2236
1677		-459.103		-229.407
1678		-361.259		-393.348
1679		-191.383		-486.635
1680		4.66916		-480.749
1681		172.235		-374.523
1682		262.983		-195.018
1683		248.439		9.34962
1684		128.271		181.56
1685		-68.8532		271.227
1686		-292.081		248.38
1687		-481.212		112.214
1688		-582.409		-107.529
1689		-562.864		-357.147
1690		-420.608		-572.196
1691		-186.662		-694.277
1692		81.5468		-687.216
1693		314.381		-548.246
1694		448.523		-310.743
1695		445.041		-37.0495
1696		301.823		197.411
1697		56.307		324.88
1698		-223.051		305.179
1699		-454.941		138.837
1700		-568.221		-130.972
1701		-523.209		-429.003
1702		-324.715		-668.548
1703		-22.4469		-776.357
1704		301.86		-714.538
1705		557.19		-492.746
1706		669.338		-166.73
1707		602.651		176.58
1708		370.988		443.256
1709		34.6202		558.827
1710		-316.04		489.436
1711		-585.223		251.7
1712		-698.118		-91.3646
1713		-621.505		-447.125
1714		-373.147		-718.15
1715		-17.5601		-828.389
1716		350.678		-743.829
1717		631.737		-482.216
1718		747.083		-109.262
1719		660.917		277.922
1720		390.773		576.121
1721		4.14963		703.691
1722		-398.483		623.283
1723		-710.287		353.255
1724		-847.38		-35.9607
1725		-772.749		-440.222
1726		-507.642		-750.245
1727		-126.55		-882.501
1728		263.413		-803.431
1729		553.095		-539.492
1730		662.937		-169.633
1731		566.037		197.876
1732		295.525		457.347
1733		-66.0333		536.584
1734		-411.847		417.337
1735		-642.777		139.239
1736		-696.023		-213.571
1737		-562.068		-538.474
1738		-285.318		-744.754
1739		50.935		-779.103
1740		349.95		-639.128
1741		529.427		-371.721
1742		543.87		-57.7795
1743		395.665		211.614
1744		132.656		360.59
1745		-166.287		348.734
1746		-413.382		181.281
1747		-535.839		-92.8801
1748		-495.582		-394.549
1749		-299.931		-635.516
1750		-0.481735		-742.575
1751		319.887		-678.188
1752		568.992		-452.266
1753		670.916		-121.377
1754		588.308		225.2
1755		334.854		489.489
1756		-26.3495		592.581
1757		-398.91		498.175
1758		-679.69		224.622
1759		-788.274		-158.665
1760		-690.545		-549.884
1761		-409.132		-843.285
1762		-17.493		-958.958
1763		380.56		-865.117
1764		679.631		-586.484
1765		801.29		-196.794
1766		714.383		201.784
1767		442.003		505.98
1768		54.1234		637.81
1769		-351.181		563.37
1770		-672.475		300.005
1771		-829.432		-88.9588
1772		-781.588		-509.906
1773		-537.639		-861.133
1774		-153.632		-1056.73
1775		279.564		-1047.16
1776		657.155		-832.076
1777		885.528		-462.08
1778		906.042		-28.2092
1779		711.533		359.468
1780		350.535		599.604
1781		-83.0765		626.813
1782		-473.461		430.768
1783		-713.538		61.0482
1784		-734.663		-384.612
1785		-526.491		-786.099
1786		-140.85		-1033.7
1787		321.924		-1058.42
1788		740.332		-851.038
1789		1004.83		-464.351
1790		1047.2		1.58783
1791		858.075		426.758
1792		488.418		703.014
1793		35.1372		761.844
1794		-384.49		591.123
1795		-662.736		237.26
1796		-728.224		-207.077
1797		-563.463		-626.211
1798		-209.324		-910.075
1799		244.47		-981.644
1800		680.87		-816.886
1801		984.414		-452.303
1802		1070.96		22.4207
1803		910.8		485.808
1804		538.722		815.498
1805		47.1682		921.067
1806		-436.736		769.768
1807		-784.933		397.394
1808		-903.775		-99.7917
1809		-760.674		-590.569
1810		-393.873		-944.806
1811		97.9208		-1069.59
1812		583.149		-934.772
1813		934.035		-580.4
1814		1061.4		-104.364
1815		937.7		365.71
1816		602.329		707.575
1817		148.645		836.42
1818		-302.542		725.393
1819		-635.127		410.039
1820		-766.887		-23.2842
1821		-668.74		-460.944
1822		-370.172		-791.092
1823		49.5821		-931.186
1824		481.997		-847.785
1825		816.433		-564.347
1826		967.829		-155.257
1827		898.438		272.762
1828		628.111		607.822
1829		229.969		762.18
1830		-188.219		696.108
1831		-512.695		429.5
1832		-654.923		37.3218
1833		-576.498		-370.564
1834		-300.281		-679.874
1835		95.8743		-803.983
1836		501.16		-708.137
1837		803.093		-418.68
1838		918.743		-14.8094
1839		816.867		394.264
1840		525.034		699.63
1841		120.565		821.656
1842		-291.231		729.868
1843		-604.922		449.218
1844		-741.454		52.1951
1845		-667.061		-360.232
1846		-400.75		-683.711
1847		-9.36362		-835.786
1848		408.342		-775.956
1849		745.178		-516.271
1850		911.724		-119.913
1851		859.499		312.644
1852		595.354		667.623
1853		182.614		847.052
1854		-272.731		795.825
1855		-648.522		519.032
1856		-839.265		83.665
1857		-786.273		-397.132
1858		-495.994		-793.873
1859		-40.3442		-996.509
1860		461.779		-945.719
1861		876.808		-650.292
1862		1093.25		-185.325
1863		1052.14		328.142
1864		762.73		755.879
1865		299.411		986.113
1866		-218.361		958.322
1867		-657.065		678.052
1868		-902.689		214.872
1869		-888.688		-315.095
1870		-612.233		-777.295
1871		-135.606		-1050.95
1872		427.364		-1058.4
1873		937.102		-785.282
1874		1261.26		-286.71
1875		1307.88		322.795
1876		1050.85		894.85
1877		540.475		1283.29
1878		-105.188		1382.47
1879		-727.955		1157.41
1880		-1169.96		656.609
1881		-1316.35		2.2372
1882		-1127.77		-640.86
1883		-652.506		-1109.22
1884		-14.0327		-1285.21
1885		622.773		-1128.66
1886		1096.57		-686.381
1887		1292.32		-77.3185
1888		1169.62		541.418
1889		769.516		1016.83
1890		199.497		1238.4
1891		-397.143		1162.67
1892		-878.156		819.256
1893		-1135.62		299.003
1894		-1118.46		-270.669
1895		-840.718		-756.417
1896		-375.512		-1048.8
1897		162.987		-1085.75
1898		645.715		-865.708
1899		958.211		-447.966
1900		1027.78		60.5447
1901		842.16		530.299
1902		454.377		841.381
1903		-29.2846		915.284
1904		-476.61		737.379
1905		-765.754		362.496
1906		-820.215		-99.5896
1907		-631.464		-515.639
1908		-261.386		-768.283
1909		176.926		-790.806
1910		554.142		-586.052
1911		764.002		-223.375
1912		754.164		184.899
1913		538.974		519.098
1914		191.181		687.858
1915		-183.215		652.621
1916		-477.618		434.494
1917		-614.363		103.442
1918		-562.998		-244.72
1919		-343.983		-515.316
1920		-19.3177		-638.128
1921		325.274		-582.142
1922		601.206		-360.193
1923		736.549		-24.4535
1924		691.333		345.214
1925		466.838		657.96
1926		107.415		831.516
1927		-306.439		811.835
1928		-674.059		588.818
1929		-897.866		203.514
1930		-909.244		-257.074
1931		-690.08		-678.595
1932		-282.683		-948.139
1933		216.744		-985.831
1934		681.057		-769.721
1935		985.966		-345.525
1936		1044.94		182.879
1937		834.544		680.2
1938		402.38		1016.11
1939		-144.95		1100.5
1940		-669.973		907.531
1941		-1040.3		481.961
1942		-1162.28		-73.0496
1943		-1003.75		-622.534
1944		-600.852		-1033.13
1945		-48.4497		-1204.94
1946		522.808		-1094.7
1947		977.023		-725.719
1948		1204.58		-182.78
1949		1148.07		406.694
1950		817.1		901.691
1951		287.969		1180.96
1952		-312.496		1173.34
1953		-836.614		877.422
1954		-1152.57		364.603
1955		-1179.12		-236.683
1956		-908.531		-772.877
1957		-410.671		-1105.43
1958		184.229		-1148.27
1959		719.894		-891.619
1960		1056.08		-405.011
1961		1106.33		181.697
1962		860.645		713.829
1963		386.828		1053.56
1964		-189.207		1115.97
1965		-717.952		889.791
1966		-1065.63		438.068
1967		-1147.84		-120.251
1968		-949.233		-642.014
1969		-525.442		-996.186
1970		12.3321		-1095.91
1971		525.537		-919.095
1972		882.476		-513.251
1973		990.688		16.1869
1974		820.191		531.482
1975		412.019		896.538
1976		-130.532		1011.44
1977		-666.707		839.158
1978		-1053.78		417.089
1979		-1184.55		-150.405
1980		-1016.91		-717.707
1981		-586.884		-1135.72
1982		-0.760254		-1291.72
1983		592.11		-1140.23
1984		1038.67		-715.906
1985		1222.69		-124.804
1986		1095.26		483.529
1987		686.998		955.137
1988		99.2501		1171.03
1989		-522.53		1076.52
1990		-1025.51		693.432
1991		-1286.64		113.321
1992		-1241.3		-525.711
1993		-897.474		-1072.07
1994		-332.96		-1395.8
1995		322.775		-1418.18
1996		918.027		-1129.68
1997		1313.24		-592.749
1998		1413.22		71.3579
1999		1190.17		709.481
2000		691.921		1171.74
2001		32.5185		1347.35
2002		-633.603		1192.44
2003		-1148.54		742.339
2004		-1389.93		104.27
2005		-1301.95		-568.54
2006		-909.61		-1115.09
2007		-312.227		-1407.17
2008		342.407		-1381.21
2009		896.075		-1053.05
2010		1219.95		-511.85
2011		1245.58		104.516
2012		979.46		645.252
2013		498.203		983.988
2014		-73.044		1048.22
2015		-592.719		834.28
2016		-937.166		405.302
2017		-1029.2		-126.198
2018		-854.884		-626.448
2019		-465.41		-972.632
2020		36.0984		-1082.14
2021		519.848		-932.439
2022		861.361		-566.884
2023		972.956		-84.5777
2024		827.056		384.174
2025		464.864		711.497
2026		-12.8998		806.421
2027		-471.904		640.829
2028		-780.573		259.067
2029		-847.121		-232.513
2030		-646.561		-694.032
2031		-229.361		-991.009
2032		291.326		-1032.64
2033		770.576		-798.223
2034		1071.94		-343.936
2035		1105.46		211.987
2036		852.674		721.255
2037		371.936		1045.48
2038		-216.922		1093.03
2039		-763.832		843.029
2040		-1127		350.842
2041		-1208.75		-265.686
2042		-980.099		-855.213
2043		-488.493		-1269.75
2044		152.593		-1400.73
2045		789.804		-1206.04
2046		1265.89		-721.911
2047		1457.6		-56.554
2048		1306.77		633.558
2049		837.031		1180.06
2050		151.225		1443.64
2051		-590.959		1349.68
2052		-1210.68		909.329
2053		-1554.17		219.577
2054		-1532.13		-558.605
2055		-1143.85		-1239.37
2056		-478.928		-1658.47
2057		304.376		-1714.85
2058		1018.54		-1396.3
2059		1493.74		-782.283
2060		1619.81		-23.4438
2061		1372.59		696.454
2062		818.243		1205.97
2063		95.4201		1387.16
2064		-619.6		1202.63
2065		-1155.57		702.589
2066		-1386.48		11.1389
2067		-1260.19		-704.058
2068		-809.543		-1271.47
2069		-144.01		-1555.67
2070		576.08		-1488.86
2071		1176.98		-1087.02
2072		1512.55		-446.997
2073		1499.66		275.43
2074		1139.65		902.113
2075		520.025		1275.72
2076		-204.955		1299.43
2077		-851.205		962.975
2078		-1250.72		347.816
2079		-1295.08		-391.131
2080		-965.081		-1063.37
2081		-338.086		-1491.24
2082		429.69		-1556.3
2083		1141.91		-1231.48
2084		1612.17		-589.954
2085		1712.36		211.81
2086		1406.66		972.929
2087		762.129		1498.82
2088		-66.8365		1650.87
2089		-876.439		1382.3
2090		-1464.18		751.15
2091		-1679.64		-92.8975
2092		-1462.79		-944.77
2093		-860.033		-1594.37
2094		-14.128		-1878.78
2095		870.092		-1723.37
2096		1575.85		-1161.5
2097		1928.25		-327.538
2098		1838.41		575.509
2099		1326.55		1326.1
2100		517.731		1739.53
2101		-388.936		1714.56
2102		-1170.29		1259.08
2103		-1635.37		488.007
2104		-1673.48		-406.23
2105		-1281.38		-1202.95
2106		-562.696		-1709.25
2107		300.015		-1808.11
2108		1092.86		-1486.23
2109		1625.03		-834.701
2110		1775.85		-23.3329
2111		1522.67		744.163
2112		943.215		1281.87
2113		192.859		1467.04
2114		-536.396		1268.16
2115		-1064.42		749.501
2116		-1266.74		52.1799
2117		-1103.34		-642.855
2118		-626.052		-1160.28
2119		36.41		-1373.3
2120		711.702		-1233.85
2121		1227.14		-783.186
2122		1452.59		-140.627
2123		1332.67		526.882
2124		900.379		1046.91
2125		268.735		1285.18
2126		-397.824		1179.88
2127		-925.34		757.819
2128		-1175.05		128.029
2129		-1079.48		-545.849
2130		-660.32		-1087.57
2131		-23.432		-1353.85
2132		668.161		-1271.61
2133		1236.09		-857.126
2134		1532.44		-212.079
2135		1477.62		502.328
2136		1080.54		1106.33
2137		436.282		1446.9
2138		-297.905		1435.99
2139		-941.695		1072.11
2140		-1336.06		440.529
2141		-1381.98		-307.742
2142		-1064.31		-992.483
2143		-455.471		-1447.57
2144		301.564		-1560.72
2145		1027.02		-1300.58
2146		1546.83		-724.823
2147		1734.15		32.6023
2148		1540.33		792.478
2149		1007.82		1372.59
2150		261.487		1631.65
2151		-520.125		1504.32
2152		-1147.4		1018.66
2153		-1466.07		291.018
2154		-1396.08		-501.159
2155		-952.791		-1162.45
2156		-244.646		-1528.12
2157		552.827		-1505.98
2158		1240.57		-1100.54
2159		1646.21		-412.759
2160		1668		384.896
2161		1301.09		1091.93
2162		639.065		1530.76
2163		-149.671		1592.03
2164		-864.769		1262.5
2165		-1324.94		628.444
2166		-1414.16		-146.287
2167		-1111.22		-861.973
2168		-495.259		-1333.82
2169		274.126		-1439.07
2170		997.222		-1148.47
2171		1484.84		-534.277
2172		1606.58		247.41
2173		1324.63		995.673
2174		704.414		1515.53
2175		-100.898		1667.74
2176		-888.265		1405.05
2177		-1455.89		785.469
2178		-1654.63		-41.0326
2179		-1426.65		-869.474
2180		-821.225		-1491.2
2181		16.5289		-1746.63
2182		881.3		-1566.01
2183		1558.67		-987.595
2184		1878.6		-148.736
2185		1757.85		747.844
2186		1220.6		1483.96
2187		392.542		1879.42
2188		-529.935		1835.75
2189		-1327.39		1359.64
2190		-1809.99		560.844
2191		-1862.52		-374.548
2192		-1471.06		-1228.57
2193		-725.589		-1802.75
2194		201.744		-1964.41
2195		1097.24		-1677.08
2196		1755.56		-1008.4
2197		2027.32		-113.797
2198		1853.46		800.055
2199		1278.52		1523.6
2200		439.625		1893.24
2201		-466.081		1829.36
2202		-1228.17		1354.44
2203		-1672.65		586.947
2204		-1702.8		-287.541
2205		-1321.36		-1061.19
2206		-628.694		-1553.74
2207		202.605		-1655.25
2208		970.15		-1351.38
2209		1490.9		-725.328
2210		1644.84		63.917
2211		1402.79		821.145
2212		831.853		1362.61
2213		77.6042		1560.12
2214		-672.21		1371.14
2215		-1233.6		847.867
2216		-1470.81		123.626
2217		-1328.9		-620.155
2218		-846.746		-1198.32
2219		-147.511		-1467.3
2220		591.417		-1360.56
2221		1181.96		-905.645
2222		1472.14		-218.268
2223		1384.71		525.533
2224		937.909		1132.93
2225		242.535		1443.07
2226		-524.642		1368.81
2227		-1165		920.595
2228		-1508.85		205.592
2229		-1459.78		-598.203
2230		-1020.78		-1286.8
2231		-294.816		-1682.5
2232		540.477		-1679.95
2233		1277.83		-1273.76
2234		1733.13		-560.367
2235		1792.21		286.334
2236		1439.57		1059.08
2237		761.689		1569.4
2238		-75.3745		1694.47
2239		-867.981		1406.71
2240		-1425.49		779.31
2241		-1616.66		-33.2582
2242		-1400.47		-834.148
2243		-834.45		-1432.54
2244		-58.8649		-1689.49
2245		738.603		-1550.32
2246		1368.88		-1055.98
2247		1686.87		-331.247
2248		1625.34		447.06
2249		1209.34		1093.74
2250		547.949		1460.03
2251		-194.161		1468.59
2252		-838.084		1130.33
2253		-1234.52		539.18
2254		-1299.16		-153.366
2255		-1031.01		-777.052
2256		-509.659		-1185.05
2257		127.183		-1288.85
2258		719.53		-1077.45
2259		1124.87		-616.917
2260		1251.94		-31.1279
2261		1080.64		530.401
2262		664.013		929.426
2263		112.945		1071.55
2264		-432.129		927.22
2265		-835.245		536.883
2266		-996.883		-0.0460091
2267		-876.879		-549.476
2268		-503.479		-974.48
2269		33.2557		-1167.67
2270		602.296		-1076.97
2271		1062.32		-719.031
2272		1295.58		-176.738
2273		1237.23		419.033
2274		892.959		919.996
2275		340.095		1196.53
2276		-289.032		1170.64
2277		-838.173		837.403
2278		-1165.53		268.821
2279		-1179.88		-401.639
2280		-865.093		-1010.62
2281		-286.298		-1404.91
2282		424.293		-1479.91
2283		1098.7		-1206.62
2284		1573.87		-640.108
2285		1731.56		92.6053
2286		1527.52		822.481
2287		1002.87		1378.64
2288		274.946		1629.08
2289		-489.922		1512.19
2290		-1115.32		1051.67
2291		-1456.01		351.426
2292		-1432.06		-428.299
2293		-1047.84		-1108.01
2294		-391.403		-1530.83
2295		385.655		-1599.25
2296		1103.55		-1298.31
2297		1596.54		-699.331
2298		1752.08		56.8745
2299		1537.45		793.44
2300		1007.18		1339.67
2301		289.325		1571.67
2302		-445.868		1441.28
2303		-1027.25		986.387
2304		-1323.47		320.181
2305		-1273.18		-397.512
2306		-897.597		-999.244
2307		-292.953		-1349.5
2308		394.395		-1375.25
2309		1003.59		-1080.75
2310		1396.77		-543.961
2311		1489.86		103.731
2312		1270.07		708.953
2313		796.972		1131.69
2314		187.52		1276.74
2315		-411.298		1114.66
2316		-856.23		688.033
2317		-1040.69		101.559
2318		-919.732		-501.864
2319		-521.283		-974.333
2320		59.3565		-1198.05
2321		681.214		-1114.25
2322		1191.06		-738.751
2323		1460.83		-159.568
2324		1419.84		483.43
2325		1073.44		1032.43
2326		502.784		1350.77
2327		-154.524		1357.29
2328		-738.217		1046.95
2329		-1104.93		492.33
2330		-1163.37		-174.134
2331		-896.371		-792.578
2332		-364.544		-1214.27
2333		308.686		-1336.81
2334		966.494		-1127.74
2335		1455.14		-631.504
2336		1659.03		41.1094
2337		1526.79		738.089
2338		1082.9		1300.17
2339		422.938		1596.29
2340		-306.72		1553.29
2341		-940.63		1173.4
2342		-1331.05		535.79
2343		-1382.1		-219.151
2344		-1073.57		-920.046
2345		-468.252		-1403.37
2346		299.994		-1552.27
2347		1055.83		-1325.94
2348		1623.47		-771.631
2349		1869.28		-15.3374
2350		1735.26		767.52
2351		1254.1		1394.53
2352		541.656		1721.09
2353		-231.773		1675.91
2354		-883.821		1277.81
2355		-1264.93		629.547
2356		-1294.03		-109.228
2357		-976.136		-762.44
2358		-397.963		-1180.59
2359		296.18		-1275.35
2360		941.214		-1037.68
2361		1391.05		-536.026
2362		1551.59		103.582
2363		1399.68		729.583
2364		984.733		1200.89
2365		413.84		1418.46
2366		-175.229		1345.69
2367		-646.529		1014.04
2368		-896.654		513.16
2369		-877.161		-31.3801
2370		-604.105		-487.929
2371		-152.846		-749.298
2372		360.621		-757.372
2373		807.622		-516.196
2374		1077.71		-90.4386
2375		1105.31		410.621
2376		885.599		859.975
2377		475.672		1144.28
2378		-19.651		1192.1
2379		-473.991		991.865
2380		-771.136		594.963
2381		-834.375		103
2382		-645.988		-357.616
2383		-251.977		-667.379
2384		249.154		-743.697
2385		730.703		-561.717
2386		1069.02		-160.855
2387		1174.01		364.449
2388		1011.41		887.37
2389		611.669		1279.15
2390		63.3051		1440.04
2391		-507.48		1323.51
2392		-966.178		948.033
2393		-1201.54		393.789
2394		-1152.11		-214.986
2395		-821.566		-738.179
2396		-279.335		-1052.15
2397		354.117		-1078.95
2398		934.17		-805.665
2399		1325.31		-289.022
2400		1433.18		356.186
2401		1227.85		982.771
2402		752.433		1445.29
2403		114.342		1634.72
2404		-539.146		1505.33
2405		-1055.7		1086.68
2406		-1314.74		477.585
2407		-1257.07		-177.221
2408		-899.809		-722.117
2409		-332.418		-1028.71
2410		305.306		-1027.43
2411		857.917		-724.48
2412		1192.89		-199.774
2413		1233.25		413.596
2414		975.997		963.084
2415		491.745		1314.9
2416		-94.0147		1387
2417		-633.136		1168.65
2418		-992.159		721.849
2419		-1085.36		164.583
2420		-895.39		-359.564
2421		-476.584		-717.725
2422		59.5982		-820.903
2423		573.177		-645.842
2424		931.118		-240.322
2425		1040.84		289.301
2426		873.493		805.177
2427		471.181		1172.91
2428		-63.6443		1295.68
2429		-594.082		1138.88
2430		-983.457		739.156
2431		-1130.02		195.266
2432		-992.796		-356.733
2433		-602.037		-777.796
2434		-51.5783		-960.818
2435		524.745		-857.287
2436		986.457		-488.995
2437		1220.97		57.8682
2438		1170.63		654.337
2439		845.823		1160.2
2440		321.494		1457.41
2441		-281.514		1477.35
2442		-825.154		1215.79
2443		-1185.96		732.753
2444		-1282.61		137.932
2445		-1093.51		-434.454
2446		-660.858		-855.632
2447		-80.905		-1030.55
2448		517.349		-918.624
2449		1000.47		-542.635
2450		1259.93		16.025
2451		1236.32		635.005
2452		932.924		1177.92
2453		415.557		1524.86
2454		-201.88		1599.63
2455		-783.08		1387.35
2456		-1200.53		937.993
2457		-1364.84		354.779
2458		-1245.17		-230.038
2459		-875.669		-686.084
2460		-346.474		-914.987
2461		218.282		-872.379
2462		689.938		-576.691
2463		964.912		-103.032
2464		987.487		435.812
2465		760.765		916.291
2466		343.853		1232.38
2467		-163.444		1318.82
2468		-644.452		1164.41
2469		-992.427		812.773
2470		-1134.38		350.937
2471		-1046.8		-111.57
2472		-759.981		-468.371
2473		-349.932		-640.891
2474		80.2834		-596.395
2475		425.582		-355.115
2476		604.356		15.4339
2477		578.176		417.747
2478		360.641		749.068
2479		13.004		927.293
2480		-372.329		911.313
2481		-696.047		710.469
2482		-877.406		380.776
2483		-874.163		9.23264
2484		-691.923		-309.238
2485		-380.935		-495.88
2486		-21.8475		-506.962
2487		295.238		-342.998
2488		492.806		-46.7668
2489		523.688		308.504
2490		380.829		637.25
2491		97.5471		861.441
2492		-261.019		927.868
2493		-612.947		819.454
2494		-877.735		558.658
2495		-994.021		202.509
2496		-933.307		-169.718
2497		-706.832		-473.842
2498		-363.881		-639.674
2499		18.563		-627.404
2500		352.946		-437.574
2501		561.384		-111.873
2502		594.204		275.903
2503		442.09		636.906
2504		138.546		888.222
2505		-248.092		972.487
2506		-631.095		871.165
2507		-925.923		608.198
2508		-1069.73		243.413
2509		-1035.05		-142.273
2510		-834.693		-465.844
2511		-517.307		-660.724
2512		-155.287		-690.711
2513		171.879		-556.658
2514		394.998		-294.973
2515		469.751		31.2792
2516		385.716		346.627
2517		168.123		579.894
2518		-128.033		680.002
2519		-430.551		627.573
2520		-666.795		439.557
2521		-781.073		165.428
2522		-748.443		-124.697
2523		-581.213		-357.514
2524		-325.989		-475.319
2525		-51.5993		-451.104
2526		169.164		-295.666
2527		279.041		-54.4906
2528		251.569		204.858
2529		97.7936		411.338
2530		-137.424		509.72
2531		-388.252		475.15
2532		-586.067		319.085
2533		-677.808		85.3287
2534		-639.573		-162.347
2535		-482.149		-357.29
2536		-247.517		-447.18
2537		2.32404		-407.076
2538		201.126		-245.383
2539		294.848		-1.63806
2540		255.007		263.114
2541		85.9375		481.027
2542		-175.664		593.907
2543		-468.932		567.675
2544		-723.052		401.403
2545		-874.365		128.568
2546		-882.302		-190.132
2547		-740.104		-480.994
2548		-477.377		-675.248
2549		-153.517		-726.199
2550		156.544		-621.097
2551		380.655		-384.538
2552		467.083		-72.4719
2553		396.903		241.558
2554		188.095		484.251
2555		-109.402		599.869
2556		-426.067		562.809
2557		-689.264		382.699
2558		-839.766		101.267
2559		-844.638		-217.817
2560		-703.93		-503.542
2561		-450.051		-693.335
2562		-140.204		-746.745
2563		156.464		-654.247
2564		374.387		-439.338
2565		466.519		-153.283
2566		415.358		136.614
2567		237.294		362.819
2568		-21.1414		473.868
2569		-294.606		447.076
2570		-515.28		294.185
2571		-630.051		58.2068
2572		-613.925		-197.919
2573		-475.984		-407.849
2574		-256.287		-518.999
2575		-14.7296		-505.694
2576		184.857		-374.878
2577		290.95		-163.266
2578		276.713		72.8018
2579		145.722		271.747
2580		-69.7678		381.602
2581		-316.986		371.935
2582		-534.968		240.57
2583		-668.302		14.1239
2584		-679.644		-257.459
2585		-558.712		-511.331
2586		-325.994		-685.361
2587		-29.9886		-732.563
2588		262.158		-633.37
2589		479.423		-402.648
2590		564.24		-88.9278
2591		488.238		235.105
2592		261.856		489.48
2593		-65.6366		607.332
2594		-416.766		553.326
2595		-704.973		334.561
2596		-857.201		0.253906
2597		-833.515		-370.275
2598		-637.912		-688.129
2599		-317.126		-878.023
2600		52.1482		-897.444
2601		383.639		-746.472
2602		603.508		-465.974
2603		667.852		-125.372
2604		571.429		195.911
2605		346.166		427.959
2606		50.9105		525.85
2607		-244.081		477.87
2608		-473.73		305.472
2609		-592.035		55.9906
2610		-580.701		-209.531
2611		-451.314		-430.47
2612		-241.149		-559.826
2613		-3.72991		-573.979
2614		203.86		-477.127
2615		334.296		-299.457
2616		361.018		-89.2839
2617		284.24		99.2043
2618		130.265		219.705
2619		-55.9379		245.531
2620		-223.092		176.069
2621		-327.524		36.1068
2622		-344.713		-131.82
2623		-275.191		-279.771
2624		-143.263		-367.792
2625		10.815		-374.462
2626		142.613		-301.778
2627		215.723		-173.395
2628		211.003		-27.2239
2629		130.716		95.1451
2630		-3.00699		159.192
2631		-154.416		145.775
2632		-283.188		55.3337
2633		-354.066		-92.5317
2634		-345.07		-263.677
2635		-252.742		-417.121
2636		-93.4588		-514.316
2637		99.5728		-528.199
2638		283.256		-450.141
2639		414.315		-293.072
2640		459.778		-89.6536
2641		405.696		114.57
2642		261.676		271.792
2643		59.6253		343.84
2644		-153.415		312.21
2645		-326.72		183.35
2646		-418.648		-12.4669
2647		-407.246		-228.552
2648		-295.758		-413.539
2649		-111.575		-524.249
2650		100.978		-536.238
2651		291.942		-449.35
2652		418.071		-287.039
2653		453.095		-89.9218
2654		393.482		94.5983
2655		258.54		223.986
2656		85.055		270.714
2657		-82.1531		228.57
2658		-201.475		113.731
2659		-244.921		-39.6802
2660		-205.158		-188.56
2661		-97.3104		-292.214
2662		45.1443		-323.333
2663		179.585		-275.584
2664		266.256		-165.536
2665		279.781		-28.101
2666		216.816		93.515
2667		97.3627		160.554
2668		-40.8465		150.422
2669		-153.393		63.7766
2670		-202.387		-75.2444
2671		-167.865		-225.788
2672		-53.9628		-342.012
2673		111.913		-386.238
2674		286.523		-339.705
2675		422.535		-207.935
2676		481.164		-19.4688
2677		442.327		181.389
2678		309.86		345.641
2679		110.783		431.593
2680		-110.886		414.916
2681		-304.159		294.645
2682		-422.681		93.9293
2683		-435.465		-144.538
2684		-334.508		-367.552
2685		-137.582		-523.121
2686		114.694		-572.508
2687		367.244		-499.863
2688		562.845		-316.994
2689		655.663		-61.6992
2690		622.652		210.406
2691		469.732		438.868
2692		230.825		572.997
2693		-40.2581		584.253
2694		-283.032		473.021
2695		-445.104		267.957
2696		-494.513		18.1982
2697		-426.448		-219.24
2698		-262.886		-393.323
2699		-45.7371		-470.457
2700		174.195		-440.879
2701		349.334		-318.935
2702		445.549		-137.891
2703		448.393		58.8813
2704		364.553		227.991
2705		218.799		335.171
2706		47.5388		361.839
2707		-109.526		308.096
2708		-218.028		191.846
2709		-256.254		44.2809
2710		-219.731		-97.4292
2711		-122.036		-198.848
2712		8.58731		-236.535
2713		136.273		-203.852
2714		226.718		-112.679
2715		256.204		9.6678
2716		217.998		127.746
2717		124.212		207.652
2718		2.47292		226.381
2719		-111.769		178.208
2720		-185.104		76.2373
2721		-195.402		-51.2932
2722		-137.833		-168.831
2723		-26.0816		-243.195
2724		111.425		-252.428
2725		239.077		-191.499
2726		323.31		-73.5164
2727		341.114		73.673
2728		285.745		214.449
2729		168.401		314.162
2730		15.5684		347.54
2731		-137.238		304.829
2732		-253.884		194.258
2733		-306.209		40.2638
2734		-280.81		-122.159
2735		-182.347		-255.701
2736		-32.5197		-329.615
2737		135.134		-327.043
2738		283.336		-248.917
2739		380.021		-113.424
2740		405.815		48.8034
2741		358.124		202.439
2742		250.867		316.028
2743		110.159		369.096
2744		-32.7048		356.049
2745		-148.911		286.111
2746		-218.436		179.702
2747		-233.56		62.5505
2748		-199.058		-40.7295
2749		-129.459		-111.957
2750		-44.4423		-142.503
2751		36.3026		-133.791
2752		97.4977		-95.4329
2753		131.08		-41.7387
2754		136.942		12.4165
2755		121.661		55.3504
2756		95.678		81.0927
2757		69.7456		90.1138
2758		51.6159		88.1538
2759		43.909		83.5448
2760		43.7809		83.8662
2761		44.4841		93.011
2762		38.2942		109.65
2763		19.7931		127.634
2764		-11.6578		138.214
2765		-51.154		133.298
2766		-89.4792		108.579
2767		-115.892		65.4248
2768		-121.47		10.8944
2769		-101.871		-44.0583
2770		-58.6415		-87.5002
2771		1.19203		-109.542
2772		66.9094		-104.571
2773		126.535		-72.2216
2774		169.176		-17.1217
2775		186.792		52.1911
2776		175.277		124.719
2777		135.012		188.538
2778		71.027		232.39
2779		-7.25494		247.405
2780		-86.9259		228.915
2781		-153.409		178.047
2782		-193.177		102.483
2783		-196.922		15.8088
2784		-162.31		-64.8426
2785		-95.3257		-122.52
2786		-9.49899		-144.629
2787		77.0272		-126.293
2788		145.872		-71.7687
2789		182.951		6.6104
2790		181.802		91.6663
2791		144.735		165.771
2792		81.6038		215.043
2793		6.77374		232.175
2794		-64.6582		217.258
2795		-120.237		176.709
2796		-152.324		120.918
2797		-158.786		61.4954
2798		-142.412		8.83859
2799		-109.513		-29.538
2800		-68.1942		-49.8201
2801		-26.6589		-51.9555
2802		8.26366		-39.1064
2803		32.2123		-16.6216
2804		43.8655		9.34256
2805		44.8347		33.3328
2806		38.8196		51.9
2807		30.1771		64.2887
2808		22.3127		72.2279
2809		16.4544		78.8156
2810		11.3177		86.8601
2811		3.8595		97.316
2812		-9.1185		108.485
2813		-29.1426		116.382
2814		-54.7934		116.204
2815		-81.5703		104.358
2816		-103.04		80.242
2817		-112.885		47.0521
2818		-107.108		11.2333
2819		-85.5592		-19.2471
2820		-52.2506		-37.2119
2821		-14.3416		-38.3693
2822		19.8198		-22.5098
2823		42.9398		6.528
2824		50.6056		42.0274
2825		42.2014		76.2668
2826		20.741		102.503
2827		-8.23153		116.52
2828		-38.2888		117.365
2829		-63.839		107.172
2830		-81.4586		90.1583
2831		-90.4913		71.1247
2832		-92.7637		53.9005
2833		-91.5008		40.2054
2834		-89.7776		29.3257
2835		-89.0424		18.7667
2836		-88.2878		5.7103
2837		-84.2791		-11.2268
2838		-72.8938		-30.6429
2839		-51.1574		-48.0573
2840		-19.2144		-56.9774
2841		18.6242		-51.1009
2842		54.3415		-26.9153
2843		78.2235		14.2967
2844		81.8198		65.908
2845		60.8422		117.202
2846		16.9471		156.109
2847		-42.2619		172.521
2848		-105.017		161.091
2849		-158.32		122.626
2850		-191.043		63.7649
2851		-196.277		-4.76837
2852		-172.405		-70.5999
2853		-122.947		-122.063
2854		-55.567		-149.972
2855		19.2412		-148.717
2856		89.4855		-116.887
2857		143.038		-57.649
2858		169.22		21.0984
2859		160.734		107.089
2860		115.712		184.996
2861		39.2892		238.918
2862		-56.112		255.831
2863		-152.389		229.191
2864		-229.302		161.556
2865		-269.245		65.1224
2866		-261.951		-40.353
2867		-207.655		-131.939
2868		-117.621		-189.116
2869		-11.7194		-198.969
2870		86.3131		-159.504
2871		154.635		-80.1433
2872		178.488		20.6505
2873		153.509		119.898
2874		86.4354		195.512
2875		-6.76979		231.262
2876		-104.762		220.179
2877		-185.651		165.82
2878		-231.784		81.2301
2879		-233.51		-14.0434
2880		-191.231		-98.2911
2881		-115.318		-152.459
2882		-23.8394		-164.479
2883		61.5215		-132.152
2884		120.534		-63.8257
2885		139.343		23.4428
2886		113.985		107.96
2887		51.5186		168.777
2888		-31.6702		191.025
2889		-114.023		169.762
2890		-174.376		111.258
2891		-197.435		31.3356
2892		-177.689		-48.7906
2893		-120.739		-108.023
2894		-41.7471		-130.777
2895		38.508		-110.872
2896		98.8978		-53.0019
2897		123.191		28.5029
2898		104.036		113.208
2899		44.7874		179.538
2900		-41.2014		209.984
2901		-133.637		195.4
2902		-210.023		137.386
2903		-251.021		48.1933
2904		-245.226		-51.9082
2905		-192.182		-139.286
2906		-102.846		-192.579
2907		2.73241		-197.956
2908		100.04		-152.678
2909		165.942		-65.9975
2910		184.264		42.8862
2911		149.708		149.313
2912		69.1249		228.959
2913		-40.1335		263.482
2914		-154.272		244.648
2915		-248.48		176.036
2916		-302.41		72.0626
2917		-304.509		-45.3206
2918		-254.354		-151.424
2919		-162.62		-224.066
2920		-48.768		-248.226
2921		63.0539		-219.221
2922		149.123		-143.76
2923		191.268		-38.6314
2924		180.944		72.8464
2925		121.301		165.955
2926		26.6163		220.216
2927		-80.927		224.202
2928		-176.467		178.273
2929		-238.434		94.4303
2930		-253.719		-6.74809
2931		-220.644		-101.31
2932		-148.977		-167.856
2933		-57.0512		-192.593
2934		33.087		-172.221
2935		101.124		-114.052
2936		133.079		-33.5733
2937		124.029		49.6771
2938		78.5381		116.77
2939		8.99868		153.475
2940		-67.5113		153.027
2941		-133.089		117.2
2942		-172.844		55.6509
2943		-178.074		-16.2756
2944		-148.225		-80.9232
2945		-91.2038		-122.346
2946		-21.768		-130.203
2947		41.8727		-102.609
2948		82.6549		-47.042
2949		89.3455		21.2105
2950		59.9595		82.947
2951		2.73172		120.363
2952		-65.8902		122.272
2953		-125.817		87.581
2954		-159.145		25.8315
2955		-155.438		-45.4632
2956		-114.781		-105.888
2957		-47.6916		-138.005
2958		28.0199		-132.209
2959		92.3304		-89.1628
2960		128.422		-19.2544
2961		126.872		60.4944
2962		87.625		130.964
2963		19.527		175.576
2964		-62.1227		183.923
2965		-139.169		153.769
2966		-194.491		91.2625
2967		-215.493		9.57207
2968		-196.694		-73.7369
2969		-141.071		-140.184
2970		-59.8347		-174.237
2971		29.5038		-166.901
2972		106.682		-118.237
2973		153.274		-38.0015
2974		157.312		56.0635
2975		116.659		142.183
2976		40.0271		199.875
2977		-54.8761		215.244
2978		-145.722		184.684
2979		-211.268		115.85
2980		-236.753		25.5871
2981		-217.45		-64.531
2982		-159.454		-133.722
2983		-77.6624		-166.983
2984		8.24101		-158.286
2985		78.6022		-111.388
2986		118.144		-38.3538
2987		118.972		43.5359
2988		81.8419		115.659
2989		15.6837		161.907
2990		-64.3463		171.927
2991		-139.956		143.286
2992		-193.513		82.2131
2993		-211.97		2.62769
2994		-190.173		-76.6094
2995		-132.653		-135.923
2996		-53.1961		-159.915
2997		28.1049		-141.688
2998		89.8236		-85.2761
2999		115.006		-5.19543
3000		96.1341		77.0454
3001		37.6572		138.691
3002		-44.8367		162.125
3003		-128.725		139.991
3004		-190.584		77.4548
3005		-212.712		-9.08794
3006		-188.051		-96.4836
3007		-122.09		-161.122
3008		-31.3334		-185.255
3009		61.1335		-161.603
3010		131.661		-95.1159
3011		162.01		-1.57565
3012		143.813		96.4317
3013		80.5228		175.078
3014		-13.49		215.025
3015		-116.37		206.004
3016		-203.925		149.264
3017		-255.298		57.3294
3018		-257.9		-48.8458
3019		-210.445		-144.74
3020		-123.358		-208.016
3021		-16.3771		-223.816
3022		86.0825		-188.301
3023		160.714		-109.526
3024		190.796		-5.44829
3025		170.006		100.424
3026		103.658		184.605
3027		7.15598		229.004
3028		-97.815		224.829
3029		-188.337		174.19
3030		-245.306		89.2198
3031		-257.381		-10.9148
3032		-223.117		-104.301
3033		-150.99		-170.945
3034		-57.4329		-196.908
3035		36.6805		-177.167
3036		110.462		-116.691
3037		147.533		-29.4752
3038		139.744		64.4022
3039		89.2286		143.22
3040		8.17297		188.67
3041		-83.8679		190.362
3042		-164.633		148.564
3043		-214.72		74.3316
3044		-222.59		-13.2114
3045		-187.602		-91.8005
3046		-120.14		-141.882
3047		-38.7561		-151.741
3048		34.8864		-120.462
3049		81.8255		-57.9057
3050		90.7213		18.2208
3051		60.5702		87.2798
3052		0.581074		131.188
3053		-72.593		138.988
3054		-139.39		109.373
3055		-182.38		50.6799
3056		-190.558		-21.494
3057		-161.908		-88.33
3058		-103.745		-132.474
3059		-30.8442		-142.28
3060		38.1863		-114.659
3061		85.4466		-55.9122
3062		98.1812		19.686
3063		72.0622		93.2805
3064		12.474		146.056
3065		-66.6022		163.994
3066		-145.936		141.549
3067		-205.84		83.2405
3068		-231.188		2.67303
3069		-215.325		-80.838
3070		-161.792		-147.144
3071		-83.4093		-180.353
3072		1.0238		-172.766
3073		71.4857		-126.653
3074		111.666		-53.4686
3075		112.811		29.1727
3076		75.5771		101.908
3077		9.55379		148.264
3078		-69.3078		158.417
3079		-142.632		131.24
3080		-193.967		74.2609
3081		-212.541		1.63261
3082		-195.605		-69.3729
3083		-148.845		-122.523
3084		-84.7997		-146.466
3085		-19.638		-137.349
3086		30.9217		-99.5484
3087		55.5245		-44.331
3088		49.9137		13.2426
3089		17.7536		58.3361
3090		-30.6678		80.1876
3091		-81.459		74.7311
3092		-120.977		45.3049
3093		-139.404		1.33524
3094		-133.083		-44.518
3095		-105.061		-79.8621
3096		-63.8636		-95.7269
3097		-21.005		-88.6004
3098		12.019		-60.9707
3099		26.4867		-20.4375
3100		18.3976		22.2444
3101		-10.676		55.6858
3102		-53.896		70.4546
3103		-100.535		61.3094
3104		-138.234		28.6851
3105		-155.822		-20.9097
3106		-146.218		-75.8513
3107		-108.753		-121.761
3108		-50.1843		-144.954
3109		16.1589		-136.257
3110		73.2118		-94.1342
3111		104.504		-26.0624
3112		98.884		52.5507
3113		54.2237		121.913
3114		-21.1543		163.042
3115		-110.001		163.165
3116		-190.363		119.688
3117		-241.395		41.451
3118		-249.078		-53.2111
3119		-210.2		-141.106
3120		-133.426		-200.22
3121		-37.191		-215.468
3122		54.9647		-182.596
3123		120.319		-109.269
3124		142.606		-13.1537
3125		115.981		82.4238
3126		46.4307		154.126
3127		-49.6357		184.207
3128		-149.243		164.79
3129		-228.267		99.8764
3130		-267.219		4.58333
3131		-256.076		-98.2717
3132		-196.989		-183.566
3133		-104.112		-230.051
3134		-0.409836		-225.823
3135		87.9326		-171.66
3136		138.17		-81.2083
3137		137.031		22.2147
3138		84.4482		111.495
3139		-6.13062		162.8
3140		-111.045		161.939
3141		-202.521		108.267
3142		-255.945		15.006
3143		-256.33		-94.0963
3144		-202.269		-190.874
3145		-106.35		-249.966
3146		7.99795		-255.276
3147		112.364		-204.046
3148		180.385		-107.592
3149		194.234		11.3838
3150		149.033		124.212
3151		54.1979		203.097
3152		-68.5745		227.801
3153		-190.232		190.664
3154		-281.133		98.7589
3155		-318.141		-27.3563
3156		-290.407		-158.146
3157		-202.429		-261.922
3158		-73.5039		-312.46
3159		66.4439		-295.584
3160		183.805		-213.035
3161		249.381		-82.5665
3162		245.64		65.9279
3163		171.299		197.371
3164		41.9988		279.891
3165		-113.121		292.572
3166		-258.181		230.651
3167		-358.987		106.894
3168		-391.131		-51.1771
3169		-345.846		-207.545
3170		-232.262		-325.977
3171		-75.561		-378.44
3172		88.5809		-351.738
3173		222.059		-250.878
3174		293.15		-98.3259
3175		284.101		70.79
3176		195.723		216.592
3177		47.7748		303.791
3178		-125.166		310.312
3179		-281.603		233.087
3180		-383.065		89.4243
3181		-403.704		-86.6372
3182		-337.103		-252.318
3183		-198.388		-366.592
3184		-20.9128		-400.556
3185		151.82		-344.958
3186		277.004		-212.837
3187		323.363		-36.4805
3188		279.141		140.587
3189		155.147		274.523
3190		-17.9334		332.176
3191		-197.24		299.369
3192		-338.454		184.36
3193		-406.792		15.6963
3194		-385.534		-164.948
3195		-280.04		-313.086
3196		-116.307		-392.334
3197		65.4703		-383.259
3198		220.754		-288.055
3199		311.525		-129.956
3200		315.531		52.4475
3201		231.711		214.619
3202		80.4694		316.931
3203		-101.271		334.358
3204		-269.074		262.627
3205		-381.856		119.309
3206		-411.969		-60.4421
3207		-352.011		-232.482
3208		-216.671		-354.492
3209		-39.1543		-396.361
3210		136.93		-347.567
3211		268.225		-219.773
3212		322.213		-44.008
3213		285.157		136.866
3214		165.497		278.547
3215		-8.1148		346.062
3216		-193.667		322.313
3217		-345.901		212.366
3218		-427.301		42.4188
3219		-417.33		-146.353
3220		-317.668		-307.68
3221		-152.128		-401.481
3222		38.8758		-403.843
3223		208.05		-313.204
3224		312.857		-151.116
3225		326.193		42.7342
3226		243.416		220.142
3227		83.8552		336.313
3228		-113.664		361.118
3229		-300.266		286.836
3230		-429.085		130.359
3231		-466.942		-70.7157
3232		-402.708		-267.152
3233		-250.282		-410.068
3234		-45.4768		-462.892
3235		162.418		-410.399
3236		322.356		-262.675
3237		393.753		-53.0955
3238		356.38		169.219
3239		215.616		350.753
3240		1.81232		446.204
3241		-236.198		429.481
3242		-442.129		300.538
3243		-565.424		86.3062
3244		-573.606		-164.739
3245		-460.844		-393.42
3246		-250.472		-543.79
3247		9.51244		-576.953
3248		257.243		-481.333
3249		431.748		-276.623
3250		488.147		-10.0695
3251		409.432		254.354
3252		211.625		451.427
3253		-59.2638		531.023
3254		-338.019		471.094
3255		-556.164		283.868
3256		-659.098		13.4678
3257		-620.045		-274.604
3258		-447.18		-509.543
3259		-182.059		-632.88
3260		110.353		-613.215
3261		357.592		-454.328
3262		497.615		-194.621
3263		494.295		102.044
3264		346.644		361.871
3265		89.4645		519.259
3266		-214.808		533.106
3267		-491.141		397.273
3268		-670.235		142.605
3269		-705.696		-170.118
3270		-585.841		-464.677
3271		-337.157		-667.929
3272		-18.4451		-727.87
3273		293.06		-626.794
3274		520.325		-386.27
3275		605.398		-62.5746
3276		523.94		266.421
3277		291.799		519.837
3278		-38.0661		633.404
3279		-387.699		575.38
3280		-672.493		354.903
3281		-821.462		20.6493
3282		-794.639		-350.002
3283		-593.407		-668.904
3284		-261.173		-858.049
3285		125.981		-868.551
3286		476.713		-693.154
3287		705.962		-369.099
3288		755.595		29.6237
3289		609.159		409.115
3290		296.971		677.715
3291		-110.012		768.249
3292		-516.409		654.911
3293		-825.028		360.451
3294		-960.439		-48.3766
3295		-887.694		-476.275
3296		-621.395		-822.151
3297		-222.715		-1003.59
3298		215.056		-976.969
3299		588.912		-748.238
3300		810.967		-371.544
3301		829.588		63.8126
3302		641.669		454.923
3303		293.11		709.957
3304		-132.472		769.997
3305		-533.963		622.794
3306		-816.946		305.251
3307		-916.057		-105.807
3308		-810.235		-512.266
3309		-527.303		-818.258
3310		-136.883		-952.982
3311		266.607		-887.392
3312		586.819		-640.81
3313		748.695		-275.863
3314		716.452		117.037
3315		501.951		441.905
3316		161.384		620.681
3317		-218.92		612.212
3318		-544.043		422.024
3319		-734.003		100.463
3320		-743.366		-270.249
3321		-572.093		-596.745
3322		-264.992		-797.746
3323		99.8978		-823.999
3324		430.952		-670.026
3325		645.621		-374.96
3326		690.536		-12.4988
3327		554.238		327.363
3328		269.656		560.269
3329		-94.0372		627.828
3330		-448.117		511.615
3331		-705.516		237.651
3332		-801.642		-129.566
3333		-709.999		-502.086
3334		-449.011		-789.179
3335		-78.383		-918.933
3336		314.329		-855.828
3337		634.043		-610.075
3338		800.784		-236.33
3339		769.331		178.261
3340		541.098		534.175
3341		165.093		743.213
3342		-272.617		750.159
3343		-668.778		547.033
3344		-927.537		176.214
3345		-983.844		-278.669
3346		-819.852		-712.12
3347		-470.113		-1021.91
3348		-14.0661		-1133.84
3349		442.543		-1020.04
3350		792.879		-706.198
3351		954.759		-265.844
3352		890.602		197.066
3353		616.666		573.039
3354		199.269		773.382
3355		-261.148		751.572
3356		-654.234		514.423
3357		-886.343		120.322
3358		-903.073		-335.024
3359		-702.226		-741.862
3360		-334.08		-1003
3361		111.077		-1057.27
3362		525.064		-894.133
3363		808.171		-555.986
3364		893.362		-127.55
3365		762.469		284.921
3366		450.489		579.64
3367		36.9725		684.167
3368		-373.417		573.211
3369		-676.531		275.029
3370		-794.421		-135.167
3371		-694.889		-553.341
3372		-400.106		-872.084
3373		18.0034		-1007.35
3374		454.779		-919.958
3375		798.408		-626.488
3376		957.975		-196.486
3377		887.08		263.732
3378		596.887		637.073
3379		154.939		825.203
3380		-330.467		774.19
3381		-736.8		489.516
3382		-958.193		36.2627
3383		-932.829		-475.988
3384		-659.642		-919.986
3385		-199.82		-1182.65
3386		337.504		-1193.76
3387		821.821		-944.176
3388		1133.38		-488.872
3389		1192.82		65.9733
3390		980.841		588.478
3391		543.342		952.829
3392		-19.2609		1069.54
3393		-575.661		906.972
3394		-994.567		499.135
3395		-1175.58		-61.9145
3396		-1072.94		-647.22
3397		-706.641		-1120.73
3398		-158.407		-1370.96
3399		446.691		-1337.25
3400		968.956		-1024.56
3401		1286.62		-503.115
3402		1324.7		107.323
3403		1073.27		665.113
3404		590.51		1040.11
3405		-10.5379		1144.73
3406		-588.56		955.17
3407		-1007.69		517.401
3408		-1170.1		-63.7535
3409		-1039.42		-649.798
3410		-649.294		-1101.9
3411		-94.8964		-1314.17
3412		490.235		-1238.73
3413		966.381		-896.681
3414		1220.95		-372.526
3415		1195.01		206.384
3416		896.939		700.291
3417		400.236		990.178
3418		-173.941		1005.97
3419		-685.345		743.351
3420		-1007.9		265.322
3421		-1060.08		-312.053
3422		-825.282		-846.722
3423		-357.207		-1204.59
3424		231.571		-1292.51
3425		795.802		-1082.36
3426		1192.71		-619.872
3427		1317.76		-15.3951
3428		1132.11		581.97
3429		674.266		1020.9
3430		52.4678		1186.07
3431		-581		1028.28
3432		-1067.34		578.402
3433		-1281.19		-58.9162
3434		-1162.66		-730.292
3435		-733.154		-1271.32
3436		-90.8699		-1547.29
3437		612.866		-1486.56
3438		1210.35		-1098.34
3439		1558.09		-470.7
3440		1571.35		250.638
3441		1244.28		897.047
3442		651.208		1316.98
3443		-71.0399		1411.6
3444		-755.294		1157.79
3445		-1243.09		613.402
3446		-1421.52		-96.4126
3447		-1249.3		-808.379
3448		-766.214		-1359.11
3449		-83.5438		-1623.01
3450		642.054		-1541.25
3451		1245.23		-1135.03
3452		1590.42		-499.989
3453		1603.07		216.804
3454		1286.13		851.666
3455		718.217		1262.57
3456		34.0054		1361.71
3457		-608.056		1134.7
3458		-1062.88		642.407
3459		-1231.94		5.11412
3460		-1084.88		-626.5
3461		-665.035		-1106.78
3462		-77.8809		-1328.59
3463		534.505		-1247.32
3464		1026.99		-890.347
3465		1285.34		-349.683
3466		1252.82		240.15
3467		943.507		734.296
3468		438.886		1012.38
3469		-131.717		1007.91
3470		-622.629		724.997
3471		-907.977		238.103
3472		-913.658		-325.891
3473		-636.928		-819.228
3474		-148.199		-1110.87
3475		425.982		-1120.6
3476		934.831		-840.641
3477		1242.1		-338.821
3478		1261.67		257.818
3479		980.653		795.024
3480		463.786		1130.7
3481		-161.975		1171.49
3482		-738.838		897.318
3483		-1117.53		367.529
3484		-1194.8		-292.624
3485		-939.826		-921.912
3486		-403.228		-1362.11
3487		293.567		-1496.73
3488		986.115		-1280.27
3489		1505.58		-751.127
3490		1719.29		-24.7517
3491		1563.8		731.763
3492		1062.43		1338.18
3493		322.592		1644.11
3494		-487.221		1566.32
3495		-1176.12		1111.18
3496		-1576.35		376.069
3497		-1584.77		-471.392
3498		-1189.82		-1232.11
3499		-476.756		-1723.17
3500		390.893		-1822.78
3501		1209.62		-1501.14
3502		1784.79		-829.176
3503		1978.04		37.3583
3504		1741.41		894.836
3505		1129.55		1540.67
3506		287.104		1822.27
3507		-585.972		1673.98
3508		-1282.43		1133.09
3509		-1637.65		330.978
3510		-1569.41		-538.501
3511		-1097.78		-1265.73
3512		-340.502		-1676.07
3513		515.451		-1672.43
3514		1259.26		-1259.23
3515		1707.93		-541.787
3516		1751.64		299.159
3517		1381.49		1051.82
3518		692.463		1526.04
3519		-139.587		1601.22
3520		-901.562		1257.29
3521		-1396.68		580.744
3522		-1494.54		-256.236
3523		-1164.94		-1038.64
3524		-486.6		-1562.73
3525		371.452		-1687.92
3526		1191.61		-1373.17
3527		1762		-688.743
3528		1929.99		199.751
3529		1641.56		1071.42
3530		956.702		1704.38
3531		36.7926		1931.24
3532		-893.357		1682.1
3533		-1599.94		1004.37
3534		-1898.1		54.0946
3535		-1699.3		-939.835
3536		-1036.16		-1730.51
3537		-57.8849		-2113.93
3538		1003.41		-1981.09
3539		1888.17		-1347.9
3540		2373.37		-354.568
3541		2328.94		766.069
3542		1752.35		1744.43
3543		771.761		2340.43
3544		-383.517		2403.48
3545		-1438.32		1910.97
3546		-2138.92		975.121
3547		-2315.38		-183.585
3548		-1923.38		-1289.73
3549		-1055.16		-2079.77
3550		82.8139		-2365.71
3551		1219.72		-2080.17
3552		2085.46		-1292.24
3553		2475.16		-190.585
3554		2297.95		961.829
3555		1598.43		1890.59
3556		546.026		2375.4
3557		-605.476		2302.94
3558		-1578.84		1694.47
3559		-2140.5		701.186
3560		-2157.75		-432.089
3561		-1631.96		-1426.69
3562		-698.838		-2039.07
3563		404.964		-2121.9
3564		1401.22		-1661.39
3565		2040.69		-780.944
3566		2166.68		290.581
3567		1754.78		1277.92
3568		918.21		1930.46
3569		-122.6		2086.44
3570		-1098.06		1713.44
3571		-1759.28		914.789
3572		-1941.39		-99.1924
3573		-1603.83		-1066.64
3574		-838.264		-1741.32
3575		157.049		-1954.13
3576		1128.62		-1653.75
3577		1831.28		-917.244
3578		2088.22		70.642
3579		1833.24		1063.76
3580		1126.04		1814.63
3581		137.448		2134.23
3582		-891.506		1937.76
3583		-1707.32		1265.81
3584		-2105.23		275.982
3585		-1979.73		-793.635
3586		-1352.1		-1681.22
3587		-367.684		-2165.08
3588		737.544		-2119.22
3589		1693.79		-1546.52
3590		2264.13		-580.304
3591		2304.22		546.982
3592		1799.62		1560.78
3593		870.498		2212.84
3594		-257.869		2343.47
3595		-1311.26		1921.39
3596		-2034.88		1051.04
3597		-2256.27		-54.2671
3598		-1926.9		-1125.98
3599		-1132.4		-1906.76
3600		-69.8502		-2212.94
3601		1001.72		-1977.85
3602		1824.64		-1266.16
3603		2204.58		-256.485
3604		2056.41		802.833
3605		1423.75		1654.09
3606		467.634		2092.44
3607		-572.838		2015.49
3608		-1438.88		1448.39
3609		-1915.79		538.197
3610		-1886.79		-481.992
3611		-1363.32		-1350.98
3612		-483.471		-1845.73
3613		522.091		-1839.18
3614		1388.99		-1334.39
3615		1887.98		-465.238
3616		1885.78		537.498
3617		1381.27		1406.31
3618		506.981		1907.75
3619		-505.243		1904.78
3620		-1385.27		1393.84
3621		-1896.24		506.491
3622		-1897.36		-524.821
3623		-1381.41		-1427.58
3624		-477.154		-1960.44
3625		583.561		-1976.21
3626		1525.25		-1460.42
3627		2099.3		-535.922
3628		2147.67		567.344
3629		1643.96		1569.67
3630		701.66		2211.65
3631		-452.411		2319.79
3632		-1533.26		1851.39
3633		-2268.08		907.514
3634		-2464.74		-289.655
3635		-2061.31		-1450.13
3636		-1143.93		-2287.37
3637		72.1891		-2589.97
3638		1294.54		-2275.66
3639		2225.4		-1413.52
3640		2636.03		-208.279
3641		2424.14		1049.76
3642		1639.67		2056.58
3643		472.302		2569.77
3644		-795.932		2468.04
3645		-1860.71		1780.02
3646		-2470.06		675.547
3647		-2484.86		-577.707
3648		-1910.61		-1680.66
3649		-893.336		-2375.42
3650		318.225		-2506.31
3651		1434.24		-2054.96
3652		2193.77		-1141.75
3653		2426.35		5.63615
3654		2090.87		1108.7
3655		1283.04		1905.65
3656		210.011		2213.95
3657		-861.422		1973.14
3658		-1670.56		1257.68
3659		-2026.54		256.782
3660		-1854.44		-773.863
3661		-1212.3		-1576.54
3662		-274.778		-1956.12
3663		712.578		-1828.31
3664		1496.66		-1239.44
3665		1881.4		-352.587
3666		1776.99		595.971
3667		1221.09		1358.52
3668		367.135		1739.58
3669		-556.97		1645.22
3670		-1308.28		1105.44
3671		-1691.09		264.797
3672		-1606.17		-655.822
3673		-1075.06		-1416.03
3674		-233.762		-1816.9
3675		701.877		-1751.12
3676		1490.55		-1230.12
3677		1926.16		-381.856
3678		1890.13		580.4
3679		1382.54		1410.76
3680		524.104		1892.48
3681		-472.161		1893.67
3682		-1353.35		1402.76
3683		-1890.61		534.141
3684		-1938.62		-498.448
3685		-1474.85		-1435.11
3686		-607.709		-2036.23
3687		449.556		-2145.05
3688		1433.06		-1729.34
3689		2096.52		-890.679
3690		2275.24		161.635
3691		1928.55		1165.18
3692		1149.24		1872.72
3693		137.775		2115.69
3694		-851.266		1845.92
3695		-1575.54		1144.94
3696		-1866.18		199.535
3697		-1668.1		-749.061
3698		-1049.68		-1467.92
3699		-180.688		-1790.49
3700		714.329		-1655.47
3701		1414.44		-1117.56
3702		1757.18		-328.691
3703		1676.46		504.079
3704		1214.81		1172.73
3705		508.028		1520.45
3706		-253.083		1478.95
3707		-873.412		1082.13
3708		-1203.68		453.097
3709		-1177.12		-231.192
3710		-823.574		-788.341
3711		-257.738		-1078.79
3712		354.828		-1041.24
3713		844.245		-705.958
3714		1082.54		-182.82
3715		1016.85		371.984
3716		680.806		800.752
3717		181.655		987.805
3718		-332.47		889.678
3719		-715.167		544.114
3720		-862.088		56.2934
3721		-737.912		-432.823
3722		-383.278		-786.479
3723		99.1711		-909.159
3724		574.764		-770.883
3725		914.012		-413.019
3726		1026.93		64.9803
3727		885.701		533.543
3728		530.447		867.827
3729		57.1821		980.31
3730		-408.32		842.933
3731		-743.822		493.414
3732		-862.437		24.4361
3733		-734.799		-441.311
3734		-395.908		-783.626
3735		65.0555		-916.224
3736		529.142		-808.731
3737		879.554		-493.38
3738		1032.28		-54.7615
3739		957.006		394.217
3740		682.799		743.138
3741		287.482		912.79
3742		-125.496		873.894
3743		-455.52		651.211
3744		-630.302		312.977
3745		-621.647		-50.1372
3746		-448.215		-349.743
3747		-166.071		-521.085
3748		148.871		-535.9
3749		420.854		-404.786
3750		591.45		-170.207
3751		630.407		106.602
3752		538.947		360.856
3753		346.24		538.111
3754		100.865		604.467
3755		-140.543		551.888
3756		-325.348		398.305
3757		-415.684		182.744
3758		-396.103		-43.6842
3759		-276.478		-229.357
3760		-89.2439		-333.968
3761		118.757		-337.79
3762		298.045		-245.862
3763		408.849		-85.7399
3764		430.546		100.647
3765		365.476		268.634
3766		236.222		382.366
3767		77.5785		422.787
3768		-73.7947		389.98
3769		-188.578		299.888
3770		-250.166		177.369
3771		-255.326		48.5335
3772		-211.12		-64.9797
3773		-130.289		-148.49
3774		-27.3057		-193.867
3775		83.6114		-197.755
3776		188.673		-160.156
3777		274.037		-84.3745
3778		326.101		21.8723
3779		333.324		145.316
3780		289.297		267.329
3781		195.817		366.227
3782		64.5028		421.455
3783		-84.0715		418.445
3784		-223.77		352.617
3785		-327.947		231.262
3786		-374.821		72.8282
3787		-351.903		-96.0674
3788		-258.716		-245.129
3789		-107.556		-345.505
3790		77.6891		-374.895
3791		264.575		-322.122
3792		416.986		-190.564
3793		501.622		0.413788
3794		495.329		217
3795		391.746		416.115
3796		205.243		553.951
3797		-29.7184		596.318
3798		-264.683		528.121
3799		-447.892		358.967
3800		-537.03		122.621
3801		-510.402		-130.192
3802		-373.074		-343.975
3803		-155.946		-472.292
3804		92.0859		-489.213
3805		316.569		-395.148
3806		470.877		-215.617
3807		526.819		6.26797
3808		479.872		221.12
3809		348.221		385.064
3810		166.589		469.031
3811		-23.0172		463.642
3812		-181.091		379.186
3813		-278.741		241.387
3814		-302.672		84.3762
3815		-256.394		-57.3552
3816		-157.777		-156.332
3817		-33.7266		-197.335
3818		86.7448		-179.479
3819		179.379		-114.786
3820		229.777		-23.6954
3821		235.439		71.1452
3822		204.318		150.957
3823		150.573		204.903
3824		89.176		231.025
3825		31.4011		234.064
3826		-17.2161		221.457
3827		-56.015		199.424
3828		-86.3121		170.942
3829		-108.275		136.327
3830		-119.387		95.8146
3831		-115.434		52.4413
3832		-93.5559		13.3178
3833		-55.6571		-11.8156
3834		-10.1358		-14.4301
3835		29.4803		8.2392
3836		48.92		50.2356
3837		38.9623		97.3057
3838		0.146545		131.078
3839		-55.8654		135.659
3840		-109.24		104.118
3841		-138.441		42.2099
3842		-127.941		-32.3339
3843		-74.3407		-94.8905
3844		11.3387		-121.749
3845		106.06		-97.9955
3846		181.078		-22.9214
3847		210.188		88.694
3848		177.474		209.706
3849		82.4849		307.197
3850		-58.4398		350.796
3851		-214.969		320.749
3852		-349.154		213.901
3853		-424.142		46.1783
3854		-413.495		-149.285
3855		-309.024		-328.459
3856		-125.023		-446.281
3857		102.768		-468.075
3858		324.032		-379.694
3859		485.556		-193.304
3860		544.969		53.4547
3861		482.745		305.506
3862		308.691		503.868
3863		60.543		601.027
3864		-205.294		573.611
3865		-428.323		428.515
3866		-559.503		200.626
3867		-573.192		-56.9595
3868		-472.202		-287.047
3869		-285.064		-442.424
3870		-57.0506		-496.032
3871		161.809		-444.991
3872		328.153		-308.426
3873		413.452		-120.757
3874		407.739		77.0206
3875		319.186		245.797
3876		170.635		355.095
3877		-5.66019		387.529
3878		-174.161		340.924
3879		-302.385		228.141
3880		-366.86		74.5004
3881		-357.781		-87.154
3882		-281.234		-223.309
3883		-157.99		-307.315
3884		-18.6163		-325.745
3885		104.218		-281.634
3886		184.242		-193.346
3887		208.388		-89.1306
3888		179.758		1.09705
3889		115.83		54.254
3890		42.5453		60.2515
3891		-13.7778		24.0475
3892		-34.1497		-36.7839
3893		-12.0349		-97.9377
3894		45.3365		-135.776
3895		119.478		-134.119
3896		186.013		-88.7715
3897		221.398		-8.86256
3898		209.44		85.1044
3899		146.227		166.042
3900		42.392		206.994
3901		-78.0089		188.504
3902		-182.208		105.019
3903		-236.471		-31.4095
3904		-215.387		-191.655
3905		-110.382		-334.953
3906		65.2018		-418.565
3907		276.599		-409.529
3908		474.401		-295.222
3909		606.426		-89.3747
3910		631.68		168.809
3911		532.421		422.805
3912		320.68		612.325
3913		37.0733		688.673
3914		-258.006		627.687
3915		-498.554		436.744
3916		-628.815		153.989
3917		-616.843		-159.954
3918		-462.526		-435.684
3919		-198.312		-610.905
3920		117.497		-644.906
3921		413.44		-528.489
3922		620.985		-287.065
3923		690.64		24.0346
3924		604.461		331.519
3925		381.735		561.132
3926		75.7952		655.997
3927		-238.058		591.738
3928		-481.181		384.01
3929		-592.183		85.6936
3930		-543.787		-226.285
3931		-350.835		-471.359
3932		-66.6159		-587.316
3933		231.798		-547.415
3934		465.033		-367.414
3935		573.312		-100.426
3936		532.268		178.686
3937		358.246		394.407
3938		102.106		490.778
3939		-165.878		445.047
3940		-375.083		271.599
3941		-472.07		16.1723
3942		-432.354		-256.979
3943		-264.43		-480.935
3944		-6.31793		-601.086
3945		283.58		-586.43
3946		538.986		-435.708
3947		699.385		-177.923
3948		722.834		132.674
3949		595.975		426.705
3950		339.201		633.802
3951		5.05987		698.681
3952		-331.112		595.814
3953		-587.498		338.697
3954		-695.916		-19.8355
3955		-620.649		-397.822
3956		-370.316		-703.414
3957		1.53031		-858.513
3958		408.287		-820.204
3959		752		-593.461
3960		948.938		-231.003
3961		951.68		179.976
3962		761.356		540.456
3963		426.745		765.077
3964		30.8766		803.347
3965		-330.64		651.054
3966		-573.389		349.508
3967		-643.851		-26.3168
3968		-530.563		-386.95
3969		-264.832		-649.789
3970		88.2928		-757.681
3971		446.112		-690.891
3972		727.623		-470.322
3973		871.95		-151.656
3974		852.011		188.211
3975		680.402		469.589
3976		405.945		629.218
3977		101.308		635.76
3978		-155.649		497.458
3979		-302.202		259.526
3980		-307.246		-8.52075
3981		-179.058		-232.379
3982		38.2029		-353.786
3983		278.423		-346.404
3984		473.641		-221.841
3985		574.014		-24.0244
3986		561.292		186.053
3987		451.734		349.958
3988		288.023		429.26
3989		123.507		415.219
3990		4.52087		328.119
3991		-43.1962		207.354
3992		-19.8736		96.4808
3993		52.0304		28.7681
3994		138.332		18.0354
3995		205.992		57.1545
3996		233.708		123.651
3997		217.031		189.484
3998		167.168		231.091
3999		104.909		236.361
4000		52.4814		206.807
4001		26.3026		155.111
4002		32.6743		99.6497
4003		67.1535		58.209
4004		117.079		42.7874
4005		166.006		56.6827
4006		198.64		94.186
4007		205.082		142.593
4008		183.531		185.881
4009		140.931		209.216
4010		91.3732		203.332
4011		52.4176		167.727
4012		40.0278		111.672
4013		63.3632		52.4046
4014		121.004		10.5794
4015		200.077		4.00108
4016		279.04		41.468
4017		333.681		118.856
4018		344.688		219.079
4019		304.313		316.376
4020		219.734		383.814
4021		111.742		401.663
4022		8.92715		363.81
4023		-60.7751		279.99
4024		-78.4014		173.03
4025		-39.3888		72.0993
4026		45.5358		4.25856
4027		154.027		-12.875
4028		258.82		24.8215
4029		335.091		108.081
4030		366.209		217.876
4031		346.525		330.924
4032		281.109		425.158
4033		183.268		483.808
4034		71.1396		497.575
4035		-35.6536		465.215
4036		-118.875		393.12
4037		-164.152		294.332
4038		-163.274		186.945
4039		-116.184		91.5992
4040		-32.0601		27.8424
4041		71.3729		9.75061
4042		170.9		41.8557
4043		243.051		116.87
4044		270.314		216.471
4045		246.407		315.496
4046		178.664		388.669
4047		86.4113		417.846
4048		-4.44958		397.408
4049		-69.0184		335.91
4050		-90.6927		253.368
4051		-65.8138		175.079
4052		-4.25269		124.041
4053		74.0686		114.401
4054		145.395		147.87
4055		189.034		213.928
4056		192.903		293.41
4057		156.345		364.136
4058		89.8055		406.908
4059		11.7699		410.4
4060		-56.0677		373.932
4061		-94.272		307.706
4062		-90.6506		230.554
4063		-43.7495		165.58
4064		35.9698		134.487
4065		127.806		151.7
4066		205.344		219.715
4067		243.089		327.089
4068		223.668		450.082
4069		143.579		557.991
4070		15.5685		621.097
4071		-133.494		619.096
4072		-269.008		547.495
4073		-357.699		419.884
4074		-376.756		265.17
4075		-320.38		120.435
4076		-201.808		21.3878
4077		-50.2705		-6.90318
4078		96.2018		43.4771
4079		200.161		161.146
4080		233.91		318.022
4081		186.304		475.89
4082		65.7224		595.363
4083		-101.424		645.259
4084		-276.402		610.4
4085		-417.056		496.04
4086		-488.144		327.639
4087		-470.763		145.553
4088		-368.349		-4.6633
4089		-207.151		-84.2614
4090		-30.2962		-72.4947
4091		113.573		26.4693
4092		184.211		183.546
4093		162.076		352.344
4094		54.9044		482.591
4095		-103.972		535.381

 
--------------------------------------


