Compute Correlation 
 
0		-347.096		-73.5984
1		-355.696		-175.132
2		-318.943		-265.668
3		-249.989		-327.214
4		-167.22		-351.599
5		-88.2957		-340.428
6		-25.9308		-302.018
7		13.4221		-247.198
8		28.3261		-185.996
9		20.0044		-126.376
10		-9.41754		-74.876
11		-57.063		-37.9077
12		-118.034		-22.2455
13		-183.922		-33.8163
14		-242.593		-75.084
15		-280.112		-142.335
16		-284.543		-224.506
17		-250.232		-304.64
18		-180.741		-363.902
19		-89.0228		-386.867
20		5.48873		-366.188
21		81.9379		-304.938
22		123.531		-215.852
23		121.658		-117.855
24		77.5127		-31.1912
25		1.08241		27.2691
26		-91.807		47.3311
27		-183.262		26.8378
28		-256.905		-28.7525
29		-300.649		-108.061
30		-308.442		-196.209
31		-280.967		-277.551
32		-225.3		-338.465
33		-153.485		-369.843
34		-80.0985		-368.856
35		-19.1247		-339.474
36		19.1645		-291.386
37		30.4509		-237.461
38		16.9916		-190.368
39		-13.624		-159.412
40		-51.1563		-148.594
41		-85.8702		-156.482
42		-111.037		-177.767
43		-123.986		-205.754
44		-125.541		-234.717
45		-118.367		-261.237
46		-105.124		-284.195
47		-87.2852		-303.7
48		-65.0508		-319.704
49		-38.214		-331.082
50		-7.38166		-335.639
51		25.1583		-331.024
52		55.4262		-316.069
53		78.6786		-291.897
54		90.9306		-262.255
55		90.4799		-232.838
56		78.8288		-209.781
57		60.6082		-197.796
58		42.4419		-198.573
59		31.0365		-210.014
60		31.0551		-226.637
61		43.4618		-241.137
62		64.9557		-246.729
63		88.831		-239.541
64		107.146		-220.211
65		113.575		-193.985
66		105.946		-169.081
67		87.4339		-153.719
68		65.7484		-152.841
69		50.408		-165.806
70		48.9924		-186.144
71		63.8188		-203.675
72		90.4653		-208.368
73		118.928		-194.491
74		137.153		-163.368
75		135.667		-123.514
76		111.512		-87.9361
77		69.8849		-69.5276
78		22.7661		-76.2989
79		-14.9948		-108.233
80		-30.7073		-156.946
81		-18.1732		-208.23
82		20.1471		-246.552
83		73.7628		-259.92
84		127.238		-243.615
85		164.69		-201.735
86		174.387		-146.261
87		152.288		-94.0029
88		103.706		-62.17
89		42.678		-63.531
90		-11.0054		-102.212
91		-36.7515		-171.209
92		-19.2261		-252.61
93		45.935		-321.095
94		148.606		-350.489
95		264.559		-322.016
96		360.61		-231.85
97		403.817		-95.1587
98		372.341		55.5383
99		264.389		178.226
100		101.724		233.692
101		-74.32		198.551
102		-213.849		74.4921
103		-273.324		-109.872
104		-229.584		-305.795
105		-88.1548		-458.051
106		117.121		-521.182
107		333.195		-473.095
108		502.731		-321.693
109		580.082		-102.627
110		543.455		130.77
111		399.956		321.939
112		182.669		425.535
113		-58.6539		417.943
114		-270.171		301.639
115		-406.348		103.128
116		-439.39		-134.219
117		-364.132		-360.222
118		-198.021		-528.531
119		23.3041		-605.854
120		253.727		-578.263
121		446.19		-453.585
122		562.308		-259.476
123		580.184		-37.4507
124		498.774		165.979
125		337.736		309.198
126		132.793		364.149
127		-72.2706		321.799
128		-234.982		193.26
129		-322.717		6.62633
130		-318.633		-199.363
131		-224.142		-383.184
132		-57.9592		-508.278
133		147.647		-549.511
134		352.624		-497.676
135		516.227		-361.586
136		604.743		-167.355
137		598.836		45.6021
138		499.016		231.913
139		327.421		350.172
140		124.428		373.474
141		-60.1411		297.611
142		-179.656		143.959
143		-203.788		-44.7977
144		-127.929		-215.703
145		24.5555		-320.457
146		208.559		-329.638
147		370.354		-241.513
148		463.506		-82.3974
149		462.424		101.606
150		369.229		258.692
151		212.024		346.573
152		35.5857		344.05
153		-112.096		255.711
154		-193.09		109.027
155		-188.884		-54.4508
156		-103.82		-190.693
157		37.4236		-264.269
158		196.879		-256.405
159		332.733		-168.709
160		409.084		-22.3395
161		404.227		146.92
162		316.002		296.771
163		163.04		388.31
164		-18.7982		395.853
165		-184.605		314.301
166		-291.77		161.746
167		-311.706		-24.1133
168		-238.501		-195.476
169		-91.4849		-307.543
170		89.6316		-331.391
171		255.908		-262.464
172		363.27		-121.808
173		385.044		50.4334
174		318.954		207.069
175		186.577		307.463
176		25.9027		328.354
177		-120.172		268.854
178		-215.573		148.781
179		-239.632		1.66095
180		-190.69		-134.88
181		-84.6402		-228.453
182		50.303		-258.85
183		180.837		-221.563
184		276.122		-127.83
185		314.4		-1.60524
186		287.71		125.91
187		203.867		223.39
188		84.9952		266.966
189		-37.5724		246.586
190		-131.293		169.267
191		-171.434		57.799
192		-148.431		-55.3163
193		-71.0352		-137.237
194		36.1496		-164.603
195		140.16		-130.521
196		209.764		-46.2937
197		224.688		62.633
198		180.927		164.885
199		90.653		232.488
200		-22.6209		248.139
201		-131.374		208.406
202		-211.138		122.688
203		-245.277		9.30373
204		-226.909		-109.268
205		-158.677		-210.485
206		-51.6006		-274.72
207		76.2463		-287.631
208		201.369		-242.633
209		297.658		-143.504
210		341.056		-6.15564
211		315.773		142.05
212		220.388		266.691
213		71.2939		334.298
214		-98.7296		322.075
215		-247.534		226.108
216		-334.705		64.8046
217		-333.417		-124.333
218		-239.025		-294.127
219		-71.3813		-400.553
220		130.05		-414.942
221		316.687		-331.762
222		443.597		-169.805
223		480.757		33.1332
224		419.868		230.1
225		275.47		376.358
226		80.7734		439.429
227		-120.237		405.81
228		-282.464		283.447
229		-369.255		99.8867
230		-360.277		-103.386
231		-256.348		-279.558
232		-80.1088		-386.691
233		128.096		-397.609
234		318.848		-307.152
235		445.255		-134.603
236		474.793		79.9732
237		398.123		285.094
238		232.108		430.723
239		15.8799		481.104
240		-199.101		423.885
241		-362.146		272.929
242		-435.837		64.2307
243		-404.546		-153.573
244		-277.086		-331.145
245		-83.4532		-429.606
246		132.807		-428.39
247		324.325		-328.61
248		449.543		-151.972
249		480.661		63.9276
250		408.961		272.846
251		246.927		428.644
252		26.7638		494.441
253		-204.914		450.836
254		-395.938		301.505
255		-499.788		74.4273
256		-486.908		-182.398
257		-353.263		-410.662
258		-123.406		-555.122
259		153.489		-577.479
260		414.286		-467.008
261		596.892		-244.762
262		655.817		40.1928
263		574.171		321.896
264		368.83		533.313
265		87.251		622.908
266		-203.439		567.789
267		-432.526		380.091
268		-543.113		104.849
269		-506.612		-190.365
270		-330.625		-431.764
271		-57.9576		-557.808
272		243.408		-535.2
273		497.237		-368.126
274		638.723		-97.9235
275		631.702		207.187
276		478.527		469.905
277		219.573		624.411
278		-77.7136		633.929
279		-337.206		500.218
280		-494.619		262.311
281		-514.276		-14.9334
282		-397.501		-258.881
283		-180.707		-408.429
284		75.6378		-429.218
285		303.545		-321.02
286		444.83		-116.113
287		464.918		130.131
288		360.24		353.501
289		158.19		496.504
290		-89.8576		521.883
291		-320.769		421.475
292		-474.676		218.639
293		-509.808		-36.5125
294		-413.831		-278.615
295		-208.601		-443.266
296		53.741		-484.323
297		303.349		-387.65
298		471.336		-176.848
299		509.52		91.6465
300		405.215		343.56
301		186.011		507.886
302		-87.5079		537.68
303		-339.176		423.878
304		-499.319		197.664
305		-524.432		-79.2144
306		-408.421		-332.686
307		-182.484		-497.055
308		95.3211		-531.747
309		356.617		-429.766
310		539.955		-216.724
311		604.212		57.6517
312		535.8		332.054
313		349.588		546.726
314		84.8255		654.893
315		-202.509		631.429
316		-449.936		478.253
317		-600.584		225.686
318		-615.941		-71.3963
319		-486.841		-343.511
320		-239.23		-522.011
321		68.4886		-557.126
322		357.855		-433.552
323		550.442		-178.001
324		590.262		145.126
325		461.298		450.024
326		193.859		653.4
327		-143.015		698.574
328		-461.03		571.857
329		-677.72		305.943
330		-739.041		-30.4002
331		-632.659		-352.37
332		-388.779		-582.097
333		-69.6892		-667.614
334		247.487		-593.287
335		489.341		-380.557
336		601.575		-80.7652
337		558.938		236.842
338		369.342		499.074
339		72.5989		642.847
340		-265.924		628.091
341		-566.749		448.013
342		-752.401		134.356
343		-766.172		-245.167
344		-589.342		-599.132
345		-251.277		-833.531
346		172.589		-877.362
347		576.806		-705.305
348		853.169		-349.521
349		921.777		104.836
350		756.1		540.728
351		393.408		841.415
352		-73.6146		924.009
353		-522.016		763.79
354		-832.836		401.648
355		-923.959		-67.446
356		-771.876		-520.957
357		-416.589		-841.963
358		50.6496		-949.356
359		512.211		-817.203
360		854.166		-479.201
361		993.759		-18.4668
362		898.125		453.743
363		590.782		824.799
364		145.25		1006.94
365		-332.426		957.564
366		-728.513		689.271
367		-948.58		267.425
368		-940.663		-204.91
369		-708.853		-611.746
370		-313.28		-853.139
371		144.4		-871.054
372		546.969		-664.929
373		792.37		-292.151
374		820.73		147.229
375		629.907		537.477
376		275.1		778.204
377		-147.135		810.574
378		-525.525		631.499
379		-763.532		292.404
380		-803.489		-116.157
381		-639.462		-489.025
382		-316.472		-733.102
383		82.5636		-789.502
384		458.046		-646.385
385		717.696		-340.392
386		798.03		52.8776
387		678.976		436.863
388		388.763		716.67
389		-2.06404		821.683
390		-396.651		723.263
391		-694.859		443.18
392		-818.331		50.0482
393		-731.434		-356.375
394		-452.236		-669.895
395		-49.7879		-805.603
396		372.486		-723.155
397		703.372		-438.833
398		853.392		-22.5405
399		779.04		419.877
400		494.873		774.263
401		70.0798		948.159
402		-389.455		894.984
403		-768.564		626.027
404		-972.32		207.36
405		-950.031		-257.172
406		-707.835		-652.251
407		-307.029		-880.009
408		151.234		-884.5
409		551.104		-665.85
410		791.023		-280.633
411		809.555		171.839
412		601.577		574.273
413		220.432		821.333
414		-235.057		847.216
415		-645.882		643.496
416		-904.121		262.042
417		-941.798		-198.279
418		-749.271		-617.873
419		-377.785		-888.557
420		74.6476		-942.557
421		490.069		-770.249
422		762.443		-421.804
423		825.626		7.37586
424		669.922		402.935
425		343.201		662.047
426		-63.0203		719.881
427		-438.242		565.432
428		-681.674		243.252
429		-727.775		-158.723
430		-562.619		-531.844
431		-227.45		-774.331
432		191.327		-817.263
433		583.498		-642.826
434		842.958		-290.241
435		895.609		152.686
436		720.164		571.029
437		355.926		852.482
438		-105.444		917.89
439		-542.972		744.159
440		-838.63		372.592
441		-910.048		-100.546
442		-734.22		-549.293
443		-354.983		-852.276
444		128.264		-926.218
445		587.506		-748.938
446		900.94		-365.267
447		985.653		125.552
448		819.09		596.971
449		443.81		928.784
450		-44.9638		1037.98
451		-524.857		898.928
452		-877.706		548.279
453		-1018.68		74.3709
454		-916.297		-405.612
455		-599.045		-774.705
456		-147.576		-944.567
457		325.465		-876.691
458		703.219		-591.554
459		893.549		-163.435
460		852.157		298.175
461		593.915		676.364
462		189.082		876.959
463		-255.171		853.115
464		-623.339		617.47
465		-822.586		238.121
466		-807.414		-180.678
467		-590.883		-527.662
468		-239.252		-715.068
469		148.117		-701.647
470		467.29		-501.771
471		638.161		-178.638
472		624.644		175.578
473		441.551		466.173
474		147.311		621.136
475		-174.268		608.47
476		-437.389		441.804
477		-576.375		174.001
478		-561.179		-118.542
479		-403.194		-356.359
480		-150.737		-477.068
481		124.203		-450.669
482		344.703		-286.698
483		448.8		-31.6259
484		405.897		243.065
485		225.493		459.598
486		-44.4473		554.982
487		-329.722		498.932
488		-550.039		303.428
489		-641.798		20.5782
490		-576.963		-271.29
491		-372.122		-489.779
492		-84.5693		-572.435
493		203.846		-495.362
494		410.44		-280.603
495		475.826		10.1141
496		381.115		293.372
497		153.057		488.298
498		-144.21		539.673
499		-428.035		433.122
500		-620.884		198.224
501		-671.769		-100.897
502		-569.499		-384.283
503		-344.416		-578.518
504		-58.6954		-636.409
505		211.616		-548.744
506		397.586		-345.303
507		455.621		-85.2968
508		378.14		159.754
509		194.078		325.817
510		-40.558		373.334
511		-259.178		296.843
512		-403.336		124.796
513		-438.38		-90.0336
514		-361.71		-286.505
515		-201.587		-412.601
516		-7.26554		-439.357
517		166.216		-367.384
518		273.882		-224.555
519		292.654		-56.0961
520		226.075		89.4564
521		101.136		174.112
522		-41.1997		180.152
523		-158.554		113.403
524		-219.02		-0.266445
525		-209.227		-123.638
526		-136.753		-219.256
527		-26.7235		-259.847
528		86.1396		-235.378
529		167.682		-155.098
530		193.95		-44.2123
531		157.719		63.7688
532		70.1623		136.895
533		-42.8123		154.038
534		-148.519		110.84
535		-217.361		20.5425
536		-231.533		-90.5793
537		-189.817		-191.678
538		-106.951		-256.857
539		-8.00678		-272.557
540		80.0883		-240.443
541		136.77		-175.143
542		152.996		-98.1237
543		131.942		-30.325
544		85.6785		13.6619
545		29.8053		28.1042
546		-21.5538		15.1881
547		-58.6225		-18.0349
548		-76.3373		-62.8801
549		-73.1411		-110.982
550		-49.6995		-154.659
551		-8.61483		-186.535
552		44.8519		-199.665
553		102.054		-188.954
554		151.521		-153.508
555		181.476		-98.6224
556		183.725		-35.8199
557		157.256		19.8226
558		109.633		54.4576
559		55.064		60.4685
560		9.6102		39.4172
561		-14.562		1.44344
562		-13.386		-38.759
563		8.28632		-67.6392
564		39.5069		-77.6194
565		68.2319		-68.9927
566		86.0863		-48.3043
567		90.7625		-24.356
568		85.2635		-4.01904
569		74.8521		10.0919
570		63.6455		19.224
571		52.7455		26.0609
572		40.7232		32.0022
573		25.8277		35.8666
574		8.30305		34.7343
575		-8.77354		26.2733
576		-20.7405		10.9696
577		-23.9664		-7.26152
578		-18.2233		-22.6153
579		-7.30457		-30.3044
580		2.6274		-29.1771
581		6.14023		-22.4927
582		1.38014		-16.3231
583		-8.92987		-16.3942
584		-18.9261		-25.0815
585		-22.6984		-40.1964
586		-17.3518		-56.1997
587		-4.38863		-67.1323
588		11.2647		-69.6235
589		23.9426		-64.3624
590		30.0782		-55.3449
591		29.646		-47.4891
592		25.557		-44.0899
593		21.5828		-45.5604
594		20.2029		-50.0287
595		21.7091		-55.1759
596		25.0008		-59.9566
597		29.3613		-64.976
598		35.8205		-71.2476
599		46.9458		-78.2036
600		64.9351		-82.4654
601		89.089		-78.5478
602		114.36		-61.5165
603		132.264		-30.3227
604		134.16		10.1262
605		115.475		49.6494
606		78.6921		76.338
607		33.3449		81.4895
608		-7.29321		63.5662
609		-31.4275		29.1617
610		-33.4326		-9.60625
611		-15.7978		-40.0623
612		12.512		-53.924
613		40.3155		-49.9319
614		58.8817		-33.1349
615		64.7501		-11.5536
616		59.6037		7.78136
617		47.7618		21.3141
618		33.0828		28.9246
619		17.1865		31.8884
620		-0.105469		30.5016
621		-18.7064		23.1112
622		-36.2338		7.26624
623		-47.659		-17.7562
624		-47.2059		-48.8007
625		-31.5742		-78.7196
626		-2.58127		-98.7892
627		32.5401		-102.598
628		63.7018		-89.3285
629		82.2533		-64.5295
630		84.8058		-37.7665
631		74.5353		-18.2724
632		59.2428		-10.8566
633		47.2279		-14.2272
634		43.2386		-22.5447
635		46.6954		-29.2211
636		53.0599		-30.7244
637		57.4006		-28.192
638		57.9264		-25.9733
639		57.3001		-28.0686
640		60.8733		-34.7144
641		72.8639		-41.3341
642		92.8113		-40.6932
643		114.601		-27.1702
644		128.929		-0.685043
645		128.067		32.1385
646		110.337		60.5411
647		81.6962		74.7813
648		53.3266		71.1827
649		36.2919		54.2914
650		36.0233		34.8387
651		49.5634		24.4561
652		67.0841		29.8738
653		76.9053		49.6498
654		71.3593		75.1248
655		50.417		95.0205
656		21.2405		101.156
657		-5.93065		92.2157
658		-23.1788		73.6634
659		-28.5991		54.0691
660		-26.3554		40.1028
661		-23.2985		33.0931
662		-24.2963		29.0543
663		-29.1035		22.0052
664		-32.6263		8.4739
665		-28.3934		-9.5966
666		-13.1241		-25.369
667		10.396		-30.8486
668		33.9673		-21.6963
669		47.9424		-0.28743
670		46.3401		24.8696
671		30.2172		43.1711
672		7.33849		47.2469
673		-11.7404		36.6391
674		-19.0411		17.7955
675		-13.0215		0.407795
676		1.16577		-7.82474
677		15.0656		-5.05965
678		21.9405		4.32176
679		20.4995		12.9403
680		15.2057		15.2617
681		13.0434		11.1563
682		18.7091		6.04305
683		31.1323		7.49246
684		43.4812		20.2694
685		46.7876		42.7596
686		35.1918		66.9906
687		9.79703		82.4262
688		-21.1716		81.5286
689		-46.1656		64.0107
690		-56.099		37.3589
691		-49.0042		13.2362
692		-31.0196		1.65157
693		-13.1733		6.00858
694		-5.71365		21.655
695		-13.0405		38.618
696		-31.8923		46.9331
697		-53.5888		41.6241
698		-68.8981		24.7136
699		-72.7362		3.39758
700		-66.1652		-14.3145
701		-54.8354		-23.8586
702		-45.0948		-25.8792
703		-40.2688		-24.7192
704		-39.3478		-24.8662
705		-38.7184		-27.7784
706		-35.6183		-31.1891
707		-30.8794		-31.3474
708		-28.9438		-26.7039
709		-34.8642		-20.4867
710		-50.0105		-20.136
711		-69.2565		-33.4223
712		-81.8267		-63.2011
713		-75.977		-103.884
714		-45.3773		-142.077
715		6.20328		-161.722
716		64.7489		-151.537
717		111.018		-111.104
718		128.671		-52.3283
719		111.684		4.79346
720		67.4202		40.3453
721		13.7766		42.8289
722		-28.2918		13.7895
723		-43.3571		-33.3181
724		-27.2861		-79.2639
725		12.1981		-107.099
726		59.9291		-108.382
727		100.143		-85.044
728		122.372		-46.7127
729		123.951		-5.4991
730		108.722		28.8655
731		83.5172		51.3874
732		54.7823		61.2771
733		27.0687		59.8253
734		3.55768		48.6225
735		-12.6379		29.3758
736		-18.0558		5.11641
737		-10.1849		-18.6256
738		10.1537		-34.27
739		37.0963		-34.814
740		60.4229		-17.6018
741		69.1058		12.9213
742		56.4018		45.5004
743		23.9304		65.9824
744		-17.6892		63.4205
745		-52.5039		35.503
746		-65.8464		-9.52832
747		-50.8921		-55.7337
748		-11.9719		-86.0147
749		37.0549		-89.3538
750		78.6659		-65.3699
751		99.0142		-24.1035
752		93.3242		18.7088
753		66.994		48.4636
754		32.2443		57.3628
755		2.28998		46.4741
756		-14.0061		23.7077
757		-14.6232		-0.744751
758		-3.37537		-18.9343
759		13.3868		-27.4994
760		30.1918		-27.1935
761		44.1655		-20.5923
762		54.5614		-9.81554
763		61.0495		4.27155
764		62.3689		21.1401
765		56.5047		38.9884
766		42.3376		53.9618
767		21.5632		61.1417
768		-0.676086		56.9985
769		-17.2852		41.8789
770		-22.3427		20.8549
771		-14.2302		2.08467
772		3.07321		-6.72889
773		21.4616		-2.00257
774		32.3484		13.9237
775		30.6419		33.892
776		16.9597		49.4089
777		-3.06615		54.6589
778		-21.9443		48.9214
779		-34.14		36.1799
780		-38.4415		22.3128
781		-37.6624		11.6054
782		-36.0493		4.64659
783		-36.1067		-1.21906
784		-36.8559		-9.28785
785		-34.6382		-20.4751
786		-25.98		-31.8845
787		-10.7144		-38.0352
788		6.70908		-34.1755
789		18.7909		-19.7629
790		18.7992		0.0703735
791		4.79129		16.2068
792		-18.4917		19.7599
793		-41.1426		6.68491
794		-52.4662		-19.7094
795		-46.0645		-49.8179
796		-23.0131		-71.9665
797		8.53369		-77.7218
798		37.1156		-65.6165
799		53.1745		-41.4704
800		53.0719		-15.2852
801		40.0103		3.54413
802		21.6592		10.2063
803		6.00562		5.73773
804		-2.25897		-4.73009
805		-3.0163		-15.4134
806		0.661331		-22.9022
807		5.34761		-27.1354
808		9.63045		-30.0711
809		14.5673		-33.2229
810		22.108		-35.8592
811		32.7095		-35.1431
812		43.895		-28.1609
813		50.9129		-14.5042
814		49.2934		2.3862
815		37.8138		16.2211
816		19.9876		20.8899
817		2.94437		13.884
818		-5.92502		-1.90466
819		-2.81408		-19.22
820		10.3199		-29.9487
821		26.5695		-29.2849
822		37.5769		-18.2774
823		37.8895		-3.30766
824		27.8152		7.28795
825		13.2018		7.6506
826		2.24757		-2.51941
827		1.08362		-17.9031
828		10.5415		-30.5336
829		25.8535		-34.1349
830		39.3955		-27.4373
831		44.9045		-14.6727
832		40.819		-3.05307
833		30.9254		1.29858
834		22.0388		-3.33421
835		20.0994		-13.5076
836		26.9139		-22.7587
837		39.3374		-25.3386
838		51.2648		-19.3847
839		57.2		-7.76251
840		55.3215		3.80858
841		48.3161		10.1771
842		41.5859		9.71257
843		39.9512		5.10994
844		44.7995		1.65161
845		53.3143		4.01158
846		60.1673		13.4915
847		60.6191		27.2744
848		53.199		40.0589
849		40.4306		47.049
850		27.2685		46.5225
851		18.253		40.5115
852		15.1052		33.3002
853		16.1559		28.7423
854		17.8452		28.0768
855		17.2664		29.5556
856		14.108		30.0428
857		10.7492		27.5091
858		10.4392		22.7719
859		14.7168		19.2905
860		21.7569		21.0294
861		26.8203		29.6477
862		24.7261		42.769
863		12.996		54.5399
864		-6.18166		58.365
865		-26.4384		50.3945
866		-40.0656		31.8187
867		-41.7493		8.61475
868		-31.183		-11.2101
869		-13.1211		-21.4242
870		5.14865		-20.3754
871		17.4931		-11.3
872		21.7359		-0.0609131
873		20.0601		8.30987
874		16.9095		12.2358
875		15.7432		13.886
876		16.6581		17.0398
877		16.3633		23.8944
878		10.5666		32.854
879		-2.65196		38.7859
880		-20.578		35.7816
881		-36.2587		20.9285
882		-41.604		-3.11079
883		-31.6509		-28.368
884		-7.67311		-44.8119
885		22.6713		-45.025
886		48.4198		-27.9107
887		60.1542		0.532471
888		54.1914		29.8264
889		34.0285		49.7071
890		8.39328		54.5346
891		-12.9902		45.276
892		-23.7016		28.2559
893		-22.8781		11.5719
894		-14.5309		1.20001
895		-4.64453		-1.21317
896		2.12662		2.01524
897		4.34087		6.93718
898		3.43042		10.6383
899		1.72073		12.6104
900		0.322784		14.174
901		-1.65811		16.5929
902		-6.11371		19.3465
903		-13.8902		19.8804
904		-23.2139		15.1463
905		-29.8507		4.00777
906		-29.1782		-11.099
907		-19.0849		-24.5327
908		-1.93571		-29.9581
909		15.7726		-23.7769
910		26.1885		-7.55479
911		24.007		12.0752
912		9.42837		26.2345
913		-11.5157		28.0229
914		-29.6017		15.9766
915		-36.7548		-5.08975
916		-29.8812		-26.3555
917		-12.2187		-39.2305
918		8.46072		-39.3749
919		23.7986		-28.4577
920		28.8528		-12.8455
921		24.0994		-0.0570068
922		14.5337		5.04634
923		6.55164		2.32668
924		4.44711		-4.2532
925		8.43836		-9.36929
926		15.1648		-9.49612
927		20.1496		-4.68027
928		20.6409		1.96529
929		17.1388		6.56596
930		12.7806		7.07983
931		11.0811		4.58092
932		13.4934		2.48349
933		18.3211		4.23734
934		21.6628		10.947
935		19.8159		20.4075
936		11.6754		28.1823
937		-0.34185		30.1135
938		-11.4462		24.7844
939		-17.0572		14.4671
940		-15.3279		3.97412
941		-8.14294		-1.93512
942		-0.0194092		-1.09422
943		4.43422		5.04221
944		3.00739		12.4445
945		-3.11987		16.9653
946		-10.4198		16.7172
947		-15.412		12.9502
948		-16.9189		8.92004
949		-16.7668		7.46584
950		-18.4644		8.82314
951		-24.6264		10.0891
952		-34.7225		6.79208
953		-44.6101		-4.25651
954		-48.3166		-22.4779
955		-41.2175		-42.9476
956		-22.8914		-58.242
957		1.98562		-61.8734
958		25.3246		-51.5495
959		39.1188		-30.5287
960		38.9985		-6.32771
961		26.058		12.5685
962		6.09451		20.3188
963		-13.2337		15.8746
964		-25.7859		2.73579
965		-29.1421		-13.3203
966		-24.6918		-27.1413
967		-15.8916		-36.1559
968		-5.94187		-40.5083
969		3.69315		-41.6386
970		13.1669		-40.4662
971		22.8574		-36.4646
972		31.8356		-28.2384
973		37.396		-15.1735
974		36.1374		1.02312
975		26.0438		16.0755
976		8.28809		24.5993
977		-12.4617		22.6185
978		-29.6432		9.76465
979		-37.6024		-10.1416
980		-34.1524		-30.5762
981		-21.5085		-45.1636
982		-5.08859		-50.421
983		9.16656		-46.9704
984		17.4966		-38.648
985		19.6201		-30.1151
986		18.0365		-24.3776
987		15.8985		-21.613
988		14.8208		-19.875
989		13.9733		-17.1107
990		10.9858		-13.1371
991		4.05826		-10.2663
992		-6.09689		-12.0951
993		-15.8008		-21.1287
994		-19.8948		-36.6673
995		-14.4563		-54.3223
996		0.763412		-67.6348
997		21.6171		-71.0694
998		41.0999		-62.8219
999		52.4495		-45.9162
1000		52.2375		-26.9529
1001		41.8638		-13.1254
1002		26.718		-9.0316
1003		13.5133		-14.8864
1004		7.22954		-26.9397
1005		9.22717		-39.7091
1006		17.3594		-48.7078
1007		27.7728		-52.2026
1008		37.1982		-51.2101
1009		44.3892		-48.012
1010		50.0079		-44.2951
1011		55.2652		-40.1326
1012		60.378		-34.3886
1013		63.9638		-26.1588
1014		63.8284		-16.1715
1015		58.6515		-7.08031
1016		49.426		-2.29751
1017		39.5921		-3.97997
1018		33.5697		-11.4066
1019		34.4122		-20.8549
1020		41.9227		-27.2482
1021		52.4203		-26.7849
1022		60.452		-19.1025
1023		61.625		-7.69752
1024		55.034		1.75192
1025		43.9078		4.33972
1026		34.0437		-1.41698
1027		30.8164		-12.687
1028		36.3539		-23.7145
1029		48.4057		-28.7654
1030		61.5061		-25.0517
1031		69.7886		-14.0771
1032		69.92		-0.727554
1033		62.5961		9.33319
1034		51.8759		12.5002
1035		42.8401		8.7736
1036		38.9525		1.27675
1037		40.5896		-5.81976
1038		45.4452		-9.66647
1039		50.402		-10.0111
1040		53.6175		-8.7284
1041		55.522		-8.03833
1042		58.1488		-8.63851
1043		63.2902		-9.0004
1044		70.7221		-6.32816
1045		77.7288		1.38966
1046		80.3669		13.5397
1047		75.8162		26.5051
1048		64.4336		35.1648
1049		50.1965		35.5593
1050		39.1007		27.2483
1051		36.2514		13.9662
1052		43.1887		2.07736
1053		56.931		-2.44382
1054		71.3207		3.06492
1055		79.9988		16.6887
1056		79.4451		32.9969
1057		70.4816		45.8406
1058		57.4965		51.3598
1059		45.8985		49.6011
1060		39.2604		43.9522
1061		37.7273		38.8385
1062		38.4911		37.0733
1063		37.9327		38.3905
1064		34.0907		39.9507
1065		27.9745		38.4361
1066		22.9538		32.4265
1067		22.6105		23.6048
1068		28.3477		16.0426
1069		38.1963		13.9559
1070		47.563		19.2222
1071		51.5377		30.0996
1072		47.4797		41.9016
1073		36.4425		49.2744
1074		22.664		48.8203
1075		11.4382		40.6488
1076		6.5709		28.0667
1077		8.79936		15.6878
1078		15.9447		7.09516
1079		24.5482		3.36867
1080		31.9182		3.19849
1081		37.3644		4.332
1082		41.975		5.32668
1083		47.2309		6.47169
1084		53.4718		9.32995
1085		59.2833		15.2718
1086		62.2533		24.0388
1087		60.628		33.3709
1088		54.7702		40.0585
1089		47.3857		41.8421
1090		42.2209		38.9785
1091		41.9083		34.404
1092		46.2448		32.2323
1093		52.0329		35.353
1094		54.7416		43.521
1095		51.1574		53.1539
1096		41.5206		59.1224
1097		29.8306		57.6543
1098		21.976		48.7516
1099		22.5812		36.6827
1100		32.2586		28.1169
1101		46.8249		28.771
1102		59.0359		40.3097
1103		62.0327		59.1803
1104		52.7437		78.0661
1105		33.4746		89.2612
1106		10.8622		88.2472
1107		-7.24183		75.6575
1108		-15.3267		56.6944
1109		-12.412		38.4228
1110		-1.87306		26.4505
1111		10.7965		22.7312
1112		20.9062		25.5004
1113		26.5425		31.1102
1114		28.64		36.5002
1115		29.3638		40.7901
1116		30.0057		45.126
1117		29.8086		51.041
1118		26.489		58.5216
1119		18.1175		65.1455
1120		5.12314		66.9839
1121		-8.95172		60.8442
1122		-18.6075		46.5456
1123		-18.9743		27.8016
1124		-8.44766		11.026
1125		10.1233		2.55188
1126		30.4438		5.68832
1127		45.523		19.1732
1128		50.7512		37.8453
1129		45.7159		55.1525
1130		33.8805		66.1317
1131		20.4361		69.2974
1132		9.61059		66.547
1133		2.94003		61.3485
1134		-0.648438		56.4257
1135		-3.20836		52.3638
1136		-5.78085		47.9061
1137		-7.3907		41.625
1138		-5.71527		33.7648
1139		0.983459		26.9311
1140		11.9379		25.0121
1141		23.3189		30.8434
1142		29.6374		43.9975
1143		26.5083		60.1374
1144		13.2846		72.5592
1145		-6.00488		75.2984
1146		-24.1242		66.2083
1147		-33.906		48.3158
1148		-31.6931		28.6166
1149		-19.135		14.829
1150		-2.36427		11.7464
1151		11.0459		19.0705
1152		15.7581		31.8297
1153		11.0726		43.112
1154		0.856735		47.6196
1155		-8.85625		44.1583
1156		-13.2122		35.803
1157		-10.9915		27.7841
1158		-4.89771		24.3669
1159		0.353985		26.4927
1160		0.970825		31.4508
1161		-3.65697		34.6667
1162		-10.6182		32.5097
1163		-15.1875		24.4926
1164		-13.5494		13.6391
1165		-4.97831		4.8667
1166		7.72335		2.34704
1167		19.7062		7.33662
1168		26.5818		17.6392
1169		26.5432		28.9016
1170		20.9828		36.9173
1171		13.4041		39.6158
1172		7.38303		37.695
1173		4.80356		33.7055
1174		5.31725		30.298
1175		7.16829		28.7583
1176		8.69498		28.6679
1177		9.46744		28.753
1178		10.3393		28.2184
1179		12.4565		27.581
1180		15.9801		28.3898
1181		19.488		31.9937
1182		20.587		38.2025
1183		17.4493		44.8269
1184		10.3248		48.5788
1185		1.97437		46.9434
1186		-3.44197		39.9518
1187		-2.5639		30.7083
1188		5.07323		24.1694
1189		16.302		24.6686
1190		25.5269		33.4692
1191		27.3825		47.7215
1192		19.5094		61.509
1193		3.9654		68.5562
1194		-13.5322		65.2487
1195		-26.2003		52.4144
1196		-29.313		34.9451
1197		-22.274		19.4766
1198		-8.63869		11.3454
1199		5.82051		12.3734
1200		15.8972		20.521
1201		19.1129		31.4036
1202		16.2336		40.6885
1203		10.0998		46.01
1204		3.65366		47.4531
1205		-1.59549		46.571
1206		-5.82417		44.7673
1207		-9.8949		42.181
1208		-13.9355		37.8008
1209		-16.5763		30.6773
1210		-15.4693		21.348
1211		-8.84505		12.4013
1212		2.87159		7.61902
1213		16.5039		10.0413
1214		27.1731		20.037
1215		30.5484		34.5816
1216		25.1158		48.3233
1217		13.1737		56.0128
1218		-0.0998993		55.0524
1219		-9.10323		46.782
1220		-10.5215		35.7688
1221		-4.84849		27.4494
1222		4.09189		25.3845
1223		11.3404		29.5992
1224		13.488		36.8815
1225		10.3751		42.8133
1226		4.89635		44.3582
1227		1.08384		41.5375
1228		1.60317		37.2713
1229		6.10792		35.5162
1230		11.3883		38.7939
1231		13.2171		46.5388
1232		8.8336		55.2086
1233		-1.3373		60.0991
1234		-13.6904		57.8479
1235		-23.1509		48.2564
1236		-25.6415		34.4638
1237		-19.9821		21.4452
1238		-8.27539		13.7019
1239		5.29382		13.386
1240		16.4644		19.7555
1241		22.5817		30.0448
1242		23.1566		41.0508
1243		19.2499		50.4357
1244		12.3381		57.0866
1245		3.52958		60.5765
1246		-6.37101		60.3905
1247		-16.1499		55.7006
1248		-23.5695		46.0181
1249		-25.6059		32.3333
1250		-19.7406		17.8466
1251		-5.71404		7.47893
1252		13.3545		6.0303
1253		31.4231		15.7453
1254		41.7108		34.5977
1255		39.7427		56.4305
1256		25.7472		73.2021
1257		5.05293		78.4506
1258		-13.9355		70.3283
1259		-23.3572		52.645
1260		-19.4031		33.2965
1261		-3.98988		20.7673
1262		16.2273		20.3905
1263		32.9928		32.1754
1264		40.1573		51.1963
1265		36.135		70.2236
1266		24.0102		83.1611
1267		9.4537		87.5392
1268		-2.28622		84.9339
1269		-8.6859		79.3579
1270		-10.4518		74.7395
1271		-10.2335		72.9777
1272		-10.5497		73.5638
1273		-12.2769		74.7474
1274		-14.5704		75.286
1275		-16.1133		75.5344
1276		-16.7199		77.1266
1277		-18.103		81.4674
1278		-23.1486		88.0675
1279		-34.0295		93.9317
1280		-50.2928		94.6014
1281		-68.1871		86.4383
1282		-81.8466		68.9128
1283		-85.8751		45.5356
1284		-78.0216		22.7624
1285		-60.4944		7.30491
1286		-39.1556		3.18948
1287		-20.9697		10.0736
1288		-11.0185		23.6579
1289		-10.6002		37.9044
1290		-17.2953		47.8184
1291		-26.7788		51.3219
1292		-35.2192		49.3469
1293		-40.8764		44.346
1294		-44.0919		38.3151
1295		-45.9047		31.6306
1296		-46.3753		23.4047
1297		-43.8618		13.0415
1298		-35.8558		1.85843
1299		-20.9474		-6.47151
1300		-0.677101		-7.20446
1301		20.0294		2.99525
1302		34.4005		23.7492
1303		36.7395		50.2476
1304		25.2567		74.7485
1305		3.26974		89.7115
1306		-21.9693		91.0442
1307		-42.3133		79.8206
1308		-52.1264		61.6085
1309		-50.3744		43.7978
1310		-40.4557		32.3461
1311		-28.0458		29.5852
1312		-18.2561		34.0556
1313		-13.6474		42.1617
1314		-14.0057		50.4665
1315		-17.6748		57.2152
1316		-23.3273		62.3075
1317		-30.8917		66.0074
1318		-41.0114		67.5178
1319		-53.4789		64.6318
1320		-65.8708		54.932
1321		-73.6017		37.9074
1322		-71.7728		16.5888
1323		-58.0021		-2.61571
1324		-34.6207		-12.2458
1325		-8.74184		-7.33155
1326		10.2424		11.6712
1327		14.7486		38.2756
1328		2.68242		62.2959
1329		-21.2345		74.1802
1330		-47.3161		69.2727
1331		-65.1427		49.8779
1332		-68.1153		24.0745
1333		-56.1		1.8915
1334		-34.9286		-9.20181
1335		-13.1651		-7.24626
1336		2.06956		4.16081
1337		8.03944		18.4833
1338		6.73688		29.9082
1339		2.7616		36.0085
1340		0.210503		38.0991
1341		0.468536		39.4008
1342		2.09142		42.3971
1343		2.60326		47.1419
1344		0.838776		51.5607
1345		-1.84404		53.4472
1346		-2.38572		52.7149
1347		1.57843		52.2455
1348		9.32389		56.525
1349		16.3733		68.6961
1350		16.3358		87.7871
1351		4.48631		107.995
1352		-18.8813		120.84
1353		-47.4124		119.355
1354		-70.9166		102.156
1355		-80.0237		75.0556
1356		-70.9799		49.0749
1357		-48.0199		35.5699
1358		-21.8925		40.8347
1359		-5.0937		62.9323
1360		-6.11811		92.4446
1361		-25.6031		116.826
1362		-56.2878		126.179
1363		-86.7313		117.556
1364		-106.803		95.6928
1365		-112.106		70.0011
1366		-105.175		49.5903
1367		-93.0904		39.0208
1368		-83.0753		36.9502
1369		-78.6372		38.1209
1370		-78.3313		37.276
1371		-77.6319		32.5887
1372		-72.5762		26.6063
1373		-62.865		24.257
1374		-52.4989		29.229
1375		-47.536		40.9935
1376		-52.2953		54.3603
1377		-66.2865		61.9559
1378		-83.7631		58.2771
1379		-96.3045		43.0124
1380		-97.0845		21.6823
1381		-84.4864		3.13737
1382		-63.0556		-4.78028
1383		-41.2449		0.926071
1384		-27.1815		17.1351
1385		-24.7595		36.5331
1386		-32.1456		51.6066
1387		-43.4064		58.4605
1388		-52.2203		58.3827
1389		-55.5142		56.4001
1390		-54.9738		57.7771
1391		-55.6446		64.5487
1392		-62.5183		74.0994
1393		-77.1299		80.5894
1394		-96.1551		78.3876
1395		-112.832		65.5317
1396		-120.422		45.2462
1397		-115.79		24.655
1398		-101.155		11.3946
1399		-83.0913		9.96371
1400		-69.3985		19.7256
1401		-65.5458		35.505
1402		-72.5302		50.2859
1403		-87.0839		58.4471
1404		-103.835		57.8387
1405		-118.025		49.8207
1406		-127.262		37.6141
1407		-131.568		24.2119
1408		-132.083		11.1606
1409		-129.582		-1.22314
1410		-123.901		-12.6674
1411		-114.647		-21.9062
1412		-102.534		-26.754
1413		-90.2028		-25.4196
1414		-81.6249		-18.2224
1415		-80.1649		-8.42292
1416		-86.3551		-1.2954
1417		-96.847		-1.6362
1418		-105.479		-10.9789
1419		-106.199		-26.1851
1420		-96.395		-40.4753
1421		-78.7604		-46.6414
1422		-60.4483		-40.8741
1423		-49.7171		-25.1324
1424		-51.6858		-6.61946
1425		-65.4398		5.56367
1426		-84.1227		4.9677
1427		-98.109		-8.80525
1428		-99.711		-29.6718
1429		-87.0148		-47.9018
1430		-64.8727		-54.7949
1431		-42.56		-46.8176
1432		-29.342		-27.1321
1433		-30.2388		-3.84833
1434		-44.0782		13.9544
1435		-64.6308		20.3047
1436		-83.9718		14.4887
1437		-96.1346		0.42836
1438		-99.1714		-16.0043
1439		-94.8207		-30.0047
1440		-86.4147		-39.4953
1441		-76.5955		-44.7633
1442		-66.3098		-46.7334
1443		-55.5489		-45.3525
1444		-45.0457		-39.3672
1445		-37.4471		-27.7269
1446		-36.7999		-11.6186
1447		-46.3337		4.46305
1448		-65.7843		13.7505
1449		-90.0534		10.2042
1450		-110.432		-8.00525
1451		-118.183		-36.5822
1452		-108.812		-66.1588
1453		-84.7196		-86.1534
1454		-54.5971		-89.6462
1455		-29.6217		-76.7515
1456		-18.245		-54.614
1457		-22.2561		-33.8904
1458		-36.2068		-23.474
1459		-50.5345		-26.2176
1460		-56.7199		-37.9163
1461		-51.701		-50.064
1462		-39.1579		-54.8392
1463		-27.0005		-49.5445
1464		-22.494		-38.0234
1465		-27.7872		-28.2563
1466		-38.3962		-27.4759
1467		-45.5702		-37.5503
1468		-41.2988		-53.2817
1469		-23.219		-64.6842
1470		3.3158		-62.124
1471		27.2439		-41.6177
1472		36.9286		-7.45819
1473		25.8028		29.255
1474		-4.35188		55.4539
1475		-44.0923		61.8565
1476		-80.4945		46.7992
1477		-102.62		16.4262
1478		-105.569		-18.5377
1479		-91.3902		-47.5116
1480		-66.8942		-63.8304
1481		-40.0129		-65.9482
1482		-16.8434		-56.0811
1483		-0.74855		-37.7269
1484		6.60704		-13.9007
1485		3.66572		12.8619
1486		-11.5375		39.1079
1487		-40.072		59.181
1488		-79.7059		65.6315
1489		-123.181		51.8495
1490		-158.897		15.8794
1491		-174.5		-36.7404
1492		-162.1		-93.1529
1493		-122.615		-137.031
1494		-66.7769		-154.788
1495		-11.8151		-141.385
1496		25.0401		-102.882
1497		33.4049		-54.3024
1498		13.7836		-13.61
1499		-23.0604		5.50365
1500		-61.054		-1.25369
1501		-85.6945		-27.9458
1502		-89.6651		-61.9841
1503		-74.7802		-90.1433
1504		-49.7668		-104.067
1505		-25.3943		-102.849
1506		-9.53278		-91.9337
1507		-4.40685		-79.437
1508		-6.90193		-72.0426
1509		-11.1521		-72.4629
1510		-11.667		-79.273
1511		-5.38411		-88.5518
1512		7.98719		-95.9595
1513		26.8216		-98.0484
1514		48.5546		-92.475
1515		69.9884		-77.7033
1516		86.9813		-53.1112
1517		94.3452		-19.9353
1518		86.8523		17.4443
1519		61.5296		51.0606
1520		20.3259		70.8301
1521		-28.4861		68.0227
1522		-71.5765		39.4872
1523		-94.6898		-9.46692
1524		-88.2355		-65.392
1525		-51.8582		-110.726
1526		4.36294		-130.165
1527		63.0202		-116.691
1528		105.702		-74.4962
1529		119.843		-17.3722
1530		103.092		36.7382
1531		63.3647		72.5625
1532		14.8053		82.6461
1533		-28.2144		68.7346
1534		-56.1827		39.2383
1535		-66.4766		4.51311
1536		-61.9466		-27.4526
1537		-47.4726		-52.9195
1538		-26.777		-71.4117
1539		-1.30079		-83.1087
1540		28.5186		-86.6686
1541		60.7933		-79.0779
1542		90.5211		-57.7061
1543		110.181		-23.2418
1544		112.638		18.4973
1545		94.9145		57.3589
1546		60.6861		82.2803
1547		19.9209		85.832
1548		-14.4816		67.6347
1549		-31.5902		34.8831
1550		-26.6087		-0.350502
1551		-2.41272		-25.7647
1552		32.0942		-33.2618
1553		65.8065		-21.2502
1554		89.4924		5.89771
1555		98.3363		40.509
1556		92.1967		74.7801
1557		74.1069		102.931
1558		48.3144		121.717
1559		19.0448		129.764
1560		-9.64477		126.791
1561		-33.487		113.57
1562		-48.0757		92.6546
1563		-49.9861		69.0703
1564		-38.6367		49.9239
1565		-17.7765		42.4496
1566		4.65291		51.0479
1567		18.8047		74.7553
1568		16.6797		106.672
1569		-4.33356		136.042
1570		-39.9425		152.327
1571		-80.3968		149.465
1572		-114.371		128.293
1573		-133.5		95.9532
1574		-135.428		62.5888
1575		-124.017		37.0118
1576		-106.814		23.4404
1577		-91.2725		20.7605
1578		-81.705		24.3424
1579		-78.4012		29.1159
1580		-78.9785		32.0763
1581		-80.8032		32.9423
1582		-82.8257		32.9279
1583		-85.7297		32.7691
1584		-90.5046		31.53
1585		-96.6424		27.1036
1586		-101.444		18.0963
1587		-101.2		5.73439
1588		-93.7027		-5.74589
1589		-80.5126		-10.9061
1590		-67.2693		-6.37062
1591		-61.359		6.31653
1592		-67.829		20.1902
1593		-85.6979		25.5428
1594		-106.936		14.8331
1595		-119.193		-12.5745
1596		-111.397		-48.4848
1597		-79.6564		-78.204
1598		-30.4685		-86.4794
1599		20.659		-64.4676
1600		54.9127		-14.4534
1601		57.796		50.0435
1602		25.272		109.009
1603		-34.3226		143.496
1604		-103.381		142.706
1605		-161.651		107.62
1606		-193.412		49.9187
1607		-192.272		-12.9312
1608		-161.994		-63.9672
1609		-113.712		-91.7478
1610		-61.3627		-92.4708
1611		-17.4988		-69.1825
1612		9.12488		-29.3411
1613		14.083		17.6931
1614		-3.19596		62.2925
1615		-39.8848		95.3978
1616		-89.7976		109.3
1617		-143.479		99.0203
1618		-189.232		64.1783
1619		-215.612		10.392
1620		-214.919		-51.0176
1621		-186.309		-105.655
1622		-136.859		-140.446
1623		-79.6706		-148.104
1624		-29.4829		-129.668
1625		2.44682		-93.8207
1626		11.936		-53.2313
1627		2.39803		-19.5958
1628		-17.7548		0.335808
1629		-39.3408		6.03542
1630		-56.0781		1.53265
1631		-65.9791		-7.90463
1632		-70.1521		-18.7093
1633		-70.1707		-29.9647
1634		-65.9148		-42.0876
1635		-55.3596		-54.4031
1636		-36.4726		-63.4672
1637		-9.96931		-63.5295
1638		18.9877		-49.1866
1639		41.5543		-18.841
1640		48.4422		23.0801
1641		34.1481		66.6695
1642		-0.020874		99.9168
1643		-45.8085		113.43
1644		-90.9836		104.225
1645		-124.04		76.75
1646		-138.374		40.7307
1647		-134.04		7.04672
1648		-116.541		-16.2629
1649		-93.6383		-26.0291
1650		-72.1		-23.4295
1651		-56.0064		-11.7877
1652		-47.1121		5.63023
1653		-46.3852		26.4245
1654		-55.1801		48.231
1655		-74.8824		67.2693
1656		-105.083		77.8338
1657		-141.572		73.7423
1658		-175.904		51.4116
1659		-197.552		12.9191
1660		-198.135		-33.0058
1661		-175.773		-73.2594
1662		-137.1		-95.3731
1663		-95.4548		-93.0535
1664		-65.6229		-69.4409
1665		-57.4464		-36.1847
1666		-71.3964		-8.46461
1667		-98.41		1.80698
1668		-124.224		-8.68114
1669		-136.157		-33.4119
1670		-129.019		-59.5371
1671		-107.252		-74.3362
1672		-82.3184		-71.4021
1673		-66.7551		-53.5056
1674		-67.9588		-30.8519
1675		-84.7628		-15.7927
1676		-108.338		-16.7825
1677		-126.688		-34.5759
1678		-130.271		-62.3184
1679		-115.946		-89.0974
1680		-87.5741		-104.832
1681		-53.5152		-103.987
1682		-22.8005		-86.5724
1683		-2.15482		-56.6097
1684		4.88018		-19.5883
1685		-3.00468		19.2682
1686		-26.2132		55.0557
1687		-64.4272		82.1287
1688		-115.17		93.4927
1689		-171.757		82.0671
1690		-222.529		43.9679
1691		-252.945		-17.6672
1692		-250.534		-90.7286
1693		-210.865		-156.014
1694		-141.531		-193.114
1695		-61.6194		-188.259
1696		3.95218		-140.685
1697		33.3139		-64.3153
1698		16.0435		16.4992
1699		-42.6679		75.6689
1700		-124.032		94.87
1701		-203.008		69.7747
1702		-257.683		10.4508
1703		-276.598		-63.8971
1704		-261.057		-133.115
1705		-222.009		-183.347
1706		-173.63		-210.289
1707		-127.072		-217.624
1708		-87.3131		-212.277
1709		-54.1028		-199.523
1710		-25.6828		-180.644
1711		-2.59505		-154.132
1712		10.9129		-119.246
1713		8.78513		-79.4407
1714		-12.7644		-43.2796
1715		-51.4404		-21.9665
1716		-97.6913		-24.5625
1717		-137.15		-53.315
1718		-155.759		-101.546
1719		-145.247		-155.279
1720		-106.476		-197.957
1721		-49.221		-216.163
1722		11.3145		-203.935
1723		59.5858		-164.107
1724		84.2521		-106.593
1725		80.6525		-44.7883
1726		50.8769		8.22095
1727		2.15353		42.3838
1728		-55.311		51.9835
1729		-110.243		35.933
1730		-151.838		-2.30792
1731		-171.3		-54.9438
1732		-163.671		-110.51
1733		-129.721		-155.583
1734		-77.025		-177.789
1735		-19.2051		-169.561
1736		27.1451		-131.304
1737		47.2853		-72.4401
1738		33.3048		-9.39272
1739		-12.7388		39.1875
1740		-78.9705		58.3678
1741		-147.306		41.8372
1742		-199.25		-6.13023
1743		-221.713		-72.364
1744		-210.721		-139.381
1745		-171.847		-191.025
1746		-117.533		-217.087
1747		-62.6281		-215.48
1748		-19.8669		-191.634
1749		3.27157		-155.823
1750		5.69255		-119.641
1751		-8.04487		-92.7794
1752		-29.7027		-80.8155
1753		-49.9086		-84.237
1754		-60.7431		-98.6873
1755		-57.9583		-116.328
1756		-42.3876		-128.185
1757		-20.032		-127.118
1758		-0.434448		-110.67
1759		6.56688		-82.7443
1760		-5.12718		-53.0925
1761		-34.5502		-34.2743
1762		-72.6672		-36.7785
1763		-104.655		-64.0568
1764		-115.12		-109.647
1765		-94.4854		-158.027
1766		-43.9706		-189.426
1767		23.1751		-187.096
1768		85.1403		-144.27
1769		118.76		-67.9379
1770		107.862		22.3352
1771		49.5361		100.353
1772		-44.1226		141.889
1773		-149.517		132.771
1774		-238.963		73.5458
1775		-289.294		-20.824
1776		-288.667		-125.836
1777		-239.463		-214.965
1778		-156.762		-267.173
1779		-63.3597		-272.159
1780		16.7544		-232.137
1781		64.4666		-160.193
1782		69.6981		-76.2041
1783		33.0012		-1.65335
1784		-35.3545		45.3727
1785		-118.305		54.041
1786		-196.192		22.8465
1787		-251.383		-40.4292
1788		-272.342		-120.883
1789		-256.205		-200.356
1790		-209.12		-262.09
1791		-144.192		-294.933
1792		-77.5796		-295.843
1793		-23.9527		-269.958
1794		7.22846		-228.295
1795		13.4888		-184.023
1796		-1.18203		-148.675
1797		-28.5942		-129.569
1798		-59.2421		-129.007
1799		-84.678		-145.04
1800		-98.7692		-172.955
1801		-97.9489		-206.634
1802		-81.058		-239.365
1803		-49.3623		-264.287
1804		-6.87567		-275.034
1805		39.4498		-266.974
1806		80.3636		-238.927
1807		106.213		-194.578
1808		109.807		-142.629
1809		89.231		-95.0454
1810		49.2826		-63.6712
1811		0.620209		-56.3429
1812		-43.3457		-74.0924
1813		-70.7219		-110.678
1814		-74.8836		-154.713
1815		-56.2291		-193.51
1816		-21.3782		-217.059
1817		19.6124		-220.575
1818		56.6442		-204.892
1819		82.1645		-174.995
1820		92.1851		-137.781
1821		85.9106		-100.215
1822		64.8197		-68.4675
1823		32.0718		-47.8129
1824		-7.45879		-42.535
1825		-46.9692		-55.1955
1826		-78.1749		-85.2744
1827		-92.993		-127.96
1828		-86.2141		-174.188
1829		-58.0478		-212.611
1830		-15.0813		-233.176
1831		31.2926		-230.915
1832		68.7371		-208.145
1833		88.6191		-173.76
1834		89.3215		-139.635
1835		76.5449		-115.618
1836		60.2931		-105.422
1837		49.8691		-105.417
1838		49.2634		-106.997
1839		55.2039		-101.422
1840		58.8892		-84.8025
1841		50.6316		-60.7664
1842		25.2086		-39.4386
1843		-14.6311		-33.1394
1844		-58.1841		-50.7407
1845		-90.3577		-93.21
1846		-97.2268		-152.25
1847		-71.2552		-212.496
1848		-14.1984		-256.224
1849		63.1375		-268.643
1850		143.783		-241.964
1851		208.815		-177.257
1852		241.528		-84.1163
1853		230.73		21.1984
1854		172.985		118.485
1855		73.8963		186.876
1856		-51.6872		208.665
1857		-181.044		173.53
1858		-287.13		82.4152
1859		-344.387		-50.3408
1860		-335.817		-198.141
1861		-259.212		-327.338
1862		-130.023		-405.778
1863		20.9551		-412.351
1864		155.184		-344.252
1865		237.23		-219.041
1866		245.331		-70.3134
1867		177.984		61.8889
1868		54.2011		142.739
1869		-92.583		152.4
1870		-224.676		90.7593
1871		-310.767		-24.0602
1872		-333.62		-162.292
1873		-292.849		-291.514
1874		-202.769		-384.965
1875		-86.9021		-426.958
1876		28.6047		-414.622
1877		120.762		-356.534
1878		173.714		-269.439
1879		180.781		-174.227
1880		144.876		-91.8552
1881		77.5214		-39.5232
1882		-3.47211		-27.3874
1883		-77.6636		-56.3255
1884		-126.573		-117.494
1885		-138.254		-194.228
1886		-110.49		-266.202
1887		-51.4246		-314.853
1888		22.8195		-328.428
1889		92.8635		-304.989
1890		141.577		-252.399
1891		158.542		-185.444
1892		142.147		-121.279
1893		99.0098		-74.8256
1894		41.3677		-55.4855
1895		-16.3551		-65.744
1896		-60.7616		-101.465
1897		-81.9348		-153.246
1898		-75.1089		-208.32
1899		-41.7062		-252.827
1900		10.3646		-274.544
1901		67.5945		-265.97
1902		113.44		-227.134
1903		132.565		-166.978
1904		115.832		-102.173
1905		64.296		-52.9259
1906		-9.70143		-36.678
1907		-85.4458		-61.7906
1908		-140.27		-123.806
1909		-157.347		-206.158
1910		-131.824		-285.495
1911		-72.7163		-339.791
1912		0.400238		-356.096
1913		64.6382		-334.831
1914		102.085		-288.936
1915		105.811		-238.383
1916		81.3674		-202.464
1917		43.5427		-193.028
1918		10.1151		-211.179
1919		-4.64331		-248.251
1920		5.74629		-290.015
1921		39.0275		-322.009
1922		86.1814		-333.857
1923		134.868		-321.459
1924		172.821		-287.102
1925		190.361		-238.323
1926		182.052		-186.344
1927		147.919		-144.314
1928		94.3693		-125.046
1929		34.3244		-137.9
1930		-14.3942		-185.137
1931		-33.0658		-258.993
1932		-8.03021		-341.245
1933		63.2014		-406.62
1934		168.321		-429.916
1935		281.363		-394.867
1936		369.241		-301.457
1937		402.034		-168.41
1938		363.47		-29.1715
1939		257.574		77.7666
1940		108.675		120.95
1941		-45.4963		86.1001
1942		-165.21		-19.3758
1943		-220.539		-168.959
1944		-199.497		-325.443
1945		-110.125		-451.915
1946		23.4645		-521.471
1947		168.927		-522.834
1948		294.386		-460.992
1949		375.356		-353.799
1950		398.593		-226.519
1951		362.99		-106.18
1952		278.387		-16.8594
1953		163.221		23.909
1954		41.4154		7.74675
1955		-61.5197		-62.9318
1956		-123.124		-174.729
1957		-128.816		-305.189
1958		-75.7095		-427.109
1959		26.0205		-514.65
1960		155.121		-549.675
1961		284.403		-526.334
1962		387.614		-452.329
1963		445.883		-346.414
1964		451.787		-233.068
1965		410.008		-136.189
1966		334.882		-73.7814
1967		246.096		-54.9024
1968		164.076		-79.0918
1969		106.205		-137.679
1970		84.24		-216.068
1971		102.782		-296.402
1972		158.552		-360.445
1973		240.547		-392.775
1974		331.511		-384.11
1975		411.079		-334.073
1976		460.423		-252.298
1977		467.344		-156.902
1978		430.133		-70.1781
1979		358.598		-12.5398
1980		271.53		3.34951
1981		191.264		-23.8568
1982		137.209		-84.2279
1983		120.614		-160.094
1984		142.304		-231.614
1985		193.784		-282.25
1986		260.774		-302.357
1987		327.492		-290.178
1988		380.156		-250.72
1989		409.026		-193.658
1990		409.243		-131.283
1991		381.178		-76.814
1992		330.735		-42.6898
1993		269.321		-38.2889
1994		212.651		-67.0912
1995		177.646		-124.202
1996		177.599		-195.77
1997		217.043		-261.555
1998		288.578		-300.668
1999		373.681		-298.829
2000		448.035		-254.284
2001		489.882		-179.559
2002		488.223		-97.7134
2003		447.323		-34.1148
2004		385.339		-6.88465
2005		327.337		-19.9863
2006		295.471		-61.9449
2007		300.402		-110.794
2008		337.546		-143.143
2009		389.572		-143.5
2010		433.883		-110.008
2011		451.759		-54.4558
2012		435.354		3.03879
2013		389.988		42.083
2014		331.359		49.4148
2015		279.372		22.9727
2016		251.329		-28.3094
2017		256.891		-88.1222
2018		296.024		-137.941
2019		359.719		-161.888
2020		432.527		-150.264
2021		495.934		-101.546
2022		532.055		-23.0851
2023		527.542		69.5103
2024		477.454		154.647
2025		388.217		209.093
2026		278.295		214.127
2027		175.259		162.094
2028		108.994		60.9992
2029		102.528		-65.2872
2030		163.5		-182.398
2031		279.729		-255.435
2032		421.292		-260.377
2033		549.07		-192.71
2034		627.069		-69.7498
2035		634.067		74.5376
2036		570.261		200.466
2037		456.513		275.243
2038		326.754		282.648
2039		216.725		226.531
2040		153.38		127.511
2041		148.513		14.9423
2042		198.063		-82.3351
2043		286.124		-143.112
2044		391.122		-157.033
2045		491.507		-124.156
2046		569.403		-52.4425
2047		612.178		45.0076
2048		612.957		152.011
2049		571.124		250.834
2050		493.103		324.087
2051		392.677		357.643
2052		289.686		344.303
2053		206.402		286.906
2054		162.06		199.204
2055		167.193		103.415
2056		219.966		24.7087
2057		306.1		-15.708
2058		402.65		-6.5211
2059		484.356		50.7824
2060		530.344		142.85
2061		529.047		248.579
2062		480.136		344.716
2063		393.532		411.133
2064		286.457		434.541
2065		179.728		410.38
2066		94.0649		343.208
2067		46.6393		246.001
2068		47.8364		138.414
2069		98.4756		43.6943
2070		188.278		-15.899
2071		296.688		-24.6515
2072		396.8		21.5245
2073		462.058		112.464
2074		474.015		225.203
2075		428.505		329.819
2076		337.696		398.17
2077		226.813		412.629
2078		126.352		371.608
2079		62.4592		289.717
2080		48.9704		192.477
2081		83.9489		107.62
2082		151.739		56.2732
2083		229.39		47.1804
2084		294.722		75.7114
2085		333.012		127.403
2086		340.152		184.129
2087		321.827		230.336
2088		289.738		257.23
2089		256.75		263.982
2090		232.726		256.279
2091		222.103		243.283
2092		223.419		234.209
2093		230.454		235.398
2094		234.464		248.351
2095		227.089		268.991
2096		203.433		288.402
2097		164.669		295.187
2098		119.2		279.284
2099		81.481		236.371
2100		68.1252		171.353
2101		92.0259		99.1987
2102		156.34		41.9997
2103		250.804		22.4702
2104		352.445		55.7467
2105		431.266		142.46
2106		459.504		266.04
2107		421.376		395.886
2108		319.677		495.857
2109		176.553		535.384
2110		27.8506		499.388
2111		-87.1704		393.51
2112		-137.31		242.881
2113		-108.301		84.9861
2114		-6.43043		-40.8414
2115		143.821		-103.88
2116		306.844		-89.4169
2117		445.199		-1.43088
2118		528.482		139.486
2119		539.717		301.773
2120		478.297		450.379
2121		359.364		554.375
2122		210.116		593.361
2123		63.7989		561.649
2124		-47.5966		469.468
2125		-100.599		340.748
2126		-85.8899		207.616
2127		-10.7138		102.589
2128		102.93		50.3219
2129		224.17		61.2525
2130		321.711		129.166
2131		372.304		233.579
2132		366.592		346.191
2133		310.502		439.247
2134		222.039		492.982
2135		124.926		499.863
2136		41.5655		464.655
2137		-12.3187		401.019
2138		-30.0076		326.455
2139		-13.1626		257.636
2140		30.573		207.446
2141		90.2646		183.912
2142		153.685		190.31
2143		208.539		225.471
2144		243.508		283.799
2145		249.784		355.243
2146		223.21		426.054
2147		166.304		480.969
2148		89.0216		506.796
2149		7.26682		496.38
2150		-60.9026		451.403
2151		-100.352		382.621
2152		-103.425		307.11
2153		-72.2139		243.317
2154		-17.6802		205.7
2155		44.0159		200.864
2156		96.4846		226.469
2157		127.538		272.97
2158		131.684		327.175
2159		110.255		376.106
2160		69.7266		409.866
2161		19.3041		422.971
2162		-31.2768		414.362
2163		-73.295		386.74
2164		-100.057		345.75
2165		-107.707		299.126
2166		-95.9494		255.564
2167		-68.4204		223.116
2168		-32.181		207.232
2169		3.97313		209.125
2170		32.1196		225.319
2171		47.8099		248.906
2172		51.4519		272.317
2173		47.6267		290.497
2174		42.4116		302.998
2175		39.8276		313.814
2176		39.1535		328.776
2177		34.6187		351.584
2178		17.9642		380.39
2179		-17.0403		406.787
2180		-70.1191		418.105
2181		-132.262		402.402
2182		-187.128		354.204
2183		-215.958		278.522
2184		-204.307		191.233
2185		-148.066		115.298
2186		-56.3856		73.9577
2187		49.7462		83.2287
2188		142.92		146.293
2189		196.978		251.677
2190		194.515		375.787
2191		131.937		488.939
2192		20.7333		563.066
2193		-115.254		578.932
2194		-245.662		531.009
2195		-340.999		428.918
2196		-379.753		295.183
2197		-353.592		159.901
2198		-269.419		53.5731
2199		-147.767		-0.23465
2200		-17.8277		9.38397
2201		89.7562		78.0568
2202		150.505		187.408
2203		152.093		309.975
2204		97.0274		416.458
2205		1.27002		483.217
2206		-110.684		497.876
2207		-212.678		461.48
2208		-283.546		386.862
2209		-311.65		294.077
2210		-296.268		204.653
2211		-246.004		136.488
2212		-175.297		100.684
2213		-100.486		100.646
2214		-36.554		132.953
2215		4.95291		189.085
2216		17.0214		257.284
2217		-2.27834		324.26
2218		-49.5021		376.932
2219		-115.942		404.454
2220		-188.588		400.489
2221		-252.332		365.184
2222		-293.305		305.978
2223		-302.578		236.504
2224		-279.007		173.459
2225		-230.03		132.161
2226		-169.889		122.184
2227		-115.683		144.59
2228		-82.5252		191.714
2229		-79.4076		249.593
2230		-107.086		302.104
2231		-158.48		335.38
2232		-221.186		341.139
2233		-281.032		318.107
2234		-325.529		271.521
2235		-346.358		211.253
2236		-340.593		149.331
2237		-310.776		97.4692
2238		-264.138		64.94
2239		-211.168		56.9059
2240		-163.621		73.3444
2241		-132.096		108.817
2242		-123.526		153.396
2243		-139.216		194.861
2244		-174.202		221.841
2245		-218.425		227.045
2246		-259.617		209.46
2247		-287.065		174.583
2248		-294.914		132.441
2249		-283.728		94.0296
2250		-259.671		67.5413
2251		-231.631		55.8727
2252		-207.529		56.4063
2253		-191.376		63.0601
2254		-182.326		69.6131
2255		-176.025		72.7628
2256		-167.542		73.5355
2257		-154.452		76.4616
2258		-138.633		86.9587
2259		-125.944		108.166
2260		-123.957		138.668
2261		-138.722		172.114
2262		-171.932		198.864
2263		-219.573		208.997
2264		-272.496		195.522
2265		-318.597		156.73
2266		-345.785		97.0648
2267		-344.903		26.4783
2268		-311.953		-41.3764
2269		-249.373		-91.6369
2270		-166.298		-111.052
2271		-77.738		-90.8757
2272		-2.55428		-29.5208
2273		39.8943		65.5662
2274		34.1872		177.602
2275		-26.4162		282.488
2276		-136.29		353.432
2277		-276.367		367.564
2278		-416.799		312.934
2279		-523.402		193.662
2280		-566.549		31.1423
2281		-529.998		-139.8
2282		-416.764		-279.254
2283		-249.793		-352.891
2284		-66.762		-341.735
2285		89.6853		-247.885
2286		183.401		-94.2542
2287		194.354		81.6722
2288		123.505		238.085
2289		-8.37039		339.892
2290		-167.221		367.238
2291		-315.277		319.222
2292		-420.574		212.256
2293		-463.802		74.2416
2294		-441.033		-63.2033
2295		-362.411		-172.057
2296		-248.018		-233.032
2297		-122.605		-237.906
2298		-10.6317		-189.395
2299		67.6403		-99.3941
2300		98.8632		13.6302
2301		78.3087		127.706
2302		10.6295		220.803
2303		-90.5574		274.605
2304		-204.667		278.224
2305		-307.905		231.003
2306		-378.354		143.385
2307		-401.255		35.0883
2308		-372.902		-69.3637
2309		-301.774		-146.71
2310		-206.303		-180.851
2311		-109.902		-166.729
2312		-34.7921		-111.001
2313		3.37271		-29.4684
2314		-1.44155		57.6133
2315		-45.4884		130.669
2316		-117.421		174.801
2317		-201.591		181.89
2318		-281.24		150.932
2319		-340.974		87.3828
2320		-368.6		2.19269
2321		-356.847		-89.2772
2322		-305.242		-168.928
2323		-221.704		-218.816
2324		-122.781		-225.401
2325		-31.3328		-184.264
2326		28.7656		-103.462
2327		39.8748		-3.49747
2328		-2.60165		87.252
2329		-86.8197		140.937
2330		-186.654		139.871
2331		-269.521		83.6517
2332		-307.492		-9.47827
2333		-287.567		-108.253
2334		-216.878		-179.336
2335		-120.364		-199.536
2336		-31.498		-164.401
2337		20.3893		-89.5984
2338		21.1068		-4.41223
2339		-23.5539		60.0166
2340		-91.0327		82.8559
2341		-151.776		61.1879
2342		-181.369		10.1063
2343		-169.977		-44.4046
2344		-125.42		-76.5332
2345		-69.0355		-70.9326
2346		-26.5328		-28.1948
2347		-17.8623		36.2272
2348		-50.1133		98.566
2349		-115.74		135.646
2350		-196.012		132.587
2351		-267.631		86.8449
2352		-309.722		7.98061
2353		-309.038		-85.7599
2354		-262.471		-172.276
2355		-177.224		-230.361
2356		-69.3976		-243.728
2357		38.482		-204.297
2358		121.068		-114.772
2359		155.152		10.0327
2360		125.692		144.225
2361		31.5525		255.23
2362		-111.249		311.552
2363		-270.977		292.25
2364		-407.16		195.022
2365		-481.82		39.5049
2366		-471.502		-136.384
2367		-375.738		-286.703
2368		-218.426		-371.246
2369		-41.1429		-368.029
2370		109.51		-279.952
2371		196.028		-133.226
2372		200.573		31.6683
2373		128.495		172.888
2374		4.22813		259.218
2375		-138.121		277.126
2376		-265.436		231.279
2377		-353.678		139.643
2378		-391.301		26.1271
2379		-378.257		-85.9963
2380		-322.594		-177.964
2381		-236.997		-236.594
2382		-136.712		-253.948
2383		-38.7425		-227.236
2384		38.9508		-159.763
2385		79.5707		-62.3149
2386		71.2934		46.5846
2387		11.6655		143.029
2388		-89.4924		203.007
2389		-210.647		209.288
2390		-323.285		157.401
2391		-399.685		58.144
2392		-421.131		-64.7548
2393		-383.575		-181.281
2394		-298.676		-263.831
2395		-189.957		-294.919
2396		-85.6101		-271.403
2397		-10.5775		-204.161
2398		19.5535		-113.905
2399		1.33232		-24.9705
2400		-57.2261		40.7859
2401		-139.796		68.4574
2402		-226.015		52.3282
2403		-295.745		-3.89439
2404		-332.735		-88.3331
2405		-327.501		-183.262
2406		-279.254		-268.32
2407		-196.558		-324.479
2408		-96.1877		-338.3
2409		0.0954895		-305.56
2410		70.5308		-233.064
2411		98.9843		-137.649
2412		79.5377		-42.2436
2413		18.4279		30.1475
2414		-67.5163		62.7328
2415		-155.594		49.4846
2416		-223.632		-3.53423
2417		-255.996		-80.4276
2418		-247.366		-160.429
2419		-203.265		-223.851
2420		-137.518		-257.137
2421		-67.7448		-255.652
2422		-10.4286		-223.736
2423		23.015		-172.416
2424		28.3103		-115.779
2425		8.31344		-67.1199
2426		-28.7399		-35.8522
2427		-72.0708		-25.8
2428		-111.474		-35.1229
2429		-139.917		-57.7572
2430		-154.952		-85.9116
2431		-158.546		-112.856
2432		-155.384		-135.085
2433		-150.234		-153.049
2434		-145.392		-170.102
2435		-139.344		-190.001
2436		-127.365		-213.996
2437		-104.024		-238.872
2438		-66.6301		-257.053
2439		-18.0756		-259.078
2440		32.4027		-237.654
2441		71.2672		-191.669
2442		85.0447		-128.333
2443		65.4507		-62.2719
2444		13.2338		-11.6003
2445		-60.8988		7.73479
2446		-138.797		-12.7244
2447		-200		-70.9151
2448		-227.666		-154.572
2449		-213.281		-244.672
2450		-158.694		-320.679
2451		-75.1412		-365.792
2452		20.0587		-370.687
2453		107.839		-334.985
2454		171.483		-266.581
2455		199.661		-179.457
2456		188.156		-90.7735
2457		140.357		-17.7385
2458		66.6618		25.4197
2459		-17.2069		30.173
2460		-92.9813		-4.28937
2461		-143.54		-70.3273
2462		-156.873		-152.954
2463		-129.278		-232.93
2464		-66.6913		-291.305
2465		16.5295		-314.217
2466		101.215		-296.455
2467		168.345		-242.622
2468		203.809		-165.549
2469		201.515		-82.5835
2470		164.063		-11.0851
2471		101.154		35.4497
2472		26.6233		49.6789
2473		-44.7879		30.9282
2474		-100.069		-15.618
2475		-129.733		-80.3741
2476		-128.926		-150.999
2477		-98.1374		-214.177
2478		-43.4552		-257.709
2479		23.9785		-272.965
2480		89.8114		-257.246
2481		139.702		-215.176
2482		163.281		-158.154
2483		157.516		-101.457
2484		127.99		-59.5848
2485		87.1518		-41.4077
2486		49.8452		-47.1138
2487		27.6928		-68.4359
2488		24.6407		-92.3457
2489		35.6914		-106.838
2490		49.5688		-106.355
2491		54.3183		-94.3928
2492		43.4385		-81.9416
2493		19.7598		-82.2573
2494		-4.8493		-104.137
2495		-14.0807		-146.663
2496		5.66779		-197.854
2497		58.5441		-238.099
2498		135.765		-247.215
2499		217.022		-212.483
2500		276.478		-134.58
2501		291.295		-29.0832
2502		249.74		77.1095
2503		156.106		153.34
2504		30.835		174.341
2505		-94.2218		128.198
2506		-184.041		20.8215
2507		-209.932		-124.302
2508		-157.847		-271.079
2509		-33.3896		-379.386
2510		137.872		-415.335
2511		315.213		-360.846
2512		451.986		-220.084
2513		507.465		-20.7447
2514		458.504		190.853
2515		307.774		360.403
2516		85.7558		439.772
2517		-154.989		401.042
2518		-352.542		246.221
2519		-452.347		9.17726
2520		-423.229		-251.626
2521		-267.726		-468.2
2522		-23.127		-581.866
2523		247.681		-560.307
2524		473.243		-407.549
2525		593.542		-163.588
2526		577.023		106.434
2527		429.526		330.376
2528		192.517		449.214
2529		-68.7507		433.243
2530		-283.55		289.802
2531		-395.134		60.5585
2532		-375.858		-190.58
2533		-233.99		-395.284
2534		-10.6302		-499.333
2535		232.097		-476.895
2536		428.196		-336.882
2537		525.664		-119.918
2538		500.35		113.125
2539		362.22		297.929
2540		152.36		384.39
2541		-68.5072		350.428
2542		-237		208.15
2543		-304.968		0.51532
2544		-253.297		-210.754
2545		-97.6258		-362.815
2546		115.906		-409.949
2547		323.876		-337.101
2548		464.095		-164.61
2549		494.026		57.4798
2550		403.595		264.03
2551		218.433		394.095
2552		-7.54646		409.118
2553		-208.108		304.537
2554		-324.412		111.223
2555		-322.549		-113.697
2556		-203.581		-303.879
2557		-3.09079		-403.497
2558		219.574		-383.73
2559		399.054		-251.057
2560		483.332		-44.9797
2561		448.897		174.037
2562		307.233		342.655
2563		100.854		413.312
2564		-109.749		367.857
2565		-264.192		222.241
2566		-319.839		21.0613
2567		-263.787		-176.163
2568		-115.827		-312.721
2569		78.2287		-351.096
2570		260.581		-283.27
2571		378.48		-132.146
2572		399.219		55.9574
2573		318.887		225.238
2574		162.649		326.503
2575		-23.1129		330.837
2576		-184.244		237.163
2577		-273.918		71.9614
2578		-265.294		-118.43
2579		-158.508		-280.562
2580		19.54		-368.19
2581		222.331		-354.5
2582		395.818		-239.242
2583		492.427		-49.1127
2584		483.535		168.686
2585		367.355		358.197
2586		170.194		468.975
2587		-59.4449		469.408
2588		-262.705		355.677
2589		-385.413		153.843
2590		-392.534		-85.8188
2591		-278.182		-301.149
2592		-68.2841		-434.107
2593		185.159		-446.287
2594		416.994		-329.717
2595		565.734		-109.809
2596		589.791		160.512
2597		478.715		414.101
2598		256.358		586.788
2599		-24.915		633.896
2600		-297.397		541.751
2601		-495.103		331.205
2602		-570.298		52.399
2603		-505.325		-227.774
2604		-316.857		-442.275
2605		-51.6471		-540.424
2606		225.077		-500.304
2607		445.726		-334.069
2608		557.049		-84.8859
2609		533.363		183.804
2610		383.021		404.165
2611		146.357		521.142
2612		-114.572		506.586
2613		-332.046		366.609
2614		-450.455		140.01
2615		-441.09		-112.075
2616		-309.79		-322.699
2617		-95.1525		-437.385
2618		142.385		-429.026
2619		337.633		-305.11
2620		439.043		-105.097
2621		423.075		111.329
2622		300.364		281.714
2623		111.901		358.848
2624		-83.509		324.038
2625		-226.728		191.847
2626		-275.471		5.04358
2627		-216.187		-178.499
2628		-67.3132		-302.96
2629		126.788		-330.68
2630		309.185		-252.619
2631		426.964		-90.3396
2632		446.218		110.759
2633		361.266		294.758
2634		195.69		411.137
2635		-4.80837		428.746
2636		-185.489		344.056
2637		-297.793		181.58
2638		-312.467		-13.3671
2639		-227.113		-187.359
2640		-66.3057		-293.399
2641		125.494		-303.365
2642		296.113		-215.13
2643		399.563		-52.6926
2644		408.009		140.518
2645		318.797		313.196
2646		154.911		419.535
2647		-41.092		431.021
2648		-218.047		343.762
2649		-329.291		179.597
2650		-344.713		-19.2502
2651		-258.801		-200.748
2652		-92.6087		-316.349
2653		111.017		-333.791
2654		298.053		-246.161
2655		417.332		-74.6703
2656		434.49		135.951
2657		342.092		328.707
2658		162.849		449.577
2659		-55.411		462.757
2660		-252.176		361.532
2661		-370.915		171.375
2662		-375.369		-56.1048
2663		-260.626		-257.018
2664		-55.4896		-373.108
2665		184.863		-368.534
2666		394.015		-240.548
2667		512.893		-20.8086
2668		506.409		233.105
2669		373.338		453.508
2670		146.705		581.142
2671		-115.241		581.183
2672		-344.706		452.364
2673		-482.225		227.011
2674		-491.927		-37.6563
2675		-370.392		-274.336
2676		-147.173		-422.575
2677		122.748		-443.627
2678		372.481		-329.777
2679		539.365		-106.183
2680		579.991		175.029
2681		480.722		446.965
2682		261.339		643.721
2683		-29.1272		716.141
2684		-323.578		643.936
2685		-552.646		441.179
2686		-661.471		153.626
2687		-623.375		-151.819
2688		-446.905		-403.137
2689		-174.241		-540.868
2690		128.879		-532.954
2691		389.3		-382.862
2692		544.606		-128.812
2693		558.603		165.788
2694		430.182		428.228
2695		193.293		594.634
2696		-91.8506		625.74
2697		-354.045		516.337
2698		-528.931		296.14
2699		-574.936		21.9476
2700		-483.401		-236.871
2701		-280.415		-415.938
2702		-19.9133		-472.12
2703		230.293		-394.405
2704		406.098		-206.59
2705		463.852		39.0626
2706		391.878		275.727
2707		213.58		439.972
2708		-18.9531		489.028
2709		-239.307		412.57
2710		-385.273		235.596
2711		-416.381		11.371
2712		-325.386		-193.727
2713		-140.31		-319.197
2714		83.6442		-327.773
2715		280.007		-216.086
2716		390.133		-15.5535
2717		379.937		216.699
2718		249.491		414.147
2719		32.8609		519.633
2720		-211.529		501.266
2721		-417.12		361.092
2722		-527.38		134.389
2723		-510.977		-119.957
2724		-370.034		-335.186
2725		-139.513		-454.228
2726		121.889		-444.567
2727		346.847		-306.683
2728		476.646		-74.0709
2729		476.221		195.115
2730		343.27		432.661
2731		109.135		577.543
2732		-168.832		591.489
2733		-421.6		468.916
2734		-585.906		238.611
2735		-620.372		-43.3675
2736		-516.102		-307.85
2737		-298.954		-490.122
2738		-22.8646		-546.331
2739		244.005		-464.433
2740		436.616		-266.896
2741		509.355		-4.56862
2742		447.121		256.512
2743		268.524		451.838
2744		20.6322		534.372
2745		-233.154		485.823
2746		-428.944		320.66
2747		-518.01		82.1225
2748		-478.577		-168.613
2749		-321.079		-367.501
2750		-85.6718		-463.393
2751		167.442		-430.847
2752		372.766		-276.916
2753		475.99		-40.0817
2754		448.232		218.745
2755		294.374		431.351
2756		52.9714		539.938
2757		-212.77		512.956
2758		-431.113		354.639
2759		-541.03		105.246
2760		-509.401		-168.649
2761		-341.199		-391.614
2762		-79.427		-500.028
2763		205.649		-460.171
2764		435.271		-278.489
2765		543.856		-0.852158
2766		497.463		299.242
2767		303.763		540.36
2768		10.6375		655.271
2769		-306.258		609.373
2770		-563.518		410.355
2771		-692.113		106.501
2772		-655.652		-225.758
2773		-460.012		-501.63
2774		-151.954		-649.784
2775		192.709		-630.579
2776		488.22		-446.137
2777		660.34		-139.881
2778		664.829		214.176
2779		498.449		529.643
2780		199.897		728.946
2781		-159.505		762.367
2782		-493.081		620.343
2783		-719.885		336.023
2784		-784.517		-22.5528
2785		-670.852		-368.869
2786		-406.269		-619.027
2787		-55.2073		-712.405
2788		296.503		-626.77
2789		562.794		-384.016
2790		678.784		-44.9299
2791		617.087		305.86
2792		394.789		581.08
2793		69.1884		712.823
2794		-276.729		669.756
2795		-555.458		465.016
2796		-697.329		152.699
2797		-668.272		-186.222
2798		-478.306		-464.9
2799		-178.567		-613.036
2800		152.347		-594.837
2801		429.034		-417.823
2802		581.473		-130.238
2803		572.869		192.104
2804		408.553		465.926
2805		133.745		622.137
2806		-178.972		623.338
2807		-448.968		472.709
2808		-608.471		212.196
2809		-619.609		-89.2173
2810		-483.308		-353.855
2811		-238.041		-515.398
2812		50.9704		-535.475
2813		309.037		-412.692
2814		471.23		-182.047
2815		498.631		94.858
2816		387.621		346.103
2817		170.01		507.979
2818		-95.8123		541.053
2819		-340.309		439.767
2820		-500.804		233.243
2821		-537.461		-22.7832
2822		-443.172		-260.73
2823		-244.909		-418.787
2824		3.72436		-456.815
2825		236.733		-366.459
2826		392.985		-172.908
2827		432.002		72.0339
2828		344.204		303.668
2829		153.056		461.271
2830		-91.3169		503.718
2831		-325.261		419.892
2832		-488.019		231.297
2833		-537.233		-13.626
2834		-459.66		-251.944
2835		-274.475		-422.225
2836		-28.4619		-480.085
2837		215.687		-409.464
2838		395.065		-226.891
2839		462.4		22.3274
2840		398.208		275.121
2841		216.2		466.265
2842		-39.488		544.84
2843		-304.782		487.489
2844		-511.447		305.061
2845		-604.383		40.7941
2846		-556.089		-239.828
2847		-374.509		-465.21
2848		-102.022		-575.853
2849		194.489		-539.993
2850		440.181		-362.521
2851		571.3		-84.6534
2852		551.846		225.822
2853		383.398		491.402
2854		105.41		644.584
2855		-214.308		645.321
2856		-496.569		491.624
2857		-670.928		220.45
2858		-693.704		-101.45
2859		-559.207		-394.41
2860		-301.217		-586.086
2861		15.6852		-629.798
2862		312.642		-516.215
2863		516.592		-275.39
2864		578.638		31.2989
2865		486.001		327.078
2866		264.559		539.349
2867		-28.4623		617.78
2868		-319.539		546.314
2869		-537.565		346.219
2870		-631.356		69.7088
2871		-581.593		-213.891
2872		-404.46		-435.665
2873		-146.474		-543.824
2874		127.807		-515.594
2875		351.891		-361.66
2876		473.253		-122.507
2877		465.366		142.112
2878		333.246		367.827
2879		111.533		500.958
2880		-144.241		510.993
2881		-371.084		397.519
2882		-513.609		190.096
2883		-537.313		-58.8956
2884		-437.004		-286.868
2885		-238.302		-436.255
2886		8.33577		-468.804
2887		239.853		-375.405
2888		396.277		-178.864
2889		436.002		71.3295
2890		346.753		311.185
2891		149.232		478.393
2892		-107.684		528.395
2893		-359.135		446.118
2894		-540.781		250.23
2895		-605.33		-11.3059
2896		-534.802		-273.251
2897		-345.3		-469.601
2898		-83.1185		-550.306
2899		186.803		-493.958
2900		397.093		-313.241
2901		494.734		-51.8652
2902		454.239		226.203
2903		284.008		452.491
2904		24.3245		570.863
2905		-262.477		551.316
2906		-507.26		397.36
2907		-651.005		145.167
2908		-659.231		-145.32
2909		-530.351		-405.117
2910		-295.87		-573.115
2911		-12.4035		-610.932
2912		252.432		-512.006
2913		436.652		-302.693
2914		498.843		-35.2457
2915		427.717		225.411
2916		244.063		417.636
2917		-5.1256		497.749
2918		-258.614		449.91
2919		-455.858		289.051
2920		-551.27		56.4642
2921		-524.522		-190.612
2922		-384.725		-392.797
2923		-167.714		-502.556
2924		72.7825		-495.233
2925		278.055		-374.7
2926		398.51		-172.323
2927		405.721		60.6165
2928		299.544		265.444
2929		108.387		390.711
2930		-117.72		405.334
2931		-319.805		306.819
2932		-445.274		122.181
2933		-461.86		-98.9711
2934		-366.321		-297.566
2935		-185.345		-420.909
2936		31.7269		-436.863
2937		226.354		-342.368
2938		346.645		-163.943
2939		361.137		49.8401
2940		266.783		241.647
2941		89.168		360.607
2942		-124.745		375.356
2943		-319.075		281.61
2944		-443.247		102.686
2945		-464.405		-116.752
2946		-375.197		-321.855
2947		-195.373		-460.855
2948		32.8939		-497.44
2949		254.824		-419.529
2950		415.852		-242.596
2951		474.697		-6.67255
2952		413.77		232.536
2953		244.345		416.698
2954		4.8887		499.195
2955		-247.533		457.261
2956		-451.038		298.613
2957		-554.582		60.4435
2958		-531.365		-199.374
2959		-386.186		-416.823
2960		-154.544		-538.189
2961		106.422		-533.893
2962		332.673		-405.909
2963		469.616		-186.823
2964		485.599		69.0078
2965		379.116		299.514
2966		178.205		450.325
2967		-67.3369		487.57
2968		-298.529		405.161
2969		-461.29		225.256
2970		-518.767		-7.70438
2971		-459.371		-237.72
2972		-299.016		-410.215
2973		-77.2923		-484.559
2974		151.662		-443.534
2975		331.74		-297.661
2976		418.301		-83.1963
2977		389.387		146.127
2978		251.836		332.066
2979		40.3452		426.589
2980		-190.775		404.592
2981		-381.389		271.035
2982		-481.364		60.2063
2983		-464.062		-173.006
2984		-333.647		-367.611
2985		-124.011		-472.771
2986		110.358		-461.239
2987		308.943		-336.277
2988		421.063		-130.311
2989		418.69		104.002
2990		303.014		307.59
2991		103.403		429.851
2992		-130.506		440.838
2993		-341.258		338.007
2994		-477.408		146.284
2995		-505.546		-88.1925
2996		-417.969		-309.018
2997		-234.47		-462.684
2998		2.10356		-511.101
2999		235.626		-440.749
3000		409.754		-266.315
3001		481.406		-27.7571
3002		431.441		218.806
3003		269.802		414.439
3004		33.5638		511.778
3005		-221.862		486.822
3006		-436.255		344.971
3007		-559.376		119.684
3008		-563.168		-135.919
3009		-448.239		-362.221
3010		-243.118		-507.561
3011		3.23639		-540.283
3012		233.509		-455.559
3013		395.543		-275.654
3014		454.075		-43.9901
3015		398.208		185.287
3016		243.227		359.719
3017		26.6718		440.23
3018		-200.365		409.711
3019		-384.853		276.758
3020		-483.943		73.7283
3021		-474.987		-150.611
3022		-361.1		-342.44
3023		-170.747		-455.774
3024		48.9103		-463.83
3025		243.527		-365.899
3026		365.203		-187.745
3027		384.689		24.8436
3028		298.861		217.779
3029		131.373		342.612
3030		-73.7055		368.907
3031		-263.478		291.761
3032		-389.853		132.568
3033		-421.592		-66.945
3034		-351.745		-255.625
3035		-198.836		-385.77
3036		-1.81372		-424.768
3037		189.749		-362.78
3038		327.742		-214.875
3039		377.087		-17.309
3040		324.232		181.138
3041		180.646		330.815
3042		-19.5402		393.262
3043		-227.403		350.911
3044		-390.985		211.992
3045		-468.24		9.18248
3046		-437.948		-207.993
3047		-305.652		-385.376
3048		-102.801		-477.955
3049		120.92		-461.574
3050		310.166		-339.329
3051		418.058		-140.845
3052		418.036		85.3561
3053		310.295		284.251
3054		121.27		408.067
3055		-103.417		427.776
3056		-310.411		339.568
3057		-451.431		165.036
3058		-494.322		-54.5423
3059		-429.99		-268.139
3060		-273.978		-426.697
3061		-62.6328		-494.111
3062		155.177		-455.251
3063		329.064		-319.417
3064		418.619		-118.463
3065		402.965		100.234
3066		286.104		284.677
3067		96.5185		390.712
3068		-119.304		393.086
3069		-308.179		292.153
3070		-423.658		114.171
3071		-438.05		-95.22
3072		-349.648		-282.793
3073		-183.034		-401.644
3074		17.6662		-423.338
3075		200.655		-344.923
3076		320.055		-188.998
3077		347.46		2.92477
3078		278.457		181.643
3079		132.74		302.858
3080		-51.7516		337.854
3081		-228.763		279.797
3082		-355.063		144.543
3083		-400.529		-33.8279
3084		-354.872		-211.399
3085		-229.755		-344.792
3086		-55.9871		-401.309
3087		123.616		-366.715
3088		264.275		-248.938
3089		330.089		-76.6658
3090		303.161		107.156
3091		188.664		255.675
3092		14.2402		329.956
3093		-176.462		309.246
3094		-334.718		196.834
3095		-419.316		19.686
3096		-407.411		-178.232
3097		-300.607		-347.221
3098		-124.597		-444.645
3099		77.4722		-445.777
3100		256.02		-349.875
3101		367.412		-180.073
3102		384.546		22.6175
3103		303.126		209.449
3104		142.378		335.606
3105		-59.6914		370.69
3106		-255.247		305.721
3107		-397.717		155.251
3108		-452.644		-45.8466
3109		-405.928		-250.266
3110		-267.547		-409.243
3111		-69.7043		-484.224
3112		140.485		-456.499
3113		312.285		-332.277
3114		403.95		-141.636
3115		393.406		68.6978
3116		284.054		247.083
3117		103.965		350.147
3118		-101.444		353.835
3119		-281.231		259.291
3120		-391.988		92.017
3121		-408.551		-105.246
3122		-329.611		-283.779
3123		-177.065		-401.079
3124		10.3014		-430.86
3125		186.792		-368.548
3126		310.771		-231.383
3127		354.054		-53.5719
3128		307.828		122.047
3129		184.135		253.85
3130		12.8413		310.742
3131		-165.164		279.099
3132		-307.208		165.976
3133		-378.658		-2.21849
3134		-361.239		-185.5
3135		-257.844		-339.534
3136		-92.409		-426.316
3137		95.4401		-423.742
3138		259.936		-331.509
3139		360.592		-171.606
3140		372.518		16.9782
3141		292.815		188.013
3142		141.285		299.695
3143		-44.6918		325.081
3144		-219.654		258.578
3145		-341.345		116.934
3146		-380.852		-65.2758
3147		-329.201		-244.281
3148		-199.028		-377.598
3149		-21.2292		-433.863
3150		162.407		-399.869
3151		308.851		-283.422
3152		383.667		-111.51
3153		368.947		75.8018
3154		267.634		234.503
3155		103.163		326.878
3156		-85.7177		330.575
3157		-253.967		244.293
3158		-361.112		88.494
3159		-381.298		-99.2913
3160		-309.881		-273.601
3161		-164.719		-392.36
3162		18.3288		-427.429
3163		194.52		-371.547
3164		321.532		-239.844
3165		369.921		-65.6252
3166		330.039		108.318
3167		213.771		240.435
3168		50.948		300.398
3169		-118.408		275.946
3170		-253.881		175.153
3171		-324.136		23.8857
3172		-313.951		-140.721
3173		-227.389		-279.138
3174		-86.5273		-358.683
3175		73.892		-361.095
3176		214.732		-286.791
3177		301.819		-154.765
3178		314.245		1.94917
3179		249.559		144.321
3180		124.462		236.994
3181		-29.3416		257.152
3182		-173.162		200.264
3183		-271.151		81.1117
3184		-299.336		-70.163
3185		-251.451		-215.918
3186		-140.089		-320.586
3187		6.9398		-359.413
3188		153.891		-324.132
3189		265.949		-224.367
3190		317.408		-84.6904
3191		297.305		61.6142
3192		211.433		180.447
3193		80.5646		244.605
3194		-64.5143		239.723
3195		-190.003		167.323
3196		-266.681		44.4022
3197		-276.544		-100.348
3198		-217.063		-233.016
3199		-101.999		-322.312
3200		41.5894		-347.06
3201		179.686		-301.466
3202		279.565		-196.74
3203		317.914		-58.4305
3204		286.654		79.9473
3205		194.853		185.372
3206		66.1777		233.584
3207		-67.3708		214.932
3208		-173.662		136.3
3209		-228.335		18.7702
3210		-220.369		-108.114
3211		-154.093		-213.83
3212		-47.4234		-274.129
3213		72.9383		-276.408
3214		178.043		-222.136
3215		243.423		-126.041
3216		254.621		-12.3962
3217		210.411		90.7564
3218		123.046		158.23
3219		15.4002		173.788
3220		-84.5282		134.284
3221		-150.614		50.7281
3222		-165.439		-54.2575
3223		-125.122		-152.189
3224		-40.6419		-216.319
3225		64.942		-229.013
3226		162.772		-186.737
3227		226.225		-101.08
3228		238.335		4.55044
3229		196.384		101.598
3230		112.34		164.336
3231		9.17199		176.781
3232		-85.6978		136.607
3233		-147.752		55.1555
3234		-161.481		-46.1057
3235		-123.758		-141.403
3236		-43.963		-207.042
3237		58.7793		-226.805
3238		160.283		-195.294
3239		236.752		-118.818
3240		269.918		-13.8597
3241		250.981		96.4476
3242		182.696		187.215
3243		79.1412		237.232
3244		-36.9721		233.92
3245		-139.126		176.674
3246		-203.091		77.6301
3247		-212.898		-40.6396
3248		-165.131		-150.199
3249		-70.235		-224.474
3250		49.6927		-244.899
3251		166.181		-205.671
3252		251.359		-115.293
3253		284.763		5.52415
3254		258.199		128.955
3255		177.499		226.766
3256		60.8841		276.892
3257		-65.4606		268.35
3258		-173.431		203.478
3259		-239.269		97.2019
3260		-248.737		-26.3785
3261		-200.23		-139.298
3262		-105.204		-215.873
3263		14.1766		-238.473
3264		129.843		-201.702
3265		214.152		-113.977
3266		246.421		4.04747
3267		218.099		124.072
3268		135.185		216.84
3269		17.0918		259.317
3270		-107.926		240.515
3271		-209.68		164.358
3272		-263.516		48.7966
3273		-256.377		-78.6197
3274		-189.922		-187.509
3275		-79.9876		-251.996
3276		47.3286		-256.805
3277		161.888		-200.712
3278		236.499		-96.7172
3279		253.124		30.9784
3280		207.005		152.423
3281		107.916		238.649
3282		-21.7754		268.315
3283		-151.903		232.861
3284		-251.314		138.97
3285		-295.27		7.58005
3286		-271.728		-130.632
3287		-184.805		-242.456
3288		-54.2993		-300.375
3289		88.8974		-289.677
3290		210.457		-212.419
3291		281.33		-87.0081
3292		285.085		56.5507
3293		221.815		184.425
3294		107.602		267.487
3295		-30.1201		288.232
3296		-159.764		244.326
3297		-253.231		148.151
3298		-292.016		22.9136
3299		-270.496		-103.274
3300		-196.099		-203.712
3301		-86.8257		-258.433
3302		32.978		-257.709
3303		137.623		-203.441
3304		205.058		-108.468
3305		221.157		5.99852
3306		182.682		114.529
3307		98.3019		192.697
3308		-12.8226		222.5
3309		-124.968		196.801
3310		-211.711		121.529
3311		-252.433		14.735
3312		-237.722		-97.6018
3313		-172.033		-188.094
3314		-72.6696		-235.07
3315		34.7721		-228.236
3316		123.214		-171.233
3317		171.199		-80.3603
3318		168.262		20.0524
3319		117.176		104.188
3320		32.6546		151.326
3321		-62.8688		150.736
3322		-145.082		103.824
3323		-193.707		23.2453
3324		-197.143		-70.514
3325		-154.925		-154.172
3326		-77.6297		-207.139
3327		15.6779		-216.325
3328		101.913		-179.293
3329		159.476		-105.017
3330		173.6		-11.9635
3331		140.278		76.2689
3332		67.6463		136.83
3333		-25.7414		153.614
3334		-115.509		121.732
3335		-177.83		49.1246
3336		-195.86		-45.3127
3337		-164.389		-136.659
3338		-91.3536		-200.635
3339		4.25542		-220.118
3340		97.4742		-189.681
3341		163.986		-116.944
3342		186.449		-20.448
3343		158.875		75.2463
3344		88.0014		145.89
3345		-8.54887		173.65
3346		-106.789		151.518
3347		-182.394		84.9917
3348		-216.793		-9.32668
3349		-201.856		-107.895
3350		-142.017		-186.201
3351		-53.2114		-225.093
3352		41.2417		-215.856
3353		116.843		-162.6
3354		154.593		-81.1618
3355		146.242		5.32069
3356		96.5171		72.9888
3357		21.563		104.084
3358		-55.9861		91.9213
3359		-113.791		42.476
3360		-136.311		-27.8718
3361		-119.008		-97.6225
3362		-69.0398		-146.695
3363		-2.44712		-162.118
3364		61.0314		-141.211
3365		103.739		-91.5356
3366		114.719		-28.017
3367		92.0284		31.5872
3368		42.4847		71.3963
3369		-20.6552		81.0901
3370		-81.1742		57.9104
3371		-123.609		6.8911
3372		-136.517		-60.416
3373		-114.875		-128.335
3374		-61.3477		-180.217
3375		13.7937		-201.95
3376		94.3049		-185.331
3377		161.122		-130.573
3378		196.644		-47.1851
3379		189.256		47.3686
3380		136.895		131.255
3381		48.4769		183.455
3382		-57.4971		189.235
3383		-157.038		144.351
3384		-226.474		56.6968
3385		-248.409		-55.1926
3386		-216.199		-166.42
3387		-135.745		-251.649
3388		-24.2094		-291.114
3389		93.9315		-275.22
3390		192.449		-206.731
3391		249.205		-100.156
3392		251.031		21.4038
3393		196.665		131.212
3394		97.1977		204.651
3395		-26.0892		224.637
3396		-146.137		185.584
3397		-235.982		95.0072
3398		-274.885		-27.7615
3399		-253.311		-155.669
3400		-175.478		-260.068
3401		-58.6534		-317.479
3402		70.7942		-315.29
3403		183.697		-254.856
3404		255.145		-151.124
3405		270.453		-28.8532
3406		228.485		83.5605
3407		141.538		160.998
3408		31.9462		187.491
3409		-73.5992		159.645
3410		-150.507		86.9147
3411		-181.947		-11.1477
3412		-162.46		-109.86
3413		-98.7988		-185.358
3414		-7.93204		-220.158
3415		87.2675		-207.089
3416		163.648		-150.736
3417		203.403		-66.0312
3418		198.328		25.679
3419		151.617		102.165
3420		76.6822		146.002
3421		-6.71277		148.869
3422		-77.9162		113.269
3423		-120.853		51.2003
3424		-127.891		-19.7121
3425		-101.052		-81.3303
3426		-50.4373		-119.733
3427		9.36723		-128.185
3428		63.5143		-107.71
3429		100.394		-65.5424
3430		113.544		-12.3836
3431		101.863		40.4019
3432		68.6901		82.8555
3433		20.485		107.547
3434		-34.3123		110.058
3435		-86.1869		89.3014
3436		-125.523		47.9143
3437		-144.018		-7.47668
3438		-136.557		-66.6464
3439		-103.083		-117.303
3440		-49.5907		-147.779
3441		12.5021		-150.259
3442		68.8579		-123.4
3443		106.006		-73.2582
3444		115.185		-11.9073
3445		94.8566		45.8967
3446		50.9426		86.8979
3447		-5.25272		102.879
3448		-60.5865		92.3729
3449		-103.725		60.1439
3450		-127.645		14.9495
3451		-130.37		-33.3334
3452		-114.15		-76.0923
3453		-83.8465		-107.228
3454		-45.4204		-123.304
3455		-5.00454		-123.143
3456		31.4705		-107.467
3457		58.548		-78.8792
3458		71.8492		-41.9703
3459		69.0703		-3.05993
3460		50.9593		30.8329
3461		21.6006		53.7142
3462		-12.4762		62.4322
3463		-44.284		57.7038
3464		-68.7353		43.693
3465		-84.3009		26.1314
3466		-93.0991		9.73712
3467		-99.2543		-3.85835
3468		-106.231		-16.5963
3469		-114.448		-32.5304
3470		-120.448		-55.024
3471		-118.217		-83.9537
3472		-102.203		-114.379
3473		-70.7197		-137.548
3474		-28.0914		-144.032
3475		15.6192		-127.781
3476		47.4451		-89.3551
3477		55.9247		-36.8872
3478		35.3898		15.7971
3479		-11.5507		53.281
3480		-74.303		63.4048
3481		-137.244		41.1164
3482		-184.251		-9.96786
3483		-203.236		-78.6835
3484		-189.263		-149.561
3485		-145.462		-207.008
3486		-81.7555		-239.138
3487		-12.0525		-240.276
3488		49.1564		-211.756
3489		89.941		-161.113
3490		103.224		-100.102
3491		87.9438		-42.0903
3492		49.0191		0.708527
3493		-3.80673		19.6909
3494		-58.0683		11.619
3495		-101.289		-20.7021
3496		-123.782		-69.0621
3497		-120.885		-121.768
3498		-94.0234		-166.467
3499		-50.2302		-193.173
3500		-0.217979		-196.64
3501		44.4721		-177.428
3502		74.3929		-141.361
3503		84.3366		-97.622
3504		74.1388		-56.1479
3505		48.054		-25.1551
3506		13.081		-9.4914
3507		-23.1046		-10.1473
3508		-53.9413		-24.8308
3509		-75.0544		-49.1872
3510		-84.5111		-78.138
3511		-82.4582		-106.917
3512		-70.4958		-131.623
3513		-51.1134		-149.358
3514		-27.3633		-158.169
3515		-2.74272		-157.04
3516		18.8854		-146.061
3517		33.5493		-126.754
3518		37.7443		-102.354
3519		29.3091		-77.7941
3520		8.39365		-59.1517
3521		-21.8316		-52.4878
3522		-55.1214		-62.2329
3523		-83.03		-89.5253
3524		-96.7309		-131.068
3525		-89.439		-179.051
3526		-58.7782		-222.456
3527		-8.2868		-249.618
3528		52.6236		-251.48
3529		110.518		-224.55
3530		151.268		-172.579
3531		163.971		-106.233
3532		144.254		-40.6563
3533		95.8615		8.44916
3534		29.934		29.0854
3535		-37.8553		16.2392
3536		-91.4502		-26.8233
3537		-118.561		-89.5937
3538		-113.593		-157.275
3539		-78.598		-214.658
3540		-22.1827		-249.732
3541		43.0637		-256.075
3542		103.697		-233.611
3543		148.21		-187.834
3544		168.908		-128.081
3545		162.718		-65.458
3546		131.119		-10.9479
3547		79.5276		26.1066
3548		16.396		39.1328
3549		-47.8865		25.1724
3550		-102.318		-14.5467
3551		-136.875		-74.4326
3552		-144.268		-144.965
3553		-121.585		-213.918
3554		-71.3919		-268.358
3555		-1.87502		-297.156
3556		74.2235		-293.498
3557		141.838		-256.788
3558		186.618		-193.388
3559		198.156		-115.852
3560		172.649		-40.6571
3561		114.304		15.2054
3562		34.9998		38.0941
3563		-47.9168		21.1498
3564		-115.359		-33.6051
3565		-150.982		-115.179
3566		-145.34		-205.774
3567		-98.5813		-284.856
3568		-20.8174		-334.196
3569		70.1165		-342.589
3570		153.07		-308.896
3571		209.021		-242.461
3572		226.046		-160.694
3573		202.392		-84.4236
3574		146.735		-32.3393
3575		75.5836		-16.118
3576		8.61069		-37.6092
3577		-36.6898		-88.8127
3578		-49.4906		-154.524
3579		-28.0634		-216.765
3580		20.3746		-259.664
3581		82.1661		-273.429
3582		141.219		-256.443
3583		183.341		-215.068
3584		199.766		-161.411
3585		189.024		-109.755
3586		156.808		-72.6621
3587		113.95		-57.7414
3588		73.1184		-65.909
3589		45.1343		-91.562
3590		35.915		-124.622
3591		44.947		-153.88
3592		65.7859		-170.668
3593		88.5058		-171.7
3594		103.375		-160.096
3595		104.558		-144.136
3596		92.5017		-134.031
3597		74.0415		-137.78
3598		59.9828		-157.6
3599		60.8904		-188.37
3600		82.557		-218.879
3601		122.9		-235.652
3602		171.637		-228.117
3603		213.145		-193.231
3604		231.691		-137.739
3605		217.285		-76.9878
3606		170.009		-30.4566
3607		101.133		-15.3874
3608		30.3965		-40.6691
3609		-19.8144		-103.148
3610		-31.5139		-187.745
3611		2.92965		-271.478
3612		77.9354		-330.142
3613		175.897		-345.526
3614		272.033		-310.879
3615		341.346		-232.974
3616		365.535		-130.244
3617		337.837		-27.7163
3618		264.551		49.6436
3619		163.049		83.21
3620		57.131		64.9776
3621		-28.8421		-1.04911
3622		-75.4497		-100.358
3623		-72.1498		-211.602
3624		-19.022		-311.369
3625		73.7141		-378.937
3626		188.019		-400.201
3627		301.608		-370.208
3628		392.159		-294.054
3629		441.538		-186.055
3630		439.434		-67.2388
3631		385.725		38.5682
3632		290.995		109.517
3633		174.819		130.489
3634		61.8972		96.7393
3635		-23.2939		15.3993
3636		-62.1352		-95.7824
3637		-46.3214		-212.359
3638		20.1138		-308.885
3639		121.838		-364.929
3640		236.075		-369.772
3641		338.196		-324.57
3642		407.501		-241.501
3643		431.684		-140.336
3644		408.971		-43.5116
3645		347.701		28.9179
3646		263.794		63.2899
3647		176.962		54.6292
3648		106.592		7.07429
3649		68.0188		-67.3385
3650		69.6678		-151.167
3651		111.362		-224.962
3652		184.08		-271.178
3653		271.418		-278.084
3654		352.827		-242.883
3655		408.298		-173.148
3656		423.581		-85.7573
3657		394.527		-3.12475
3658		329.052		52.6621
3659		245.702		66.2479
3660		168.802		33.9548
3661		121.438		-34.5461
3662		118.393		-118.684
3663		161.437		-193.016
3664		238.639		-234.964
3665		328.042		-231.721
3666		404.508		-184.007
3667		447.412		-105.465
3668		446.639		-18.0461
3669		405.015		54.9517
3670		336.62		95.7754
3671		261.859		96.894
3672		201.138		62.2221
3673		169.199		4.91805
3674		171.714		-57.1551
3675		204.759		-106.69
3676		256.886		-131.379
3677		312.849		-126.53
3678		357.829		-95.487
3679		381.098		-48.0858
3680		378.418		2.29921
3681		352.756		42.375
3682		313.206		62.4223
3683		272.368		58.8655
3684		242.703		35.2357
3685		232.801		1.12714
3686		244.63		-30.7464
3687		272.746		-48.6696
3688		305.936		-45.9688
3689		330.966		-23.5756
3690		337.29		9.93937
3691		321.105		41.0834
3692		287.22		56.1206
3693		247.912		46.1297
3694		219.045		10.6255
3695		214.703		-41.6112
3696		242.206		-94.8699
3697		299.209		-131.263
3698		373.867		-136.316
3699		447.986		-103.588
3700		502.104		-36.901
3701		520.938		50.3866
3702		497.62		138.729
3703		435.681		207.323
3704		348.384		239.282
3705		255.733		225.804
3706		179.942		168.446
3707		140.383		79.0801
3708		149.09		-22.4452
3709		207.752		-112.449
3710		306.899		-168.568
3711		427.531		-174.819
3712		544.971		-125.43
3713		634.15		-26.5034
3714		675.13		104.985
3715		657.561		244.652
3716		583.032		365.834
3717		464.803		445.164
3718		325.113		467.349
3719		190.764		428.199
3720		87.9541		335.477
3721		37.3214		207.581
3722		49.9186		70.3876
3723		124.687		-47.2892
3724		247.86		-119.083
3725		394.657		-126.601
3726		533.448		-64.112
3727		632.082		58.8119
3728		665.37		217.869
3729		621.991		378.425
3730		508.705		503.306
3731		350.116		562.276
3732		183.373		540.581
3733		48.7979		443.771
3734		-21.0029		296.939
3735		-10.2324		138.203
3736		75.7377		8.27117
3737		212.179		-60.7401
3738		362.372		-53.7416
3739		488.066		24.1309
3740		559.7		150.206
3741		563.362		291.558
3742		502.862		414.273
3743		396.984		491.857
3744		273.448		510.685
3745		161.67		471.703
3746		86.2206		388.748
3747		62.1225		284.561
3748		92.4006		185.625
3749		167.846		116.698
3750		268.895		95.6789
3751		369.532		129.491
3752		442.936		211.829
3753		468.051		323.743
3754		435.566		437.595
3755		351.396		523.997
3756		236.05		560.109
3757		119.41		536.759
3758		32.102		461.783
3759		-3.87928		358.055
3760		17.9381		256.484
3761		86.6662		186.254
3762		178.019		165.716
3763		262.638		197.165
3764		315.681		267.272
3765		324.186		352.71
3766		289.74		428.578
3767		225.961		476.324
3768		152.336		488.376
3769		87.1829		468.308
3770		42.4447		427.253
3771		21.8567		378.639
3772		22.389		333.621
3773		37.531		298.764
3774		60.5478		276.211
3775		86.3406		265.418
3776		111.593		265.018
3777		133.867		273.767
3778		150.725		290.33
3779		159.674		312.499
3780		158.994		336.733
3781		148.836		358.653
3782		131.724		374.387
3783		111.92		382.1
3784		93.7896		382.784
3785		79.9331		379.739
3786		70.0557		376.871
3787		61.2379		376.587
3788		49.5816		378.308
3789		32.5187		378.396
3790		10.7257		371.624
3791		-11.2636		353.642
3792		-26.1		323.408
3793		-26.0007		284.636
3794		-5.65105		245.625
3795		35.3479		217.478
3796		91.2732		211.189
3797		150.717		234.37
3798		198.647		288.475
3799		219.73		367.225
3800		202.27		456.754
3801		141.928		537.728
3802		44.2627		589.283
3803		-74.8505		594.165
3804		-191.506		543.915
3805		-278.739		442.635
3806		-313.259		307.874
3807		-282.263		167.827
3808		-188.221		55.0393
3809		-49.8637		-1.93237
3810		101.409		13.3879
3811		229.066		100.077
3812		300.935		239.083
3813		297.921		397.565
3814		219.349		537.174
3815		83.3487		623.951
3816		-77.8064		637.022
3817		-226.004		573.719
3818		-326.88		449.879
3819		-358.131		295.483
3820		-314.51		146.983
3821		-208.503		38.4172
3822		-66.7779		-6.52695
3823		76.534		20.3006
3824		188.04		110.103
3825		242.885		239.701
3826		230.381		377.398
3827		156.178		490.787
3828		40.4485		554.62
3829		-87.5188		556.824
3830		-196.982		501.081
3831		-263.651		405.244
3832		-275.671		296.018
3833		-236.009		201.41
3834		-160.624		143.18
3835		-73.0854		131.501
3836		2.55605		163.325
3837		48.3965		224.703
3838		56.7994		296.018
3839		30.9948		358.217
3840		-17.6139		397.986
3841		-74.1391		410.373
3842		-125.092		398.413
3843		-161.854		370.395
3844		-181.851		336.097
3845		-187.514		303.458
3846		-183.828		276.735
3847		-175.651		256.479
3848		-165.844		240.948
3849		-154.757		228.134
3850		-141.058		217.471
3851		-123.385		210.554
3852		-102.052		210.626
3853		-80.0799		221.042
3854		-63.0614		243.299
3855		-57.7722		275.39
3856		-69.8861		311.198
3857		-101.499		341.328
3858		-149.342		355.379
3859		-204.47		345.102
3860		-253.808		307.503
3861		-283.363		246.81
3862		-282.273		174.447
3863		-246.467		106.749
3864		-180.693		60.8754
3865		-98.0997		50.0613
3866		-17.3173		79.6454
3867		42.2054		145.123
3868		65.2739		232.874
3869		44.967		323.38
3870		-15.51		396
3871		-103.568		433.97
3872		-200.263		428.34
3873		-284.724		379.923
3874		-338.859		298.959
3875		-351.271		202.709
3876		-319.621		111.627
3877		-251.022		44.9442
3878		-160.446		16.5678
3879		-67.4652		32.1179
3880		8.02157		87.7418
3881		50.1771		171.034
3882		50.6983		263.929
3883		10.4952		346.912
3884		-60.8895		403.5
3885		-147.947		423.783
3886		-233.148		406.104
3887		-300.989		356.553
3888		-340.976		286.67
3889		-348.916		210.297
3890		-326.533		140.668
3891		-280.028		88.4503
3892		-218.446		60.8796
3893		-152.395		61.5742
3894		-93.1889		90.4163
3895		-51.964		143.173
3896		-38.2205		211.076
3897		-57.6208		281.066
3898		-109.549		337.444
3899		-185.532		365.194
3900		-269.7		354.333
3901		-341.924		303.848
3902		-383.134		223.504
3903		-381.288		132.314
3904		-335.807		53.6589
3905		-258.651		8.40166
3906		-171.298		8.30802
3907		-98.4244		52.1315
3908		-60.3854		125.842
3909		-67.0558		206.968
3910		-115.099		271.542
3911		-189.444		301.257
3912		-268.265		288.52
3913		-329.626		237.969
3914		-357.612		164.329
3915		-346.204		87.6363
3916		-300.098		27.5122
3917		-232.65		-1.87539
3918		-161.866		5.01359
3919		-105.627		44.2734
3920		-77.2745		104.011
3921		-82.4492		167.61
3922		-117.819		218.061
3923		-172.012		242.462
3924		-228.7		235.606
3925		-271.252		201.613
3926		-287.808		152.897
3927		-275.208		106.412
3928		-240.34		78.1041
3929		-198.084		77.2844
3930		-166.222		102.967
3931		-158.905		143.76
3932		-181.013		181.679
3933		-225.68		198.775
3934		-276.196		184.198
3935		-311.848		139.007
3936		-315.715		76.6891
3937		-281.504		18.9539
3938		-216.779		-11.8424
3939		-141.223		-0.936569
3940		-80.3946		52.9548
3941		-57.1056		136.293
3942		-83.4463		224.483
3943		-156.2		289.498
3944		-257.205		308.809
3945		-358.525		272.695
3946		-430.714		187.625
3947		-451.587		74.7318
3948		-412.838		-36.0472
3949		-322.639		-114.355
3950		-203.576		-137.874
3951		-86.6228		-98.4975
3952		-2.90448		-4.61494
3953		24.5116		121.031
3954		-13.3931		247.226
3955		-109.325		342.289
3956		-241.644		382.043
3957		-379.922		355.704
3958		-492.536		268.223
3959		-554.243		138.654
3960		-551.828		-4.8119
3961		-486.556		-131.646
3962		-373.13		-215.809
3963		-235.803		-240.986
3964		-102.891		-203.301
3965		-1.05807		-111.334
3966		49.5181		16.0873
3967		38.5054		153.598
3968		-32.9185		273.784
3969		-152.109		351.918
3970		-296.731		370.497
3971		-438.299		323.011
3972		-547.32		216.179
3973		-599.437		69.7975
3974		-581.363		-86.4012
3975		-495.019		-218.758
3976		-358.348		-297.493
3977		-202.016		-304.372
3978		-62.4056		-237.975
3979		27.4245		-114.789
3980		46.3183		34.5085
3981		-9.37493		172.72
3982		-124.839		265.612
3983		-270.728		290.558
3984		-410.792		241.968
3985		-511.003		132.195
3986		-547.724		-12.0461
3987		-512.956		-156.549
3988		-415.664		-267.871
3989		-279.158		-321.014
3990		-135.414		-304.901
3991		-17.6551		-224.635
3992		47.2303		-100.201
3993		44.8811		38.1367
3994		-23.0686		156.841
3995		-139.161		227.076
3996		-274.126		231.844
3997		-394.005		170.415
3998		-468.752		58.7261
3999		-480.029		-74.6354
4000		-425.994		-195.934
4001		-321.604		-275.236
4002		-194.295		-294.232
4003		-76.3329		-250.669
4004		3.83791		-158.212
4005		28.7195		-42.008
4006		-4.54336		68.4772
4007		-84.5915		147.102
4008		-189.806		177.084
4009		-294.298		154.092
4010		-374.171		86.0997
4011		-412.603		-9.43611
4012		-402.903		-110.056
4013		-349.27		-193.361
4014		-265.396		-241.732
4015		-171.254		-245.981
4016		-88.5751		-207.285
4017		-35.8049		-136.905
4018		-23.5801		-53.4837
4019		-51.9628		21.6993
4020		-110.437		70.4617
4021		-180.984		82.7937
4022		-243.546		59.5888
4023		-282.2		11.9461
4024		-289.969		-42.8831
4025		-270.5		-87.5636
4026		-235.985		-110.582
4027		-202.121		-109.819
4028		-182.029		-92.5032
4029		-181.486		-71.6887
4030		-197.183		-60.7448
4031		-218.526		-68.0398
4032		-232.059		-93.8004
4033		-226.701		-130.139
4034		-197.841		-163.965
4035		-148.997		-181.494
4036		-90.7716		-172.685
4037		-37.7812		-134.251
4038		-4.74739		-70.6168
4039		-2.85971		7.0721
4040		-37.1534		83.3234
4041		-105.188		141.407
4042		-197.049		166.681
4043		-296.647		149.741
4044		-384.28		88.9823
4045		-440.335		-7.97591
4046		-449.643		-124.615
4047		-405.633		-237.996
4048		-313.086		-323.271
4049		-188.451		-359.408
4050		-57.1951		-334.706
4051		51.4597		-250.541
4052		111.224		-122.138
4053		105.161		24.0516
4054		30.1993		155.806
4055		-101.422		242.176
4056		-264.11		260.479
4057		-423.877		201.74
4058		-545.311		73.4162
4059		-599.242		-101.205
4060		-569.613		-287.039
4061		-458.112		-444.176
4062		-285.247		-536.665
4063		-87.0986		-541.36
4064		92.1539		-454.627
4065		210.647		-294.813
4066		239.739		-99.1092
4067		172.326		85.031
4068		25.8046		212.042
4069		-161.753		250.63
4070		-341.54		192.632
4071		-467.351		55.4248
4072		-508.291		-123.052
4073		-456.948		-295.191
4074		-330.581		-417.117
4075		-165.2		-460.436
4076		-4.71786		-418.896
4077		111.253		-308.409
4078		157.316		-161.045
4079		127.407		-15.4172
4080		34.3888		93.4822
4081		-94.9194		142.29
4082		-227.34		123.551
4083		-331.396		45.9501
4084		-384.124		-68.876
4085		-375.559		-191.872
4086		-310.36		-293.251
4087		-206.436		-349.174
4088		-90.7229		-347.22
4089		7.21542		-289.436
4090		62.54		-192.015
4091		61.6313		-81.2869
4092		5.81294		13.235
4093		-89.0529		66.9335
4094		-197.228		66.8431
4095		-290.679		14.8707

 
--------------------------------------


