Compute Correlation 
 
0		-145.497		439.12
1		-336.606		342.211
2		-450.4		170.759
3		-465.364		-26.1098
4		-386.648		-198.004
5		-241.722		-305.707
6		-71.3483		-329.241
7		81.2415		-270.484
8		180.359		-150.782
9		205.335		-4.81696
10		154.499		127.791
11		45.2351		211.667
12		-89.9619		224.129
13		-211.053		161.244
14		-280.465		39.8303
15		-273.432		-105.745
16		-185.878		-231.937
17		-37.1388		-297.87
18		133.983		-277.502
19		279.359		-168.319
20		355.198		6.52139
21		335.123		203.723
22		218.492		371.662
23		31.2418		464.941
24		-181.042		457.202
25		-365.612		348.367
26		-476.738		164.39
27		-487.459		-50.0232
28		-395.888		-243.224
29		-224.869		-369.52
30		-15.7157		-399.873
31		181.952		-328.146
32		321.713		-171.963
33		370.747		31.5898
34		317.199		234.316
35		173.122		387.709
36		-27.7139		454.151
37		-237.066		416.223
38		-403.388		281.823
39		-484.671		83.3422
40		-459.785		-129.593
41		-335.038		-302.598
42		-143.534		-391.183
43		63.1519		-373.495
44		229.102		-257.123
45		310.072		-77.5379
46		286.57		111.831
47		169.877		255.145
48		-1.06239		310.734
49		-171.112		263.653
50		-285.385		130.353
51		-305.766		-45.992
52		-222.584		-208.148
53		-57.9934		-301.771
54		139.942		-291.73
55		310.834		-173.118
56		399.44		26.2677
57		372.144		252.802
58		227.781		441.596
59		-0.433899		534.87
60		-252.77		499.102
61		-458.848		336.015
62		-557.354		83.955
63		-514.098		-191.225
64		-333.092		-413.638
65		-57.0918		-518.471
66		242.985		-470.685
67		487.003		-275.737
68		607.571		20.9823
69		568.643		345.97
70		375.407		617.252
71		72.7476		766.139
72		-266.947		754.91
73		-562.835		585.733
74		-746.004		298.903
75		-775.761		-38.3903
76		-648.029		-349.141
77		-394.553		-564.749
78		-74.0067		-640.032
79		242.192		-562.013
80		485.831		-351.274
81		606.261		-56.2563
82		580.51		257.865
83		417.425		523.358
84		155.202		684.392
85		-147.255		708.9
86		-423.464		595.333
87		-614.263		372.643
88		-681.084		93.2623
89		-614.344		-179.417
90		-434.779		-386.033
91		-187.398		-484.87
92		70.2397		-460.604
93		282.111		-326.112
94		406.364		-117.336
95		423.402		116.838
96		337.908		326.566
97		175.183		471.715
98		-26.4021		528.949
99		-224.459		494.384
100		-381.051		382.186
101		-469.215		220.214
102		-476.957		43.9181
103		-408.593		-110.51
104		-283.411		-212.925
105		-131.71		-245.071
106		11.5071		-204.42
107		114.27		-104.873
108		155.209		26.3847
109		128.895		155.609
110		47.1136		251.33
111		-64.6746		292.8
112		-174.93		275.422
113		-255.402		211.259
114		-289.257		124.428
115		-275.301		42.8903
116		-227.002		-10.5167
117		-166.863		-24.8103
118		-118.299		-3.23381
119		-97.8878		39.1979
120		-110.517		81.775
121		-148.735		105.492
122		-196.121		99.2882
123		-233.232		63.3062
124		-244.101		8.47586
125		-221.371		-47.1374
126		-168.743		-83.9797
127		-100.23		-87.0549
128		-36.4529		-50.8058
129		1.10239		18.4338
130		-3.4647		103.194
131		-55.0026		178.937
132		-144.473		220.707
133		-249.973		210.776
134		-341.898		145.075
135		-391.24		36.164
136		-378.75		-88.7545
137		-302.049		-194.794
138		-178.006		-249.587
139		-39.0817		-233.625
140		75.6752		-147.231
141		132.334		-11.5718
142		112.697		136.978
143		20.239		257.489
144		-120.689		316.74
145		-272.166		299.077
146		-394.09		210.736
147		-455.908		77.3713
148		-444.999		-64.1242
149		-369.313		-176.685
150		-253.859		-233.472
151		-132.589		-224.575
152		-38.4377		-158.407
153		5.46367		-57.9344
154		-8.90992		46.6905
155		-73.7082		126.681
156		-168.676		161.975
157		-267.505		145.612
158		-345.128		84.3052
159		-384.009		-4.55382
160		-377.894		-98.3837
161		-332.247		-175.739
162		-261.531		-221.721
163		-184.312		-231.033
164		-117.794		-208.007
165		-73.4541		-163.85
166		-55.0645		-112.263
167		-59.4564		-65.0644
168		-79.412		-29.3611
169		-107.273		-7.09221
170		-137.686		3.24724
171		-168.376		3.8299
172		-198.858		-4.78221
173		-227.973		-24.1751
174		-251.793		-56.5385
175		-263.276		-101.807
176		-254.256		-155.031
177		-219.145		-205.598
178		-158.789		-239.19
179		-82.5859		-242.161
180		-7.51714		-206.841
181		46.0411		-135.648
182		60.5397		-42.1705
183		27.3674		51.5721
184		-49.4083		121.067
185		-153.17		146.573
186		-258.908		119.31
187		-340.163		44.4694
188		-376.554		-59.9519
189		-359.535		-168.134
190		-294.637		-253.636
191		-199.649		-296.6
192		-99.4224		-288.85
193		-18.9767		-235.532
194		23.0507		-153.054
195		18.8302		-64.149
196		-27.3993		8.3767
197		-101.307		47.4201
198		-182.874		45.4136
199		-251.857		5.39099
200		-292.79		-60.7134
201		-298.322		-135.818
202		-270.203		-202.342
203		-217.948		-246.497
204		-155.756		-261.207
205		-98.6105		-247.11
206		-58.5961		-211.594
207		-42.28		-166.296
208		-49.6774		-123.816
209		-74.9243		-94.4681
210		-108.381		-83.8738
211		-139.571		-91.9488
212		-160.17		-113.51
213		-166.202		-140.31
214		-158.816		-163.913
215		-143.364		-178.504
216		-127.057		-182.707
217		-115.979		-179.71
218		-112.571		-175.591
219		-114.606		-176.397
220		-116.194		-185.124
221		-110.538		-199.887
222		-93.3821		-214.21
223		-65.683		-219.511
224		-34.1952		-208.919
225		-9.48523		-180.844
226		-1.966		-140.678
227		-17.49		-99.6982
228		-54.3568		-71.3798
229		-103.107		-66.4696
230		-149.355		-88.7854
231		-178.635		-133.467
232		-181.376		-188.408
233		-156.077		-238.291
234		-109.537		-269.595
235		-54.2542		-274.649
236		-4.22626		-253.332
237		29.1152		-212.152
238		39.413		-161.486
239		25.8257		-112.416
240		-8.11703		-74.3826
241		-56.1902		-54.1813
242		-110.724		-55.96
243		-163.115		-81.387
244		-204.016		-129.317
245		-224.018		-194.91
246		-215.373		-268.901
247		-174.585		-338.003
248		-104.88		-387.152
249		-17.1951		-403.347
250		71.3083		-379.961
251		141.255		-319.798
252		176.473		-235.454
253		168.973		-146.508
254		121.653		-74.2883
255		47.7262		-35.9489
256		-32.9143		-39.8149
257		-99.1036		-83.415
258		-133.816		-154.56
259		-128.052		-234.802
260		-82.4384		-304.014
261		-6.58728		-344.819
262		83.211		-346.054
263		167.28		-304.897
264		226.341		-227.613
265		245.423		-128.837
266		217.462		-29.2237
267		145.829		48.5753
268		44.839		85.2044
269		-62.5828		70.0475
270		-150.114		5.15033
271		-195.099		-94.0443
272		-185.415		-202.011
273		-123.729		-289.989
274		-27.3757		-334.394
275		76.4634		-324.008
276		158.865		-263.408
277		197.84		-171.371
278		184.628		-74.8225
279		125.601		-0.524384
280		39.3839		32.645
281		-49.4388		18.3553
282		-117.668		-36.6789
283		-149.496		-115.941
284		-139.644		-198.512
285		-93.3219		-264.718
286		-23.7191		-300.536
287		51.8085		-300.045
288		115.823		-265.943
289		154.482		-208.431
290		160.417		-142.813
291		134.453		-86.0407
292		85.6902		-52.6105
293		29.5056		-50.5669
294		-16.4917		-78.7867
295		-37.7642		-126.756
296		-27.7845		-177.467
297		9.31152		-212.934
298		59.7445		-220.588
299		104.854		-198.12
300		128.066		-154.653
301		121.394		-107.434
302		88.7529		-75.1398
303		44.5537		-70.3919
304		7.97797		-94.574
305		-4.77022		-137.172
306		12.9524		-179.956
307		55.5302		-204.267
308		107.322		-198.398
309		148.789		-162.065
310		163.905		-106.329
311		145.897		-49.2623
312		99.2292		-9.34485
313		37.4909		0.72876
314		-21.5677		-22.3513
315		-61.6859		-72.3568
316		-72.4387		-136.239
317		-51.2117		-198.232
318		-2.86481		-243.804
319		62.1016		-262.497
320		129.955		-249.493
321		186.171		-206.2
322		217.822		-140.159
323		216.016		-64.2456
324		178.216		5.16483
325		109.83		51.2807
326		24.1949		60.9076
327		-59.6747		28.3915
328		-121.459		-41.9246
329		-144.917		-135.913
330		-122.571		-232.862
331		-58.0082		-310.835
332		35.0556		-352.457
333		136.605		-349.222
334		225.628		-303.032
335		285.094		-224.808
336		305.159		-131.087
337		284.118		-40.0243
338		227.537		31.9367
339		146.53		72.2392
340		55.9488		73.4482
341		-27.2917		34.1201
342		-86.1432		-40.3879
343		-106.093		-137.482
344		-78.5969		-238.105
345		-4.48019		-319.538
346		104.144		-360.316
347		224.875		-346.279
348		329.545		-275.783
349		391.476		-161.919
350		393.361		-30.3459
351		333.054		87.1281
352		225.03		161.427
353		96.725		174.675
354		-19.2142		125.402
355		-94.2517		28.749
356		-111.827		-88.3173
357		-71.3376		-195.052
358		12.7375		-265.566
359		115.915		-285.389
360		211.063		-254.273
361		275.691		-184.861
362		297.196		-98.1624
363		274.994		-17.4351
364		219.459		37.7558
365		148.382		55.9504
366		82.0552		35.896
367		38.1777		-13.8552
368		27.6465		-77.5787
369		52.0859		-136.609
370		103.665		-174.237
371		167.325		-180.152
372		224.986		-153.25
373		260.72		-101.955
374		265.467		-41.7597
375		239.818		9.45068
376		193.884		36.9574
377		144.124		33.9086
378		108.053		3.57195
379		98.5013		-41.6978
380		119.366		-84.5118
381		164.301		-108.208
382		218.818		-102.385
383		265.113		-66.3306
384		287.954		-9.2076
385		279.659		53.0524
386		242.494		103.047
387		187.743		127.588
388		131.829		121.873
389		90.8421		90.7907
390		75.3318		47.0064
391		87.0814		6.54788
392		118.876		-16.5743
393		157.248		-14.8979
394		187.205		10.2916
395		197.287		49.7485
396		183.258		89.6815
397		149.245		116.553
398		106.026		121.593
399		67.1814		103.526
400		44.5076		68.6744
401		44.2607		28.5481
402		65.4498		-4.10361
403		100.584		-19.3589
404		138.419		-12.9562
405		167.599		12.9048
406		179.932		50.812
407		172.294		90.7613
408		146.813		123.122
409		109.576		140.982
410		68.562		141.316
411		31.5913		124.928
412		4.84149		95.545
413		-7.85745		58.5775
414		-5.08279		20.001
415		12.4698		-14.4347
416		42.3478		-39.6877
417		80.6343		-51.7521
418		122.19		-47.9902
419		160.963		-27.5402
420		190.496		8.24414
421		204.726		55.4564
422		199.061		107.602
423		171.621		156.069
424		124.374		191.26
425		63.7881		204.413
426		0.550812		189.886
427		-51.9743		147.388
428		-80.5798		83.3913
429		-75.8469		10.9352
430		-35.5939		-52.6518
431		33.1223		-89.9267
432		114.528		-88.4276
433		187.554		-45.097
434		231.505		31.6506
435		232.33		123.321
436		187.384		206.146
437		106.854		257.976
438		11.1165		265.01
439		-75.2787		226.045
440		-130.992		152.696
441		-144.134		65.5357
442		-115.266		-12.4592
443		-56.2982		-62.8044
444		14.056		-76.4158
445		76.4189		-55.0867
446		116.275		-9.46228
447		127.171		45.3101
448		110.964		94.4484
449		75.6548		127.271
450		32.0566		138.913
451		-9.38106		130.072
452		-40.7189		105.479
453		-57.4553		71.9938
454		-58.5309		36.9191
455		-45.8569		6.75415
456		-23.6294		-13.7277
457		2.55166		-22.1815
458		26.8516		-19.0981
459		44.5963		-7.65793
460		53.5556		7.19016
461		54.581		20.3482
462		51.1669		28.3946
463		47.9239		30.864
464		48.4896		30.3264
465		53.7809		31.0928
466		61.4416		37.0293
467		66.8481		49.4487
468		65.3089		66.1014
469		54.483		81.8286
470		35.8829		90.6755
471		14.7003		88.5633
472		-2.05017		75.3219
473		-8.30853		55.149
474		-1.48404		35.2557
475		16.3499		23.2482
476		39.0621		24.3209
477		58.5828		39.3684
478		67.6661		64.6912
479		62.2476		93.2975
480		42.6062		117.212
481		13.0671		129.917
482		-19.4855		128.137
483		-47.6833		112.521
484		-65.6688		87.1787
485		-70.4959		58.3625
486		-62.6702		32.7277
487		-45.7876		15.6233
488		-25.4261		9.81238
489		-7.57804		14.9106
490		2.97055		27.6829
491		3.86771		43.1291
492		-4.34976		56.0373
493		-18.7222		62.5012
494		-35.0704		60.8672
495		-49.442		51.7883
496		-59.1957		37.4427
497		-63.2927		20.371
498		-61.7755		2.56346
499		-54.8714		-14.7207
500		-42.3782		-30.3672
501		-23.8505		-42.52
502		0.397263		-48.1385
503		28.0267		-43.5737
504		54.0349		-26.1853
505		71.4608		3.6631
506		73.5215		41.3103
507		56.4608		78.1504
508		21.8355		103.889
509		-22.9765		110.021
510		-66.5677		93.1399
511		-97.0807		56.6121
512		-106.192		9.77458
513		-91.8737		-35.0916
514		-58.8266		-66.7864
515		-16.5194		-78.5784
516		24.1918		-69.6898
517		54.3699		-44.5633
518		68.9755		-10.601
519		67.0794		24.3726
520		50.7954		53.832
521		23.9302		73.0742
522		-8.80699		78.9763
523		-41.8659		69.8223
524		-68.7435		45.802
525		-82.5459		10.0605
526		-77.6927		-30.5356
527		-52.3805		-65.9596
528		-10.6252		-85.4304
529		37.507		-81.1473
530		78.244		-51.8639
531		98.5636		-4.50478
532		91.1081		47.3283
533		57.4019		87.756
534		7.77094		104.299
535		-42.2302		92.4718
536		-77.484		57.2869
537		-88.6901		11.0416
538		-75.2172		-31.604
539		-44.3794		-59.0462
540		-7.74633		-66.3607
541		23.6356		-55.8232
542		42.9402		-34.5612
543		48.795		-10.8479
544		44.0389		9.05563
545		33.1888		22.2233
546		20.2036		28.4634
547		7.61044		28.761
548		-3.00244		24.0706
549		-10.0276		15.2389
550		-11.5306		3.85732
551		-6.10483		-6.94339
552		5.58117		-12.8109
553		19.747		-9.92282
554		30.1032		2.58231
555		30.3391		20.9807
556		17.5105		37.4901
557		-5.47945		43.2444
558		-29.9601		32.5948
559		-44.6206		6.63687
560		-40.5559		-26.0604
561		-15.912		-52.321
562		22.2682		-59.8377
563		60.1951		-42.8352
564		82.7766		-5.21014
565		79.993		40.4875
566		51.2878		77.9259
567		5.94336		93.5733
568		-40.7145		82.0368
569		-73.4989		47.8311
570		-83.1125		2.97968
571		-69.0068		-38.2088
572		-38.4014		-64.6573
573		-2.36877		-71.9186
574		28.8702		-62.3115
575		49.2316		-42.3388
576		57.471		-19.1404
577		55.6304		2.11392
578		46.6617		18.8601
579		32.8106		30.0804
580		15.5725		34.7837
581		-3.14432		31.3618
582		-19.8351		18.3938
583		-29.3923		-3.62103
584		-26.6848		-30.8595
585		-9.0446		-56.2906
586		21.7181		-71.6569
587		59.0399		-70.5604
588		93.4649		-51.178
589		115.899		-17.2357
590		120.773		23.2635
591		107.688		60.9271
592		80.9466		88.0808
593		47.45		100.724
594		14.1887		98.71
595		-13.4502		84.5366
596		-32.0399		61.7953
597		-39.5226		34.285
598		-34.6203		6.10602
599		-17.0463		-17.7992
600		11.4194		-31.6314
601		45.7751		-29.9467
602		77.7144		-9.93616
603		97.3623		26.3007
604		96.5708		70.9242
605		72.4667		111.92
606		29.4992		136.863
607		-21.2774		137.478
608		-65.7161		112.993
609		-91.5528		70.6903
610		-92.7456		23.3028
611		-71.3279		-15.6537
612		-36.0807		-36.5902
613		1.2132		-36.6388
614		30.1461		-19.585
615		44.8118		6.63757
616		44.6285		33.4294
617		33.0261		54.3304
618		15.1316		66.1547
619		-4.20801		68.5191
620		-21.2816		62.6408
621		-33.3598		50.4306
622		-38.2924		34.3702
623		-34.6324		17.875
624		-22.4712		5.35089
625		-4.41815		1.30249
626		14.2238		8.55233
627		26.734		26.4264
628		27.493		50.0921
629		14.6468		71.8154
630		-8.53551		83.9018
631		-34.5753		82.0536
632		-54.8077		67.4591
633		-63.1824		46.4155
634		-58.9789		27.4963
635		-47.0123		17.571
636		-35.1568		18.6466
637		-30.3968		27.1328
638		-35.405		35.9064
639		-47.381		38.0988
640		-59.7079		30.6443
641		-65.5108		15.7759
642		-61.2388		-0.238831
643		-48.4321		-10.3767
644		-32.8513		-10.3943
645		-21.5454		-0.808987
646		-19.4707		13.5723
647		-27.3876		26.1507
648		-41.9619		31.6183
649		-57.7592		28.0272
650		-69.8727		16.9554
651		-75.7504		2.01077
652		-75.4394		-13.2255
653		-70.479		-26.578
654		-62.431		-37.3549
655		-52.0931		-45.4257
656		-39.8184		-50.2368
657		-26.5006		-50.648
658		-14.2663		-45.8021
659		-6.09518		-36.3931
660		-4.35939		-25.2835
661		-9.13		-16.7307
662		-17.4588		-14.3772
663		-24.3974		-19.0805
664		-25.4818		-27.9846
665		-19.388		-35.6837
666		-9.13242		-37.1324
667		-0.823532		-30.8156
668		-0.326385		-20.2933
669		-9.50099		-12.9372
670		-24.1675		-16.1678
671		-35.2361		-32.9881
672		-32.8218		-59.2394
673		-11.4807		-84.326
674		26.1042		-95.4544
675		69.086		-83.5541
676		102.421		-48.0275
677		113.171		2.11485
678		96.217		51.4713
679		56.6546		84.434
680		7.74172		91.4917
681		-34.6003		72.7706
682		-58.1075		37.3283
683		-58.4395		-1.20004
684		-39.6832		-30.3256
685		-11.3321		-43.085
686		16.3715		-39.3158
687		36.3037		-23.8182
688		45.8931		-2.94568
689		46.0284		18.2979
690		38.7438		37.2479
691		25.446		52.6461
692		6.7907		63.0049
693		-15.9899		65.8162
694		-39.5907		58.4347
695		-58.4424		40.1759
696		-66.4605		14.1649
697		-60.0297		-12.5972
698		-40.5206		-31.5107
699		-14.6482		-36.1181
700		7.93712		-25.375
701		18.8621		-4.55171
702		14.9445		16.9763
703		-0.302635		30.1011
704		-18.4962		30.3211
705		-30.6754		19.7582
706		-31.8421		5.75911
707		-23.3448		-3.19302
708		-11.8492		-2.06484
709		-5.48259		8.1097
710		-9.27611		20.9677
711		-22.3931		28.459
712		-38.6313		25.3537
713		-49.8642		12.1308
714		-50.4808		-5.30275
715		-40.3714		-18.841
716		-24.8613		-22.5126
717		-11.7259		-15.5148
718		-7.03119		-2.33896
719		-12.1323		9.95308
720		-23.43		15.6461
721		-34.8579		13.2319
722		-41.526		5.65638
723		-42.3441		-2.02463
724		-40.1358		-6.04591
725		-39.2957		-6.27841
726		-42.5246		-6.09684
727		-48.7242		-9.88315
728		-53.4205		-19.7386
729		-51.5352		-33.5002
730		-40.8632		-45.4118
731		-24.1004		-49.2162
732		-8.04968		-41.944
733		-0.25267		-26.1566
734		-4.84325		-9.19493
735		-19.9671		0.342865
736		-38.3244		-2.93671
737		-50.6818		-18.2563
738		-50.538		-38.8769
739		-37.4412		-55.4407
740		-17.1658		-60.685
741		1.3378		-53.0082
742		10.5508		-37.008
743		8.05902		-20.7805
744		-2.6403		-11.5358
745		-14.5086		-11.9638
746		-21.0704		-19.2858
747		-19.9057		-27.3724
748		-13.6145		-30.5881
749		-7.84002		-27.0922
750		-7.62354		-19.7385
751		-14.2733		-14.1456
752		-24.5615		-15.1686
753		-32.6584		-23.8927
754		-33.5994		-36.9109
755		-26.2104		-48.2724
756		-13.7716		-52.9063
757		-2.06526		-49.4765
758		3.99828		-40.9917
759		3.1517		-32.8413
760		-1.7048		-29.4705
761		-5.51509		-31.7087
762		-4.37953		-36.3687
763		1.85734		-38.3685
764		9.34624		-34.1002
765		12.5163		-23.9943
766		7.58086		-12.6725
767		-4.8308		-6.49179
768		-19.5531		-9.84879
769		-29.4667		-22.397
770		-29.385		-38.8616
771		-19.032		-51.6651
772		-3.37009		-54.9505
773		9.979		-47.7438
774		14.8109		-34.4519
775		9.62526		-22.3912
776		-1.73084		-17.7349
777		-12.4184		-22.178
778		-16.5982		-32.2136
779		-12.7548		-41.4154
780		-4.43181		-44.3838
781		2.04692		-40.0495
782		1.54058		-32.3834
783		-6.58133		-28.0625
784		-17.734		-32.4145
785		-24.5181		-45.9862
786		-20.9119		-63.7694
787		-5.8851		-77.6152
788		15.6642		-80.5499
789		35.2395		-70.5937
790		45.1019		-51.9335
791		42.2529		-32.7755
792		29.843		-21.0623
793		15.2621		-20.4314
794		6.02277		-28.64
795		5.77841		-39.2625
796		12.6996		-45.611
797		21.0563		-44.5804
798		24.9952		-38.2048
799		22.2497		-32.0625
800		15.5706		-31.5192
801		11.0113		-38.0681
802		14.0498		-47.99
803		25.8286		-54.2241
804		41.782		-50.4703
805		53.5928		-35.2077
806		53.5316		-13.2861
807		38.837		5.94875
808		13.708		13.1231
809		-12.2645		3.56705
810		-28.4761		-20.1888
811		-28.2457		-49.4668
812		-11.7829		-73.4679
813		14.2475		-84.1499
814		40.1703		-79.4807
815		57.8217		-63.5666
816		63.7933		-43.8887
817		59.9115		-27.373
818		51.0826		-17.4717
819		42.0499		-13.6434
820		35.0315		-13.1237
821		29.4742		-13.5618
822		23.7426		-14.7401
823		17.3675		-18.3307
824		12.2012		-25.999
825		11.61		-37.2653
826		18.1769		-48.7239
827		31.4288		-55.3467
828		47.1954		-53.2454
829		59.2585		-42.2379
830		62.5301		-26.543
831		55.9656		-12.9578
832		43.4279		-7.36961
833		31.8262		-11.5246
834		27.4248		-21.9541
835		32.3506		-31.8047
836		43.3196		-34.6635
837		53.4159		-28.2707
838		56.0307		-15.9794
839		48.7905		-5.03159
840		35.2238		-2.50079
841		23.1166		-11.1165
842		20.3438		-27.332
843		30.4142		-42.8182
844		50.191		-48.6866
845		71.1187		-40.2219
846		83.387		-19.5691
847		80.864		5.09815
848		64.1952		23.5217
849		40.4543		28.3457
850		19.5807		18.5396
851		9.53159		-0.460129
852		12.7022		-19.8254
853		25.3867		-31.8639
854		40.3564		-33.5517
855		50.9577		-27.2948
856		54.4167		-18.7536
857		52.6241		-13.1791
858		50.1972		-12.4361
859		51.157		-14.3517
860		56.2741		-14.5924
861		62.6239		-9.78741
862		65.5212		0.0517578
863		61.5771		11.2751
864		50.9942		18.6208
865		37.708		18.2752
866		27.3028		10.1175
867		23.9559		-2.18283
868		28.2325		-13.2542
869		37.0194		-19.0265
870		45.5974		-18.8515
871		50.5638		-15.4877
872		51.8151		-12.9961
873		52.3728		-13.8662
874		56.1477		-17.1689
875		65.0061		-18.9383
876		76.9786		-14.6405
877		86.8136		-2.30316
878		88.716		15.5924
879		79.7843		32.7111
880		62.1696		41.807
881		42.617		38.4897
882		29.4816		23.7625
883		28.7251		3.88792
884		40.9931		-12.4266
885		61.3167		-18.082
886		81.568		-10.7801
887		94.3401		6.25257
888		96.209		26.2614
889		88.7552		42.4835
890		77.005		51.2554
891		66.3622		53.1257
892		59.8335		51.6058
893		57.0357		50.5236
894		55.3364		51.661
895		52.2037		54.0451
896		47.1868		55.1757
897		42.272		53.2577
898		40.4267		48.9174
899		43.3097		45.2333
900		49.6645		45.9947
901		55.5103		53.2337
902		56.1443		65.5821
903		48.8312		78.5551
904		34.5782		86.7275
905		17.8736		86.6193
906		4.43794		78.6297
907		-1.7863		66.8628
908		-0.70108		56.8867
909		4.02746		52.6666
910		7.1734		54.4206
911		5.033		58.6353
912		-2.38716		60.2454
913		-11.3505		55.7385
914		-16.5748		45.3899
915		-14.3889		33.3207
916		-5.05338		25.3049
917		7.09912		25.5426
918		15.8212		34.2104
919		16.2249		47.1734
920		7.36381		58.0283
921		-7.28527		61.3432
922		-21.664		55.3183
923		-30.2309		42.4501
924		-30.5874		27.9318
925		-24.238		16.7949
926		-15.201		11.4477
927		-7.41991		10.9598
928		-2.56481		12.3561
929		0.496864		12.9958
930		4.34128		12.4975
931		10.6781		12.9998
932		18.6067		17.5978
933		24.6032		27.9356
934		24.3417		42.4838
935		15.3146		56.6528
936		-1.31091		64.8082
937		-20.7655		63.114
938		-36.7424		51.5963
939		-44.3574		34.2352
940		-42.3731		17.0077
941		-33.474		4.97184
942		-22.4942		0.0242653
943		-13.6758		0.5466
944		-8.57263		3.0387
945		-5.79236		4.66313
946		-2.64687		5.10064
947		2.39324		6.55584
948		8.04862		11.8942
949		10.5352		22.0765
950		5.78144		34.5546
951		-7.68735		43.7983
952		-26.9574		43.8868
953		-45.2744		31.8391
954		-54.8847		9.80198
955		-50.7986		-15.2682
956		-33.484		-34.4668
957		-8.98438		-40.9871
958		13.711		-33.2845
959		26.7559		-15.7211
960		26.9201		3.63797
961		16.7125		16.9139
962		2.67615		19.9641
963		-8.12578		13.82
964		-11.514		3.42818
965		-7.73231		-5.43159
966		-0.481121		-9.25373
967		5.79062		-8.25212
968		8.65507		-5.494
969		8.93398		-4.42573
970		9.76981		-6.37801
971		14.2187		-9.57216
972		22.8977		-10.2016
973		33.1545		-4.90355
974		40.2922		6.88954
975		40.1567		22.1558
976		31.5836		35.563
977		17.2766		42.1314
978		2.59751		39.7877
979		-7.06359		30.3879
980		-8.87378		18.6774
981		-3.7		9.81831
982		4.73413		6.89742
983		12.0826		9.7717
984		15.6493		15.7762
985		15.4137		21.7178
986		13.3279		25.8667
987		11.4687		28.7309
988		10.3041		32.2051
989		8.21464		37.7227
990		2.60126		44.6635
991		-8.11455		50.1216
992		-22.8849		50.2918
993		-37.9231		42.7112
994		-48.2963		28.0091
995		-50.4007		10.0477
996		-43.9126		-5.74948
997		-32.0549		-15.0201
998		-19.9639		-16.5782
999		-12.0339		-12.8209
1000		-9.72823		-8.18619
1001		-11.0913		-6.54012
1002		-12.2265		-8.99567
1003		-9.86734		-13.4264
1004		-3.52297		-15.9534
1005		4.07915		-13.5336
1006		8.55039		-6.11863
1007		6.52379		2.92223
1008		-2.09002		8.43084
1009		-13.6136		6.27236
1010		-22.233		-4.24197
1011		-22.8995		-19.699
1012		-13.9271		-34.1024
1013		2.13039		-41.7569
1014		19.7813		-39.9627
1015		33.3304		-30.0916
1016		39.5375		-16.539
1017		38.7828		-4.23468
1018		34.2186		3.83922
1019		29.5392		7.75342
1020		26.754		9.85252
1021		25.272		12.701
1022		22.767		17.0964
1023		17.1963		21.3993
1024		8.65055		22.5942
1025		-0.181129		18.418
1026		-5.29601		9.21334
1027		-3.70008		-1.69722
1028		4.60849		-9.4603
1029		16.2243		-10.2117
1030		25.8323		-3.24989
1031		28.8537		8.40271
1032		23.7938		19.4253
1033		12.9881		24.8567
1034		1.33655		22.536
1035		-6.25458		14.0045
1036		-7.29644		3.42021
1037		-2.68185		-4.82901
1038		4.26227		-8.42533
1039		9.98575		-8.03763
1040		12.835		-6.41058
1041		13.8243		-6.26787
1042		15.6476		-8.36146
1043		20.5886		-10.886
1044		28.661		-10.6294
1045		37.176		-5.16765
1046		42.0789		5.2529
1047		40.3187		17.3462
1048		31.8553		26.2591
1049		20.0791		28.1153
1050		10.3043		22.2016
1051		7.11374		11.5275
1052		12.0155		1.39134
1053		22.7122		-3.27761
1054		34.3877		-0.341164
1055		42.2686		8.68809
1056		44.0165		19.779
1057		40.6217		28.7957
1058		35.3634		33.7704
1059		31.5242		35.7286
1060		30.2606		37.6342
1061		29.9182		42.1491
1062		27.1956		49.6014
1063		19.4496		57.4358
1064		6.72804		61.531
1065		-7.74407		58.6488
1066		-19.0055		48.5719
1067		-22.9656		34.6278
1068		-18.702		22.2144
1069		-9.11231		16.087
1070		0.500307		17.9119
1071		5.15375		25.4585
1072		2.7159		33.8903
1073		-5.16331		38.4237
1074		-14.2134		36.8589
1075		-20.1024		30.5669
1076		-20.9116		23.4109
1077		-18.115		19.2709
1078		-15.5241		19.6273
1079		-16.8438		22.6131
1080		-23.2762		24.0798
1081		-32.5769		20.0541
1082		-40.117		9.15929
1083		-41.3457		-6.38982
1084		-34.2545		-21.7863
1085		-20.4548		-32.0435
1086		-4.30294		-34.4511
1087		9.3772		-29.7127
1088		17.6428		-21.2076
1089		20.5388		-12.9064
1090		20.427		-7.23164
1091		20.0833		-4.1176
1092		20.8166		-1.74238
1093		21.8064		1.64499
1094		21.0549		6.06295
1095		17.3012		9.45274
1096		11.5957		8.96863
1097		7.38659		3.15244
1098		8.86225		-6.39204
1099		18.3934		-15.0147
1100		34.5733		-16.9689
1101		52.132		-8.37149
1102		64.0019		10.4319
1103		64.5838		34.4873
1104		52.5231		56.1977
1105		31.4876		68.7021
1106		8.49051		68.9393
1107		-9.3822		58.8029
1108		-18.1142		43.8293
1109		-18.1404		30.197
1110		-13.3388		21.7173
1111		-8.33778		18.4433
1112		-5.76848		17.5542
1113		-5.05534		15.8433
1114		-3.3949		12.221
1115		1.75364		8.65636
1116		10.2647		8.9417
1117		18.6026		15.9843
1118		21.3529		29.2727
1119		14.2827		44.1405
1120		-2.7821		53.4782
1121		-24.9828		51.1384
1122		-44.0858		35.2641
1123		-52.0744		9.71297
1124		-44.8802		-17.284
1125		-24.3408		-36.6326
1126		2.62019		-42.3109
1127		27.1432		-33.7766
1128		42.2823		-15.7282
1129		45.6306		4.49464
1130		39.5486		20.3913
1131		29.1525		28.842
1132		19.3768		30.5554
1133		12.7888		28.5084
1134		9.22511		25.5678
1135		7.15214		22.8173
1136		5.63255		19.5318
1137		5.48975		14.6319
1138		8.85839		8.48855
1139		17.4023		3.73137
1140		30.3959		4.34445
1141		44.0265		13.446
1142		52.5933		31.0437
1143		51.1259		53.1952
1144		38.0343		73.2623
1145		16.2679		84.7595
1146		-7.76782		84.3406
1147		-27.0629		73.3197
1148		-37.1506		56.891
1149		-37.8943		41.4627
1150		-33.0064		31.5522
1151		-27.6501		27.9113
1152		-25.5208		27.8253
1153		-27.0548		27.2893
1154		-29.7139		23.7078
1155		-30.0705		17.5095
1156		-26.3658		11.7389
1157		-19.9554		9.9147
1158		-14.7281		13.4782
1159		-14.803		20.4211
1160		-21.8566		26.0013
1161		-33.6942		25.2247
1162		-44.9946		15.7145
1163		-49.9148		-0.693748
1164		-45.1519		-18.6071
1165		-31.7554		-31.6975
1166		-14.654		-35.8916
1167		-0.118408		-31.387
1168		7.46325		-22.3932
1169		7.74677		-14.7524
1170		4.3731		-12.7601
1171		2.77396		-16.9302
1172		7.09279		-23.8881
1173		17.9312		-28.3818
1174		32.118		-26.226
1175		44.5386		-16.526
1176		50.9147		-1.99603
1177		49.9453		12.6985
1178		43.6551		23.5256
1179		35.8763		29.0771
1180		29.8696		30.8638
1181		26.5406		31.8611
1182		24.2962		34.2913
1183		20.5515		38.0631
1184		13.8843		40.8484
1185		5.43553		39.7581
1186		-1.39445		33.5736
1187		-2.86275		24.1074
1188		2.68533		15.7505
1189		13.3436		13.3227
1190		24.111		19.375
1191		29.185		32.4802
1192		24.9103		47.5584
1193		11.7861		58.1721
1194		-5.594		59.6323
1195		-20.6839		51.2858
1196		-28.1074		36.7843
1197		-26.1369		22.22
1198		-17.2792		13.1398
1199		-6.75865		12.0124
1200		0.199863		17.4013
1201		0.810173		25.1308
1202		-4.33463		30.6501
1203		-12.1341		31.2375
1204		-18.9632		26.9054
1205		-22.535		19.7125
1206		-22.6158		12.1255
1207		-20.3691		5.55808
1208		-16.9655		-0.021637
1209		-12.5126		-5.29493
1210		-6.07137		-10.2976
1211		3.24883		-13.6516
1212		14.9033		-13.0029
1213		26.2923		-6.52376
1214		33.5427		5.43355
1215		33.4433		19.6732
1216		25.4895		31.1321
1217		12.7688		35.187
1218		0.974365		30.1268
1219		-4.14095		18.3891
1220		0.378952		5.73444
1221		13.0549		-1.37514
1222		28.5124		1.08699
1223		40.0279		12.6914
1224		42.8163		28.746
1225		36.3662		42.65
1226		24.6051		49.2116
1227		13.8071		47.2155
1228		9.34533		39.9251
1229		12.9731		33.2987
1230		22.0119		32.8924
1231		30.7921		41.0712
1232		33.5115		55.9243
1233		26.9967		72.3289
1234		11.9944		84.4758
1235		-7.51409		88.4686
1236		-26.4196		83.6999
1237		-40.7714		72.4779
1238		-49.0601		58.3636
1239		-52.0036		44.314
1240		-51.2493		31.6829
1241		-47.9711		20.483
1242		-42.274		10.4995
1243		-33.7031		2.34023
1244		-22.3904		-2.37371
1245		-9.94812		-1.86247
1246		0.621231		4.45663
1247		6.09058		15.0284
1248		4.62956		26.3361
1249		-3.07666		34.2323
1250		-13.9163		35.7519
1251		-23.6658		30.4125
1252		-28.8326		20.2881
1253		-28.0215		8.84039
1254		-22.1162		-0.786972
1255		-13.2742		-7.02769
1256		-3.44035		-10.0237
1257		6.65666		-10.671
1258		17.4005		-9.30938
1259		29.1887		-5.01279
1260		41.1336		3.94933
1261		50.5456		18.68
1262		53.7466		38.145
1263		47.9314		58.6448
1264		33.0688		74.8367
1265		12.6708		81.9803
1266		-7.21365		78.2983
1267		-20.4622		66.1499
1268		-23.6298		51.2607
1269		-17.5717		40.2638
1270		-7.05283		37.7274
1271		1.50523		44.1592
1272		3.0106		55.9846
1273		-4.09004		67.4654
1274		-17.4486		73.5133
1275		-32.3701		71.9216
1276		-44.3328		63.9162
1277		-51.0619		52.8967
1278		-53.0799		42.2387
1279		-52.5883		33.4956
1280		-51.5119		26.0309
1281		-49.994		18.1976
1282		-46.3232		9.23032
1283		-38.3643		0.562843
1284		-25.6101		-4.38439
1285		-10.5291		-1.98586
1286		1.78407		9.17903
1287		5.69492		26.6959
1288		-2.12343		44.5378
1289		-20.5722		55.2542
1290		-43.9375		53.1672
1291		-63.8695		37.0343
1292		-72.6699		10.8592
1293		-66.3646		-17.5615
1294		-46.1698		-39.6557
1295		-17.7762		-49.2517
1296		11.058		-44.5206
1297		33.3852		-28.0108
1298		45.1404		-5.05801
1299		45.7135		18.4404
1300		37.1649		37.8059
1301		22.8508		50.3137
1302		6.2868		54.9863
1303		-9.33044		52.0376
1304		-21.1169		42.5616
1305		-26.5294		28.6447
1306		-23.8402		13.5703
1307		-12.9953		1.5604
1308		3.68229		-3.25771
1309		21.6234		1.58743
1310		35.2896		15.5813
1311		40.2337		34.9742
1312		35.0075		53.9989
1313		21.8904		67.1641
1314		5.92697		71.5679
1315		-7.36275		68.0515
1316		-14.4892		60.5544
1317		-15.4288		53.9679
1318		-13.2417		51.6079
1319		-12.0922		53.6553
1320		-14.7849		57.3971
1321		-21.1977		59.0988
1322		-28.4998		56.4128
1323		-33.0215		49.9103
1324		-32.6811		42.8075
1325		-28.5136		38.9953
1326		-24.3253		40.4867
1327		-24.5562		45.7942
1328		-31.4878		50.2912
1329		-43.3915		48.521
1330		-54.7731		37.3032
1331		-58.7685		17.9613
1332		-50.5618		-3.62119
1333		-30.0835		-19.3032
1334		-2.55658		-22.2968
1335		23.4739		-10.3255
1336		39.7135		13.2262
1337		41.5837		40.7217
1338		29.9551		63.5209
1339		10.4282		75.48
1340		-9.33221		75.091
1341		-22.8134		65.4272
1342		-26.9015		52.2004
1343		-22.3049		41.1093
1344		-12.3143		35.8212
1345		-0.870132		37.3808
1346		8.92779		44.9323
1347		15.2293		56.9387
1348		16.919		71.9706
1349		12.9308		88.6161
1350		2.17413		104.809
1351		-15.6825		117.372
1352		-39.0523		122.481
1353		-63.8212		117.179
1354		-84.0587		101.236
1355		-94.0936		78.2505
1356		-91.1323		55.0774
1357		-77.0903		39.4753
1358		-58.5129		36.8614
1359		-44.3193		47.6675
1360		-42.2013		66.6576
1361		-55.2534		84.7126
1362		-80.398		92.4202
1363		-109.385		83.9301
1364		-131.971		59.3846
1365		-139.884		24.8938
1366		-129.905		-9.85832
1367		-104.825		-35.2609
1368		-72.0914		-45.1161
1369		-40.9063		-38.4003
1370		-19.0939		-18.9964
1371		-10.931		6.15848
1372		-16.4996		29.5286
1373		-32.4054		45.0645
1374		-53.2248		49.3734
1375		-73.0159		41.9745
1376		-86.5126		24.9647
1377		-89.9732		2.42842
1378		-81.8152		-20.2946
1379		-63.0627		-37.5679
1380		-37.4174		-44.7093
1381		-10.6501		-39.352
1382		10.822		-22.4403
1383		21.9017		1.70956
1384		20.6369		26.5931
1385		9.07164		45.7101
1386		-7.41565		54.9756
1387		-22.1915		54.3114
1388		-30.0802		47.6314
1389		-29.5444		41.1126
1390		-23.3343		40.4334
1391		-17.2576		48.1692
1392		-17.5675		62.5079
1393		-28.091		77.8688
1394		-48.3444		87.1752
1395		-73.4276		84.8117
1396		-95.7249		69.0411
1397		-107.693		42.9314
1398		-104.629		13.4878
1399		-86.4209		-10.6034
1400		-57.7293		-21.7607
1401		-26.6615		-15.8824
1402		-2.45705		6.37161
1403		7.09212		39.6595
1404		-2.19772		75.2822
1405		-29.66		103.374
1406		-69.7299		115.438
1407		-113.138		106.658
1408		-149.147		77.3935
1409		-168.354		33.3989
1410		-165.347		-15.4552
1411		-140.387		-57.76
1412		-99.4911		-83.7619
1413		-52.7309		-88.1728
1414		-11.2316		-71.6178
1415		16.1364		-40.1688
1416		25.1938		-3.12811
1417		17.1676		30.0881
1418		-2.4696		52.7696
1419		-26.4243		62.4113
1420		-48.1822		60.4982
1421		-63.7409		50.9451
1422		-71.9521		38.0996
1423		-73.6691		25.2645
1424		-70.4306		14.2689
1425		-63.5019		5.96919
1426		-53.7237		1.06796
1427		-42.038		0.556732
1428		-30.1197		5.43729
1429		-20.4959		15.9227
1430		-15.9		30.7128
1431		-18.1422		46.944
1432		-27.1489		61.0119
1433		-40.7854		69.9263
1434		-55.657		72.4947
1435		-68.5107		69.6853
1436		-77.5111		63.9727
1437		-82.7241		58.0439
1438		-85.615		53.5971
1439		-87.9397		50.8804
1440		-90.7515		49.1352
1441		-94.1243		47.5382
1442		-97.6948		45.9233
1443		-101.542		44.7297
1444		-106.652		44.1797
1445		-114.452		43.285
1446		-125.518		39.529
1447		-138.24		29.7584
1448		-148.436		12.078
1449		-150.55		-12.2055
1450		-140.198		-37.8274
1451		-116.92		-56.8069
1452		-85.6596		-61.5051
1453		-55.873		-48.2702
1454		-38.279		-19.9151
1455		-40.4719		14.3823
1456		-63.3405		42.0408
1457		-100.024		51.8221
1458		-138.069		38.3605
1459		-163.978		4.47791
1460		-168.27		-39.7532
1461		-148.901		-80.7911
1462		-111.703		-106.603
1463		-67.8234		-110.755
1464		-29.4406		-94.0716
1465		-5.61989		-63.4752
1466		0.127487		-28.8676
1467		-10.0362		0.451233
1468		-30.0292		18.4193
1469		-52.39		23.2226
1470		-70.5243		16.8335
1471		-80.0825		3.7516
1472		-79.4955		-10.382
1473		-70.0063		-19.9966
1474		-55.4434		-20.699
1475		-41.6488		-10.4241
1476		-35.2765		9.5092
1477		-41.8426		33.9512
1478		-63.4242		54.7229
1479		-96.9424		62.9305
1480		-134.093		52.2874
1481		-163.491		22.1855
1482		-174.608		-20.9948
1483		-162.032		-65.3077
1484		-128.195		-97.2071
1485		-83.131		-106.604
1486		-41.0918		-90.8808
1487		-15.3061		-56.0523
1488		-13.0824		-14.461
1489		-33.3624		20.0044
1490		-67.7128		37.075
1491		-104.156		33.4222
1492		-131.978		12.8561
1493		-145.324		-16.3547
1494		-144.179		-45.4797
1495		-132.689		-68.6282
1496		-116.126		-83.9443
1497		-98.2523		-92.5432
1498		-80.3991		-96.2479
1499		-62.4218		-95.6993
1500		-44.5665		-89.9825
1501		-28.8283		-77.864
1502		-18.7862		-59.6877
1503		-17.9151		-38.5611
1504		-27.3719		-19.8924
1505		-44.6305		-9.33955
1506		-63.9052		-10.2107
1507		-78.2945		-21.7235
1508		-82.6098		-39.0992
1509		-75.4742		-55.4729
1510		-59.6864		-64.6468
1511		-40.7988		-63.328
1512		-24.7747		-51.8661
1513		-15.9642		-33.4009
1514		-16.2782		-12.1783
1515		-25.6138		7.89105
1516		-42.8288		23.7295
1517		-66.3419		32.7338
1518		-93.8838		32.308
1519		-121.713		20.1252
1520		-144.211		-4.60341
1521		-154.742		-39.4489
1522		-147.929		-77.8589
1523		-122.498		-110.086
1524		-83.204		-126.133
1525		-40.4539		-119.723
1526		-7.28238		-91.4944
1527		5.33687		-49.7094
1528		-7.13426		-7.82164
1529		-40.7569		20.295
1530		-84.4358		25.4538
1531		-124.082		6.38879
1532		-147.788		-30.2329
1533		-149.769		-72.8554
1534		-131.543		-109.589
1535		-100.189		-132.19
1536		-64.8947		-137.907
1537		-33.6057		-128.849
1538		-11.1748		-109.794
1539		0.627651		-85.9113
1540		1.97911		-61.53
1541		-6.07294		-40.152
1542		-21.8187		-24.9944
1543		-42.3078		-19.0549
1544		-62.8426		-24.1891
1545		-77.519		-39.6077
1546		-81.1249		-60.9214
1547		-71.6746		-80.8215
1548		-52.1258		-91.6384
1549		-29.9557		-88.8133
1550		-14.296		-73.5034
1551		-11.724		-52.6885
1552		-22.7758		-36.3049
1553		-41.1468		-32.5251
1554		-56.3115		-43.4593
1555		-58.535		-63.5588
1556		-43.8887		-81.7734
1557		-16.7101		-86.6176
1558		11.8698		-71.7519
1559		28.759		-39.3275
1560		24.8069		0.604797
1561		-1.07034		34.36
1562		-41.4945		50.4774
1563		-84.022		44.3529
1564		-116.533		19.5359
1565		-131.938		-14.6457
1566		-130.066		-47.6411
1567		-116.221		-71.9695
1568		-97.6309		-85.2263
1569		-79.9453		-89.2297
1570		-65.6263		-87.3616
1571		-54.7021		-82.0248
1572		-46.8824		-73.7957
1573		-43.27		-62.5744
1574		-46.3065		-49.6376
1575		-57.8839		-38.8634
1576		-76.8975		-35.9048
1577		-98.0632		-45.4549
1578		-113.193		-68.1077
1579		-114.642		-98.8161
1580		-99.2191		-128.223
1581		-70.3218		-146.533
1582		-36.8781		-148.056
1583		-9.37086		-133.972
1584		5.09246		-111.703
1585		6.04485		-91.0626
1586		-0.56041		-79.1619
1587		-6.01324		-76.8352
1588		-3.99164		-78.573
1589		5.66205		-76.0713
1590		16.698		-63.4718
1591		20.0032		-41.3629
1592		9.05879		-17.207
1593		-15.6909		-1.77773
1594		-46.0722		-3.39486
1595		-69.6394		-23.0209
1596		-75.6958		-52.9181
1597		-60.8039		-79.7293
1598		-30.9173		-90.5253
1599		0.996674		-78.808
1600		20.6555		-47.4933
1601		18.6323		-7.49217
1602		-5.98566		27.2262
1603		-46.004		45.4951
1604		-90.0081		42.8683
1605		-127.428		21.974
1606		-152.14		-10.3006
1607		-163.059		-46.782
1608		-162.054		-82.7587
1609		-151.007		-116.159
1610		-130.183		-145.551
1611		-99.0071		-167.779
1612		-58.6959		-177.26
1613		-14.7985		-167.89
1614		22.4119		-136.799
1615		40.6281		-87.8159
1616		30.3977		-32.3953
1617		-10.0929		13.0682
1618		-72.8332		32.709
1619		-141.737		17.1021
1620		-197.74		-33.0573
1621		-225.047		-107.11
1622		-215.862		-188.186
1623		-171.847		-258.672
1624		-102.242		-304.959
1625		-20.1453		-319.788
1626		61.0154		-301.999
1627		129.442		-254.903
1628		175.327		-184.87
1629		190.772		-101.07
1630		170.603		-15.9542
1631		114.568		54.9001
1632		29.9885		94.9915
1633		-67.0562		91.3844
1634		-153.771		40.1102
1635		-206.311		-50.0508
1636		-207.487		-157.808
1637		-153.529		-254.491
1638		-56.7804		-312.724
1639		57.2508		-315.469
1640		157.734		-261.834
1641		218.334		-167.295
1642		225.259		-58.2679
1643		180.62		36.662
1644		100.277		95.4187
1645		7.59949		107.937
1646		-74.0555		77.1074
1647		-127.353		15.7739
1648		-143.946		-58.2336
1649		-124.453		-126.906
1650		-76.6371		-175.428
1651		-13.0995		-194.042
1652		50.8609		-179.058
1653		99.4336		-133.586
1654		119.06		-67.8343
1655		101.868		1.81061
1656		48.9174		55.792
1657		-28.2909		76.4579
1658		-109.524		53.9305
1659		-171.05		-9.48462
1660		-193.076		-98.5504
1661		-166.728		-188.971
1662		-97.7175		-254.912
1663		-4.96204		-277.496
1664		85.5012		-251.017
1665		149.029		-184.495
1666		170.044		-98.1222
1667		146.11		-16.2405
1668		87.2867		40.2837
1669		11.6565		59.5132
1670		-60.783		40.235
1671		-113.44		-9.68427
1672		-136.184		-76.9011
1673		-125.967		-146.377
1674		-85.9128		-204.192
1675		-23.9284		-239.23
1676		48.5453		-244.287
1677		117.834		-217.139
1678		169.924		-161.55
1679		193.229		-87.5445
1680		181.75		-10.0914
1681		137.438		54.1324
1682		70.453		91.2196
1683		-3.30133		94.2129
1684		-66.7896		65.2541
1685		-106.962		14.6828
1686		-118.389		-42.6443
1687		-104.039		-92.3152
1688		-73.1124		-124.6
1689		-37.1162		-136.418
1690		-5.98431		-130.653
1691		14.2463		-113.652
1692		21.7047		-92.4169
1693		17.491		-72.7386
1694		4.18259		-58.7272
1695		-14.9995		-53.2121
1696		-36.1733		-58.085
1697		-54.5242		-73.9301
1698		-64.6432		-99.0562
1699		-61.9234		-128.75
1700		-44.6183		-155.705
1701		-15.4649		-172.013
1702		18.2849		-172.143
1703		46.9006		-155.569
1704		61.6644		-127.644
1705		58.34		-98.0543
1706		39.0209		-77.3676
1707		11.4766		-73.1375
1708		-13.6929		-87.2464
1709		-26.7783		-115.518
1710		-21.963		-149.502
1711		1.43634		-179.36
1712		39.5113		-196.497
1713		85.2648		-195.094
1714		130.058		-172.562
1715		164.526		-129.637
1716		179.305		-70.7977
1717		166.385		-4.99161
1718		121.619		54.2053
1719		47.9163		90.2372
1720		-42.4255		87.6926
1721		-128.214		38.1902
1722		-183.858		-54.1577
1723		-187.286		-170.534
1724		-128.735		-280.517
1725		-16.7462		-350.491
1726		121.748		-354.897
1727		248.255		-286.148
1728		324.61		-159.073
1729		325.74		-7.65762
1730		248.52		125.139
1731		113.302		200.925
1732		-42.4173		197.869
1733		-175.762		116.988
1734		-251.328		-19.1238
1735		-250.778		-174.047
1736		-176.486		-308.56
1737		-48.9686		-391.097
1738		100.063		-404.72
1739		236.289		-349.448
1740		330.532		-240.45
1741		364.279		-103.518
1742		332.592		30.7574
1743		244.56		133.14
1744		121.423		181.591
1745		-7.60715		166.117
1746		-111.61		91.5873
1747		-165.394		-22.6697
1748		-156.283		-147.148
1749		-88.0089		-249.796
1750		20.0489		-304.976
1751		138.549		-300.832
1752		237.131		-242.322
1753		293.51		-148.714
1754		299.409		-46.4938
1755		261.282		39.5273
1756		195.968		93.4172
1757		123.486		111.125
1758		60.1914		98.7225
1759		14.9462		67.4592
1760		-10.7593		28.376
1761		-19.7809		-11.0435
1762		-15.6557		-47.1534
1763		-0.456703		-78.1265
1764		24.928		-101.54
1765		58.791		-113.419
1766		96.6108		-109.439
1767		130.716		-87.5444
1768		152.17		-50.2566
1769		154.043		-5.11383
1770		134.35		37.2797
1771		97.0735		66.7472
1772		50.7499		76.8814
1773		5.37561		66.6802
1774		-30.7679		39.9131
1775		-52.927		2.89142
1776		-59.807		-37.9461
1777		-52.241		-77.374
1778		-31.8505		-111.292
1779		-0.706024		-135.893
1780		37.9054		-147.25
1781		78.4792		-142.141
1782		113.288		-119.929
1783		134.085		-84.3428
1784		135.109		-43.7456
1785		115.949		-9.13414
1786		82.5884		9.6059
1787		45.718		7.52805
1788		16.8342		-13.407
1789		3.89938		-45.338
1790		8.7023		-78.0647
1791		27.2172		-103.358
1792		52.6489		-117.769
1793		79.3697		-122.533
1794		105.44		-120.79
1795		132.231		-113.966
1796		161.379		-99.676
1797		190.979		-72.7373
1798		213.577		-29.0418
1799		217.7		29.7463
1800		192.76		93.4927
1801		135.207		144.959
1802		52.7986		165.336
1803		-35.5377		141.86
1804		-104.811		74.1913
1805		-132.305		-23.4487
1806		-105.849		-125.591
1807		-28.7018		-203.141
1808		80.7794		-232.42
1809		194.381		-202.33
1810		282.025		-117.372
1811		319.685		3.92236
1812		294.998		133.98
1813		209.607		242.658
1814		78.5149		303.51
1815		-72.7358		298.938
1816		-212.418		223.964
1817		-308.249		88.3892
1818		-334.102		-83.2561
1819		-276.994		-254.925
1820		-142.606		-385.994
1821		43.0247		-441.238
1822		237.525		-401.49
1823		392.115		-271.372
1824		465.218		-80.6982
1825		435.516		122.112
1826		309.718		283.31
1827		121.756		359.736
1828		-76.816		331.949
1829		-232.156		209.94
1830		-303.953		29.5139
1831		-276.42		-159.143
1832		-161.17		-306.471
1833		8.18591		-376.98
1834		186.994		-357.183
1835		331.958		-256.532
1836		411.212		-102.446
1837		409.986		67.9454
1838		331.71		216.551
1839		195.642		311.751
1840		32.3647		333.825
1841		-122.023		278.349
1842		-232.665		157.449
1843		-273.227		-1.62817
1844		-232.601		-161.318
1845		-119.139		-281.9
1846		39.6422		-331.653
1847		202.917		-296.233
1848		327.154		-183.982
1849		378.559		-24.7322
1850		343.278		138.167
1851		231.777		260.344
1852		75.6967		309.351
1853		-81.7029		273.755
1854		-198.213		165.589
1855		-244.24		15.8112
1856		-209.872		-135.131
1857		-106.004		-248.298
1858		39.8467		-295.6
1859		191.014		-265.513
1860		310.188		-164.697
1861		367.26		-16.0589
1862		345.575		145.912
1863		246.002		281.898
1864		88.1359		356.025
1865		-92.2767		344.651
1866		-250.256		243.829
1867		-342.313		72.9594
1868		-338.731		-127.602
1869		-233.733		-305.657
1870		-49.6631		-411.284
1871		167.265		-411.905
1872		359.224		-303.191
1873		473.547		-111.668
1874		478.55		112.37
1875		372.988		309.53
1876		186.028		428.681
1877		-32.0089		441.244
1878		-224.647		348.045
1879		-344.867		177.234
1880		-366.633		-25.0931
1881		-289.645		-207.895
1882		-137.204		-327.775
1883		50.9879		-358.209
1884		228.538		-294.174
1885		352.41		-152.254
1886		391.851		33.0727
1887		335.235		216.365
1888		193.769		350.76
1889		0.764984		399.039
1890		-194.585		344.139
1891		-338.796		196.039
1892		-388.884		-8.06354
1893		-326.245		-211.9
1894		-164.699		-355.476
1895		51.0778		-393.433
1896		257.426		-310.37
1897		390.766		-127.403
1898		407.682		102.995
1899		299.051		312.633
1900		93.2287		438.571
1901		-152.809		442.267
1902		-371.072		320.54
1903		-502.722		105.157
1904		-514.127		-147.973
1905		-404.258		-375.608
1906		-202.269		-524.189
1907		42.518		-562.147
1908		274.144		-485.041
1909		442.947		-313.735
1910		515.117		-87.6494
1911		477.906		144.38
1912		340.728		333.654
1913		132.846		440.437
1914		-101.912		441.341
1915		-313.095		334.442
1916		-453.623		140.896
1917		-490.291		-98.1161
1918		-412.355		-329.499
1919		-235.474		-500.23
1920		0.872589		-570.418
1921		242.486		-523.713
1922		433.891		-371.792
1923		532.326		-151.336
1924		518.179		85.6493
1925		398.975		285.246
1926		206.141		404.795
1927		-13.9983		422.274
1928		-212.035		339.823
1929		-346.806		181.289
1930		-393.661		-14.8057
1931		-348.322		-204.639
1932		-226.213		-348.591
1933		-57.9983		-419.089
1934		117.536		-405.626
1935		261.875		-316.247
1936		344.975		-175.289
1937		351.659		-17.6894
1938		284.794		119.098
1939		164.295		203.867
1940		22.0144		218.952
1941		-106.309		164.126
1942		-189.923		56.0161
1943		-210.361		-76.7209
1944		-165.285		-201.023
1945		-68.0667		-287.64
1946		56.3928		-317.803
1947		178.193		-286.876
1948		269.515		-204.518
1949		310.698		-91.769
1950		294.238		24.0389
1951		226.178		115.455
1952		124.715		161.086
1953		16.1641		150.674
1954		-71.1716		87.9354
1955		-114.131		-9.81076
1956		-101.099		-115.661
1957		-35.7128		-200.212
1958		63.6725		-239.95
1959		169.121		-224.37
1960		251.567		-159.249
1961		289.866		-64.6676
1962		277.247		31.7945
1963		222.747		104.323
1964		147.108		137.193
1965		74.7538		129.064
1966		25.0492		91.78
1967		6.21434		44.4694
1968		14.0399		5.5556
1969		35.4711		-14.0037
1970		55.1492		-13.7349
1971		61.9994		-2.1603
1972		53.2663		8.05349
1973		34.7682		5.97995
1974		17.7974		-13.031
1975		14.2932		-45.6255
1976		32.2182		-81.6888
1977		72.5582		-107.686
1978		128.513		-110.835
1979		186.744		-83.0179
1980		230.242		-23.7177
1981		242.353		58.4963
1982		211.464		146.408
1983		135.505		216.981
1984		24.9805		246.686
1985		-97.056		218.551
1986		-199.19		129.087
1987		-249.816		-7.57677
1988		-227.332		-160.726
1989		-128.92		-290.152
1990		25.7448		-357.862
1991		198.178		-340.719
1992		341.79		-239.357
1993		416.355		-79.6042
1994		401.164		94.6772
1995		301.977		235.151
1996		149.113		304.176
1997		-12.568		286.165
1998		-138.009		191.249
1999		-195.365		50.4639
2000		-174.024		-95.1393
2001		-85.1964		-207.102
2002		43.9548		-259.512
2003		179.574		-243.685
2004		290.176		-167.388
2005		352.989		-50.3458
2006		356.846		81.52
2007		302.388		201.331
2008		200.836		285.378
2009		72.0955		316.479
2010		-57.931		287.01
2011		-161.395		201.37
2012		-214.119		76.7651
2013		-201.89		-58.9569
2014		-125.478		-173.011
2015		-2.15916		-235.947
2016		137.602		-230.098
2017		257.85		-155.228
2018		326.94		-29.1841
2019		326.214		116.868
2020		254.7		246.977
2021		128.601		329.785
2022		-23.7163		345.819
2023		-169.093		290.954
2024		-276.884		175.949
2025		-324.556		23.2157
2026		-301.103		-137.72
2027		-208.664		-275.113
2028		-62.7305		-360.068
2029		109.197		-371.938
2030		271.284		-303.667
2031		385.95		-165.787
2032		422.905		13.0046
2033		368.54		190.395
2034		232.36		320.31
2035		47.2742		365.91
2036		-137.712		311.644
2037		-271.027		169.787
2038		-314.147		-21.6061
2039		-253.895		-209.351
2040		-106.878		-341.093
2041		85.6603		-381.124
2042		270.75		-320.629
2043		399.746		-179.092
2044		442.033		3.04562
2045		392.18		177.339
2046		269.094		301.227
2047		108.553		348.563
2048		-47.6206		314.374
2049		-162.258		213.744
2050		-210.893		76.324
2051		-186.119		-61.4015
2052		-98.2744		-164.375
2053		27.1028		-206.583
2054		154.724		-177.168
2055		247.495		-83.9485
2056		276.004		46.9569
2057		227.551		176.451
2058		111.873		262.506
2059		-39.1829		272.853
2060		-179.293		196.472
2061		-261.261		49.5333
2062		-252.596		-127.273
2063		-147.605		-280.156
2064		28.7529		-359.14
2065		227.322		-334.739
2066		389.707		-208.399
2067		466.695		-12.821
2068		433.722		198.006
2069		298.146		365.454
2070		96.2503		443.736
2071		-118.373		412.484
2072		-290.591		280.875
2073		-378.364		83.0855
2074		-362.172		-132.377
2075		-247.527		-315.453
2076		-61.3625		-425.761
2077		155.501		-440.059
2078		357.356		-355.391
2079		502.281		-188.5
2080		559.571		27.6887
2081		515.375		249.897
2082		375.961		432.248
2083		167.687		535.253
2084		-67.1064		534.607
2085		-278.31		427.719
2086		-419.084		235.779
2087		-457.115		0.0689659
2088		-382.965		-227.103
2089		-212.905		-394.718
2090		14.7494		-465.256
2091		248.814		-423.468
2092		437.313		-279.484
2093		539.213		-65.8153
2094		533.035		170.506
2095		420.756		378.395
2096		226.738		513.369
2097		-7.57357		546.427
2098		-231.978		469.853
2099		-397.509		299.168
2100		-466.62		70.7834
2101		-421.858		-164.664
2102		-271.113		-352.686
2103		-47.6544		-447.349
2104		195.991		-423.026
2105		399.715		-282.28
2106		510.653		-57.1062
2107		497.317		197.602
2108		358.905		417.268
2109		126.74		544.174
2110		-142.941		542.769
2111		-383.068		409.352
2112		-532.796		173.423
2113		-552.912		-109.583
2114		-435.58		-372.048
2115		-206.157		-550.685
2116		82.9825		-601.66
2117		364.829		-510.876
2118		573.281		-297.317
2119		658.402		-8.91989
2120		598.162		288.039
2121		404.133		523.897
2122		119.702		641.799
2123		-189.209		611.57
2124		-449.275		437.866
2125		-597.449		160.143
2126		-596.883		-156.15
2127		-446.719		-435.413
2128		-182.764		-610.863
2129		131.511		-641.473
2130		421.339		-522.103
2131		619.768		-283.944
2132		684.081		14.6462
2133		605.039		303.946
2134		406.844		520.478
2135		138.681		621.451
2136		-138.932		592.551
2137		-368.708		447.992
2138		-508.28		224.13
2139		-536.818		-30.5935
2140		-456.258		-266.341
2141		-288.212		-440.95
2142		-68.2224		-526.251
2143		161.214		-511.49
2144		357.911		-404.078
2145		486.965		-227.866
2146		526.794		-18.9639
2147		473.349		180.75
2148		341.333		331.75
2149		161.62		405.189
2150		-25.2003		389.45
2151		-177.961		292.994
2152		-264.598		142.373
2153		-269.744		-24.3604
2154		-198.102		-167.234
2155		-72.5913		-254.327
2156		72.1744		-269.419
2157		199.227		-215.316
2158		278.815		-112.099
2159		295.674		9.02612
2160		252.223		114.499
2161		167.009		177.424
2162		68.9842		184.533
2163		-10.8477		139.357
2164		-48.2141		60.811
2165		-32.4893		-22.4391
2166		30.1559		-80.4155
2167		118.362		-90.8189
2168		201.69		-46.0483
2169		249.675		43.8925
2170		241.28		153.68
2171		171.921		249.73
2172		55.7865		300.116
2173		-77.4708		284.419
2174		-190.874		200.492
2175		-250.751		65.966
2176		-236.694		-86.0759
2177		-147.845		-216.035
2178		-3.65977		-288.734
2179		161.062		-283.182
2180		305.402		-198.414
2181		393.16		-53.8576
2182		402.339		115.756
2183		330.785		269.454
2184		196.589		370.605
2185		33.2491		396.259
2186		-119.097		342.884
2187		-224.116		227.033
2188		-258.708		80.7574
2189		-218.937		-57.0889
2190		-120.804		-151.428
2191		4.46246		-180.55
2192		119.453		-142.01
2193		191.464		-53.0042
2194		202.079		55.0364
2195		152.508		146.169
2196		62.9482		191.106
2197		-33.9691		176.371
2198		-103.687		108.528
2199		-120.912		12.0773
2200		-77.938		-78.3991
2201		12.5638		-129.376
2202		121.202		-119.33
2203		210.848		-46.0457
2204		248.187		71.9715
2205		214.312		200.431
2206		111.194		299.074
2207		-37.8889		333.493
2208		-194.139		285.568
2209		-313.624		159.524
2210		-359.443		-18.1162
2211		-312.321		-204.787
2212		-176.721		-352.748
2213		19.3086		-421.725
2214		230.676		-389.94
2215		406.571		-260.477
2216		503.604		-61.1288
2217		497.209		162.384
2218		388.125		358.063
2219		202.131		480.983
2220		-16.8999		504.626
2221		-218.598		427.079
2222		-359.028		270.517
2223		-411.3		74.35
2224		-371.077		-115.709
2225		-255.797		-259.396
2226		-98.3727		-331.205
2227		62.4309		-324.99
2228		192.006		-253.179
2229		267.661		-141.437
2230		282.44		-20.7656
2231		244.595		80.6574
2232		173.445		143.872
2233		93.089		162.476
2234		25.709		142.517
2235		-13.9437		99.3193
2236		-21.6966		52.2496
2237		-4.11801		18.7628
2238		24.2711		9.23253
2239		46.0192		23.9013
2240		46.6892		52.843
2241		20.0687		79.0922
2242		-28.9503		84.2053
2243		-84.8718		54.7377
2244		-125.59		-12.2938
2245		-128.937		-106.736
2246		-79.986		-206.467
2247		23.0012		-282.371
2248		165.849		-305.99
2249		319.982		-257.908
2250		448.139		-134.641
2251		513.139		47.906
2252		487.783		255.665
2253		363.505		442.514
2254		155.453		560.386
2255		-97.8035		571.414
2256		-340.75		459.312
2257		-512.936		236.84
2258		-564.245		-53.3812
2259		-469.713		-346.152
2260		-239.549		-568.388
2261		79.4339		-658.138
2262		412.716		-582.881
2263		676.067		-351.432
2264		798.247		-14.9942
2265		741.931		344.128
2266		516.211		633.82
2267		176.204		777.603
2268		-190.855		736.649
2269		-489.346		521.497
2270		-641.842		189.649
2271		-610.6		-170.355
2272		-407.606		-463.591
2273		-90.478		-614.774
2274		254.154		-588.165
2275		534.611		-396.056
2276		678.553		-94.0943
2277		651.3		234.529
2278		463.778		501.3
2279		168.732		635.122
2280		-153.235		600.088
2281		-414.119		404.378
2282		-540.635		98.498
2283		-493.007		-236.701
2284		-276.094		-509.66
2285		60.0389		-641.172
2286		430.854		-585.519
2287		737.56		-344.331
2288		892.361		31.0244
2289		842.483		450.07
2290		586.35		805.036
2291		176.891		998.657
2292		-289.751		970.591
2293		-697.678		715.021
2294		-940.802		284.236
2295		-950.528		-223.104
2296		-714.014		-685.978
2297		-278.236		-990.813
2298		260.921		-1059.28
2299		781.358		-867.13
2300		1163.24		-449.914
2301		1316.35		105.217
2302		1200.22		679.026
2303		833.147		1146.35
2304		288.473		1403.22
2305		-320.598		1389.44
2306		-864.714		1102.23
2307		-1225.92		597.988
2308		-1323.58		-18.5282
2309		-1133.03		-615.892
2310		-692.616		-1064.51
2311		-96.6043		-1265.81
2312		525.041		-1175.29
2313		1035.89		-813.59
2314		1324.45		-262.36
2315		1330.05		354.536
2316		1056.62		899.916
2317		571.024		1255.22
2318		-13.5634		1347.52
2319		-564.809		1165.21
2320		-962.042		758.912
2321		-1123.43		228.05
2322		-1023.36		-303.342
2323		-696.578		-715.598
2324		-228.518		-920.654
2325		265.63		-881.58
2326		668.442		-620.182
2327		888.232		-210.889
2328		881.046		237.936
2329		661.251		611.255
2330		297.571		816.804
2331		-105.126		809.25
2332		-434.15		602.297
2333		-600.084		264.799
2334		-561.931		-98.7546
2335		-338.747		-378.296
2336		-3.91603		-490.217
2337		336.609		-401.841
2338		575.742		-140.869
2339		636.93		213.077
2340		496.553		552.153
2341		190.558		771.917
2342		-196.203		801.411
2343		-554.247		623.11
2344		-779.962		277.568
2345		-803.723		-147.74
2346		-608.345		-541.602
2347		-233.741		-797.769
2348		232.664		-841.901
2349		676.889		-650.545
2350		985.687		-258.091
2351		1074.05		249.72
2352		906.92		754.463
2353		510.064		1132.18
2354		-32.9702		1283.32
2355		-598.135		1158.61
2356		-1049.37		774.182
2357		-1272.07		211.178
2358		-1203.13		-401.393
2359		-849.404		-917.283
2360		-288.579		-1209.69
2361		348.57		-1204.23
2362		910.521		-898.982
2363		1263.33		-365.688
2364		1324.47		268.36
2365		1083.07		852.737
2366		601.267		1251.62
2367		-2.83686		1376.7
2368		-585.568		1207.03
2369		-1012.87		791.592
2370		-1191.49		235.003
2371		-1088.99		-328.924
2372		-738.947		-769.019
2373		-231.099		-986.533
2374		310.538		-936.656
2375		756.5		-637.629
2376		1001.5		-165.868
2377		988.644		361.82
2378		723.052		815.366
2379		271.379		1082.24
2380		-253.207		1095.02
2381		-717.882		849.042
2382		-1002.94		405.096
2383		-1032.51		-124.265
2384		-795.164		-602.227
2385		-348.57		-902.44
2386		193.779		-942.079
2387		690.733		-704.435
2388		1009.54		-244.761
2389		1060.46		322.459
2390		820.81		851.78
2391		342.27		1203.45
2392		-260.685		1279.14
2393		-838.325		1047.86
2394		-1242.5		555.333
2395		-1363.77		-85.4135
2396		-1159.79		-720.364
2397		-667.796		-1191.6
2398		2.20177		-1376.35
2399		692.372		-1218.58
2400		1234.71		-744.924
2401		1492.42		-60.7103
2402		1394.76		673.941
2403		956.451		1282.4
2404		276.045		1615.02
2405		-486.85		1586.85
2406		-1150.16		1199.79
2407		-1554.13		543.132
2408		-1600.98		-227.812
2409		-1279.13		-929.682
2410		-665.971		-1396.04
2411		91.3357		-1517.92
2412		812.217		-1269.94
2413		1326.75		-715.58
2414		1516.59		9.15327
2415		1342.89		729.511
2416		854.511		1274.68
2417		175.005		1518.95
2418		-528.406		1411.49
2419		-1086.08		987.551
2420		-1367.38		358.565
2421		-1312.13		-316.391
2422		-944.298		-870.653
2423		-364.532		-1171.49
2424		276.43		-1152.57
2425		816.638		-829.191
2426		1123.94		-292.513
2427		1128.5		315.373
2428		838.704		838.68
2429		336.645		1147.53
2430		-244.738		1169.68
2431		-756.472		906.68
2432		-1070.96		431.049
2433		-1112.61		-133.773
2434		-874.74		-645.003
2435		-419.31		-975.487
2436		139.386		-1043.82
2437		662.801		-833.007
2438		1021.25		-393.844
2439		1124.64		167.273
2440		944.104		713.422
2441		519.521		1109.54
2442		-48.9237		1255
2443		-623.858		1108.72
2444		-1063.55		700.615
2445		-1256.83		125.817
2446		-1151.41		-477.564
2447		-768.104		-962.181
2448		-196.631		-1208.27
2449		426.24		-1153.97
2450		950.794		-810.952
2451		1251.72		-261.305
2452		1258.89		363.509
2453		973.655		915.668
2454		466.969		1267.21
2455		-139.408		1340.19
2456		-703.218		1123.66
2457		-1095.58		674.151
2458		-1230.39		100.611
2459		-1082.78		-462.094
2460		-693.34		-884.528
2461		-157.522		-1072.04
2462		396.9		-985.924
2463		839.569		-651.852
2464		1068		-153.741
2465		1031.95		386.104
2466		745.832		836.398
2467		285.507		1089.2
2468		-230.452		1087.16
2469		-670.937		838.34
2470		-926.343		414.132
2471		-937.317		-69.7731
2472		-710.1		-484.509
2473		-313.99		-722.707
2474		138.415		-726.994
2475		522.492		-504.354
2476		735.419		-122.634
2477		723.123		309.299
2478		493.275		671.688
2479		111.545		865.765
2480		-317.039		838.963
2481		-676.023		597.437
2482		-867.387		203.518
2483		-836.057		-240.533
2484		-583.612		-618.112
2485		-168.344		-827.121
2486		308.195		-805.52
2487		725.258		-547.778
2488		972.34		-108.175
2489		977.298		410.436
2490		726.224		880.498
2491		269.561		1181.08
2492		-288.027		1229.04
2493		-812.352		1001.85
2494		-1173.12		545.372
2495		-1277.34		-36.0372
2496		-1093.67		-605.029
2497		-660.885		-1025.59
2498		-78.149		-1196.91
2499		519.867		-1077.85
2500		996.133		-695.722
2501		1243.71		-138.087
2502		1209.52		469.391
2503		904.357		992.689
2504		398.194		1319.26
2505		-197.063		1381.53
2506		-752.519		1169.75
2507		-1149.58		732.668
2508		-1304.4		166.573
2509		-1185.19		-404.897
2510		-819.307		-856.57
2511		-288.393		-1088.55
2512		288.237		-1048.78
2513		779.361		-746.108
2514		1071.79		-250.144
2515		1097.64		323.455
2516		851.814		839.678
2517		394.542		1176.84
2518		-162.746		1256.9
2519		-684.974		1065.26
2520		-1047.42		654.234
2521		-1167.01		129.23
2522		-1022.49		-378.647
2523		-658.312		-746.062
2524		-171.703		-887.963
2525		313.124		-777.382
2526		676.35		-450.048
2527		831.551		6.49049
2528		745.405		475.73
2529		444.054		840.99
2530		5.31826		1013.21
2531		-460.828		951.519
2532		-838.82		672.327
2533		-1035.07		244.979
2534		-1000.41		-224.854
2535		-742.168		-620.495
2536		-322.974		-842.56
2537		153.9		-833.588
2538		569.49		-592.871
2539		818.52		-177.469
2540		835.881		311.258
2541		613.371		752.515
2542		202.203		1036.1
2543		-299.5		1089.89
2544		-770.981		897.712
2545		-1098.6		503.073
2546		-1203.42		-1.85501
2547		-1059.82		-498.978
2548		-700.851		-872.737
2549		-209.487		-1037.24
2550		301.52		-955.719
2551		716.159		-648.073
2552		941.689		-185.285
2553		929.223		327.62
2554		683.948		775.885
2555		262.962		1061
2556		-238.521		1122.51
2557		-709.307		950.849
2558		-1047.55		588.352
2559		-1183.43		118.494
2560		-1093.94		-354.043
2561		-806.595		-727.576
2562		-391.425		-926.143
2563		56.4352		-915.479
2564		439.081		-708.814
2565		677.726		-361.666
2566		729.176		42.5406
2567		593.528		412.27
2568		311.971		668.377
2569		-44.2194		760.867
2570		-390.686		678.599
2571		-649.166		450.217
2572		-764.782		136.421
2573		-717.866		-184.681
2574		-527.771		-436.003
2575		-247.689		-559.694
2576		48.5956		-530.915
2577		285.151		-363.735
2578		403.144		-107.335
2579		375.973		166.896
2580		216.095		384.272
2581		-28.5433		486.765
2582		-287.705		448.54
2583		-488.136		282.669
2584		-573.514		37.1573
2585		-519.518		-218.508
2586		-339.953		-412.364
2587		-82.5314		-489.184
2588		184.13		-424.747
2589		388.492		-231.693
2590		474.234		44.0708
2591		414.126		334.991
2592		216.606		568.351
2593		-76.0667		683.653
2594		-397.372		647.063
2595		-671.608		459.9
2596		-831.32		159.352
2597		-833.401		-188.927
2598		-670.281		-505.086
2599		-373.357		-713.424
2600		-7.27367		-760.77
2601		344.254		-630.395
2602		598.119		-347.621
2603		692.297		24.9236
2604		601.753		401.716
2605		345.342		695.035
2606		-18.4		836.572
2607		-405.615		794.202
2608		-727.791		579.476
2609		-913.213		244.033
2610		-923.624		-133.793
2611		-762.111		-468.314
2612		-470.768		-686.683
2613		-119.383		-745.019
2614		211.567		-637.028
2615		449.361		-393.748
2616		544.819		-75.1055
2617		482.255		244.395
2618		281.848		492.591
2619		-5.80063		615.615
2620		-311.649		589.595
2621		-564.21		425.601
2622		-706.094		166.679
2623		-707.366		-122.565
2624		-572.468		-371.557
2625		-338.865		-520.894
2626		-67.5632		-536.784
2627		172.194		-419.106
2628		320.193		-201.012
2629		340.045		59.7579
2630		227.824		295.521
2631		12.5486		445.414
2632		-251.312		470.119
2633		-497.197		361.119
2634		-662.353		142.605
2635		-702.645		-134.117
2636		-603.126		-402.279
2637		-382.221		-594.865
2638		-88.6048		-660.246
2639		208.825		-575.046
2640		436.147		-351.298
2641		531.872		-35.8758
2642		462.83		298.457
2643		234.48		569.108
2644		-107.562		703.581
2645		-486.121		658.524
2646		-809.914		432.726
2647		-995.928		70.0558
2648		-991.012		-349.237
2649		-786.759		-727.186
2650		-423.331		-972.136
2651		19.1548		-1021.83
2652		439.585		-859.43
2653		740.257		-518.215
2654		850.43		-73.905
2655		743.136		373.291
2656		441.332		722.219
2657		12.2679		894.159
2658		-448.238		850.623
2659		-837.742		601.738
2660		-1070.3		203.591
2661		-1095.71		-254.664
2662		-910.625		-671.049
2663		-559.225		-953.908
2664		-122.967		-1042.84
2665		298.314		-922.553
2666		609.812		-626.257
2667		744.121		-227.452
2668		677.034		178.1
2669		432.655		495.861
2670		76.4206		655.489
2671		-302.159		627.337
2672		-612.39		428.227
2673		-784.779		115.247
2674		-787.043		-230.359
2675		-629.886		-524.519
2676		-361.675		-701.037
2677		-54.1778		-726.443
2678		216.337		-605.751
2679		387.579		-378.531
2680		424.954		-107.171
2681		327.8		139.215
2682		127.472		301.21
2683		-121.594		342.265
2684		-355.421		256.095
2685		-515.552		67.0878
2686		-562.471		-176.061
2687		-484.581		-412.063
2688		-300.836		-581.586
2689		-56.2914		-641.46
2690		188.574		-575.273
2691		372.465		-397.72
2692		448.365		-151.413
2693		395.385		103.269
2694		224.282		302.921
2695		-24.8465		396.776
2696		-292.184		359.332
2697		-512.721		196.757
2698		-632.013		-54.4693
2699		-619.306		-336.252
2700		-474.905		-582.671
2701		-230.162		-735.525
2702		59.7658		-757.976
2703		328.65		-643.22
2704		514.47		-416.278
2705		573.834		-128.475
2706		492.267		154.18
2707		287.949		366.229
2708		7.86403		458.134
2709		-282.974		408.19
2710		-516.84		227.958
2711		-639.531		-40.311
2712		-623.461		-333.839
2713		-474.219		-584.639
2714		-228.842		-736.092
2715		53.7751		-756.523
2716		307.74		-646.269
2717		476.37		-436.584
2718		525.537		-180.914
2719		450.903		58.9
2720		277.572		227.797
2721		52.6769		290.254
2722		-166.845		237.726
2723		-328.147		89.3703
2724		-394.738		-113.696
2725		-354.449		-318.969
2726		-221.523		-475.413
2727		-32.5041		-545.675
2728		163.08		-514.931
2729		315.147		-394.289
2730		385.72		-217.843
2731		358.703		-33.8625
2732		244.174		107.852
2733		75.8079		169.282
2734		-98.1391		134.572
2735		-228.023		14.484
2736		-276.557		-156.516
2737		-229.175		-329.853
2738		-97.9848		-456.416
2739		81.8129		-500.157
2740		261.905		-447.823
2741		394.218		-312.127
2742		443.744		-127.742
2743		397.331		58.3942
2744		266.342		199.474
2745		82.9509		260.474
2746		-108.404		226.2
2747		-261.92		104.141
2748		-340.937		-77.997
2749		-325.841		-279.028
2750		-217.997		-453.523
2751		-39.2313		-561.609
2752		172.8		-577.457
2753		372.465		-494.961
2754		515.792		-329.467
2755		570.096		-115.057
2756		521.6		102.355
2757		379.223		274.92
2758		173.346		363.719
2759		-50.5166		348.056
2760		-241.93		230.792
2761		-357.293		38.1766
2762		-370.227		-186.004
2763		-277.925		-390.643
2764		-101.828		-529.355
2765		117.561		-571.345
2766		330.361		-508.441
2767		489.075		-356.634
2768		559.537		-151.925
2769		528.519		58.3908
2770		406.323		226.837
2771		223.931		316.666
2772		25.4711		310.101
2773		-142.196		212.109
2774		-240.407		48.8933
2775		-247.636		-138.523
2776		-164.377		-304.171
2777		-12.788		-408.152
2778		168.876		-426.191
2779		335.736		-355.368
2780		447.362		-214.584
2781		477.688		-39.6131
2782		421.244		126.008
2783		294.176		241.912
2784		129.83		280.862
2785		-29.849		235.235
2786		-144.856		118.488
2787		-186.912		-38.6021
2788		-146.108		-195.83
2789		-32.9343		-313.503
2790		124.643		-361.99
2791		288.171		-328.638
2792		418.011		-220.538
2793		482.744		-62.6022
2794		466.503		108.485
2795		372.595		252.996
2796		222.6		337.521
2797		51.1882		342.776
2798		-102.104		268.023
2799		-202.167		131.075
2800		-226.447		-36.098
2801		-169.952		-195.011
2802		-46.0075		-309.658
2803		117.292		-354.613
2804		283.883		-320.362
2805		417.988		-214.748
2806		491.809		-60.4891
2807		490.981		110.341
2808		416.82		263.379
2809		285.255		368.955
2810		123.011		407.648
2811		-37.9443		373.568
2812		-166.596		275.007
2813		-238.67		132.582
2814		-241.143		-24.7778
2815		-174.75		-165.358
2816		-53.9911		-260.843
2817		95.5515		-292.091
2818		242.309		-253.297
2819		355.365		-153.504
2820		411.265		-14.8436
2821		399.359		132.315
2822		324.247		256.317
2823		204.576		331.591
2824		68.3843		344.535
2825		-53.8211		296.37
2826		-136.413		202.246
2827		-164.492		86.9167
2828		-136.784		-21.7204
2829		-65.006		-99.453
2830		29.8682		-131.19
2831		123.261		-113.773
2832		193.01		-55.7359
2833		224.296		25.6286
2834		212.46		108.941
2835		163.32		173.934
2836		91.1306		206.01
2837		14.8353		199.261
2838		-46.5237		157.43
2839		-78.256		92.7081
2840		-73.4072		22.6592
2841		-34.3589		-34.0741
2842		27.756		-62.3529
2843		95.7607		-54.3647
2844		150.712		-11.7329
2845		176.757		54.7016
2846		165.347		127.485
2847		117.682		186.973
2848		44.6396		216.462
2849		-35.8626		206.672
2850		-103.442		158.355
2851		-140.55		82.2645
2852		-137.073		-3.5155
2853		-92.9849		-78.1801
2854		-18.3627		-123.499
2855		69.2038		-128.386
2856		149.064		-91.5607
2857		202.609		-21.6866
2858		217.701		64.9602
2859		191.353		148.573
2860		130.106		210.553
2861		48.1513		237.73
2862		-36.194		225.093
2863		-104.742		176.537
2864		-143.395		103.594
2865		-144.996		22.5931
2866		-110.525		-49.0268
2867		-48.547		-96.4347
2868		26.884		-110.398
2869		99.3391		-89.0058
2870		153.508		-37.8369
2871		178.365		31.3962
2872		169.401		103.443
2873		129.474		162.82
2874		68.0914		197.149
2875		-0.732361		199.839
2876		-61.6346		171.5
2877		-101.385		119.766
2878		-111.918		57.4938
2879		-92.1939		-0.254623
2880		-48.4321		-39.7995
2881		7.39635		-52.1418
2882		60.488		-35.1792
2883		96.874		5.72992
2884		106.959		59.0384
2885		88.0555		109.872
2886		45.2478		143.826
2887		-9.71852		150.794
2888		-61.3343		127.842
2889		-94.3772		80.3321
2890		-98.1235		20.8862
2891		-69.5999		-33.7152
2892		-14.9075		-66.9876
2893		51.9056		-67.4315
2894		112.304		-32.1372
2895		148.246		31.81
2896		147.345		108.7
2897		106.73		178.126
2898		34.375		220.475
2899		-52.593		222.435
2900		-132.25		180.934
2901		-183.684		104.303
2902		-192.62		10.3129
2903		-155.267		-78.3651
2904		-79.3434		-139.97
2905		17.9017		-159.125
2906		114.033		-130.548
2907		186.888		-60.1353
2908		219.744		36.6529
2909		204.98		138.541
2910		145.554		223.298
2911		54.122		272.594
2912		-49.835		275.861
2913		-144.232		232.448
2914		-209.082		151.724
2915		-230.778		51.084
2916		-205.086		-47.7626
2917		-138.158		-123.541
2918		-45.2416		-160.191
2919		52.7688		-150.555
2920		134.19		-98.0215
2921		181.65		-15.5962
2922		186.09		77.3982
2923		148.602		160.137
2924		79.64		215.29
2925		-4.05209		232.842
2926		-83.8241		211.797
2927		-143.504		159.517
2928		-172.651		89.1913
2929		-168.047		16.3606
2930		-133.42		-44.4787
2931		-77.8597		-82.4714
2932		-13.5872		-91.9022
2933		46.3954		-72.6736
2934		90.4855		-29.9735
2935		110.383		26.7056
2936		102.612		85.1714
2937		69.4263		132.75
2938		18.7223		158.931
2939		-37.3488		157.943
2940		-85.0592		130.523
2941		-112.566		84.1362
2942		-113.2		31.3034
2943		-87.4948		-13.7001
2944		-43.1595		-38.8396
2945		7.11224		-37.7514
2946		49.3515		-11.4611
2947		72.3216		32.1601
2948		70.5298		80.9488
2949		45.355		122.079
2950		4.12108		145.547
2951		-42.351		146.485
2952		-82.7711		125.828
2953		-108.06		89.4651
2954		-113.091		46.4285
2955		-97.3638		6.75742
2956		-64.769		-20.4862
2957		-22.7306		-28.8521
2958		19.1227		-15.7191
2959		50.6938		16.9767
2960		63.4828		62.7174
2961		52.703		111.344
2962		18.916		151.075
2963		-31.4597		171.351
2964		-87.2284		165.8
2965		-135.058		134.379
2966		-163.048		83.8327
2967		-164.133		26.1344
2968		-138.174		-24.731
2969		-91.9997		-56.6324
2970		-37.3868		-62.5494
2971		12.3132		-42.1979
2972		45.7367		-1.62463
2973		56.1558		48.8959
2974		42.5468		97.7986
2975		9.05244		135.009
2976		-36.6643		153.839
2977		-85.4641		151.746
2978		-128.573		130.126
2979		-158.928		93.5293
2980		-172.03		48.635
2981		-166.398		3.14592
2982		-143.721		-35.3835
2983		-108.593		-60.7768
2984		-67.7605		-69.3755
2985		-28.8229		-60.8019
2986		1.36118		-38.032
2987		18.1583		-6.63521
2988		20.051		26.6503
2989		8.64657		55.5657
2990		-12.1511		75.6545
2991		-37.4319		84.869
2992		-62.5149		83.3984
2993		-83.723		72.9854
2994		-98.5868		56.1682
2995		-105.681		35.7863
2996		-104.435		14.8272
2997		-95.1778		-3.59096
2998		-79.3841		-16.4095
2999		-59.8675		-21.1752
3000		-40.5602		-16.8282
3001		-25.7137		-4.35629
3002		-18.6834		13.1287
3003		-20.7755		31.1196
3004		-30.7038		45.0904
3005		-44.9969		51.9982
3006		-59.2573		51.2667
3007		-69.7702		44.8026
3008		-74.7701		36.0364
3009		-74.8316		28.4256
3010		-72.2651		24.1019
3011		-69.8634		23.2373
3012		-69.6203		24.3365
3013		-71.9947		25.2074
3014		-75.9758		24.0754
3015		-79.7833		20.3095
3016		-81.7636		14.5016
3017		-81.0224		8.00608
3018		-77.5677		2.29558
3019		-72.0504		-1.49776
3020		-65.3949		-2.69335
3021		-58.5975		-0.934132
3022		-52.7685		3.92086
3023		-49.2511		11.6797
3024		-49.5466		21.4958
3025		-54.8859		31.5977
3026		-65.5519		39.3905
3027		-80.3068		42.0907
3028		-96.3306		37.7366
3029		-109.878		26.1331
3030		-117.485		9.2238
3031		-117.232		-9.39111
3032		-109.462		-25.6597
3033		-96.5945		-36.4935
3034		-82.0975		-40.7443
3035		-69.1088		-39.3011
3036		-59.3766		-34.3067
3037		-53.0018		-27.9441
3038		-49.0378		-21.4492
3039		-46.5359		-14.8541
3040		-45.3991		-7.54063
3041		-46.5402		0.779888
3042		-51.25		9.28701
3043		-60.153		15.9804
3044		-72.3788		18.4195
3045		-85.4732		14.8991
3046		-96.167		5.42678
3047		-101.645		-8.04892
3048		-100.675		-22.3072
3049		-94.0259		-34.093
3050		-83.9989		-41.2996
3051		-73.3464		-43.5237
3052		-64.1823		-41.7865
3053		-57.4284		-37.6718
3054		-53.0064		-32.4343
3055		-50.5366		-26.5918
3056		-50.0219		-20.182
3057		-52.0405		-13.4355
3058		-57.3027		-7.3483
3059		-65.8568		-3.69496
3060		-76.4824		-4.37417
3061		-86.7345		-10.4114
3062		-93.7356		-21.196
3063		-95.3589		-34.4495
3064		-91.1802		-47.028
3065		-82.6673		-56.1936
3066		-72.4695		-60.7013
3067		-63.17		-61.1332
3068		-56.1644		-59.3089
3069		-51.2633		-57.1207
3070		-47.2105		-55.4574
3071		-42.7881		-53.8296
3072		-37.8387		-50.9055
3073		-33.582		-45.6342
3074		-32.0007		-38.2789
3075		-34.6206		-30.7136
3076		-41.3759		-25.7431
3077		-50.2392		-25.7607
3078		-57.8906		-31.4545
3079		-61.1301		-41.277
3080		-58.3176		-52.0003
3081		-50.092		-60.0966
3082		-39		-63.2422
3083		-28.2444		-61.1796
3084		-20.2243		-55.5257
3085		-15.6289		-48.6912
3086		-13.5198		-42.541
3087		-12.2759		-37.5407
3088		-10.8034		-32.8284
3089		-9.29078		-27.1064
3090		-9.07598		-19.7765
3091		-11.7265		-11.619
3092		-17.8978		-4.58558
3093		-26.6697		-0.811872
3094		-35.7869		-1.41507
3095		-42.702		-5.78617
3096		-45.8456		-11.8106
3097		-45.4038		-16.9268
3098		-43.1448		-19.4423
3099		-41.3733		-19.368
3100		-41.5893		-18.2897
3101		-43.6096		-18.3291
3102		-45.6682		-20.7681
3103		-45.4691		-25.1128
3104		-41.6347		-29.1513
3105		-34.7508		-30.0247
3106		-27.4114		-25.7748
3107		-23.1822		-16.5629
3108		-24.9773		-4.90878
3109		-33.6441		5.19819
3110		-47.4484		9.8999
3111		-62.6873		7.01867
3112		-75.1058		-3.14473
3113		-81.4296		-18.0631
3114		-80.3405		-34.0565
3115		-72.5644		-47.6076
3116		-60.2165		-56.3123
3117		-45.8745		-59.1571
3118		-31.8817		-56.222
3119		-20.1223		-48.1951
3120		-12.1587		-36.0913
3121		-9.37965		-21.3224
3122		-12.8502		-5.93805
3123		-22.8128		7.32785
3124		-38.1128		15.4904
3125		-55.9828		16.2119
3126		-72.5045		8.80486
3127		-83.7223		-5.1852
3128		-87.0013		-22.2128
3129		-82.026		-37.8044
3130		-70.9521		-48.0672
3131		-57.6033		-50.9948
3132		-46.055		-47.0102
3133		-39.2288		-38.5427
3134		-38.087		-28.8928
3135		-41.7017		-20.9408
3136		-48.0377		-16.276
3137		-54.9777		-15.0412
3138		-61.081		-16.4063
3139		-65.7913		-19.2832
3140		-69.156		-22.8551
3141		-71.3794		-26.6885
3142		-72.5623		-30.5083
3143		-72.7798		-33.929
3144		-72.3757		-36.4398
3145		-72.159		-37.7238
3146		-73.2305		-38.1191
3147		-76.4092		-38.8574
3148		-81.5237		-41.7883
3149		-87.0076		-48.575
3150		-90.1532		-59.6835
3151		-88.0637		-73.6859
3152		-78.9655		-87.3239
3153		-63.2921		-96.4511
3154		-43.9901		-97.5506
3155		-25.8077		-89.2137
3156		-13.7794		-72.9393
3157		-11.4805		-52.8836
3158		-19.7332		-34.6256
3159		-36.2544		-23.4181
3160		-56.3386		-22.57
3161		-74.28		-32.5121
3162		-84.9911		-50.786
3163		-85.2973		-72.8401
3164		-74.5852		-93.273
3165		-54.7623		-107.11
3166		-29.6943		-110.807
3167		-4.35928		-102.856
3168		16.0827		-83.9972
3169		27.1895		-57.0901
3170		26.0387		-26.6892
3171		11.8511		1.6786
3172		-13.6939		22.4837
3173		-46.5834		31.2883
3174		-81.1071		25.7403
3175		-110.931		6.20314
3176		-130.39		-24.1773
3177		-135.684		-60.0229
3178		-125.702		-94.7657
3179		-102.275		-121.936
3180		-69.8642		-136.414
3181		-34.7563		-135.426
3182		-3.9382		-119.121
3183		16.1853		-90.6763
3184		21.0628		-55.871
3185		9.05734		-22.1325
3186		-17.9432		2.88712
3187		-54.6143		12.9964
3188		-93.1304		5.04733
3189		-124.873		-20.0541
3190		-142.555		-57.3178
3191		-142.158		-98.7837
3192		-124.054		-135.561
3193		-92.8754		-160.203
3194		-56.1174		-168.664
3195		-21.9244		-161.167
3196		3.18576		-141.738
3197		15.8845		-116.61
3198		16.4129		-92.1642
3199		7.78561		-73.1523
3200		-5.72445		-61.8038
3201		-20.1384		-57.9703
3202		-32.7696		-60.0325
3203		-42.409		-66.023
3204		-48.8393		-74.4277
3205		-52.1043		-84.3822
3206		-51.9869		-95.3336
3207		-47.9659		-106.499
3208		-39.6119		-116.511
3209		-27.1494		-123.497
3210		-11.8344		-125.57
3211		4.08274		-121.499
3212		17.8244		-111.245
3213		26.7934		-96.1257
3214		29.2484		-78.5552
3215		24.7234		-61.4832
3216		14.0983		-47.7312
3217		-0.641113		-39.4162
3218		-16.8453		-37.5683
3219		-31.7345		-41.9724
3220		-42.9474		-51.2324
3221		-49.0369		-63.0587
3222		-49.8254		-74.7759
3223		-46.4964		-84.0015
3224		-41.3111		-89.354
3225		-36.9302		-90.9602
3226		-35.4808		-90.5208
3227		-37.665		-90.8012
3228		-42.2737		-94.6242
3229		-46.375		-103.672
3230		-46.2188		-117.547
3231		-38.6053		-133.493
3232		-22.2496		-146.977
3233		1.36638		-153
3234		28.0075		-147.733
3235		51.6154		-129.93
3236		65.8904		-101.657
3237		66.0511		-68.08
3238		50.2577		-36.3821
3239		20.3208		-14.1142
3240		-18.4717		-7.4044
3241		-58.3369		-19.454
3242		-90.5597		-49.6379
3243		-107.308		-93.3854
3244		-103.349		-142.874
3245		-77.3325		-188.431
3246		-32.357		-220.416
3247		24.354		-231.237
3248		82.6806		-217.068
3249		131.54		-178.883
3250		161.133		-122.494
3251		165.005		-57.5503
3252		141.438		4.29649
3253		93.8672		51.6531
3254		30.2642		75.5655
3255		-38.3242		71.1864
3256		-99.7549		38.6568
3257		-142.905		-16.8798
3258		-159.606		-86.0728
3259		-146.15		-156.84
3260		-104.16		-216.358
3261		-40.6194		-253.352
3262		33.0645		-260.351
3263		103.01		-235.461
3264		155.576		-183.166
3265		180.34		-113.742
3266		172.576		-41.2478
3267		134.505		19.5831
3268		74.8489		56.748
3269		6.71061		63.749
3270		-55.6487		40.9187
3271		-100.197		-5.05408
3272		-119.724		-63.1797
3273		-112.98		-121.096
3274		-84.2324		-167.969
3275		-41.5865		-196.613
3276		5.25442		-204.435
3277		47.1628		-193.263
3278		77.2522		-168.364
3279		91.888		-137.028
3280		91.0692		-107.017
3281		78.2298		-85.0019
3282		59.4498		-75.1434
3283		42.0458		-78.0377
3284		32.6533		-90.374
3285		35.1772		-105.644
3286		49.2517		-115.989
3287		69.8998		-114.821
3288		88.8035		-99.4217
3289		97.0187		-72.4963
3290		88.3217		-41.8914
3291		61.9659		-18.3178
3292		23.6938		-11.7109
3293		-15.5721		-27.4984
3294		-43.0503		-64.1908
3295		-48.316		-113.276
3296		-26.9032		-161.543
3297		17.9924		-195.045
3298		76.2798		-203.315
3299		133.862		-182.429
3300		176.593		-135.996
3301		193.997		-73.9745
3302		181.699		-9.89519
3303		142.097		42.512
3304		83.4093		72.3589
3305		17.6099		73.6894
3306		-42.134		46.4076
3307		-84.0299		-3.90206
3308		-99.8982		-67.1105
3309		-86.811		-130.483
3310		-47.8339		-181.221
3311		8.42632		-209.241
3312		69.6102		-209.589
3313		122.515		-183.78
3314		156.455		-139.473
3315		166.072		-88.3691
3316		152.636		-42.8451
3317		123.29		-12.3829
3318		88.4569		-1.01434
3319		58.3098		-6.6732
3320		39.5916		-22.6285
3321		33.9045		-40.3664
3322		37.9727		-52.7638
3323		45.5806		-56.3693
3324		50.275		-52.0712
3325		47.7434		-44.151
3326		37.0816		-38.3356
3327		20.7445		-39.72
3328		3.51339		-51.2649
3329		-8.92184		-73.1462
3330		-11.2695		-102.811
3331		0.361664		-135.419
3332		27.6763		-164.438
3333		69.4808		-182.44
3334		121.094		-182.275
3335		174.217		-158.766
3336		217.723		-110.678
3337		239.662		-42.3723
3338		230.28		35.6949
3339		185.293		108.242
3340		108.293		158.264
3341		11.2605		171.294
3342		-87.3108		139.606
3343		-166.361		65.0173
3344		-207.248		-40.6731
3345		-198.389		-157.8
3346		-138.291		-262.967
3347		-36.2746		-334.094
3348		89.1969		-355.181
3349		214.072		-319.792
3350		313.386		-232.665
3351		366.197		-109.235
3352		359.994		26.8806
3353		293.803		148.14
3354		179.277		228.556
3355		39.2269		249.474
3356		-96.5843		204.411
3357		-197.838		101.578
3358		-240.945		-37.0253
3359		-215.316		-180.195
3360		-126.675		-294.98
3361		3.88108		-355.094
3362		145.12		-347.852
3363		263.857		-277.473
3364		333.707		-163.655
3365		341.77		-35.8589
3366		291.314		74.9223
3367		199.841		144.336
3368		93.4011		160.429
3369		-0.857967		125.538
3370		-61.6549		54.2232
3371		-78.1966		-31.708
3372		-51.5922		-109.342
3373		6.7885		-160.249
3374		79.108		-174.286
3375		145.807		-151.089
3376		190.186		-99.3124
3377		201.993		-34.0806
3378		179.495		26.7478
3379		129.722		66.799
3380		66.8146		75.1339
3381		8.68285		49.1117
3382		-27.4628		-4.5878
3383		-29.7159		-71.2442
3384		4.97357		-131.607
3385		69.3928		-166.907
3386		147.402		-164.075
3387		217.835		-119.714
3388		259.985		-41.5826
3389		259.212		52.8888
3390		211.082		140.737
3391		122.944		199.138
3392		12.523		211.136
3393		-96.0627		169.97
3394		-177.838		80.9908
3395		-212.744		-39.2417
3396		-190.332		-166.402
3397		-112.384		-273.626
3398		7.12897		-337.392
3399		144.765		-342.806
3400		272.508		-287.137
3401		363.845		-180.736
3402		399.673		-45.0205
3403		372.673		92.1201
3404		289.022		202.511
3405		166.983		263.985
3406		32.6797		265.244
3407		-85.8839		208.108
3408		-165.038		106.664
3409		-190.405		-16.3226
3410		-159.501		-134.734
3411		-81.5971		-224.809
3412		24.9106		-269.957
3413		136.82		-263.768
3414		231.152		-210.793
3415		289.9		-125.097
3416		303.641		-26.9499
3417		273.354		61.7436
3418		210.02		122.429
3419		131.902		144.276
3420		59.9329		126.856
3421		12.1556		80.2255
3422		-1.32086		22.1106
3423		18.6896		-27.3132
3424		60.6607		-51.6463
3425		105.981		-43.5787
3426		135.053		-7.4567
3427		133.966		41.94
3428		99.4816		84.1932
3429		40.5706		100.106
3430		-24.1265		78.3483
3431		-72.1098		19.6328
3432		-84.1815		-62.9521
3433		-50.6188		-147.521
3434		25.5448		-209.643
3435		128.992		-229.259
3436		235.991		-196.259
3437		320.354		-113.29
3438		359.825		4.66661
3439		341.351		133.551
3440		264.243		245.386
3441		140.76		314.208
3442		-5.87916		321.694
3443		-145.738		261.53
3444		-248.08		141.662
3445		-288.016		-16.2271
3446		-252.598		-180.339
3447		-144.867		-315.139
3448		15.4911		-389.371
3449		195.56		-383.839
3450		356.264		-296.847
3451		461.554		-145.541
3452		487.326		37.526
3453		427.598		211.935
3454		296.186		339.098
3455		123.39		391.521
3456		-51.3693		359.215
3457		-188.934		251.697
3458		-259.401		95.3274
3459		-248.632		-73.102
3460		-160.981		-214.815
3461		-17.9449		-297.597
3462		146.745		-302.703
3463		294.469		-228.887
3464		390.099		-92.8448
3465		409.849		74.0674
3466		347.043		232.389
3467		214.449		343.303
3468		42.3129		377.874
3469		-127.946		324.68
3470		-253.312		193.746
3471		-299.955		15.395
3472		-252.48		-166.245
3473		-119.06		-303.804
3474		69.2903		-358.798
3475		265.474		-312.167
3476		417.674		-170.314
3477		482.504		35.1823
3478		436.63		254.335
3479		283.797		430.526
3480		55.3711		514.486
3481		-195.988		477.101
3482		-408.234		317.871
3483		-524.792		66.7909
3484		-508.939		-221.148
3485		-354.206		-477.956
3486		-87.9818		-638.647
3487		233.065		-657.581
3488		535.225		-521.069
3489		745.118		-252.732
3490		808.061		90.327
3491		702.69		430.138
3492		447.719		686.484
3493		98.6573		796.835
3494		-265.035		732.354
3495		-559.182		505.584
3496		-715.498		167.697
3497		-698.15		-203.99
3498		-512.06		-524.83
3499		-201.03		-723.057
3500		163.43		-756.271
3501		499.407		-620.36
3502		733.557		-349.182
3503		817.264		-5.62893
3504		736.552		333.353
3505		513.966		594.175
3506		202.477		722.603
3507		-126.962		695.078
3508		-401.447		523.145
3509		-562.306		250.186
3510		-578.019		-58.8538
3511		-450.997		-332.549
3512		-216.572		-509.601
3513		65.7351		-553.109
3514		326.764		-459.03
3515		504.597		-256.636
3516		559.584		-0.743896
3517		483.671		242.34
3518		301.69		411.544
3519		64.3892		466.119
3520		-164.843		395.297
3521		-326.028		220.266
3522		-377.371		-11.751
3523		-305.233		-239.555
3524		-127.155		-403.1
3525		112.53		-458.093
3526		353.305		-386.818
3527		532.883		-202.823
3528		602.288		51.5799
3529		538.274		314.624
3530		350.194		519.432
3531		79.3623		610.374
3532		-209.494		557.697
3533		-443.251		366.647
3534		-558.6		78.2861
3535		-518.978		-238.922
3536		-325.591		-505.263
3537		-19.1267		-649.851
3538		328.883		-629.437
3539		633.237		-440.738
3540		816.454		-122.704
3541		828.721		252.175
3542		661.085		595.388
3543		348.375		824.217
3544		-38.8646		882.208
3545		-411.3		753.143
3546		-682.266		465.165
3547		-788.501		84.2052
3548		-705.253		-301.562
3549		-452.273		-602.496
3550		-89.3688		-748.673
3551		297.499		-706.583
3552		616.486		-487.412
3553		791.863		-144.776
3554		782.542		237.875
3555		592.474		567.446
3556		269.997		764.22
3557		-104.083		781.908
3558		-436.937		619.396
3559		-647.481		320.837
3560		-687.112		-36.1392
3561		-551.774		-361.013
3562		-282.047		-574.118
3563		48.6039		-627.016
3564		353.937		-514.026
3565		557.694		-272.103
3566		612.786		30.3944
3567		512.076		312.498
3568		288.457		501.669
3569		4.94324		551.649
3570		-262.132		452.954
3571		-442.34		234.039
3572		-488.235		-46.5883
3573		-386.556		-315.035
3574		-161.306		-500.035
3575		131.818		-550.298
3576		418.465		-447.413
3577		623.428		-211.303
3578		689.305		103.343
3579		591.661		419.327
3580		346.717		655.448
3581		9.13947		747.009
3582		-340.176		663.13
3583		-613.685		416.138
3584		-739.329		60.0987
3585		-679.384		-321.514
3586		-440.941		-636.07
3587		-75.1083		-804.695
3588		334.894		-781.9
3589		693.566		-566.924
3590		915.789		-204.14
3591		946.699		227.226
3592		774.233		631.252
3593		431.794		916.882
3594		-9.10429		1018.03
3595		-454.285		908.066
3596		-807.039		605.857
3597		-988.848		172.322
3598		-956.575		-301.865
3599		-712.62		-715.13
3600		-305.666		-976.796
3601		178.611		-1027.39
3602		635.473		-852.899
3603		964.203		-489.35
3604		1091.26		-16.0147
3605		987.987		461.85
3606		678.205		837.058
3607		233.399		1025.68
3608		-243.78		987.132
3609		-643.811		733.922
3610		-876.411		328.544
3611		-891.914		-131.859
3612		-692.592		-539.13
3613		-331.203		-800.107
3614		102.645		-858.537
3615		504.748		-707.625
3616		781.544		-390.391
3617		872.164		11.9381
3618		762.095		400.409
3619		485.372		682.543
3620		115.063		794.38
3621		-255.399		715.12
3622		-535.349		471.008
3623		-658.799		127.744
3624		-599.85		-226.481
3625		-377.991		-503.009
3626		-52.2598		-634.283
3627		294.033		-589.757
3628		574.019		-382.436
3629		718.25		-64.788
3630		690.939		284.601
3631		497.809		580.132
3632		184.085		749.394
3633		-176.527		749.826
3634		-499.059		578.242
3635		-706.72		271.384
3636		-748.302		-102.391
3637		-609.859		-458.342
3638		-318.227		-714.229
3639		64.4101		-808.806
3640		453.862		-715.965
3641		762.435		-451.307
3642		918.63		-69.4899
3643		883.604		347.331
3644		660.513		707.547
3645		294.421		930.594
3646		-137.371		965.138
3647		-542.361		800.684
3648		-833.256		469.938
3649		-947.019		41.5207
3650		-858.285		-395.074
3651		-584.397		-748.702
3652		-181.323		-945.684
3653		268.285		-944.876
3654		672.197		-745.87
3655		947.38		-388.984
3656		1036.9		52.796
3657		921.833		488.391
3658		625.741		827.15
3659		210.691		997.883
3660		-235.091		964.591
3661		-615.819		735.279
3662		-849.371		361.302
3663		-886.365		-73.3773
3664		-722.238		-471.169
3665		-398.812		-743.824
3666		5.60944		-833.658
3667		395.489		-727.402
3668		681.741		-458.79
3669		803.566		-99.1026
3670		742.597		261.738
3671		525.731		538.271
3672		216.28		670.531
3673		-103.696		637.583
3674		-354.797		460.476
3675		-479.74		194.569
3676		-456.172		-86.1092
3677		-300.211		-308.07
3678		-60.5643		-416.335
3679		194.774		-387.11
3680		395.828		-232.6
3681		487.912		2.75388
3682		445.054		253.581
3683		276.603		449.855
3684		25.408		534.524
3685		-242.249		478.417
3686		-452.933		288.729
3687		-544.841		8.64931
3688		-484.463		-292.278
3689		-276.699		-535.094
3690		34.5791		-651.607
3691		376.114		-602.643
3692		662.88		-389.465
3693		819.357		-55.1514
3694		799.019		324.68
3695		597.01		659.596
3696		252.76		866.153
3697		-158.188		888.435
3698		-541.199		712.365
3699		-804.441		370.373
3700		-880.62		-64.7315
3701		-743.568		-495.447
3702		-415.8		-821.455
3703		34.9472		-962.907
3704		509.844		-879.83
3705		900.968		-582.973
3706		1116.37		-133.075
3707		1102.33		371.848
3708		857.195		818.699
3709		432.982		1105.87
3710		-76.111		1167.68
3711		-555.756		990.344
3712		-898.644		615.432
3713		-1029.87		129.69
3714		-924.186		-355.931
3715		-610.922		-732.646
3716		-165.918		-918.943
3717		307.154		-878.474
3718		701.083		-626.923
3719		929.22		-226.948
3720		944.16		226.999
3721		747.34		630.213
3722		387.996		890.988
3723		-48.025		950.856
3724		-457.362		797.821
3725		-742.442		469.728
3726		-834.309		46.603
3727		-709.941		-367.119
3728		-399.554		-667.22
3729		18.8071		-775.798
3730		437.214		-662.331
3731		744.761		-353.663
3732		856.855		70.7379
3733		738.954		498.063
3734		417.708		811.501
3735		-24.3288		921.855
3736		-469.579		792.557
3737		-796.462		450.815
3738		-912.018		-18.4662
3739		-777.096		-494.392
3740		-417.292		-851.408
3741		83.0707		-991.739
3742		601.954		-870.458
3743		1009.83		-507.042
3744		1201.35		18.9498
3745		1120.96		586.518
3746		776.582		1061.41
3747		238.813		1327.27
3748		-374.155		1312.99
3749		-922.464		1010.2
3750		-1276.03		477.194
3751		-1344.78		-172.093
3752		-1101.07		-792.151
3753		-588.656		-1238.37
3754		84.4471		-1400.86
3755		768.748		-1231.72
3756		1306.98		-758.739
3757		1571.15		-81.475
3758		1493.83		650.302
3759		1085.67		1270.99
3760		434.319		1638.18
3761		-315.421		1666.7
3762		-995.346		1349.01
3763		-1453.28		757.056
3764		-1588.51		25.2093
3765		-1374.7		-681.405
3766		-865.154		-1205.28
3767		-179.588		-1432.56
3768		524.181		-1318.47
3769		1086.79		-896.589
3770		1383.76		-270.15
3771		1353.62		412.45
3772		1011.45		992.311
3773		444.693		1337.02
3774		-207.809		1371.54
3775		-789.062		1095.6
3776		-1161.64		583.433
3777		-1240.9		-34.6761
3778		-1015.44		-604.638
3779		-549.47		-986.921
3780		33.9183		-1091.35
3781		584.322		-899.401
3782		962.565		-468.119
3783		1076.12		85.3868
3784		902.252		614.8
3785		492.848		982.668
3786		-39.9688		1095.72
3787		-553.61		928.337
3788		-912.18		528.309
3789		-1021.43		3.76582
3790		-852.678		-505.149
3791		-449.874		-862.447
3792		81.815		-971.178
3793		602.802		-798.337
3794		974.592		-383.66
3795		1095.16		169.876
3796		925.41		721.583
3797		500.012		1128.38
3798		-80.2763		1281.18
3799		-673.168		1133.16
3800		-1130.3		712.599
3801		-1334.68		116.85
3802		-1230.67		-511.415
3803		-838.5		-1019.63
3804		-249.783		-1283.49
3805		395.158		-1238.03
3806		942.082		-893.642
3807		1260.9		-333.247
3808		1277.31		308.627
3809		990.259		879.117
3810		471.178		1244.21
3811		-154.345		1320.61
3812		-737.501		1094.78
3813		-1142.09		624.795
3814		-1276.59		25.299
3815		-1114.99		-560.79
3816		-701.782		-996.673
3817		-140.075		-1184.12
3818		434.066		-1086.27
3819		884.957		-735.473
3820		1110.24		-224.198
3821		1065.38		318.715
3822		773.569		760.685
3823		318.517		998.674
3824		-178.161		984.586
3825		-588.997		736.161
3826		-813.74		330.552
3827		-804.603		-117.57
3828		-577.053		-487.273
3829		-203.535		-683.393
3830		207.686		-660.689
3831		542.386		-433.916
3832		710.62		-71.7483
3833		669.364		323.106
3834		432.089		641.672
3835		63.5941		796.856
3836		-337.738		744.951
3837		-665.199		495.705
3838		-830.182		109.253
3839		-783.695		-318.72
3840		-528.416		-679.833
3841		-118.916		-878.74
3842		349.926		-856.249
3843		764.047		-604.851
3844		1016.66		-173.003
3845		1034.5		343.446
3846		797.815		821.715
3847		348.804		1140.61
3848		-214.688		1210.85
3849		-760.019		999.716
3850		-1151.11		543.05
3851		-1282.94		-59.6833
3852		-1110.18		-667.281
3853		-661.788		-1130.94
3854		-36.727		-1332.09
3855		618.905		-1213.79
3856		1147.87		-796.914
3857		1421.47		-176.326
3858		1372.37		502.197
3859		1011.71		1078.31
3860		426.075		1417.03
3861		-244.505		1441.84
3862		-841.672		1152.55
3863		-1227.55		623.926
3864		-1317.58		-14.0345
3865		-1099.44		-608.688
3866		-634.089		-1021.76
3867		-39.2706		-1161.83
3868		539.978		-1004.84
3869		966.524		-598.001
3870		1143.64		-46.7946
3871		1037.23		511.653
3872		682.717		942.362
3873		174.966		1145.3
3874		-356.173		1079.28
3875		-778.777		771.048
3876		-991.983		307.284
3877		-950.926		-188.564
3878		-677.045		-588.605
3879		-251.086		-793.565
3880		209.265		-757.861
3881		580.994		-500.095
3882		768.043		-96.4255
3883		725.614		341.027
3884		470.243		694.534
3885		73.5024		871.487
3886		-358.313		827.403
3887		-712.53		575.609
3888		-898.765		181.835
3889		-870.671		-253.993
3890		-635.836		-623.474
3891		-252.215		-836.274
3892		187.203		-841.18
3893		577.231		-637.165
3894		825.281		-272.549
3895		872.562		167.005
3896		707.184		578.605
3897		366.569		865.801
3898		-71.2207		960.635
3899		-505.291		839.248
3900		-834.987		527.542
3901		-983.081		95.5054
3902		-913.76		-358.702
3903		-641.141		-731.351
3904		-226.147		-937.21
3905		237.624		-929.354
3906		645.721		-709.946
3907		907.113		-329.426
3908		965.099		125.619
3909		809.922		552.875
3910		480.285		858.035
3911		53.6502		976.274
3912		-372.195		886.545
3913		-701.905		615.603
3914		-864.445		231.032
3915		-829.138		-175.038
3916		-612.266		-507.785
3917		-272.668		-692.152
3918		102.818		-690.677
3919		420.81		-512.337
3920		604.698		-209.957
3921		613.984		133.531
3922		454.491		426.816
3923		176.394		594.41
3924		-139.768		596.76
3925		-405.508		440.571
3926		-549.049		176.19
3927		-535.123		-117.348
3928		-374.153		-355.322
3929		-118.15		-471.596
3930		155.279		-437.022
3931		365.87		-266.696
3932		453.663		-14.3084
3933		395.351		244.277
3934		209.671		432.995
3935		-49.0645		496.637
3936		-306.781		415.293
3937		-489.946		208.765
3938		-544.81		-69.4667
3939		-450.89		-346.484
3940		-225.835		-548.428
3941		78.925		-618.75
3942		390.392		-532.176
3943		631.238		-301.436
3944		738.335		24.6808
3945		678.587		371.756
3946		458.356		656.729
3947		123.87		807.922
3948		-248.227		783.51
3949		-568.628		583.604
3950		-757.532		252.281
3951		-765.596		-131.835
3952		-587.876		-474.659
3953		-266.437		-690.698
3954		119.635		-725.564
3955		474.434		-570.559
3956		710.172		-265.077
3957		769.897		113.895
3958		641.698		472.162
3959		360.726		722.745
3960		-1.09091		807.617
3961		-354.288		711.116
3962		-614.552		462.078
3963		-722.891		124.922
3964		-658.564		-217.276
3965		-442.278		-483.09
3966		-129.739		-611.522
3967		202.321		-575.265
3968		474.173		-386
3969		621.232		-91.0181
3970		608.624		237.843
3971		439.217		520.645
3972		153.355		687.8
3973		-179.931		696.644
3974		-478.69		542.325
3975		-667.565		260.141
3976		-696.597		-81.7967
3977		-554.627		-398.41
3978		-273.527		-608.538
3979		78.3737		-655.777
3980		412.57		-523.825
3981		642.53		-242.017
3982		706.13		120.832
3983		582.45		473.069
3984		298.319		723.272
3985		-77.3708		803.856
3986		-450.365		689.058
3987		-724.646		402.523
3988		-826.944		12.3513
3989		-725.879		-385.294
3990		-440.779		-690.026
3991		-37.764		-822.524
3992		386.06		-744.902
3993		726.479		-470.912
3994		898.155		-63.2635
3995		856.191		381.414
3996		607.725		756.306
3997		210.545		970.906
3998		-241.048		973.558
3999		-639.601		764.3
4000		-891.167		394.703
4001		-938.471		-45.2457
4002		-774.7		-449.818
4003		-444.455		-723.951
4004		-31.7547		-806.598
4005		361.686		-685.105
4006		642.185		-397.088
4007		747.18		-19.5479
4008		659.782		351.693
4009		411.269		626.711
4010		71.1761		743.838
4011		-272.045		683.897
4012		-534.42		472.867
4013		-657.569		172.702
4014		-622.028		-136.748
4015		-449.583		-379.445
4016		-194.583		-502.463
4017		72.7336		-487.782
4018		285.819		-353.898
4019		398.72		-147.592
4020		395.932		71.0296
4021		293.189		245.512
4022		129.961		337.213
4023		-43.3794		333.19
4024		-179.624		246.53
4025		-246.251		110.066
4026		-231.856		-33.9726
4027		-146.726		-145.271
4028		-18.3076		-194.95
4029		116.696		-171.499
4030		221.545		-82.3911
4031		268.103		48.4767
4032		243.339		186.778
4033		152.512		296.027
4034		18.2786		346.576
4035		-124.409		323.467
4036		-236.889		231.152
4037		-287.072		93.4594
4038		-258.833		-51.7986
4039		-157.654		-162.678
4040		-10.4267		-204.984
4041		141.128		-162.736
4042		251.9		-43.8604
4043		286.478		120.975
4044		229.898		286.379
4045		92.6789		404.871
4046		-91.482		440.387
4047		-274.7		378.647
4048		-407.879		231.414
4049		-453.939		33.5995
4050		-397.674		-165.761
4051		-249.833		-316.037
4052		-44.6415		-377.757
4053		168.354		-332.541
4054		336.086		-188.039
4055		414.761		23.1553
4056		380.888		250.427
4057		238.061		436.641
4058		17.7035		531.948
4059		-227.003		506.896
4060		-433.248		361.501
4061		-544.372		127.455
4062		-525.463		-137.991
4063		-374.365		-365.725
4064		-124.419		-492.914
4065		162.649		-480.693
4066		412.37		-326.118
4067		557.589		-64.4452
4068		557.189		239.381
4069		407.892		507.86
4070		145.586		671.776
4071		-164.167		688.749
4072		-443.587		554.255
4073		-622.998		302.346
4074		-658.441		-3.71039
4075		-542.12		-287.852
4076		-303.528		-480.168
4077		-1.54746		-533.626
4078		290.046		-434.849
4079		500.116		-206.856
4080		576.796		96.516
4081		499.684		403.155
4082		284.953		639.523
4083		-17.9647		748.21
4084		-337.754		702.174
4085		-598.413		512.029
4086		-738.307		224.063
4087		-726.155		-91.1313
4088		-569.395		-356.854
4089		-312.161		-510.534
4090		-23.0975		-520.253
4091		223.655		-392.623
4092		368.679		-169.67
4093		382.685		84.2125
4094		272.658		301.009
4095		77.3954		427.68

 
--------------------------------------


