Compute Correlation 
 
0		-145.966		-16.8864
1		-125.558		-32.5977
2		-101.807		-45.0596
3		-73.3979		-51.2109
4		-42.687		-46.9314
5		-15.4273		-30.3703
6		1.83874		-4.01996
7		5.12024		25.6913
8		-4.89249		51.0555
9		-23.1141		66.4975
10		-42.5988		70.8628
11		-57.9189		67.3562
12		-67.545		61.2141
13		-73.9553		56.4231
14		-81.4533		53.3021
15		-92.9012		48.277
16		-107.158		36.0115
17		-118.629		12.8107
18		-119.272		-20.4344
19		-102.146		-57.26
20		-64.9062		-87.1416
21		-11.6866		-98.8822
22		47.3796		-84.476
23		98.7136		-41.9764
24		128.878		23.5211
25		127.977		100.837
26		92.027		175.017
27		24.0247		230.235
28		-66.1509		252.743
29		-162.816		233.645
30		-246.578		171.371
31		-297.616		73.477
32		-300.113		-42.9975
33		-247.135		-153.501
34		-144.549		-230.75
35		-12.1789		-251.748
36		119.172		-205.286
37		214.908		-97.3004
38		246.44		48.3237
39		200.572		194.691
40		85.0895		301.7
41		-71.8656		337.885
42		-228.989		290.397
43		-343.564		169.625
44		-384.029		6.68738
45		-339.251		-155.478
46		-221.546		-274.552
47		-62.6562		-320.778
48		95.7636		-284.761
49		213.954		-179.067
50		264.549		-33.6219
51		238.934		113.201
52		148.191		224.965
53		18.973		276.191
54		-114.111		257.933
55		-217.453		178.978
56		-266.609		62.7654
57		-251.924		-58.9979
58		-180.469		-154.543
59		-73.8358		-200.179
60		37.7973		-186.416
61		124.013		-120.398
62		162.769		-23.7092
63		146.779		74.1143
64		85.5107		144.676
65		1.9071		169.616
66		-75.3803		146.325
67		-121.726		88.3591
68		-124.854		20.2445
69		-88.7114		-31.564
70		-31.4259		-48.2861
71		21.8917		-25.408
72		48.7454		26.1743
73		37.5879		84.7925
74		-8.22083		126.507
75		-72.1657		134.125
76		-131.121		103.32
77		-163.981		43.7501
78		-159.078		-24.9236
79		-117.789		-80.2648
80		-53.4257		-104.702
81		13.731		-90.9092
82		63.1259		-43.4128
83		79.9837		23.5502
84		59.0012		90.6945
85		5.05072		139.105
86		-68.7073		154.868
87		-144.342		132.009
88		-203.278		73.4902
89		-230.238		-9.54745
90		-216.479		-100.023
91		-161.894		-178.305
92		-75.542		-226.341
93		25.7556		-231.859
94		120.788		-191.667
95		188.778		-113.038
96		214.515		-12.5019
97		192.343		87.9003
98		127.738		165.969
99		35.9403		204.767
100		-61.9057		196.532
101		-143.862		144.052
102		-192.019		59.4163
103		-195.825		-39.1205
104		-153.486		-130.987
105		-71.6883		-196.888
106		35.7093		-221.675
107		149.528		-196.575
108		247.625		-121.018
109		308.053		-3.96117
110		313.216		135.87
111		254.625		271.777
112		137.007		373.588
113		-20.0042		414.572
114		-184.151		379.282
115		-317.229		269.783
116		-384.928		107.714
117		-367.068		-69.3888
118		-264.798		-217.167
119		-101.986		-296.523
120		80.1802		-285.021
121		234.062		-183.871
122		318.644		-18.1547
123		310.808		169.858
124		211.409		332.177
125		44.5815		427.816
126		-149.174		433.086
127		-323.758		346.813
128		-438.917		189.566
129		-469.428		-2.30531
130		-410.091		-185.825
131		-275.879		-321.341
132		-97.7214		-381.075
133		84.8484		-354.702
134		232.556		-251.04
135		314.999		-95.6533
136		317.267		75.1678
137		243.099		222.87
138		113.687		315.71
139		-37.8045		336.222
140		-174.755		285.074
141		-266.403		180.118
142		-295.325		50.8612
143		-260.892		-69.9861
144		-177.82		-155.248
145		-70.5459		-189.617
146		34.4303		-171.84
147		115.59		-112.569
148		160.655		-29.239
149		167.215		59.775
150		140.351		139.606
151		88.928		200.768
152		22.3946		238.626
153		-50.7863		251.632
154		-123.035		239.792
155		-186.794		204.324
156		-234.104		148.504
157		-257.427		78.8715
158		-251.641		5.64996
159		-216.343		-58.3701
160		-157.3		-100.463
161		-86.1587		-111.289
162		-18.2785		-87.7084
163		30.6968		-34.097
164		48.4815		38.2612
165		29.0049		113.425
166		-26.1129		174.021
167		-107.596		204.695
168		-199.897		195.246
169		-283.711		143.078
170		-339.459		54.6237
171		-351.463		-54.7036
172		-312.217		-162.563
173		-225.682		-243.963
174		-108.267		-277.312
175		13.5784		-250.862
176		109.295		-167.494
177		152.469		-45.813
178		129.001		83.5598
179		42.3273		185.941
180		-86.4634		232.555
181		-224.121		209.232
182		-334.749		120.801
183		-390.211		-10.4661
184		-377.906		-151.777
185		-303.385		-269.634
186		-187.273		-339.069
187		-58.0564		-349.332
188		56.3781		-304.608
189		135.494		-220.369
190		169.321		-117.435
191		158.003		-16.2484
192		108.976		66.8503
193		33.6495		120.894
194		-54.9931		139.894
195		-143.497		122.098
196		-218.383		69.8602
197		-266.982		-9.80779
198		-279.314		-104.805
199		-250.76		-198.726
200		-184.461		-273.491
201		-92.056		-313.478
202		8.09233		-309.884
203		95.056		-263.669
204		150.662		-185.828
205		164.229		-94.7181
206		135.159		-11.3216
207		72.6828		46.021
208		-6.94092		65.791
209		-84.6468		45.3725
210		-142.905		-9.1474
211		-169.157		-84.9552
212		-157.882		-165.483
213		-111.277		-233.703
214		-38.6967		-275.325
215		45.0577		-281.619
216		122.578		-251.499
217		177.639		-192.283
218		199.313		-118.532
219		185.339		-48.716
220		143.413		-0.183426
221		89.5076		16.2132
222		43.2307		-0.0126343
223		21.4441		-38.2749
224		32.2848		-80.0522
225		71.8646		-105.113
226		125.122		-98.7586
227		170.793		-57.4533
228		188.873		9.36311
229		167.899		82.083
230		109.399		137.462
231		27.8554		156.573
232		-53.7967		131.372
233		-111.55		67.6262
234		-128.032		-16.6978
235		-98.0177		-96.9372
236		-30.0848		-149.217
237		55.9165		-157.547
238		134.621		-118.458
239		182.343		-41.9986
240		183.676		51.0163
241		135.789		134.62
242		49.3742		184.667
243		-53.956		185.38
244		-147.2		133.822
245		-205.089		41.0949
246		-211.018		-70.207
247		-161.885		-171.786
248		-69.3841		-237.282
249		42.8413		-249.671
250		145.592		-206.247
251		212.291		-119.57
252		226.531		-13.9614
253		186.667		81.484
254		106.026		141.219
255		8.72964		150.34
256		-77.4501		108.312
257		-128.891		28.3888
258		-132.195		-66.8018
259		-86.9282		-151.837
260		-4.64149		-205.119
261		95.0197		-213.704
262		189.605		-175.377
263		258.958		-98.0016
264		288.996		3.09912
265		273.746		108.699
266		215.734		199.312
267		125.108		258.41
268		17.8345		275.013
269		-86.8275		245.533
270		-169.45		174.676
271		-213.877		75.1248
272		-210.492		-34.2361
273		-158.626		-131.514
274		-67.4099		-195.977
275		45.3486		-212.414
276		156.22		-174.702
277		240.65		-87.751
278		278.016		32.7321
279		256.258		162.727
280		175.109		274.301
281		47.1816		341.227
282		-103.552		344.835
283		-245.923		278.911
284		-347.899		152.426
285		-383.985		-10.9362
286		-342.028		-176.921
287		-227.552		-308.078
288		-63.9929		-372.894
289		111.834		-354.35
290		258.365		-255.364
291		339.942		-99.1622
292		336.502		75.9913
293		249.361		226.521
294		101.188		315.047
295		-69.9908		320.31
296		-221.019		242.58
297		-315.051		103.041
298		-330.876		-62.4981
299		-267.589		-213.497
300		-143.626		-315.228
301		9.14783		-347.048
302		154.282		-306.43
303		259.964		-208.134
304		306.292		-79.2358
305		289.043		48.3802
306		219.398		146.038
307		120.018		194.921
308		18.6392		189.91
309		-59.2175		139.86
310		-96.6329		64.3427
311		-89.1646		-12.2831
312		-45.1828		-67.8814
313		17.4502		-88.6611
314		77.386		-72.5763
315		116.595		-28.9375
316		125.737		25.6082
317		106.279		73.2901
318		68.711		101.349
319		27.6681		105.84
320		-4.02554		91.778
321		-19.9816		69.781
322		-21.7537		50.8202
323		-16.8122		41.4061
324		-14.1211		41.2685
325		-19.4546		44.3879
326		-32.608		42.695
327		-47.6996		30.5679
328		-56.2819		7.97273
329		-51.6937		-19.1917
330		-32.5759		-41.6328
331		-3.93425		-50.8497
332		24.6781		-43.0305
333		42.9908		-20.952
334		44.1591		6.86435
335		27.5118		29.2702
336		-1.08756		36.5267
337		-31.2112		23.6886
338		-51.2477		-7.77922
339		-51.9305		-50.4602
340		-28.9451		-93.0907
341		15.9178		-123.495
342		75.0901		-131.551
343		136.763		-111.643
344		187.299		-64.2373
345		214.202		3.64548
346		209.213		79.3357
347		170.91		146.93
348		105.964		191.001
349		28.3098		200.828
350		-44.0034		173.878
351		-93.6696		117.175
352		-109.224		45.7285
353		-88.5574		-21.7715
354		-39.4098		-68.6187
355		23.486		-85.0531
356		83.5584		-70.6135
357		127.792		-33.01
358		150.187		15.8535
359		151.983		64.8346
360		138.884		107.226
361		116.882		141.581
362		88.9413		169.589
363		54.2625		192.414
364		10.4542		207.7
365		-42.636		209.12
366		-99.6696		189.011
367		-149.22		142.983
368		-176.668		74.2006
369		-169.68		-5.01862
370		-123.989		-75.534
371		-46.8259		-117.138
372		43.7745		-115.615
373		123.85		-68.2983
374		170.899		14.1459
375		171.063		110.484
376		123.514		195.232
377		40.603		246.234
378		-56.0572		250.929
379		-142.019		209.391
380		-196.728		133.552
381		-208.573		43.2828
382		-177.116		-39.1756
383		-112.358		-94.7786
384		-31.6398		-111.946
385		44.8175		-88.8033
386		98.7345		-33.1729
387		118.014		39.5439
388		99.5975		110.199
389		50.2438		160.735
390		-15.1535		178.989
391		-77.5897		162.187
392		-119.44		117.938
393		-129.886		62.093
394		-108.489		13.8358
395		-65.4838		-10.603
396		-18.4496		-3.49141
397		13.7078		31.6244
398		17.4013		81.058
399		-10.7648		125.762
400		-62.7214		148.078
401		-121.756		138.015
402		-168.395		96.7661
403		-187.191		36.2588
404		-171.976		-25.0193
405		-127.818		-68.3094
406		-69.1729		-80.7493
407		-15.0658		-59.3813
408		16.9355		-11.8628
409		16.0076		46.0793
410		-18.8926		95.4194
411		-78.8929		119.282
412		-147.749		107.551
413		-206.201		59.5416
414		-236.961		-15.7724
415		-229.155		-101.911
416		-181.22		-178.872
417		-101.578		-228.067
418		-6.85857		-237.062
419		82.0457		-202.972
420		145.213		-133.521
421		168.91		-45.3287
422		149.315		40.299
423		93.6147		102.98
424		18.0296		128.686
425		-56.6925		113.373
426		-110.959		63.713
427		-131.457		-5.19537
428		-114.22		-74.3227
429		-64.8789		-125.897
430		3.68156		-147.704
431		75.2385		-135.374
432		134.367		-92.3595
433		169.63		-28.0706
434		175.221		44.9049
435		151.124		113.549
436		102.263		166.546
437		37.2181		195.664
438		-33.1335		196.585
439		-96.9971		169.412
440		-143.211		118.924
441		-163.067		54.3668
442		-152.253		-11.5588
443		-112.443		-64.7104
444		-51.9173		-92.4105
445		15.3498		-86.6799
446		72.2849		-46.9212
447		102.637		18.8751
448		95.3334		95.0603
449		48.0867		161.498
450		-30.9113		198.417
451		-123.966		191.813
452		-207.621		137.917
453		-258.449		45.3488
454		-259.5		-65.9664
455		-205.61		-169.192
456		-105.893		-237.381
457		17.6039		-250.943
458		135.096		-203.641
459		216.869		-105.17
460		241.589		20.6965
461		202.628		142.161
462		110.387		228.045
463		-10.2461		256.525
464		-126.678		221.324
465		-207.662		133.489
466		-231.918		18.2013
467		-193.813		-92.3452
468		-104.515		-167.847
469		11.5189		-187.947
470		123.48		-147.239
471		202.483		-56.0419
472		228.85		62.9605
473		196.614		181.027
474		114.311		270.791
475		2.15509		312.911
476		-113.459		300.403
477		-206.7		239.781
478		-258.64		148.861
479		-261.703		51.8463
480		-221.149		-27.0915
481		-153.211		-70.128
482		-80.3067		-70.3183
483		-24.5909		-33.0603
484		-1.68166		26.0039
485		-16.4484		86.0754
486		-62.1921		127.713
487		-123.476		138.673
488		-181.616		117.163
489		-220.9		71.4692
490		-233.351		16.2504
491		-220.454		-33.0073
492		-191.44		-65.2668
493		-159.058		-77.0582
494		-134.639		-72.5211
495		-124.361		-60.7241
496		-127.942		-51.6318
497		-139.87		-52.4374
498		-152.258		-65.5693
499		-157.932		-88.7769
500		-152.541		-116.775
501		-135.188		-143.413
502		-107.837		-163.405
503		-74.2012		-173.174
504		-38.7959		-170.96
505		-6.40376		-156.704
506		18.2568		-132.092
507		31.0844		-100.776
508		29.5943		-68.3711
509		14.1333		-41.7388
510		-11.326		-27.3576
511		-39.5031		-29.1758
512		-61.5244		-46.7949
513		-69.6436		-74.9248
514		-59.9774		-104.609
515		-34.0987		-125.952
516		1.26173		-131.358
517		36.3644		-118.016
518		61.6105		-88.6608
519		70.4391		-50.4014
520		60.9103		-12.2539
521		35.5821		17.5294
522		0.079422		33.311
523		-38.756		32.6556
524		-74.2884		15.9113
525		-100.73		-14.5182
526		-113.279		-54.5775
527		-108.371		-98.4973
528		-84.5267		-138.72
529		-43.7025		-166.539
530		7.60254		-173.933
531		58.4885		-156.354
532		95.7399		-115.453
533		107.673		-60.3206
534		88.5635		-6.15553
535		41.8661		29.7782
536		-19.401		33.7941
537		-75.7633		1.03049
538		-107.164		-61.8239
539		-99.662		-137.638
540		-50.5364		-203.689
541		30.1529		-238.706
542		122.216		-229.704
543		201.349		-176.244
544		246.471		-90.7059
545		245.978		5.41893
546		200.957		87.89
547		124.556		136.639
548		37.9492		141.166
549		-35.6884		102.983
550		-77.3664		34.6956
551		-76.9865		-43.7359
552		-35.514		-110.364
553		35.7049		-146.796
554		118.106		-142.601
555		190.674		-97.616
556		235.139		-21.714
557		240.39		67.852
558		205.047		150.87
559		137.558		209.256
560		53.7988		231.522
561		-27.2056		215.433
562		-88.261		168.156
563		-118.305		103.905
564		-114.841		39.8051
565		-83.9102		-8.75434
566		-37.7543		-31.9439
567		8.97215		-27.468
568		43.2407		-0.317657
569		56.7825		39.3779
570		47.577		79.5643
571		19.5322		109.527
572		-19.2792		122.349
573		-59.1484		116.065
574		-91.2774		93.4559
575		-109.739		60.7373
576		-112.485		25.6259
577		-101.297		-4.69794
578		-80.8215		-25.2403
579		-56.9924		-34.095
580		-35.3192		-32.4216
581		-19.5109		-23.5743
582		-10.8332		-11.7078
583		-8.3479		-0.361874
584		-9.86025		8.47153
585		-13.1288		14.4907
586		-16.7892		18.475
587		-20.5934		21.3113
588		-24.9193		23.2098
589		-29.8972		23.5594
590		-34.7241		21.5136
591		-37.6603		16.9655
592		-36.8328		11.2945
593		-31.4903		7.31937
594		-23.013		8.27809
595		-15.0004		16.2009
596		-12.1578		30.4578
597		-18.3168		47.3114
598		-34.4403		60.9075
599		-57.6055		65.4674
600		-81.6087		57.8145
601		-99.1264		39.0964
602		-104.633		14.8279
603		-96.8519		-6.92896
604		-79.6472		-18.6118
605		-60.871		-16.2226
606		-49.549		-1.1518
607		-52.4701		20.0137
608		-71.4997		37.6627
609		-102.637		42.501
610		-137.142		28.8319
611		-164.3		-3.37938
612		-174.815		-48.3132
613		-163.73		-95.9533
614		-131.98		-134.988
615		-86.2118		-156.036
616		-37.0192		-154.29
617		3.88533		-130.901
618		26.8024		-92.8035
619		26.7138		-51.0135
620		4.81746		-17.7962
621		-31.5246		-3.34988
622		-70.5352		-12.8491
623		-99.1416		-44.6998
624		-106.697		-90.6398
625		-88.2295		-137.837
626		-46.1544		-172.505
627		10.2215		-183.977
628		67.3636		-167.934
629		111.534		-127.673
630		132.84		-72.9569
631		127.945		-16.8809
632		100.572		28.1351
633		59.7653		53.8027
634		16.7216		57.766
635		-18.5886		43.3405
636		-39.8294		17.6113
637		-45.1337		-11.1608
638		-36.4639		-35.7912
639		-18.1416		-51.4409
640		4.66191		-55.8322
641		26.9496		-48.8157
642		44.3542		-31.8267
643		53.3139		-7.5675
644		51.3294		20.1136
645		37.4521		46.4437
646		12.8204		66.3431
647		-19.1514		75.4714
648		-53.2532		71.3902
649		-83.6389		54.3343
650		-105.288		27.1912
651		-115.195		-5.35803
652		-112.81		-38.1659
653		-99.6587		-66.8282
654		-78.4492		-88.2988
655		-52.2431		-100.813
656		-24.1078		-103.444
657		2.70448		-95.8316
658		24.4432		-78.4352
659		36.9782		-53.2731
660		36.7096		-24.6039
661		22.1138		1.13382
662		-4.75536		16.57
663		-37.7141		15.6742
664		-67.4752		-3.75621
665		-84.2035		-38.5084
666		-80.7841		-80.168
667		-55.5289		-117.317
668		-13.1583		-139.039
669		36.4383		-138.426
670		81.2441		-114.757
671		110.805		-73.5488
672		119.194		-24.5614
673		106.267		21.3521
674		76.9821		55.3257
675		39.338		72.4672
676		1.8772		72.3365
677		-28.3449		58.1562
678		-46.8887		35.3924
679		-52.2064		10.3276
680		-45.419		-11.0554
681		-29.9101		-23.9097
682		-10.806		-25.26
683		5.81269		-14.6871
684		14.1266		5.25193
685		10.1109		29.2553
686		-7.07237		50.432
687		-34.4722		62.2487
688		-66.0137		60.6579
689		-94.3932		45.5344
690		-113.559		20.7106
691		-120.756		-7.52171
692		-117.234		-32.8626
693		-107.277		-51.3353
694		-96.0381		-62.4518
695		-87.2072		-68.72
696		-81.6387		-73.8148
697		-77.5544		-80.4011
698		-72.1162		-88.7387
699		-63.4599		-96.7723
700		-52.0568		-101.594
701		-40.6528		-101.437
702		-32.8137		-97.0655
703		-30.866		-91.7811
704		-34.3551		-89.9719
705		-39.8722		-94.955
706		-42.3833		-107.208
707		-37.4159		-123.899
708		-23.0283		-139.94
709		-0.631882		-150.027
710		25.6551		-150.673
711		50.7051		-141.301
712		70.2424		-124.032
713		82.0112		-102.464
714		85.8626		-80.2021
715		82.9967		-59.8875
716		74.9953		-43.0643
717		63.2754		-30.6574
718		49.1899		-23.4937
719		34.5071		-22.3549
720		21.7065		-27.4452
721		13.6391		-37.6436
722		12.5383		-50.1549
723		18.8577		-61.0109
724		30.6452		-66.3841
725		43.9588		-64.1444
726		54.2865		-54.8531
727		58.3575		-41.5964
728		55.4487		-28.6529
729		47.505		-19.6105
730		37.99		-15.8797
731		30.0603		-16.3612
732		25.0267		-18.4262
733		21.9205		-19.6562
734		18.3847		-19.3796
735		12.3869		-19.144
736		3.79138		-21.8415
737		-5.10606		-29.9483
738		-10.425		-43.8278
739		-8.52854		-61.0344
740		2.09872		-77.0332
741		19.8899		-87.0105
742		40.6428		-87.8931
743		59.1488		-79.5998
744		71.2016		-64.9721
745		75.0453		-48.4999
746		71.6751		-34.5355
747		64.0167		-25.8498
748		55.5516		-23.1008
749		49.1223		-25.2304
750		46.4024		-30.3339
751		48.0361		-36.405
752		54.0449		-41.5971
753		64.0244		-44.0867
754		76.9213		-41.9508
755		90.6155		-33.4747
756		101.811		-17.9669
757		106.666		3.30719
758		102.164		26.7338
759		87.68		47.0259
760		65.9053		58.9708
761		42.4255		59.6101
762		23.8651		49.8239
763		15.2551		34.4189
764		17.7871		20.4557
765		28.0671		14.4047
766		39.3553		19.3601
767		44.3506		33.6007
768		38.3199		51.2236
769		21.1616		64.6218
770		-2.53738		67.7173
771		-25.475		58.5057
772		-40.7275		39.7946
773		-44.5713		17.8701
774		-37.8179		-0.234455
775		-25.1735		-9.60808
776		-13.0471		-9.23208
777		-6.87175		-2.00737
778		-9.10741		6.78352
779		-18.6525		11.7505
780		-31.6916		9.37981
781		-43.3899		-0.995594
782		-49.6161		-17.399
783		-48.0559		-36.2229
784		-38.5065		-53.459
785		-22.5553		-65.6717
786		-3.00797		-70.5503
787		16.6631		-67.1581
788		32.8133		-56.0699
789		42.1968		-39.4581
790		42.7095		-20.978
791		34.1894		-5.21449
792		18.9279		3.4071
793		1.48404		2.03711
794		-12.3952		-9.37092
795		-17.539		-27.6183
796		-11.1952		-46.9685
797		5.80925		-60.891
798		29.1388		-64.2424
799		52.308		-55.034
800		68.8247		-35.0779
801		74.2762		-9.26659
802		67.5581		16.1738
803		50.8472		35.7102
804		28.4731		46.0102
805		5.28819		46.4416
806		-14.7517		38.5751
807		-29.297		25.1196
808		-37.5345		8.88464
809		-39.6419		-7.80048
810		-36.2319		-23.1254
811		-28.1254		-35.5367
812		-16.4972		-43.55
813		-3.162		-45.8966
814		9.34248		-41.9968
815		18.0964		-32.5032
816		20.5314		-19.5638
817		15.2845		-6.5738
818		2.8093		2.57476
819		-14.5233		4.50056
820		-32.8818		-2.74732
821		-47.8279		-19.1404
822		-55.2964		-42.6084
823		-52.457		-69.4103
824		-38.3198		-94.8028
825		-14.0383		-113.876
826		17.109		-122.474
827		50.1048		-118.109
828		79.0031		-100.748
829		98.1473		-73.2053
830		103.611		-40.9002
831		94.4776		-10.8215
832		73.4718		10.1845
833		46.5791		17.3703
834		21.5752		9.64594
835		5.82722		-9.87178
836		4.06128		-34.6264
837		16.876		-56.5419
838		40.5599		-68.4777
839		68.2978		-66.3772
840		92.3417		-50.3748
841		106.375		-24.5211
842		107.268		4.7025
843		95.6865		30.4901
844		75.4886		47.69
845		52.2319		54.0415
846		31.3998		50.3904
847		16.9205		39.9825
848		10.3634		27.2037
849		10.9124		16.2245
850		15.9742		9.93209
851		22.1471		9.36975
852		26.2489		13.7309
853		26.1525		20.8293
854		21.2497		27.8781
855		12.4542		32.3628
856		1.75864		32.7662
857		-8.51822		28.9282
858		-16.5447		21.9196
859		-21.5534		13.4663
860		-23.9453		5.1481
861		-24.8663		-2.28705
862		-25.4341		-9.17116
863		-25.9783		-16.5817
864		-25.6879		-25.5563
865		-22.8891		-36.2274
866		-15.881		-47.3272
867		-3.96161		-56.3738
868		11.8562		-60.5296
869		28.8333		-57.7961
870		43.2791		-48.0072
871		51.8252		-33.1501
872		52.6666		-16.8311
873		46.2351		-3.08934
874		35.0311		4.95115
875		22.7075		6.03771
876		12.8197		1.00686
877		7.76177		-7.7454
878		8.26818		-17.2291
879		13.5637		-24.8155
880		21.9518		-28.8225
881		31.493		-28.6168
882		40.4733		-24.3637
883		47.564		-16.6847
884		51.7685		-6.4365
885		52.3473		5.33378
886		48.856		17.3583
887		41.2914		28.1953
888		30.2164		36.4294
889		16.7282		40.9645
890		2.22682		41.2496
891		-11.9052		37.3033
892		-24.5318		29.528
893		-34.77		18.462
894		-41.8079		4.67241
895		-44.7265		-11.0934
896		-42.5676		-27.5817
897		-34.7552		-42.7994
898		-21.731		-54.1764
899		-5.44017		-59.254
900		10.7323		-56.715
901		22.7741		-47.2949
902		27.4175		-34.0397
903		23.5321		-21.6044
904		12.8682		-14.722
905		-0.302948		-16.4161
906		-10.632		-26.7382
907		-13.6725		-42.6394
908		-7.55844		-59.1011
909		6.36231		-71.0675
910		24.2189		-75.3389
911		41.2995		-71.6
912		53.937		-62.1696
913		60.7447		-50.6743
914		62.6998		-40.3412
915		62.1561		-32.746
916		61.3901		-27.5652
917		61.4685		-23.3251
918		61.9872		-18.6331
919		61.7271		-13.1499
920		59.7575		-7.76716
921		56.292		-3.92869
922		52.7694		-2.53674
923		51.0934		-3.1206
924		52.4584		-3.79576
925		56.4417		-2.09656
926		60.9105		3.73899
927		62.8544		13.7146
928		59.7493		25.836
929		50.767		36.8414
930		37.2193		43.5553
931		22.0198		44.1966
932		8.453		39.0135
933		-1.12407		29.9787
934		-6.02603		19.7678
935		-7.13306		10.5844
936		-6.09507		3.42784
937		-4.3539		-1.89953
938		-2.52525		-6.16514
939		-0.430252		-9.9175
940		2.34122		-13.0316
941		5.75588		-14.8467
942		9.01636		-14.7739
943		10.8244		-12.9596
944		10.0911		-10.554
945		6.67252		-9.36928
946		1.67761		-11.0747
947		-2.87085		-16.3596
948		-4.87518		-24.5289
949		-3.07027		-33.7656
950		2.4758		-41.9291
951		10.5222		-47.4654
952		19.3646		-49.9508
953		27.688		-50.0026
954		35.0867		-48.6465
955		41.9764		-46.5336
956		48.9756		-43.4769
957		56.1374		-38.5914
958		62.5067		-30.974
959		66.3009		-20.5488
960		65.6794		-8.58953
961		59.7311		2.41189
962		49.1891		9.53467
963		36.4906		10.5465
964		25.1164		4.85593
965		18.4712		-6.11622
966		18.7605		-19.2935
967		26.2901		-30.8613
968		39.4008		-37.3744
969		54.9846		-36.6659
970		69.3271		-28.3156
971		78.9832		-13.6412
972		81.4733		4.66549
973		75.7242		23.0978
974		62.2656		37.9701
975		43.2022		46.0815
976		21.94		45.3706
977		2.62103		35.4659
978		-10.7168		17.9698
979		-15.1198		-3.70522
980		-9.56107		-25.0261
981		4.66286		-41.4423
982		24.192		-49.5943
983		44.4969		-48.2195
984		61.1324		-38.4286
985		70.9214		-23.256
986		72.6665		-6.66935
987		67.1922		7.57524
988		56.7971		16.8237
989		44.4174		19.9099
990		32.8583		17.0395
991		24.334		9.3794
992		20.3411		-1.36514
993		21.7112		-13.2083
994		28.6311		-23.9747
995		40.5238		-31.3826
996		55.8538		-33.3014
997		72.0644		-28.2463
998		85.8581		-15.9798
999		93.8886		2.05511
1000		93.7107		22.7582
1001		84.652		41.9783
1002		68.241		55.5867
1003		47.9594		60.6726
1004		28.35		56.4431
1005		13.7555		44.4947
1006		7.10918		28.3621
1007		9.16421		12.5044
1008		18.3733		1.06844
1009		31.4108		-3.1932
1010		44.1295		0.437862
1011		52.6609		10.568
1012		54.3758		24.1383
1013		48.498		37.2465
1014		36.2595		46.1411
1015		20.5759		48.1716
1016		5.29993		42.4829
1017		-5.79163		30.2705
1018		-10.0447		14.4911
1019		-6.70808		-0.95285
1020		2.81866		-12.3617
1021		15.411		-17.3793
1022		27.2327		-15.7337
1023		35.0202		-9.28522
1024		37.1856		-1.31918
1025		34.3115		4.67941
1026		28.8366		6.31576
1027		24.04		3.13784
1028		22.7285		-3.28404
1029		26.1496		-10.0722
1030		33.5632		-14.2475
1031		42.6201		-13.9249
1032		50.3625		-9.02077
1033		54.4168		-1.21318
1034		53.8941		6.78312
1035		49.6695		12.3004
1036		43.9803		13.7156
1037		39.5559		11.0005
1038		38.6364		5.6714
1039		42.2342		0.223824
1040		49.8471		-2.69627
1041		59.6484		-1.09425
1042		69.0288		5.82283
1043		75.2943		17.4501
1044		76.3357		31.9362
1045		71.1337		46.6053
1046		60.0195		58.5444
1047		44.652		65.2465
1048		27.7105		65.1849
1049		12.3467		58.1995
1050		1.50462		45.5898
1051		-2.7389		29.8744
1052		0.355125		14.2603
1053		10.0281		1.95942
1054		24.1989		-4.47284
1055		39.9003		-3.62019
1056		53.8427		4.56413
1057		62.9751		18.7677
1058		64.9753		36.5077
1059		58.6562		54.4465
1060		44.2939		68.8358
1061		23.8279		76.1218
1062		0.818336		73.711
1063		-19.9965		60.7835
1064		-33.6113		38.9042
1065		-36.0301		12.1209
1066		-25.5757		-13.6814
1067		-3.75791		-32.1613
1068		24.7231		-38.3108
1069		53.0148		-30.0804
1070		73.9687		-9.22977
1071		82.2482		18.9915
1072		75.9548		47.3027
1073		57.1893		68.5302
1074		31.3453		77.6901
1075		5.40686		73.3103
1076		-14.1221		57.595
1077		-22.9449		35.4846
1078		-19.8516		13.0538
1079		-6.61944		-4.14835
1080		12.826		-12.3139
1081		33.5653		-9.9285
1082		50.7627		2.26288
1083		60.4767		21.6406
1084		60.2113		44.2333
1085		49.3081		65.3136
1086		29.2095		80.1269
1087		3.47381		84.8108
1088		-22.663		77.4155
1089		-43.3122		58.7261
1090		-53.433		32.4864
1091		-50.3954		4.72415
1092		-35.0228		-17.7988
1093		-11.6072		-29.5912
1094		13.2545		-28.1901
1095		32.6803		-14.9825
1096		41.6619		5.27472
1097		38.5598		26.0843
1098		25.3799		41.3606
1099		6.78636		47.2801
1100		-11.6831		43.1605
1101		-25.4449		31.146
1102		-32.0413		14.9903
1103		-31.3292		-1.43906
1104		-24.8219		-15.2895
1105		-14.6704		-25.1237
1106		-2.82788		-30.6428
1107		9.27472		-32.1002
1108		20.5692		-29.8496
1109		30.0151		-24.2864
1110		36.4602		-16.1268
1111		38.8877		-6.72209
1112		36.9502		1.93577
1113		31.4517		7.67651
1114		24.4202		8.94305
1115		18.5977		5.53487
1116		16.4934		-1.10204
1117		19.3968		-8.25645
1118		26.8056		-12.8963
1119		36.5467		-12.7934
1120		45.5572		-7.35339
1121		50.9961		2.19058
1122		51.229		13.2709
1123		46.313		22.9263
1124		37.8506		28.7939
1125		28.3481		29.7881
1126		20.3768		26.288
1127		15.8429		19.8641
1128		15.5561		12.7322
1129		19.1297		7.13577
1130		25.1482		4.80726
1131		31.5187		6.56468
1132		35.9542		12.0739
1133		36.5549		19.8221
1134		32.4091		27.3787
1135		24.0564		31.9899
1136		13.5943		31.4378
1137		4.25348		24.9324
1138		-0.555756		13.6841
1139		1.52011		0.830719
1140		10.7084		-9.4039
1141		24.6863		-13.1281
1142		39.0903		-8.28531
1143		48.8831		4.35553
1144		50.1257		21.187
1145		41.4868		36.8192
1146		24.882		45.861
1147		4.95919		44.7767
1148		-12.396		33.1154
1149		-21.9795		13.6641
1150		-20.9044		-8.50208
1151		-9.38617		-27.6791
1152		9.52936		-39.2706
1153		31.0955		-41.0052
1154		50.3687		-33.2972
1155		63.5424		-18.7672
1156		68.723		-1.22919
1157		66.0343		15.434
1158		57.1866		28.1476
1159		44.787		35.1028
1160		31.6575		35.8097
1161		20.3271		30.8889
1162		12.7336		21.7581
1163		10.0871		10.325
1164		12.8267		-1.27743
1165		20.6217		-10.9222
1166		32.4063		-16.7102
1167		46.4594		-17.1928
1168		60.5432		-11.5924
1169		72.1217		-0.00592041
1170		78.6756		16.4371
1171		78.1281		35.5177
1172		69.3555		54.0551
1173		52.6982		68.3082
1174		30.299		74.6883
1175		6.05807		70.7032
1176		-14.9569		55.898
1177		-27.6473		32.4442
1178		-28.3327		5.04718
1179		-16.0679		-19.9951
1180		6.68635		-36.4355
1181		34.4115		-39.967
1182		59.9413		-29.708
1183		76.5599		-8.69684
1184		80.1065		16.8844
1185		70.3316		39.5762
1186		50.9843		52.9847
1187		28.5638		53.7865
1188		10.1682		42.6818
1189		1.21028		23.9739
1190		3.80688		3.96866
1191		16.3732		-11.1904
1192		34.4831		-17.4539
1193		52.5952		-13.9125
1194		65.9545		-2.67395
1195		71.99		12.2565
1196		70.7767		26.5809
1197		64.5201		37.1713
1198		56.3803		42.8882
1199		49.1487		44.5539
1200		44.2774		44.2039
1201		41.5751		43.9894
1202		39.6024		45.1829
1203		36.5464		47.658
1204		31.1999		50.0073
1205		23.6548		50.2247
1206		15.4381		46.6742
1207		9.02788		38.962
1208		6.91293		28.3638
1209		10.5358		17.6064
1210		19.5264		10.0335
1211		31.5518		8.42502
1212		42.899		13.8903
1213		49.6375		25.2665
1214		48.971		39.2902
1215		40.2904		51.5386
1216		25.5172		57.8344
1217		8.58851		55.6253
1218		-5.75436		44.8402
1219		-13.4431		27.9203
1220		-12.3061		9.03215
1221		-2.6348		-7.22805
1222		13.0487		-17.1722
1223		30.8628		-18.9599
1224		46.7216		-12.9014
1225		57.3789		-1.13803
1226		61.0924		13.0815
1227		57.8297		26.2528
1228		49.0924		35.366
1229		37.5011		38.4583
1230		26.2476		34.9532
1231		18.465		25.7894
1232		16.5484		13.3033
1233		21.52		0.795067
1234		32.6169		-8.23816
1235		47.3242		-11.0816
1236		61.9808		-6.70592
1237		72.8784		3.77528
1238		77.5152		17.3734
1239		75.5128		30.2321
1240		68.7601		39.0481
1241		60.6427		42.3368
1242		54.6157		40.9716
1243		52.7192		37.7097
1244		54.7084		35.8622
1245		58.2314		37.6908
1246		60.0109		43.2727
1247		57.5077		50.3913
1248		50.285		55.542
1249		40.4135		55.6128
1250		31.6892		49.4599
1251		27.9988		38.636
1252		31.5722		26.9103
1253		41.9176		18.7869
1254		55.9141		17.6818
1255		69.0031		24.564
1256		76.9278		37.6231
1257		77.2589		53.0462
1258		70.0985		66.487
1259		57.7714		74.5599
1260		43.7737		75.7607
1261		31.5267		70.5601
1262		23.4651		60.8195
1263		20.7229		48.9484
1264		23.3324		37.2285
1265		30.6331		27.5166
1266		41.5702		21.2605
1267		54.7583		19.5802
1268		68.4123		23.1894
1269		80.385		32.1189
1270		88.487		45.4107
1271		91.0665		61.0544
1272		87.6108		76.3451
1273		79.0464		88.6104
1274		67.5283		96.0294
1275		55.7545		98.1769
1276		46.0944		96.04
1277		39.9114		91.515
1278		37.3611		86.6461
1279		37.6845		82.9819
1280		39.7648		81.3202
1281		42.6036		81.8767
1282		45.4677		84.6562
1283		47.6968		89.7114
1284		48.4003		97.0763
1285		46.3531		106.4
1286		40.2866		116.551
1287		29.5041		125.521
1288		14.5085		130.843
1289		-2.74893		130.428
1290		-19.2414		123.468
1291		-31.795		110.96
1292		-38.2071		95.5405
1293		-38.061		80.6461
1294		-32.8658		69.3326
1295		-25.4602		63.2601
1296		-18.9569		62.2579
1297		-15.6941		64.5952
1298		-16.6119		67.7655
1299		-21.2275		69.3844
1300		-28.0813		67.8229
1301		-35.3394		62.4058
1302		-41.2487		53.263
1303		-44.3208		41.0788
1304		-43.3393		26.9585
1305		-37.4044		12.4575
1306		-26.1665		-0.376465
1307		-10.2084		-9.1792
1308		8.65799		-11.7873
1309		27.4719		-6.99604
1310		42.7323		4.76359
1311		51.4149		21.2061
1312		52.0165		38.6562
1313		45.1685		53.1039
1314		33.5022		61.4682
1315		20.7839		62.5493
1316		10.6648		57.2803
1317		5.56465		48.2025
1318		6.12585		38.436
1319		11.3871		30.6235
1320		19.4852		26.2782
1321		28.4809		25.7244
1322		36.9164		28.5035
1323		43.9222		33.9099
1324		48.9738		41.3284
1325		51.5774		50.2256
1326		51.1629		59.8983
1327		47.2815		69.2419
1328		39.9823		76.7762
1329		30.1006		80.9928
1330		19.2363		80.8677
1331		9.3777		76.2692
1332		2.33916		68.0347
1333		-0.71199		57.6865
1334		0.574142		46.953
1335		5.88419		37.3609
1336		14.5474		30.0885
1337		25.7461		26.0667
1338		38.4783		26.1392
1339		51.337		31.0312
1340		62.3511		41.0132
1341		69.1647		55.3845
1342		69.6671		72.1039
1343		62.891		87.9193
1344		49.7661		99.1402
1345		33.2715		102.865
1346		17.753		98.177
1347		7.55423		86.7364
1348		5.46988		72.4262
1349		11.6735		60.0877
1350		23.6045		53.8241
1351		36.898		55.5556
1352		46.9873		64.4148
1353		50.7249		77.2068
1354		47.3804		89.7054
1355		38.6738		98.2217
1356		27.9208		100.822
1357		18.7149		97.7791
1358		13.6924		91.2004
1359		13.8031		84.1012
1360		18.2386		79.3393
1361		24.8987		78.7801
1362		31.1371		82.8801
1363		34.5273		90.6901
1364		33.4854		100.18
1365		27.6758		108.779
1366		18.155		114.039
1367		7.1933		114.357
1368		-2.27878		109.58
1369		-7.55893		101.277
1370		-7.19147		92.4647
1371		-1.7439		86.6999
1372		6.05777		86.76
1373		12.0623		93.3608
1374		12.1699		104.497
1375		4.04877		115.815
1376		-11.6204		122.038
1377		-30.9839		118.969
1378		-48.1415		105.292
1379		-57.2081		83.382
1380		-54.5252		58.7083
1381		-40.1203		38.0075
1382		-17.8045		26.919
1383		6.14047		28.015
1384		25.1557		39.9859
1385		34.6118		58.2418
1386		33.2101		76.6219
1387		23.1413		89.4977
1388		9.08322		93.4916
1389		-3.46747		88.2847
1390		-9.88916		76.4019
1391		-7.64398		62.2281
1392		3.22714		50.6825
1393		20.2863		45.9415
1394		39.3775		50.455
1395		55.6184		64.3605
1396		64.5567		85.3613
1397		63.3303		109.13
1398		51.5945		130.281
1399		31.888		143.809
1400		9.1552		146.66
1401		-10.6334		138.9
1402		-22.4309		123.915
1403		-23.9549		107.389
1404		-16.6241		95.2646
1405		-5.05585		91.4348
1406		4.8216		96.1577
1407		8.33047		105.978
1408		4.1571		115.329
1409		-5.01215		119.202
1410		-13.7508		115.692
1411		-16.5922		107.173
1412		-10.9758		99.4394
1413		0.970577		99.0254
1414		12.7826		109.852
1415		16.1752		130.73
1416		4.75055		154.962
1417		-22.6855		172.419
1418		-60.7		173.384
1419		-98.4523		152.625
1420		-123.21		112.042
1421		-124.869		60.7585
1422		-99.7586		12.5344
1423		-52.3209		-18.5736
1424		5.94562		-22.7597
1425		59.8683		2.34467
1426		95.1229		50.8537
1427		102.417		110.34
1428		80.0775		165.422
1429		34.3883		202.074
1430		-22.2874		211.405
1431		-74.9556		191.914
1432		-110.028		149.717
1433		-118.883		96.7519
1434		-100.039		47.4934
1435		-59.3973		15.0269
1436		-8.46399		7.55313
1437		38.9549		26.2894
1438		70.6649		65.3937
1439		79.4252		113.952
1440		64.6828		159.409
1441		32.167		191.304
1442		-8.4472		204.083
1443		-46.9005		198.054
1444		-75.4751		178.32
1445		-90.775		152.27
1446		-93.6744		126.778
1447		-87.7458		106.232
1448		-77.0996		92.0646
1449		-64.7143		83.6653
1450		-51.948		79.9208
1451		-39.2271		80.4112
1452		-27.262		85.594
1453		-17.8911		95.9568
1454		-13.9198		110.756
1455		-17.9434		127.216
1456		-30.7743		140.836
1457		-50.3766		146.807
1458		-71.993		141.943
1459		-89.5416		126.173
1460		-97.7083		102.847
1461		-93.7987		77.6896
1462		-78.5553		56.8736
1463		-55.6688		45.0815
1464		-30.3442		44.3443
1465		-7.65817		53.9655
1466		8.60632		71.2851
1467		16.3685		92.7026
1468		15.1031		114.435
1469		5.59442		132.863
1470		-10.0837		144.736
1471		-28.4282		147.622
1472		-44.6398		140.778
1473		-53.495		126.119
1474		-51.0382		108.592
1475		-36.5535		95.297
1476		-13.806		93.2257
1477		9.40625		106.315
1478		23.6938		133.118
1479		21.803		166.434
1480		2.07526		195.498
1481		-30.079		210.162
1482		-63.7125		205.371
1483		-86.5618		183.884
1484		-90.3023		155.756
1485		-74.5161		134.504
1486		-47.4527		131.438
1487		-23.0191		150.578
1488		-15.1349		186.469
1489		-31.8334		225.973
1490		-71.6631		253.363
1491		-123.961		256.588
1492		-172.866		232.049
1493		-203.331		185.961
1494		-206.619		131.861
1495		-183.113		85.5083
1496		-141.57		59.3557
1497		-95.4801		58.7778
1498		-58.2715		81.2116
1499		-39.3125		118.055
1500		-41.9541		158.09
1501		-63.797		190.902
1502		-98.4397		209.154
1503		-137.635		209.443
1504		-173.064		192.117
1505		-197.523		160.689
1506		-205.798		121.241
1507		-195.527		81.7086
1508		-168.063		50.7317
1509		-128.869		35.8485
1510		-86.8568		41.3236
1511		-52.3761		66.4069
1512		-34.2474		104.954
1513		-36.8548		146.93
1514		-58.5586		181.506
1515		-92.2487		200.618
1516		-127.953		201.546
1517		-156.456		187.39
1518		-172.381		165.273
1519		-175.434		143.15
1520		-169.401		126.736
1521		-159.574		117.947
1522		-150.039		115.415
1523		-142.214		116.574
1524		-135.32		119.973
1525		-128.333		126.42
1526		-122.16		138.245
1527		-120.593		157.038
1528		-129.226		181.161
1529		-152.636		204.568
1530		-191.13		217.933
1531		-238.759		211.939
1532		-283.87		181.507
1533		-312.38		129.086
1534		-312.737		65.429
1535		-280.693		7.16699
1536		-221.987		-28.168
1537		-151.717		-28.0313
1538		-90.4235		10.4023
1539		-58.025		78.352
1540		-67.5299		157.142
1541		-120.494		223.094
1542		-205.672		254.228
1543		-301.367		236.836
1544		-380.93		170.056
1545		-420.016		67.0661
1546		-403.657		-47.6236
1547		-331.164		-144.253
1548		-217.355		-195.815
1549		-89.4467		-185.854
1550		19.8257		-113.798
1551		81.1525		3.95047
1552		77.1594		137.797
1553		7.8833		252.831
1554		-108.644		318.646
1555		-241.135		318.19
1556		-353.863		252.887
1557		-416.957		142.332
1558		-415.017		18.5807
1559		-351.425		-83.2467
1560		-247.047		-135.16
1561		-133.833		-124.209
1562		-45.3474		-55.8166
1563		-7.10577		48.2931
1564		-29.5182		156.768
1565		-105.336		237.824
1566		-212.143		268.312
1567		-319.045		240.159
1568		-395.641		162.489
1569		-420.815		58.9151
1570		-388.972		-39.3183
1571		-311.928		-102.515
1572		-215.764		-111.561
1573		-133.276		-64.1848
1574		-93.97		23.5865
1575		-114.471		121.599
1576		-192.396		194.502
1577		-305.946		212.971
1578		-419.799		163.731
1579		-495.86		54.9604
1580		-505.585		-85.0441
1581		-439.849		-215.931
1582		-312.914		-297.713
1583		-158.908		-303.574
1584		-21.7661		-228.797
1585		58.1591		-92.8253
1586		56.5003		66.2769
1587		-27.6856		203.107
1588		-171.666		278.312
1589		-335.811		269.894
1590		-475.053		179.155
1591		-551.462		29.856
1592		-544.325		-138.737
1593		-455.202		-282.613
1594		-307.013		-364.528
1595		-137.803		-363.353
1596		8.99831		-279.175
1597		95.4187		-133.174
1598		98.3975		37.552
1599		15.7306		189.038
1600		-132.949		281.38
1601		-310.599		289.011
1602		-471.83		207.744
1603		-574.562		56.5291
1604		-591.315		-126.919
1605		-516.965		-295.794
1606		-370.565		-406.717
1607		-190.434		-431.599
1608		-23.7763		-365.346
1609		86.2046		-227.132
1610		111.925		-54.8665
1611		48.4438		105.37
1612		-85.9224		211.73
1613		-255.204		237.294
1614		-415.648		176.295
1615		-526.929		44.6344
1616		-561.801		-124.896
1617		-512.085		-291.059
1618		-390.003		-414.063
1619		-224.98		-464.744
1620		-56.7514		-431.253
1621		73.7932		-322.003
1622		134.309		-164.17
1623		109.206		2.24747
1624		4.33762		133.893
1625		-153.413		195.118
1626		-322.208		167.896
1627		-455.94		57.6257
1628		-516.905		-107.326
1629		-486.794		-282.815
1630		-372.463		-421.125
1631		-204.391		-484.655
1632		-28.0038		-456.838
1633		109.504		-346.795
1634		172.75		-186.281
1635		147.908		-20.0207
1636		45.8005		107.373
1637		-102.226		163.781
1638		-253.91		137.709
1639		-367.996		40.2523
1640		-415.019		-99.0417
1641		-384.3		-240.692
1642		-285.887		-345.674
1643		-147.476		-385.147
1644		-7.35986		-347.524
1645		95.0314		-241.542
1646		129.108		-94.6881
1647		81.5488		52.9932
1648		-38.9319		158.8
1649		-202.198		189.027
1650		-363.415		129.46
1651		-474.922		-8.58762
1652		-500.409		-189.289
1653		-427.178		-361.137
1654		-272.17		-471.735
1655		-78.9723		-484.332
1656		94.136		-390.668
1657		191.837		-215.442
1658		179.553		-10.3015
1659		55.3784		161.229
1660		-148.055		243.21
1661		-372.631		204.837
1662		-551.914		50.3983
1663		-630.931		-181.51
1664		-582.403		-429.078
1665		-414.604		-625.024
1666		-168.897		-715.531
1667		91.8813		-674.936
1668		300.504		-512.387
1669		403.12		-269.156
1670		373.157		-7.77332
1671		218.143		203.996
1672		-21.9735		310.375
1673		-284.51		281.942
1674		-499.566		123.759
1675		-607.843		-124.911
1676		-576.525		-399.643
1677		-409.018		-626.932
1678		-145.513		-743.582
1679		146.485		-714.32
1680		389.731		-542.518
1681		518.342		-270.477
1682		496.432		31.4027
1683		328.61		283.806
1684		58.9888		420.536
1685		-241.147		406.841
1686		-493.309		248.612
1687		-633.37		-10.1243
1688		-628.39		-300.235
1689		-484.138		-546.802
1690		-241.815		-688.917
1691		34.2631		-694.531
1692		273.991		-566.941
1693		418.936		-342.101
1694		435.75		-78.3672
1695		322.911		158.201
1696		109.962		309.426
1697		-150.009		338.215
1698		-392.834		236.872
1699		-558.135		28.9529
1700		-603.594		-235.847
1701		-515.531		-493.028
1702		-313.089		-678.665
1703		-44.4759		-745.425
1704		224.406		-675.137
1705		426.505		-484.299
1706		511.103		-220.545
1707		457.393		49.3917
1708		280.181		257.089
1709		25.9905		350.4
1710		-239.336		306.924
1711		-447.927		139.337
1712		-547.221		-108.571
1713		-512.769		-373.646
1714		-353.514		-589.451
1715		-108.786		-702.43
1716		161.718		-684.403
1717		392.269		-538.839
1718		526.51		-299.923
1719		530.736		-24.7811
1720		402.34		219.56
1721		171.472		371.995
1722		-104.953		392.677
1723		-356.286		274.226
1724		-515.758		45.5234
1725		-538.592		-233.841
1726		-415.574		-488.088
1727		-177.645		-645.527
1728		110.83		-659.157
1729		369.067		-521.308
1730		522.683		-267.376
1731		525.582		33.1993
1732		374.04		296.458
1733		108.382		448.198
1734		-198.47		445.579
1735		-462.091		289.437
1736		-610.803		23.6763
1737		-605.814		-277.769
1738		-451.488		-532.205
1739		-193.239		-671.271
1740		95.7853		-659.351
1741		335.07		-502.56
1742		458.45		-246.417
1743		431.568		36.7024
1744		260.874		266.848
1745		-7.87153		377.639
1746		-301.187		334.109
1747		-536.889		142.823
1748		-646.045		-148.555
1749		-592.378		-462.701
1750		-383.789		-712.779
1751		-72.2388		-826.417
1752		258.923		-767.019
1753		517.467		-545.999
1754		628.667		-221.597
1755		557.839		116.244
1756		321.923		371.149
1757		-14.0014		468.421
1758		-354.711		377.423
1759		-602.167		121.213
1760		-683.914		-229.685
1761		-573.915		-577.441
1762		-299.711		-824.782
1763		65.87		-902.145
1764		425.44		-786.296
1765		683.767		-505.581
1766		772.778		-131.175
1767		668.323		242.397
1768		395.017		521.668
1769		18.889		637.181
1770		-369.512		559.663
1771		-677.033		306.227
1772		-829.794		-64.1978
1773		-790.324		-464.776
1774		-566.432		-800.922
1775		-209.869		-992.398
1776		195.182		-992.568
1777		551.61		-800.307
1778		772.689		-461.341
1779		803.69		-58.1009
1780		636.228		310.033
1781		311.211		551.42
1782		-90.87		605.468
1783		-470.109		458.253
1784		-732.58		146.069
1785		-814.123		-254.103
1786		-696.135		-644.595
1787		-409.307		-931.962
1788		-24.6942		-1050.1
1789		365.052		-975.671
1790		669.034		-732.273
1791		819.979		-382.978
1792		789.431		-13.7144
1793		593.052		288.025
1794		285.35		453.96
1795		-54.4531		450.597
1796		-341.934		286.257
1797		-507.825		8.18387
1798		-514.581		-309.558
1799		-365.266		-584.637
1800		-102.483		-747.147
1801		202.673		-757.37
1802		469.148		-616.007
1803		627.338		-363.888
1804		637.708		-70.9208
1805		501.389		183.017
1806		259.599		330.066
1807		-18.1275		333.071
1808		-253.656		195.582
1809		-382.269		-39.7042
1810		-370.633		-303.579
1811		-225.634		-520.255
1812		8.28546		-628.81
1813		262.273		-600.041
1814		462.756		-444.141
1815		552.061		-207.323
1816		504.314		41.39
1817		332.474		229.418
1818		84.7848		300.702
1819		-168.283		231.287
1820		-353.151		36.3763
1821		-413.356		-233.065
1822		-325.598		-503.435
1823		-107.253		-698.159
1824		186.975		-758.86
1825		478.842		-662.39
1826		687.517		-428.79
1827		752.238		-117.507
1828		650.339		187.732
1829		405.252		401.633
1830		81.6719		461.475
1831		-231.3		345.723
1832		-444.581		81.4637
1833		-494.239		-261.841
1834		-360.031		-590.836
1835		-71.8802		-813.825
1836		297.695		-866.136
1837		653.05		-728.053
1838		901.218		-430.312
1839		976.78		-45.8111
1840		858.99		329.912
1841		576.728		603.854
1842		200.366		709.493
1843		-176.875		623.294
1844		-462.855		369.801
1845		-589.466		14.5152
1846		-528.933		-353.186
1847		-299.719		-642.474
1848		38.9861		-783.199
1849		402.462		-742.402
1850		701.382		-531.455
1851		863.3		-202.422
1852		849.597		165.194
1853		663.972		483.916
1854		350.686		679.185
1855		-16.7583		706.684
1856		-353.557		562.086
1857		-583.732		281.126
1858		-657.632		-69.7051
1859		-562.807		-409.362
1860		-325.951		-661.349
1861		-5.81892		-771.221
1862		320.99		-718.601
1863		577.941		-521.189
1864		706.116		-230.119
1865		677.588		82.145
1866		501.738		338.642
1867		223.154		475.822
1868		-88.5354		458.606
1869		-354.836		289.159
1870		-507.102		7.16357
1871		-503.563		-318.885
1872		-340.465		-607.772
1873		-54.2612		-785.506
1874		286.268		-804.356
1875		596.548		-655.999
1876		797.57		-375.014
1877		836.688		-31.254
1878		702.241		287.396
1879		427.794		497.664
1880		84.4611		543
1881		-236.982		409.163
1882		-449.63		128.926
1883		-493.42		-225.596
1884		-351.427		-561.105
1885		-55.0853		-787.105
1886		323.081		-839.47
1887		687.432		-697.506
1888		943.334		-390.091
1889		1021.34		10.7103
1890		895.364		407.05
1891		590.21		699.492
1892		176.486		812.042
1893		-246.116		711.825
1894		-573.21		418.346
1895		-721.869		-0.214867
1896		-651.981		-443.132
1897		-377.211		-801.91
1898		37.546		-987.597
1899		491.927		-953.595
1900		875.275		-707.88
1901		1094.75		-311.203
1902		1098.93		138.465
1903		890.613		531.159
1904		525.295		773.063
1905		95.9943		809.981
1906		-291.362		639.927
1907		-545.091		311.773
1908		-610.135		-89.1846
1909		-479.971		-464.301
1910		-195.499		-726.779
1911		167.987		-822.304
1912		521.541		-740.14
1913		785.189		-512.622
1914		906.635		-204.09
1915		871.769		107.093
1916		705.152		348.547
1917		461.146		470.944
1918		208.522		458.339
1919		12.5744		329.819
1920		-80.9179		132.56
1921		-56.1901		-71.6788
1922		69.8863		-223.184
1923		253.552		-279.931
1924		436.775		-228.32
1925		563.506		-86.2479
1926		595.302		102.365
1927		522.101		280.227
1928		365.086		393.101
1929		170.755		405.465
1930		-2.24215		310.959
1931		-99.7692		134.629
1932		-87.6847		-73.659
1933		38.2233		-252.722
1934		250.493		-346.636
1935		496.707		-319.822
1936		712.635		-166.736
1937		838.206		86.0751
1938		832.321		385.7
1939		683.145		664.686
1940		411.847		856.112
1941		69.2219		908.721
1942		-274.027		799.129
1943		-541.62		538.772
1944		-668.141		174.001
1945		-614.584		-221.278
1946		-379.675		-559.794
1947		-3.89579		-759.787
1948		435.872		-764.865
1949		841.24		-560.106
1950		1114.37		-179.658
1951		1182.35		297.388
1952		1017.5		763.263
1953		647.615		1106.78
1954		152.236		1241.46
1955		-355.058		1128.77
1956		-754.301		789.868
1957		-949.471		301.873
1958		-893.223		-220.674
1959		-599.196		-654.326
1960		-138.548		-897.574
1961		378.18		-895.797
1962		828.809		-653.948
1963		1109.51		-234.109
1964		1159.4		260.897
1965		974.014		713.25
1966		604.813		1018.65
1967		145.447		1110.79
1968		-291.564		976.186
1969		-602.142		656.332
1970		-715.564		236.692
1971		-611.232		-174.676
1972		-323.246		-473.997
1973		68.4992		-587.716
1974		458.823		-491.041
1975		744.465		-214.175
1976		851.084		165.757
1977		752.811		545.31
1978		478.874		822.52
1979		105.254		924.326
1980		-266.403		825.95
1981		-536.679		556.812
1982		-635.121		191.48
1983		-538.38		-171.444
1984		-274.99		-436.186
1985		83.884		-534.78
1986		444.389		-443.493
1987		714.615		-187.007
1988		827.202		169.758
1989		754.519		539.013
1990		513.522		831.674
1991		160.206		977.836
1992		-224.156		941.852
1993		-551.472		729.398
1994		-746.07		385.712
1995		-761.033		-14.2765
1996		-588.58		-381.946
1997		-262.407		-634.102
1998		148.823		-711.465
1999		555.958		-592.567
2000		869.07		-299.589
2001		1018.11		105.74
2002		969.483		535.784
2003		734.296		897.206
2004		365.762		1112.82
2005		-53.5704		1139.5
2006		-431.584		977.649
2007		-688.147		669.925
2008		-773.049		290.012
2009		-676.132		-75.2992
2010		-427.77		-346.061
2011		-90.3262		-466.445
2012		256.824		-415.824
2013		535.074		-211.838
2014		683.49		94.5978
2015		671.63		431.019
2016		505.945		719.551
2017		228.393		894.421
2018		-92.8457		917.358
2019		-379.194		787.355
2020		-560.954		541.929
2021		-595.568		248.617
2022		-479.845		-12.0795
2023		-252.099		-168.432
2024		17.4148		-178.01
2025		245.875		-40.7584
2026		361.904		199.899
2027		327.051		468.985
2028		147.962		681.806
2029		-124.861		769.216
2030		-411.592		698.541
2031		-626.522		483.661
2032		-703.206		181.232
2033		-613.731		-125.574
2034		-376.609		-350.693
2035		-51.4405		-429.053
2036		277.504		-334.039
2037		523.726		-84.1777
2038		620.734		262.042
2039		538.536		621.133
2040		290.79		905.159
2041		-68.4809		1042.82
2042		-457.401		996.411
2043		-785.023		771.084
2044		-972.361		414.59
2045		-971.209		7.32166
2046		-776.563		-355.488
2047		-429.49		-585.841
2048		-9.12041		-624.434
2049		385.075		-456.231
2050		656.96		-115.801
2051		737.647		319.641
2052		603.35		748.364
2053		282.145		1069.1
2054		-152.567		1206.37
2055		-600.36		1129.36
2056		-959.018		859.212
2057		-1149.88		462.927
2058		-1136.62		35.7508
2059		-932.813		-322.959
2060		-596.841		-533.928
2061		-216.117		-556.18
2062		114.873		-395.2
2063		317.098		-99.7605
2064		344.881		251.106
2065		195.416		567.475
2066		-91.6949		769.668
2067		-444.4		806.563
2068		-775.29		667.267
2069		-1002.14		383.695
2070		-1067.49		23.4036
2071		-952.971		-326.03
2072		-684.74		-577.866
2073		-328.465		-667.698
2074		25.6899		-570.407
2075		284.9		-308.123
2076		377.271		53.3768
2077		271.268		419.579
2078		-14.2625		690.257
2079		-412.529		785.057
2080		-823.668		665.186
2081		-1138.76		345.437
2082		-1267.23		-106.905
2083		-1160.8		-586.5
2084		-827.846		-974.607
2085		-334.253		-1168.19
2086		210.029		-1106.46
2087		675.953		-788.125
2088		946.252		-274.891
2089		944.921		320.512
2090		657.987		859.394
2091		140.007		1209.84
2092		-496.046		1279.35
2093		-1103.86		1039.3
2094		-1538.23		534.593
2095		-1690.75		-124.575
2096		-1517.53		-787.528
2097		-1051.85		-1298.85
2098		-397.823		-1536.32
2099		293.708		-1441.33
2100		861.352		-1034.02
2101		1172.27		-408.975
2102		1154.39		287.51
2103		813.623		892.871
2104		231.771		1267.43
2105		-453.973		1327.47
2106		-1084.65		1064.23
2107		-1517.68		544.365
2108		-1660.16		-107.698
2109		-1489.34		-740.684
2110		-1055.85		-1212.91
2111		-469.311		-1425.27
2112		129.496		-1343.06
2113		602.946		-1001.79
2114		848.961		-496.139
2115		823.824		44.8004
2116		550.29		489.576
2117		109.512		735.917
2118		-380.774		734.159
2119		-796.122		497.169
2120		-1035.83		94.8151
2121		-1046.61		-365.214
2122		-833.874		-765.129
2123		-458.416		-1006.31
2124		-19.6248		-1032.94
2125		370.172		-844.545
2126		613.812		-494.569
2127		652.982		-75.939
2128		481.919		302.73
2129		148.051		544.311
2130		-260.316		587.172
2131		-636.187		420.327
2132		-880.553		86.1748
2133		-927.166		-329.829
2134		-759.456		-720.144
2135		-415.409		-981.825
2136		20.9853		-1042.5
2137		439.896		-879.283
2138		732.739		-525.747
2139		819.631		-64.9387
2140		670.344		390.26
2141		313.299		724.799
2142		-170.026		850.401
2143		-664.226		728.463
2144		-1048.12		380.933
2145		-1224.95		-113.843
2146		-1147.01		-639.565
2147		-828.374		-1070.26
2148		-342.326		-1301.4
2149		196.06		-1276.03
2150		657.885		-999.336
2151		932.098		-537.874
2152		952.954		-3.57387
2153		716.428		473.576
2154		281.435		777.47
2155		-244.52		834.546
2156		-731.793		632.031
2157		-1060.67		221.184
2158		-1151.13		-295.371
2159		-982.79		-789.21
2160		-600.091		-1138.26
2161		-101.116		-1257.56
2162		387.184		-1120.75
2163		741.268		-766.874
2164		872.624		-290.479
2165		750.618		182.593
2166		410.589		527.663
2167		-55.0771		653.625
2168		-520.785		526.9
2169		-860.439		180.589
2170		-980.586		-293.74
2171		-845.316		-769.671
2172		-486.29		-1118.96
2173		4.90369		-1245.37
2174		500.233		-1110.4
2175		868.517		-744.094
2176		1009.84		-237.965
2177		882.073		278.277
2178		512.425		670.115
2179		-8.92795		833.039
2180		-551.59		719.694
2181		-978.045		352.324
2182		-1178.52		-182.604
2183		-1098.64		-756.067
2184		-752.923		-1228.69
2185		-220.947		-1485.18
2186		372.483		-1462.39
2187		887.888		-1164.11
2188		1204.63		-659.518
2189		1249.24		-65.9878
2190		1011.98		478.982
2191		548.232		849.928
2192		-35.172		962.023
2193		-604.938		789.781
2194		-1031.75		371.99
2195		-1219.17		-197.8
2196		-1124.76		-792.764
2197		-768.918		-1281.3
2198		-229.779		-1556.2
2199		374.51		-1558.21
2200		912.241		-1288.78
2201		1267.42		-809.382
2202		1365.46		-227.522
2203		1189.62		327.486
2204		784.415		733.569
2205		245.348		903.306
2206		-302.955		803.478
2207		-735.156		462.321
2208		-953.78		-37.2359
2209		-911.407		-576.863
2210		-621.344		-1030.27
2211		-154.256		-1292.51
2212		378.566		-1304.38
2213		851.497		-1066.13
2214		1154.35		-637.195
2215		1218.62		-121.864
2216		1033.8		355.982
2217		649.756		682.959
2218		164.271		783.882
2219		-301.282		640.136
2220		-632.298		293.972
2221		-749.609		-162.542
2222		-629.132		-611.217
2223		-307.368		-938.028
2224		128.727		-1062.12
2225		564.744		-955.958
2226		888.588		-651.391
2227		1019.07		-230.329
2228		925.9		197.256
2229		636.13		521.895
2230		225.831		662.183
2231		-200.255		584.327
2232		-535.452		309.134
2233		-697.301		-94.6969
2234		-646.792		-528.617
2235		-396.411		-888.683
2236		-5.71329		-1090.31
2237		433.928		-1087.58
2238		821.4		-882.913
2239		1069.47		-525.371
2240		1124.58		-98.2681
2241		978.407		300.703
2242		668.871		582.24
2243		270.362		685.786
2244		-124.231		592.799
2245		-425.416		329.889
2246		-567.595		-38.7149
2247		-523.244		-427.327
2248		-307.509		-749.338
2249		27.4795		-936.912
2250		406.579		-955.033
2251		749.88		-806.892
2252		990.393		-530.093
2253		1087.03		-185.589
2254		1030.49		157.129
2255		841.715		434.695
2256		564.697		601.273
2257		255.925		635.059
2258		-26.7508		539.686
2259		-234.042		341.382
2260		-332.815		83.0449
2261		-310.837		-183.676
2262		-178.365		-407.389
2263		33.7594		-546.125
2264		279.675		-575.358
2265		507.374		-493.291
2266		669.585		-321.751
2267		734.407		-101.796
2268		692.93		115.605
2269		561.451		281.847
2270		377.21		362.763
2271		188.468		347.055
2272		41.5772		248.521
2273		-31.2394		101.35
2274		-19.8717		-50.1317
2275		62.1785		-164.164
2276		182.986		-212.959
2277		302.286		-189.603
2278		383.341		-108.746
2279		403.172		-1.27267
2280		358.486		95.2246
2281		265.985		147.359
2282		157.298		135.357
2283		70.0782		58.6579
2284		37.5849		-63.5509
2285		79.2866		-196.908
2286		194.757		-300.497
2287		362.419		-337.557
2288		543.701		-285.768
2289		691.922		-144.523
2290		764.056		62.9133
2291		732.526		293.408
2292		593.91		493.603
2293		371.89		613.123
2294		113.161		618.013
2295		-123.127		500.719
2296		-279.9		283.628
2297		-316.872		14.8376
2298		-221.426		-243.006
2299		-12.5941		-427.972
2300		263.023		-494.189
2301		542.356		-423.205
2302		761.026		-228.465
2303		868.615		48.1077
2304		840.227		346.31
2305		681.651		601.89
2306		427.207		761.18
2307		131.157		792.694
2308		-144.933		693.209
2309		-345.822		487.3
2310		-434.122		220.867
2311		-397.381		-49.5466
2312		-249.514		-269.113
2313		-26.6378		-396.036
2314		221.461		-409.567
2315		442.222		-313.283
2316		591.22		-133.247
2317		640.923		88.2886
2318		585.686		302.158
2319		442.194		462.604
2320		245.445		536.624
2321		41.1677		510.607
2322		-123.857		393.035
2323		-211.742		212.751
2324		-201.818		13.0038
2325		-95.6295		-157.74
2326		82.6247		-256.54
2327		290.654		-256.147
2328		477.101		-152.271
2329		593.391		34.0107
2330		605.866		259.795
2331		505.227		469.602
2332		310.609		608.572
2333		66.6953		636.592
2334		-166.021		539.716
2335		-325.849		335.627
2336		-365.882		71.2004
2337		-267.18		-187.745
2338		-45.4815		-372.313
2339		250.736		-428.124
2340		550.775		-330.118
2341		778.488		-90.5602
2342		871.238		242.1
2343		796.251		593.599
2344		560.135		881.131
2345		208.911		1033.42
2346		-181.731		1008.61
2347		-523.826		805.5
2348		-738.048		465.047
2349		-773.042		61.6226
2350		-618.329		-314.125
2351		-307.457		-576.665
2352		89.5355		-665.988
2353		482.582		-561.928
2354		782.885		-288.829
2355		923.768		90.5859
2356		875.886		490.475
2357		653.189		822.323
2358		308.423		1015.41
2359		-80.3062		1032.31
2360		-428.273		875.987
2361		-663.426		587.19
2362		-741.705		233.478
2363		-655.16		-107.101
2364		-431.573		-363.589
2365		-126.341		-486.983
2366		191.061		-459.412
2367		452.741		-296.074
2368		606.777		-40.0417
2369		627.383		248.564
2370		518.967		506.471
2371		313.468		681.157
2372		61.8025		741.755
2373		-178.526		684.662
2374		-356.742		532.73
2375		-439.929		328.429
2376		-419.432		122.797
2377		-311.19		-36.9887
2378		-150.226		-118.343
2379		18.9946		-109.79
2380		153.711		-22.0057
2381		222.698		116.413
2382		212.612		266.951
2383		129.76		390.738
2384		-2.61489		457.416
2385		-150.486		451.536
2386		-277.114		375.456
2387		-351.394		248.443
2388		-354.953		102.274
2389		-286.691		-25.9105
2390		-163.748		-102.281
2391		-18.312		-104.87
2392		109.524		-30.0164
2393		181.679		105.214
2394		172.522		265.887
2395		76.9751		407.306
2396		-86.4077		486.697
2397		-278.903		475.38
2398		-451.234		367.79
2399		-556.89		184.286
2400		-565.272		-33.4875
2401		-470.635		-233.593
2402		-293.978		-367.94
2403		-77.2946		-405.314
2404		127.994		-339.422
2405		274.831		-189.768
2406		332.457		4.52312
2407		293.27		195.707
2408		173.17		339.831
2409		5.94905		407.151
2410		-166.206		388.107
2411		-303.324		293.949
2412		-376.798		152.457
2413		-375.205		0.245323
2414		-305.834		-126.427
2415		-191.871		-200.313
2416		-65.9273		-209.486
2417		38.702		-159.842
2418		97.048		-73.0269
2419		99.4378		20.018
2420		54.2735		88.4593
2421		-14.6196		111.38
2422		-75.7647		84.9023
2423		-100.827		23.9979
2424		-74.9857		-42.1354
2425		-3.18863		-80.0411
2426		90.2808		-64.1723
2427		169.239		12.9796
2428		197.786		136.578
2429		153.115		272.805
2430		34.4025		378.991
2431		-135.398		417.151
2432		-315.567		366.318
2433		-459.341		229.558
2434		-527.391		33.539
2435		-498.73		-178.858
2436		-375.909		-360.153
2437		-183.532		-470.319
2438		38.698		-485.879
2439		245.794		-404.096
2440		397.284		-242.086
2441		464.837		-32.0178
2442		436.688		185.807
2443		318.845		370.444
2444		133.525		487.273
2445		-84.6779		513.802
2446		-294.515		443.797
2447		-455.236		289.052
2448		-534.319		78.1173
2449		-514.397		-148.41
2450		-397.663		-345.626
2451		-206.281		-473.691
2452		21.7889		-506.657
2453		240.858		-438.41
2454		407.569		-284.057
2455		490.391		-76.3301
2456		476.16		142.018
2457		372.199		327.78
2458		203.799		446.444
2459		8.02129		478.909
2460		-174.519		424.566
2461		-308.057		300.482
2462		-368.687		137.18
2463		-348.831		-28.0305
2464		-258.445		-158.96
2465		-122.692		-228.283
2466		23.6936		-223.616
2467		144.453		-150.488
2468		210.625		-31.1457
2469		207.998		100.943
2470		140.99		209.88
2471		31.5196		267.187
2472		-87.2101		259.883
2473		-180.437		194.188
2474		-222.197		93.4844
2475		-203.058		-8.99146
2476		-132.717		-80.4938
2477		-36.6335		-98.8382
2478		52.1669		-58.9938
2479		103.376		25.7922
2480		98.4925		128.47
2481		35.9787		216.585
2482		-68.7883		261.826
2483		-188.361		247.835
2484		-291.055		174.252
2485		-349.369		56.2721
2486		-346.747		-79.7008
2487		-281.241		-202.801
2488		-165.537		-285.047
2489		-23.7214		-307.641
2490		114.305		-264.983
2491		219.496		-165.738
2492		270.053		-30.8019
2493		256.206		111.421
2494		182.291		231.457
2495		65.5515		305.484
2496		-68.1746		320.69
2497		-190.854		277.836
2498		-279.031		190.278
2499		-319.08		79.7644
2500		-309.45		-29.7029
2501		-259.416		-117.991
2502		-185.001		-173.086
2503		-103.674		-192.351
2504		-29.7009		-180.811
2505		28.3846		-147.556
2506		67.7575		-101.922
2507		89.3066		-50.9216
2508		94.9903		1.33475
2509		85.9088		52.4926
2510		61.9012		100.083
2511		22.6216		140.141
2512		-30.6999		167.112
2513		-93.8826		175.146
2514		-159.625		160.118
2515		-218.714		121.415
2516		-262.13		62.6609
2517		-283.181		-8.90454
2518		-278.859		-84.0797
2519		-250.043		-153.667
2520		-200.697		-210.018
2521		-136.631		-247.751
2522		-64.4149		-263.697
2523		9.1701		-256.492
2524		77.1991		-226.308
2525		132.531		-175.018
2526		168.056		-106.737
2527		177.541		-28.3762
2528		157.027		50.298
2529		106.408		117.45
2530		30.6306		160.899
2531		-60.0021		170.499
2532		-150.752		140.682
2533		-224.6		72.4854
2534		-265.338		-25.4776
2535		-261.055		-137.554
2536		-207.278		-243.213
2537		-109.021		-320.647
2538		18.9448		-351.255
2539		153.995		-324.115
2540		269.666		-239.352
2541		341.149		-109.388
2542		351.104		42.6235
2543		294.323		187.155
2544		179.852		294.688
2545		29.7479		342.619
2546		-125.529		320.902
2547		-254.062		234.802
2548		-330.03		103.888
2549		-339.866		-42.6102
2550		-285.344		-172.9
2551		-182.767		-260.297
2552		-58.5303		-289.443
2553		57.7142		-259.471
2554		140.407		-183.407
2555		174.03		-84.1156
2556		156.195		11.9859
2557		97.2311		81.6987
2558		16.5996		110.541
2559		-62.7445		95.6437
2560		-120.458		45.4698
2561		-143.769		-23.3525
2562		-130.086		-91.0541
2563		-86.7227		-140.151
2564		-28.0631		-159.797
2565		28.892		-147.989
2566		69.2238		-111.219
2567		83.7493		-61.9302
2568		70.7533		-14.7294
2569		35.5948		17.4579
2570		-11.3648		26.2437
2571		-57.6442		9.09624
2572		-91.4175		-30.8474
2573		-103.562		-85.9852
2574		-88.8153		-145.838
2575		-46.2834		-198.573
2576		20.3475		-232.374
2577		102.71		-236.892
2578		187.954		-205.056
2579		259.745		-135.243
2580		300.538		-33.324
2581		295.244		86.3191
2582		235.693		201.79
2583		124.639		287.227
2584		-22.2575		318.599
2585		-177.735		280.457
2586		-307.912		171.662
2587		-380.089		8.05991
2588		-371.433		-179.234
2589		-276.028		-350.003
2590		-108.073		-464.219
2591		100.023		-492.039
2592		304.392		-421.794
2593		459.677		-263.719
2594		529.685		-48.383
2595		496.011		179.824
2596		362.562		372.498
2597		154.947		487.957
2598		-84.967		500.412
2599		-308.029		405.594
2600		-468.272		221.702
2601		-532.646		-14.4202
2602		-488.002		-255.037
2603		-343.892		-451.591
2604		-130.551		-565.009
2605		107.575		-574.051
2606		321.495		-479.861
2607		468.417		-305.558
2608		521.165		-90.8546
2609		473.988		117.156
2610		343.31		274.883
2611		163.198		352.109
2612		-23.2935		338.388
2613		-174.622		244.409
2614		-260.373		98.15
2615		-267.566		-62.9699
2616		-202.219		-201.652
2617		-86.1628		-289.437
2618		49.6752		-312.422
2619		173.443		-272.867
2620		259.786		-186.772
2621		294.812		-78.5506
2622		277.773		25.5137
2623		219.576		103.343
2624		138.952		141.395
2625		57.4644		136.621
2626		-5.46455		96.006
2627		-36.5735		34.1265
2628		-31.2023		-30.6166
2629		6.15053		-80.3157
2630		63.1828		-101.633
2631		122.803		-88.8715
2632		167.266		-45.396
2633		182.609		17.016
2634		162.388		80.901
2635		109.744		127.434
2636		37.1126		141.392
2637		-36.5427		115.5
2638		-90.4423		52.9438
2639		-107.507		-32.7723
2640		-79.2284		-120.775
2641		-8.52125		-187.937
2642		90.3302		-214.885
2643		194.758		-191.333
2644		279.336		-119.259
2645		322.193		-13.0293
2646		310.767		103.692
2647		245.397		203.539
2648		139.737		262.181
2649		17.8192		264.51
2650		-91.5901		208.7
2651		-161.994		107.04
2652		-175.78		-16.759
2653		-128.771		-133.185
2654		-31.4928		-214.131
2655		93.2319		-239.893
2656		215.852		-204.153
2657		307.442		-115.633
2658		346.972		4.07919
2659		326.62		126.03
2660		253.678		221.342
2661		148.535		268.654
2662		39.2066		259.604
2663		-46.1593		200.86
2664		-86.8118		112.134
2665		-74.9337		20.6631
2666		-17.6566		-46.3675
2667		65.0393		-69.4286
2668		146.025		-42.1676
2669		198.803		26.722
2670		205.219		115.887
2671		160.938		197.383
2672		77.0359		244.797
2673		-22.8544		241.145
2674		-109.164		184.245
2675		-154.971		87.9053
2676		-144.084		-21.5447
2677		-76.2387		-112.535
2678		32.227		-157.294
2679		152.527		-140.026
2680		251.296		-61.8098
2681		299.92		59.2919
2682		282.602		192.961
2683		200.837		304.827
2684		73.0341		365.742
2685		-70.4852		359.471
2686		-195.575		286.691
2687		-273.053		164.369
2688		-285.773		20.9481
2689		-232.234		-111.074
2690		-126.077		-203.031
2691		7.9728		-236.425
2692		140.359		-206.347
2693		243.399		-121.559
2694		296.917		-1.67522
2695		291.785		127.569
2696		230.99		239.774
2697		128.364		312.979
2698		5.4686		333.618
2699		-112.73		298.8
2700		-202.673		216.656
2701		-246.763		104.682
2702		-236.861		-13.6979
2703		-176.043		-113.848
2704		-78.1054		-175.061
2705		35.2498		-185.066
2706		139.096		-142.828
2707		210.846		-58.8664
2708		235.396		47.1144
2709		208.581		150.8
2710		138.026		228.968
2711		41.1663		264.907
2712		-59.0795		252.198
2713		-139.866		195.948
2714		-183.835		111.218
2715		-183.054		19.1024
2716		-140.572		-58.5226
2717		-69.301		-104.281
2718		11.4593		-109.34
2719		80.9337		-75.2823
2720		122.036		-13.3962
2721		125.524		58.402
2722		92.1316		120.249
2723		32.1672		155.441
2724		-37.3427		154.684
2725		-97.2164		118.365
2726		-131.201		56.2679
2727		-130.206		-15.2156
2728		-94.5502		-77.6038
2729		-33.5949		-115.308
2730		37.0614		-119.685
2731		100.006		-91.0461
2732		140.727		-38.1182
2733		151.282		24.7733
2734		131.928		81.8716
2735		90.394		120.235
2736		39.1703		132.852
2737		-8.21683		119.836
2738		-40.811		87.5674
2739		-52.6955		46.2415
2740		-43.7673		6.71466
2741		-18.8183		-22.3646
2742		14.582		-36.3572
2743		48.6124		-34.9968
2744		77.3203		-21.4179
2745		97.7421		-0.346359
2746		109.801		23.8421
2747		115.177		48.5081
2748		115.675		73.1229
2749		111.78		98.5517
2750		102.019		125.563
2751		83.462		153.202
2752		53.2711		177.771
2753		10.7664		192.993
2754		-40.8122		191.548
2755		-93.6818		167.644
2756		-136.553		119.788
2757		-157.295		52.7361
2758		-146.566		-22.283
2759		-101.287		-89.4788
2760		-26.7413		-132.213
2761		63.5866		-137.543
2762		150.628		-100.225
2763		214.209		-24.8992
2764		238.157		74.3212
2765		214.6		176.827
2766		146.218		260.272
2767		45.876		305.826
2768		-66.2188		302.537
2769		-167.008		249.781
2770		-235.581		157.328
2771		-257.533		43.1831
2772		-227.824		-70.1802
2773		-151.707		-160.339
2774		-43.6645		-209.33
2775		75.3804		-207.191
2776		182.093		-154.033
2777		255.344		-60.2434
2778		280.595		55.3541
2779		253.17		169.188
2780		179.58		257.896
2781		76.3895		303.527
2782		-33.3299		297.77
2783		-125.293		244.024
2784		-179.756		156.645
2785		-186.232		57.4232
2786		-145.861		-29.8387
2787		-70.7725		-85.1778
2788		19.3353		-97.1573
2789		102.371		-65.1625
2790		159.296		1.17021
2791		178.368		85.0077
2792		157.234		166.818
2793		102.59		229.01
2794		27.8629		259.586
2795		-50.2612		254.151
2796		-115.53		216.135
2797		-155.315		155.534
2798		-162.871		86.5882
2799		-138.464		24.8935
2800		-89.3146		-15.702
2801		-28.2898		-26.0023
2802		28.5948		-3.71671
2803		65.6435		45.4963
2804		71.3509		108.703
2805		41.7777		168.305
2806		-17.6123		206.28
2807		-92.4933		209.137
2808		-162.851		172.2
2809		-208.21		101.797
2810		-213.554		14.404
2811		-174.158		-67.3601
2812		-97.7056		-120.904
2813		-2.82005		-130.254
2814		85.7747		-91.0218
2815		144.113		-12.1441
2816		155.839		86.2593
2817		116.976		178.336
2818		37.1538		239.653
2819		-63.0474		253.927
2820		-157.797		217.367
2821		-223.039		139.453
2822		-242.794		40.0545
2823		-213.023		-56.1154
2824		-142.121		-126.05
2825		-48.149		-154.159
2826		46.2268		-135.689
2827		119.581		-77.1731
2828		156.802		5.96763
2829		152.199		93.7781
2830		110.071		166.841
2831		42.8492		210.767
2832		-32.5076		219.101
2833		-98.8592		194.117
2834		-142.903		145.504
2835		-157.966		87.4284
2836		-145.025		34.7597
2837		-111.823		-0.60791
2838		-70.4011		-12.4779
2839		-33.7018		-1.50713
2840		-12.1049		25.4342
2841		-10.7791		57.4948
2842		-28.5113		83.0595
2843		-58.3111		93.0879
2844		-89.6127		83.6665
2845		-111.458		57.0719
2846		-115.761		21.0477
2847		-99.7338		-13.4936
2848		-66.7659		-35.6852
2849		-25.5278		-37.9078
2850		12.443		-18.0662
2851		35.9647		19.6958
2852		37.3309		66.0134
2853		14.4703		108.732
2854		-28.4029		136.054
2855		-81.7581		139.555
2856		-133.019		116.313
2857		-169.517		69.6872
2858		-181.41		8.6405
2859		-163.928		-54.1575
2860		-118.518		-104.987
2861		-52.7235		-131.939
2862		21.1473		-127.452
2863		88.3123		-90.0592
2864		134.392		-25.0485
2865		148.387		56.1778
2866		125.219		138.012
2867		67.2722		203.599
2868		-15.4973		238.358
2869		-107.118		233.367
2870		-188.677		187.802
2871		-242.39		109.749
2872		-255.759		14.9634
2873		-224.821		-76.3107
2874		-155.543		-143.846
2875		-62.8768		-172.219
2876		32.4557		-154.666
2877		108.741		-94.9593
2878		148.46		-6.73071
2879		142.55		89.6647
2880		92.643		172.002
2881		10.6584		221.539
2882		-84.145		227.501
2883		-169.913		189.566
2884		-227.521		117.731
2885		-245.121		29.6374
2886		-220.783		-53.9378
2887		-162.62		-114.229
2888		-86.4093		-138.975
2889		-11.4076		-125.136
2890		44.5459		-79.2173
2891		69.3712		-15.1918
2892		59.4641		49.3531
2893		20.1578		97.8125
2894		-36.0914		118.703
2895		-93.2428		108.311
2896		-135.959		71.2426
2897		-153.515		18.8179
2898		-142.347		-34.1768
2899		-106.65		-73.4844
2900		-56.9526		-89.0633
2901		-7.12084		-77.5335
2902		29.3729		-42.8123
2903		42.9416		5.15076
2904		30.2494		53.1423
2905		-5.10815		88.1931
2906		-53.7177		100.905
2907		-102.91		87.7552
2908		-140.059		51.8296
2909		-155.758		1.85547
2910		-146.05		-50.149
2911		-113.211		-91.9468
2912		-64.9338		-114.058
2913		-12.2328		-111.885
2914		33.323		-86.5079
2915		62.2889		-44.0623
2916		69.2777		6.01994
2917		53.7565		53.3247
2918		19.6692		88.7023
2919		-25.8344		105.919
2920		-74.1017		102.453
2921		-116.643		79.466
2922		-146.439		41.1618
2923		-158.778		-6.14001
2924		-151.666		-55.0031
2925		-125.961		-97.8291
2926		-85.2824		-127.791
2927		-35.695		-139.783
2928		14.955		-131.344
2929		58.1419		-103.387
2930		86.1565		-60.4581
2931		93.7554		-10.2522
2932		79.5411		37.6981
2933		46.6063		73.9955
2934		2.10892		91.5573
2935		-44.2504		87.389
2936		-82.5185		63.3848
2937		-104.926		25.8472
2938		-107.752		-16.1904
2939		-92.0608		-53.3588
2940		-63.0863		-78.3496
2941		-28.4942		-87.5936
2942		3.9018		-81.7455
2943		28.2386		-64.905
2944		41.8759		-42.9139
2945		45.516		-21.3553
2946		42.2484		-3.93426
2947		35.9521		8.25962
2948		29.6778		16.4443
2949		24.5915		23.0127
2950		19.8219		30.0641
2951		13.2098		38.1897
2952		2.62781		45.978
2953		-12.663		50.4315
2954		-31.1586		48.145
2955		-49.1192		36.821
2956		-61.4941		16.5613
2957		-63.4943		-9.56055
2958		-52.3071		-35.914
2959		-28.373		-55.6578
2960		4.23476		-62.6495
2961		38.5262		-53.3484
2962		66.2592		-28.1183
2963		80.1115		8.50534
2964		75.7456		48.7245
2965		53.1587		83.3563
2966		16.9065		104.188
2967		-24.9063		106.161
2968		-62.624		88.7849
2969		-87.503		56.3546
2970		-93.983		16.9125
2971		-81.1472		-19.805
2972		-52.968		-44.8917
2973		-17.2561		-52.5934
2974		16.4207		-41.8006
2975		39.2947		-16.2984
2976		45.7434		16.3066
2977		34.7735		46.7034
2978		10.2289		66.4569
2979		-20.3489		70.3376
2980		-47.8893		57.7394
2981		-64.3793		32.7811
2982		-65.1226		3.06432
2983		-50.0255		-22.5449
2984		-23.5494		-36.4608
2985		6.63469		-34.5035
2986		31.8634		-17.0081
2987		44.9073		11.3681
2988		41.9079		43.0243
2989		23.3136		69.5302
2990		-6.37305		83.8503
2991		-39.8769		82.0732
2992		-69.0313		64.2519
2993		-86.7351		34.2395
2994		-88.5175		-1.32214
2995		-73.4223		-34.5348
2996		-44.1181		-57.9212
2997		-6.31206		-65.9243
2998		32.3669		-56.0012
2999		63.8112		-29.1712
3000		80.99		10.0525
3001		79.3888		54.3669
3002		58.081		94.9654
3003		20.183		123.244
3004		-27.4947		132.639
3005		-75.6422		120.202
3006		-114.328		87.5106
3007		-135.179		40.6024
3008		-133.356		-11.1422
3009		-108.809		-56.9725
3010		-66.4607		-87.1546
3011		-15.2267		-95.1971
3012		33.9091		-79.3734
3013		70.3189		-43.1717
3014		86.0904		5.4266
3015		77.7924		55.6685
3016		47.2668		96.3635
3017		1.28677		118.33
3018		-49.8534		116.444
3019		-94.5426		90.8663
3020		-122.423		47.1472
3021		-126.797		-4.85763
3022		-106.33		-53.1199
3023		-65.5972		-86.2172
3024		-14.2275		-96.1504
3025		35.2704		-80.5031
3026		70.5793		-43.3146
3027		82.7976		5.68605
3028		68.9555		53.4223
3029		33.0611		86.8646
3030		-14.722		96.5959
3031		-60.6495		79.547
3032		-91.0873		40.0763
3033		-96.3129		-10.9892
3034		-73.3534		-59.1553
3035		-27.0279		-90.1682
3036		31.1414		-93.9599
3037		85.8866		-67.5346
3038		122.235		-15.9898
3039		129.547		48.6255
3040		104.472		110.333
3041		52.0294		153.335
3042		-15.4903		166.159
3043		-81.533		144.738
3044		-129.449		93.6452
3045		-146.76		25.1106
3046		-128.436		-43.9334
3047		-78.3175		-96.0725
3048		-8.29065		-117.82
3049		64.6123		-103.079
3050		122.456		-54.7531
3051		150.903		15.9376
3052		142.795		92.2607
3053		99.8976		156.159
3054		32.358		192.721
3055		-43.9206		193.768
3056		-111.262		159.678
3057		-154.491		99.0384
3058		-164.421		26.3408
3059		-139.745		-41.6081
3060		-87.0047		-89.6135
3061		-18.7819		-107.419
3062		49.3281		-91.7456
3063		102.204		-46.7151
3064		128.398		17.2922
3065		122.437		85.9991
3066		85.8493		144.29
3067		26.7877		179.379
3068		-41.6719		183.503
3069		-104.245		155.645
3070		-146.693		101.916
3071		-159.002		34.4413
3072		-137.806		-31.1307
3073		-87.4577		-79.0673
3074		-19.3813		-97.2242
3075		50.2862		-80.1092
3076		104.338		-30.5361
3077		128.618		40.641
3078		115.63		116.783
3079		66.6956		179.269
3080		-7.95187		211.974
3081		-91.2733		205.354
3082		-163.297		159.09
3083		-205.887		82.5809
3084		-207.268		-6.91245
3085		-165.195		-88.1363
3086		-87.9423		-140.852
3087		7.23559		-150.826
3088		97.8976		-113.586
3089		161.663		-35.9666
3090		181.689		65.0485
3091		151.042		166.034
3092		74.8153		242.592
3093		-30.6362		275.295
3094		-141.3		254.638
3095		-231.143		183.682
3096		-278.425		77.6628
3097		-271.107		-39.4601
3098		-209.946		-140.679
3099		-108.461		-202.451
3100		10.2484		-210.398
3101		119.044		-162.765
3102		193.239		-70.7822
3103		216.438		44.1183
3104		184.297		155.487
3105		105.35		238.15
3106		-1.21569		274.064
3107		-110.242		256.384
3108		-196.56		190.825
3109		-240.839		94.0866
3110		-233.966		-10.2316
3111		-178.995		-97.2535
3112		-90.24		-146.67
3113		10.2492		-147.458
3114		98.0157		-100.387
3115		152.072		-17.7083
3116		159.931		79.9166
3117		120.574		168.521
3118		44.5925		226.756
3119		-48.5431		241.147
3120		-135.428		209.38
3121		-194.637		140.758
3122		-212.098		53.7201
3123		-184.553		-28.9288
3124		-120.235		-85.8353
3125		-36.6461		-102.464
3126		43.9654		-74.6569
3127		100.212		-9.55136
3128		116.857		76.3097
3129		88.4948		161.107
3130		20.8133		223.059
3131		-70.7809		245.633
3132		-164.769		221.464
3133		-238.481		154.159
3134		-273.31		57.627
3135		-259.049		-46.8787
3136		-196.445		-135.372
3137		-97.4152		-186.458
3138		17.18		-186.273
3139		121.827		-131.972
3140		191.907		-32.9505
3141		209.361		90.6174
3142		167.216		211.779
3143		71.859		302.625
3144		-57.653		340.729
3145		-193.307		314.708
3146		-304.214		227.534
3147		-363.745		96.612
3148		-356.067		-49.6075
3149		-280.418		-177.858
3150		-151.96		-257.764
3151		1.19553		-269.195
3152		144.205		-207.447
3153		243.587		-84.8762
3154		275.248		71.5354
3155		230.488		226.223
3156		118.46		343.328
3157		-35.6285		395.269
3158		-196.23		369.518
3159		-325.806		271.899
3160		-393.847		125.499
3161		-384.383		-34.6304
3162		-300.104		-169.821
3163		-161.996		-247.201
3164		-4.45392		-247.899
3165		133.062		-171.94
3166		215.819		-38.5396
3167		222.643		118.453
3168		151.509		258.922
3169		20.3538		346.659
3170		-137.243		358.742
3171		-280.514		291.68
3172		-372.013		162.61
3173		-387.452		5.13187
3174		-322.259		-139.262
3175		-193.067		-231.96
3176		-33.6472		-247.403
3177		113.695		-179.971
3178		209.056		-45.7272
3179		225.351		121.464
3180		155.487		278.453
3181		14.4567		383.762
3182		-164.186		408.168
3183		-336.548		342.246
3184		-459.222		198.978
3185		-500.022		10.8594
3186		-446.01		-177.787
3187		-306.902		-321.356
3188		-113.072		-383.861
3189		91.319		-347.608
3190		258.474		-217.636
3191		348.015		-20.9329
3192		336.438		199.426
3193		222.801		393.867
3194		29.3464		517.511
3195		-203.134		540.447
3196		-424.193		454.76
3197		-584.939		276.699
3198		-649.065		43.4127
3199		-601.199		-195.069
3200		-450.652		-386.891
3201		-229.646		-489.986
3202		13.6684		-481.634
3203		225.879		-363.747
3204		360.29		-162.64
3205		387.493		76.7493
3206		302.1		300.935
3207		124.045		459.988
3208		-105.919		518.913
3209		-335.536		465.662
3210		-513.087		313.875
3211		-599.351		99.6572
3212		-576.695		-126.925
3213		-453.088		-313.663
3214		-260.038		-418.554
3215		-44.9016		-419.718
3216		140.628		-320.455
3217		253.065		-148.189
3218		267.637		52.4844
3219		184.156		230.948
3220		26.7833		343.15
3221		-162.249		362.517
3222		-333.406		286.448
3223		-442.416		136.793
3224		-461.483		-45.8278
3225		-386.346		-212.437
3226		-237.408		-318.249
3227		-54.6095		-334.235
3228		112.707		-254.779
3229		218.466		-99.4696
3230		231.904		91.5262
3231		145.943		267.462
3232		-20.3276		379.984
3233		-225.851		395.845
3234		-417.625		306.101
3235		-544.156		129.297
3236		-568.972		-92.4053
3237		-480.681		-303.381
3238		-296.807		-448.55
3239		-60.2093		-487.674
3240		171.2		-406.201
3241		338.897		-219.695
3242		398.642		29.4153
3243		331.927		282.04
3244		150.987		476.982
3245		-103.94		566.082
3246		-374.336		526.085
3247		-597.588		364.285
3248		-721.99		116.644
3249		-718.886		-160.941
3250		-589.111		-405.925
3251		-362.389		-563.649
3252		-90.1052		-599.717
3253		166.675		-507.461
3254		351.095		-309.007
3255		423.161		-49.8954
3256		368.458		211.402
3257		201.069		416.696
3258		-39.851		521.132
3259		-299.106		503.211
3260		-518.123		369.537
3261		-648.441		153.153
3262		-662.93		-94.2699
3263		-562.079		-314.691
3264		-373.721		-457.563
3265		-146.146		-491.976
3266		63.8455		-414.04
3267		205.013		-247.598
3268		244.366		-38.0048
3269		175.236		159.484
3270		18.6557		293.776
3271		-182.286		330.87
3272		-373.654		262.348
3273		-504.536		107.319
3274		-540.069		-92.618
3275		-470.339		-284.075
3276		-312.986		-415.516
3277		-108.897		-450.455
3278		87.9284		-376.976
3279		223.904		-211.23
3280		259.495		5.97958
3281		179.687		218.805
3282		-1.3354		369.966
3283		-242.595		415.178
3284		-485.47		334.901
3285		-667.615		140.439
3286		-738.444		-127.369
3287		-672.405		-406.877
3288		-476.654		-629.976
3289		-190.929		-738.741
3290		120.704		-700.326
3291		384.556		-516.287
3292		535.054		-223.759
3293		531.199		112.159
3294		367.57		413.242
3295		76.9277		606.74
3296		-276.496		643.239
3297		-611.648		509.312
3298		-849.803		231.671
3299		-933.58		-128.389
3300		-841.121		-489.119
3301		-591.825		-767.643
3302		-242.111		-899.809
3303		127.878		-855.648
3304		433.408		-646.588
3305		605.406		-322.591
3306		606.827		40.0622
3307		441.087		357.274
3308		150.577		557.281
3309		-194.234		597.44
3310		-512.22		473.6
3311		-731.084		219.959
3312		-804.113		-100.236
3313		-720.25		-410.571
3314		-505.362		-639.825
3315		-214.812		-738.382
3316		80.5167		-688.935
3317		311.201		-509.32
3318		425.277		-247.207
3319		399.724		31.8239
3320		245.053		259.902
3321		2.20896		382.677
3322		-267.397		371.823
3323		-496.476		231.531
3324		-627.839		-2.49568
3325		-628.181		-271.411
3326		-496.44		-507.231
3327		-264.589		-649.343
3328		9.60005		-659.657
3329		256.375		-532.629
3330		411.207		-297.451
3331		431.171		-11.5926
3332		306.305		252.976
3333		62.9227		427.532
3334		-242.163		463.895
3335		-535.138		346.835
3336		-743.074		98.4493
3337		-811.739		-226.611
3338		-718.955		-553.832
3339		-480.311		-806.305
3340		-145.993		-922.774
3341		210.411		-872.052
3342		508.473		-660.604
3343		679.102		-331.668
3344		680.34		43.8493
3345		507.349		382.739
3346		194.363		607.876
3347		-192.005		665.714
3348		-566.906		539.008
3349		-845.987		251.764
3350		-964.684		-135.089
3351		-893.625		-536.729
3352		-646.3		-863.552
3353		-276.8		-1042.02
3354		132.265		-1032.24
3355		489.017		-837.738
3356		714.12		-504.858
3357		759.701		-111.595
3358		620.54		251.331
3359		334.688		502.422
3360		-26.5913		588.775
3361		-376.848		498.014
3362		-635.718		259.943
3363		-748.021		-62.188
3364		-696.001		-388.27
3365		-501.966		-641.371
3366		-221.067		-766.147
3367		73.5638		-741.225
3368		309.398		-582.819
3369		432.175		-339.09
3370		418.434		-76.968
3371		280.096		135.113
3372		60.2576		244.299
3373		-178.569		226.097
3374		-370.737		89.856
3375		-464.235		-124.255
3376		-433.834		-355.934
3377		-287.405		-540.394
3378		-63.8853		-625.083
3379		176.581		-583.335
3380		367.897		-421.573
3381		454.902		-178.266
3382		407.745		85.1382
3383		230.223		299.167
3384		-40.0226		403.575
3385		-339.612		362.793
3386		-594.059		175.827
3387		-735.617		-121.866
3388		-720.217		-465.23
3389		-539.46		-773.893
3390		-224.616		-970.816
3391		158.698		-1001.1
3392		524.399		-846.5
3393		785.51		-531.843
3394		875.033		-121.451
3395		763.082		294.258
3396		465.895		619.163
3397		44.0495		774.211
3398		-410.176		717.022
3399		-793.633		453.359
3400		-1016.47		37.3208
3401		-1023.81		-440.128
3402		-809.499		-871.754
3403		-418.525		-1158.94
3404		62.6749		-1234.9
3405		525.823		-1080.72
3406		865.741		-730.296
3407		1004.82		-263.008
3408		911.3		214.277
3409		607.143		591.803
3410		163.424		782.533
3411		-315.806		742.852
3412		-717.767		483.416
3413		-947.798		67.3057
3414		-952.492		-404.512
3415		-733.332		-817.365
3416		-347.089		-1071.11
3417		107.697		-1105.48
3418		515.244		-915.88
3419		772.136		-555.26
3420		814.35		-120.883
3421		634.435		270.812
3422		283.915		514.911
3423		-140.062		546.059
3424		-520.468		356.18
3425		-751.702		-3.06972
3426		-767.977		-433.881
3427		-561.142		-818.263
3428		-183.171		-1049.42
3429		267.242		-1060.14
3430		670.314		-840.869
3431		916.265		-442.685
3432		933.857		35.1402
3433		709.214		469.927
3434		290.341		746.338
3435		-223.71		785.56
3436		-706.369		565.826
3437		-1034.21		129.312
3438		-1117.42		-426.413
3439		-922.908		-970.587
3440		-484.188		-1370.11
3441		104.535		-1521.87
3442		709.23		-1378.82
3443		1187.23		-963.141
3444		1421.48		-363.097
3445		1349.51		286.442
3446		979.851		835.238
3447		391.585		1153.39
3448		-283.282		1162.76
3449		-890.463		856.301
3450		-1289.7		300.483
3451		-1387.91		-379.866
3452		-1161.22		-1030.64
3453		-660.515		-1504.43
3454		0.490456		-1694.77
3455		671.878		-1560.66
3456		1202.37		-1135.66
3457		1474.3		-519.729
3458		1430.54		144.37
3459		1087.39		704.423
3460		530.203		1034.22
3461		-106.952		1062.92
3462		-673.217		791.316
3463		-1036.83		291.239
3464		-1116.53		-312.143
3465		-900.826		-870.909
3466		-450.266		-1250.6
3467		118.035		-1363.19
3468		659.94		-1188.44
3469		1040.56		-778.365
3470		1168.09		-243.411
3471		1016.64		276.118
3472		632.151		646.048
3473		119.991		772.584
3474		-382.553		626.047
3475		-741.798		248.116
3476		-862.133		-259.195
3477		-710.698		-759.958
3478		-326.05		-1119.43
3479		191.384		-1239.02
3480		704.759		-1082.26
3481		1075.9		-685.203
3482		1201.33		-148.316
3483		1039.99		388.34
3484		625.616		780.818
3485		59.7909		918.901
3486		-512.75		755.981
3487		-940.932		323.1
3488		-1106.84		-277.042
3489		-957.541		-895.161
3490		-520.498		-1373.39
3491		101.935		-1586.38
3492		757.912		-1474.45
3493		1284.84		-1059.97
3494		1551.22		-442.168
3495		1490.48		228.003
3496		1117.76		786.366
3497		525.664		1097.06
3498		-139.739		1086.28
3499		-715.938		759.744
3500		-1064.25		199.969
3501		-1103.25		-455.351
3502		-827.308		-1047.83
3503		-306.41		-1436.96
3504		332.195		-1533.44
3505		935.497		-1319.46
3506		1361.72		-851.81
3507		1514.06		-247.045
3508		1363.43		347.21
3509		954.774		788.33
3510		395.557		973.475
3511		-171.073		864.764
3512		-602.159		498.51
3513		-791.066		-24.1005
3514		-694.725		-562.962
3515		-344.756		-975.321
3516		160.806		-1153.11
3517		683.38		-1051.49
3518		1080.68		-700.745
3519		1244.73		-198.226
3520		1130.86		317.746
3521		769.697		704.987
3522		259.038		855.569
3523		-262.171		724.713
3524		-650.667		342.865
3525		-796.675		-192.054
3526		-652.834		-739.901
3527		-246.975		-1154.36
3528		324.282		-1320.45
3529		919.219		-1184.24
3530		1386.03		-767.401
3531		1600.61		-163.241
3532		1497.96		484.785
3533		1089.82		1017.19
3534		464.032		1297.18
3535		-234.582		1244.88
3536		-837.661		858.862
3537		-1193.66		219.195
3538		-1205.48		-529.162
3539		-856.154		-1209.54
3540		-215.696		-1655.71
3541		573.246		-1752.91
3542		1328.23		-1467.47
3543		1870.7		-857.088
3544		2069.77		-58.7257
3545		1875.11		743.557
3546		1330.28		1362.99
3547		562.906		1655.67
3548		-246.126		1555.89
3549		-906.775		1092.09
3550		-1266.15		379.552
3551		-1245.39		-408.371
3552		-858.038		-1083.08
3553		-205.326		-1486.83
3554		549.969		-1530.62
3555		1224.45		-1214.46
3556		1659.32		-625.433
3557		1758.71		85.7352
3558		1511.55		743.342
3559		992.039		1190.69
3560		338.847		1328.36
3561		-281.288		1137.24
3562		-716.088		680.934
3563		-865.597		87.2041
3564		-705.85		-486.298
3565		-292.647		-893.065
3566		255.131		-1034.89
3567		787.974		-885.747
3568		1165.3		-496.513
3569		1291.82		20.2711
3570		1141.41		521.309
3571		762.496		870.86
3572		263.978		976.419
3573		-214.521		812.587
3574		-540.039		427.06
3575		-621.598		-72.6116
3576		-434.231		-547.919
3577		-25.5414		-866.315
3578		496.887		-936.482
3579		993.881		-732.714
3580		1331.42		-302.001
3581		1416.06		248.039
3582		1219.65		777.187
3583		786.948		1149.2
3584		224.056		1267.23
3585		-329.009		1098.82
3586		-734.349		683.935
3587		-891.208		124.311
3588		-760.927		-442.879
3589		-375.662		-879.736
3590		170.88		-1081.68
3591		747.684		-1002.22
3592		1219.01		-662.72
3593		1476.96		-145.372
3594		1466.13		428.083
3595		1194.96		926.115
3596		731.725		1238.3
3597		186.866		1300.2
3598		-313.765		1106.79
3599		-658.354		711.941
3600		-774.602		214.334
3601		-645.557		-266.588
3602		-312.314		-619.162
3603		137.02		-765.868
3604		589.555		-681.286
3605		935.777		-397.211
3606		1096.73		6.52503
3607		1043.29		423.406
3608		802.342		748.347
3609		448.182		905.176
3610		81.2426		865.996
3611		-199.93		657.082
3612		-325.608		349.701
3613		-273.128		38.5975
3614		-71.3779		-185.534
3615		209.469		-261.593
3616		479.636		-174.34
3617		656.273		42.9807
3618		687.073		319.956
3619		564.366		570.502
3620		326.08		718.081
3621		43.817		717.424
3622		-198.132		566.902
3623		-326.791		308.49
3624		-300.911		15.7628
3625		-122.475		-226.537
3626		163.566		-345.788
3627		481.087		-301.487
3628		742.933		-96.7392
3629		874.21		221.734
3630		832.609		575.199
3631		620.416		873.224
3632		284.831		1037.47
3633		-93.6995		1022.7
3634		-422.248		829.181
3635		-619.765		503.102
3636		-638.39		124.576
3637		-475.842		-213.426
3638		-175.454		-429.42
3639		185.985		-474.244
3640		518.951		-342.7
3641		744.489		-73.1381
3642		813.579		264.354
3643		717.597		587.267
3644		487.699		821.779
3645		184.26		919.963
3646		-119.937		869.025
3647		-357.814		691.134
3648		-482.836		435.024
3649		-477.449		162.427
3650		-354.068		-66.8306
3651		-149.42		-207.63
3652		85.6719		-237.803
3653		298.396		-160.725
3654		445.335		-2.36398
3655		500.964		196.124
3656		461.759		388.472
3657		345.307		533.843
3658		184.776		605.562
3659		20.1253		596.109
3660		-111.775		517.28
3661		-185.605		395.626
3662		-192.505		264.567
3663		-140.332		155.491
3664		-49.5638		90.3825
3665		53.5446		77.8789
3666		144.23		113.456
3667		204.743		183.002
3668		226.841		268.078
3669		211.249		350.905
3670		165.099		417.653
3671		98.857		459.639
3672		23.9289		472.947
3673		-48.6126		457.526
3674		-108.529		416.579
3675		-146.903		356.518
3676		-157.199		287.02
3677		-136.888		220.435
3678		-88.9801		170.032
3679		-22.5351		147.176
3680		48.5471		158.267
3681		108.432		202.604
3682		143.148		272.113
3683		144.018		353.187
3684		109.535		430.043
3685		45.1929		488.391
3686		-38.4664		518.224
3687		-128.6		515.005
3688		-212.548		479.336
3689		-279.348		415.775
3690		-320.278		331.689
3691		-328.962		236.664
3692		-301.776		142.402
3693		-238.919		62.4797
3694		-145.898		11.2165
3695		-34.6063		1.27702
3696		76.9956		40.3215
3697		167.235		127.713
3698		214.977		252.591
3699		204.807		394.372
3700		131.669		526.024
3701		3.47348		619.525
3702		-159.281		652.209
3703		-326.964		612.362
3704		-466.638		502.658
3705		-548.946		340.552
3706		-554.561		155.501
3707		-478.851		-16.4731
3708		-333.761		-139.892
3709		-146.406		-187.265
3710		45.6017		-145.453
3711		201.466		-19.5091
3712		285.895		167.09
3713		277.385		376.38
3714		174.066		563.603
3715		-4.66158		687.238
3716		-221.632		719.042
3717		-430.152		651.431
3718		-585.161		499.953
3719		-654.425		299.836
3720		-626.66		97.2445
3721		-514.175		-62.4613
3722		-349.21		-146.218
3723		-175.001		-141.248
3724		-34.1758		-57.3378
3725		42.1542		77.0444
3726		41.5658		223.431
3727		-28.0235		344.11
3728		-142.294		411.802
3729		-268.494		415.668
3730		-374.876		362.324
3731		-438.855		272.097
3732		-451.819		172.041
3733		-419.667		87.9783
3734		-359.422		37.8066
3735		-293.297		27.7032
3736		-242.078		51.8874
3737		-219.639		95.5885
3738		-229.91		140.074
3739		-266.803		168.199
3740		-316.808		168.972
3741		-363.299		140.061
3742		-391.271		87.7821
3743		-391.224		24.8432
3744		-361.294		-33.3585
3745		-307.256		-72.7811
3746		-240.658		-84.0656
3747		-175.764		-64.4123
3748		-126.206		-17.7509
3749		-102.177		46.5754
3750		-108.685		116.069
3751		-145.027		177.633
3752		-205.343		219.881
3753		-279.898		234.868
3754		-356.782		219.135
3755		-423.732		174.073
3756		-469.918		105.684
3757		-487.549		23.7586
3758		-473.143		-59.4675
3759		-428.266		-131.106
3760		-359.537		-179.648
3761		-277.815		-196.921
3762		-196.609		-179.624
3763		-129.943		-130.105
3764		-90.0537		-56.2233
3765		-85.2952		29.7182
3766		-118.616		112.773
3767		-186.822		177.636
3768		-280.75		211.077
3769		-386.365		204.216
3770		-486.708		154.302
3771		-564.524		65.6667
3772		-605.229		-50.4388
3773		-599.741		-177.291
3774		-546.559		-295.359
3775		-452.534		-385.792
3776		-331.967		-434.048
3777		-204.108		-432.815
3778		-89.5146		-383.508
3779		-6.13904		-295.912
3780		33.9469		-186.117
3781		26.4469		-73.2698
3782		-24.949		23.9756
3783		-109.856		90.5108
3784		-213.451		116.776
3785		-319.03		99.576
3786		-410.368		41.9223
3787		-473.629		-47.7616
3788		-498.861		-156.772
3789		-481.189		-269.522
3790		-421.717		-369.289
3791		-327.955		-440.406
3792		-213.401		-470.818
3793		-95.969		-454.583
3794		4.82378		-393.688
3795		71.5197		-298.457
3796		92.4572		-186.128
3797		64.5718		-77.6515
3798		-5.62151		6.65585
3799		-103.293		51.5223
3800		-208.598		50.0237
3801		-301.194		4.85922
3802		-364.753		-72.7457
3803		-390.297		-166.167
3804		-377.49		-257.629
3805		-333.66		-332.365
3806		-270.991		-381.574
3807		-202.787		-403.458
3808		-139.969		-402.212
3809		-88.7884		-385.467
3810		-50.3592		-361.105
3811		-21.9829		-334.535
3812		0.305573		-307.315
3813		18.9577		-277.569
3814		32.9669		-242.016
3815		37.5778		-198.852
3816		25.9093		-150.366
3817		-7.92496		-104.166
3818		-65.2333		-72.2592
3819		-140.045		-67.9636
3820		-218.519		-101.372
3821		-281.12		-174.778
3822		-307.35		-279.679
3823		-281.886		-396.724
3824		-200.344		-499.139
3825		-72.7029		-559.139
3826		77.0685		-555.769
3827		215.638		-481.92
3828		308.385		-348.277
3829		328.912		-182.582
3830		267.345		-23.8634
3831		134.792		87.2491
3832		-37.7536		119.672
3833		-206.337		61.3658
3834		-325.308		-75.7766
3835		-360.033		-257.51
3836		-297.453		-435.39
3837		-151.177		-559.642
3838		40.7905		-593.333
3839		225.592		-523.731
3840		349.987		-367.32
3841		375.79		-166.533
3842		291.721		21.2871
3843		117.979		139.878
3844		-98.224		150.462
3845		-295.206		43.7281
3846		-414.053		-156.328
3847		-415.617		-398.107
3848		-292.273		-616.21
3849		-70.929		-749.504
3850		193.703		-758.253
3851		433.688		-635.433
3852		586.164		-409.034
3853		610.196		-134.796
3854		497.578		118.452
3855		274.791		286.681
3856		-4.11775		326.894
3857		-271.483		227.491
3858		-462.886		10.3916
3859		-532.497		-275.187
3860		-463.178		-565.214
3861		-269.274		-796.136
3862		8.03629		-919.125
3863		311.124		-910.066
3864		579.185		-773.395
3865		761.2		-539.51
3866		825.831		-256.939
3867		766.491		18.5673
3868		601.071		235.502
3869		366.916		356.301
3870		112.515		363.636
3871		-112.255		262.47
3872		-265.455		77.9217
3873		-320.429		-150.354
3874		-270.045		-376.074
3875		-127.311		-555.104
3876		77.625		-653.596
3877		303.552		-654.133
3878		506.285		-558.768
3879		647.339		-388.34
3880		701.527		-178.072
3881		661.912		29.7954
3882		540.954		194.895
3883		367.48		287.247
3884		180.041		293.443
3885		18.1662		219.031
3886		-86.441		86.5069
3887		-116.611		-70.5674
3888		-72.7406		-215.794
3889		28.4744		-318.418
3890		159.091		-359.946
3891		287.279		-337.392
3892		385.027		-262.592
3893		434.291		-158.069
3894		430.242		-50.7453
3895		381.111		34.8033
3896		304.992		81.9405
3897		224.593		85.2144
3898		161.326		50.7105
3899		130.113		-6.36626
3900		136.065		-66.179
3901		173.741		-109.688
3902		229.133		-123.702
3903		283.859		-104.272
3904		320.519		-57.5302
3905		327.735		2.34517
3906		303.446		57.5092
3907		255.392		91.9573
3908		198.559		96.4698
3909		150.341		71.4005
3910		124.943		26.3517
3911		128.926		-23.1805
3912		159.397		-61.0417
3913		205.456		-75.6864
3914		252.301		-63.611
3915		286.425		-29.7856
3916		299.937		14.9318
3917		292.46		58.2487
3918		270.037		90.9311
3919		241.717		109.571
3920		215.377		116.651
3921		194.587		118.095
3922		177.796		119.543
3923		160.069		123.072
3924		136.489		125.85
3925		105.656		121.314
3926		71.6665		102.393
3927		43.6241		65.392
3928		32.7574		12.9027
3929		48.1796		-45.5531
3930		92.8856		-95.5374
3931		161.5		-121.785
3932		240.669		-113.02
3933		312.074		-65.9106
3934		357.193		13.132
3935		362.39		108.905
3936		322.837		200.876
3937		244.181		268.186
3938		141.487		294.836
3939		35.7547		273.669
3940		-51.0397		208.13
3941		-101.1		111.378
3942		-104.822		3.03986
3943		-62.6693		-95.5149
3944		15.5006		-166.079
3945		113.352		-197.419
3946		212.319		-187.038
3947		295.913		-140.592
3948		352.889		-69.3739
3949		378.536		13.1549
3950		374.002		94.5895
3951		344.301		165.607
3952		295.987		220.408
3953		235.492		255.886
3954		168.647		270.326
3955		101.268		262.566
3956		40.1058		232.213
3957		-6.75595		180.873
3958		-30.746		113.729
3959		-24.9621		40.4455
3960		13.0083		-25.4891
3961		78.7549		-69.2825
3962		160.395		-78.7387
3963		240.316		-48.3263
3964		299.196		18.0699
3965		321.253		106.941
3966		299.121		197.932
3967		236.658		269.057
3968		148.559		302.866
3969		56.6276		291.663
3970		-16.3307		240.032
3971		-53.1838		163.689
3972		-47.6077		84.8571
3973		-5.96811		25.5031
3974		54.7785		0.518066
3975		112.615		13.0834
3976		147.707		53.7942
3977		149.01		103.946
3978		117.99		141.985
3979		68.1376		151.021
3980		20.3219		124.846
3981		-4.49993		70.3579
3982		7.24594		5.45155
3983		56.6983		-46.9734
3984		131.733		-66.8772
3985		210.714		-44.1093
3986		269.569		17.8389
3987		289.781		102.669
3988		264.574		186.404
3989		201.214		245.063
3990		118.738		262.279
3991		41.9401		234.383
3992		-6.32669		171.398
3993		-12.0529		93.7886
3994		25.9053		26.1462
3995		95.7465		-10.1287
3996		176.398		-2.97684
3997		243.706		47.024
3998		277.309		126.972
3999		266.335		215.329
4000		212.481		287.912
4001		129.703		324.629
4002		40.5928		315.243
4003		-29.7438		262.637
4004		-60.8205		182.62
4005		-43.0616		100.027
4006		18.5908		41.9189
4007		105.073		29.5265
4008		187.9		71.247
4009		237.187		158.93
4010		230.823		268.959
4011		162.015		368.238
4012		42.6648		423.595
4013		-98.7966		411.872
4014		-224.746		327.545
4015		-298.817		185.411
4016		-296.326		17.3753
4017		-211.542		-135.739
4018		-59.7058		-234.893
4019		126.628		-252.941
4020		305.623		-181.408
4021		436.179		-32.3969
4022		487.294		164.417
4023		444.673		368.506
4024		313.51		537.085
4025		117.332		633.722
4026		-106.484		635.498
4027		-313.606		537.694
4028		-461.013		355.4
4029		-515.463		121.63
4030		-460.795		-118.072
4031		-302.54		-314.071
4032		-68.4477		-422.849
4033		195.854		-416.931
4034		435.731		-292.106
4035		599.273		-69.7943
4036		649.184		206.527
4037		571.785		480.34
4038		380.716		694.502
4039		114.287		804.021
4040		-172.862		786.054
4041		-421.686		644.834
4042		-581.407		410.57
4043		-620.148		132.875
4044		-531.454		-129.674
4045		-335.619		-321.637
4046		-75.7098		-402.193
4047		191.006		-353.92
4048		404.818		-187.166
4049		516.503		61.1569
4050		498.863		334.679
4051		354.116		569.729
4052		114.813		710.253
4053		-162.807		722.038
4054		-412.133		602.284
4055		-573.141		381.378
4056		-608.438		115.637
4057		-513.604		-127.474
4058		-318.471		-287.642
4059		-78.6403		-328.153
4060		140.321		-245.506
4061		281.24		-69.3439
4062		310.694		147.06
4063		226.923		342.55
4064		58.4341		465.106
4065		-145.633		485.129
4066		-329.907		401.607
4067		-447.538		240.202
4068		-471.351		44.7186
4069		-399.052		-135.072
4070		-252.006		-255.852
4071		-68.6891		-290.59
4072		105.197		-234.006
4073		227.632		-102.943
4074		270.026		68.117
4075		223.88		235.457
4076		102.867		356.789
4077		-60.415		401.905
4078		-222.677		360.661
4079		-341.406		245.93
4080		-386.579		90.2106
4081		-349.126		-63.5703
4082		-243.279		-174.569
4083		-101.79		-215.955
4084		34.6025		-182.307
4085		129.915		-89.9625
4086		163.489		29.6749
4087		134.781		141.293
4088		61.0281		217.078
4089		-30.7961		244.272
4090		-114.234		226.515
4091		-171.714		179.237
4092		-198.123		121.714
4093		-198.985		69.4389
4094		-184.947		29.8561
4095		-165.669		2.58792

 
--------------------------------------


