Compute Correlation 
 
0		668.249		-66.8338
1		569.115		317.233
2		297.002		569.916
3		-41.2668		630.22
4		-331.414		509.112
5		-493.743		275.419
6		-505.762		21.136
7		-398.396		-176.491
8		-231.522		-279.289
9		-63.3588		-290.579
10		70.9577		-239
11		163.26		-155.768
12		220.79		-58.8075
13		249.476		48.6564
14		243.952		167.017
15		190.796		286.301
16		82.4903		380.342
17		-67.7452		414.811
18		-221.343		365.844
19		-325.627		238.64
20		-337.2		74.0237
21		-245.926		-63.3953
22		-86.1		-112.005
23		73.0762		-42.7789
24		155.371		123.243
25		111.674		319.536
26		-55.6676		460.262
27		-290.486		476.944
28		-504.447		349.006
29		-613.449		114.098
30		-572.548		-146.609
31		-393.985		-341.425
32		-140.951		-404.574
33		99.1219		-320.255
34		249.045		-124.963
35		268.98		110.997
36		165.698		312.757
37		-17.3779		427.305
38		-222.016		436.54
39		-397.36		354.177
40		-512.851		211.626
41		-558.648		42.2475
42		-537.365		-127.809
43		-454.878		-279.458
44		-316.945		-394.664
45		-133.48		-451.548
46		73.4613		-426.468
47		265.131		-304.083
48		390.829		-90.6703
49		402.807		177.31
50		276.069		436.235
51		24.0447		611.594
52		-298.256		642.586
53		-607.057		505.446
54		-815.057		225.533
55		-859.946		-127.541
56		-725.314		-460.581
57		-446.079		-685.746
58		-96.7584		-747.094
59		232.452		-635.515
60		462.642		-387.785
61		546.811		-71.7367
62		478.229		235.714
63		285.883		469.426
64		21.0322		589.394
65		-258.768		584.282
66		-502.549		466.897
67		-672.868		265.874
68		-747.305		17.8335
69		-717.262		-237.654
70		-587.011		-460.619
71		-374.422		-612.998
72		-112.371		-663.057
73		151.874		-592.724
74		362.178		-406.062
75		465.005		-135.034
76		424.872		161.743
77		238.89		409.739
78		-55.7944		537.671
79		-386.52		499.96
80		-662.667		294.703
81		-802.187		-30.4621
82		-758.72		-388.775
83		-539.299		-679.439
84		-205.016		-819.769
85		147.211		-773.112
86		416.383		-561.835
87		531.556		-259.647
88		475.574		34.6812
89		289.126		232.673
90		53.3285		287.109
91		-142.357		206.602
92		-234.114		48.2981
93		-206.167		-107.861
94		-93.0382		-192.414
95		38.385		-173.43
96		118.623		-66.6837
97		104.358		74.1842
98		-5.52871		182.086
99		-172.175		204.336
100		-334.586		122.251
101		-434.188		-44.5136
102		-435.35		-248.663
103		-334.357		-434.392
104		-155.451		-555.827
105		61.5149		-587.699
106		274.573		-526.238
107		448.383		-383.418
108		556.561		-180.144
109		580.259		57.2468
110		507.616		296.555
111		337.172		498.613
112		84.504		620.088
113		-212.425		622.779
114		-494.753		487.641
115		-694.181		227.66
116		-752.49		-107.613
117		-642.367		-440.476
118		-380.774		-685.527
119		-28.2475		-775.576
120		326.91		-683.368
121		594.321		-430.757
122		707.806		-81.9398
123		643.006		276.257
124		421.047		559.347
125		98.77		706.616
126		-249.23		692.915
127		-549.671		529.382
128		-745.242		255.875
129		-802.723		-70.3105
130		-715.541		-385.719
131		-502.941		-630.617
132		-207.001		-757.937
133		112.962		-741.862
134		389.995		-585.012
135		563.337		-321.338
136		594.071		-11.4457
137		477.56		270.923
138		247.079		458.667
139		-34.5395		511.098
140		-293.682		426.158
141		-468.831		239.727
142		-528.867		11.8219
143		-479.69		-194.932
144		-357.022		-335.804
145		-209.28		-395.358
146		-78.4815		-386.072
147		12.5947		-336.498
148		62.5089		-275.738
149		83.6039		-221.9
150		90.3993		-179.167
151		90.7349		-143.034
152		83.9251		-108.979
153		65.5909		-78.6132
154		34.8757		-59.6268
155		-1.33009		-60.1414
156		-30.2552		-81.7224
157		-40.152		-116.157
158		-27.7354		-148.676
159		-1.02922		-166.109
160		24.8521		-165.036
161		37.0687		-154.565
162		34.1415		-151.248
163		28.9254		-168.326
164		42.7466		-205.271
165		93.0164		-244.057
166		180.743		-255.37
167		285.108		-212.579
168		369.031		-106.735
169		393.99		45.2851
170		337.332		204.297
171		203.661		323.004
172		24.5972		364.453
173		-153.039		316.134
174		-284.91		193.347
175		-344.286		30.9621
176		-327.996		-131.564
177		-251.657		-264.086
178		-138.3		-352.111
179		-7.53503		-393.861
180		128.742		-391.788
181		262.664		-345.186
182		382.52		-249.435
183		467.386		-102.843
184		489.606		83.2652
185		425.767		278.401
186		271.139		436.513
187		49.5134		510.066
188		-188.406		469.217
189		-379.507		317.058
190		-470.545		92.7922
191		-438.57		-139.983
192		-300.15		-315.648
193		-104.926		-390.118
194		83.7482		-355.407
195		212.437		-239.265
196		255.261		-90.9162
197		218.599		39.8229
198		132.336		120.376
199		33.369		142.905
200		-50.0159		119.876
201		-105.875		72.0173
202		-136.375		16.0916
203		-148.931		-41.1761
204		-147.113		-100.913
205		-126.938		-164.525
206		-80.354		-226.421
207		-3.20496		-272.097
208		97.6751		-283.094
209		202.991		-246.121
210		286.532		-161.128
211		325.087		-43.6793
212		307.653		79.8375
213		239.324		181.747
214		138.258		242.56
215		27.7796		255.94
216		-71.9974		227.481
217		-148.948		169.042
218		-198.564		92.5289
219		-220.051		6.69791
220		-212.4		-81.8295
221		-173.524		-165.095
222		-103.152		-231.259
223		-7.37131		-265.743
224		98.7007		-256.334
225		192.86		-199.729
226		252.417		-105.627
227		262.618		4.54318
228		222.656		104.388
229		145.998		171.853
230		54.6873		196.619
231		-29.5687		182.042
232		-93.0529		140.982
233		-132.744		88.1118
234		-153.224		33.0521
235		-160.159		-22.0101
236		-154.552		-79.2848
237		-131.35		-139.213
238		-83.3097		-195.289
239		-7.84261		-233.445
240		87.3203		-236.893
241		183.306		-194.18
242		255.17		-106.192
243		280.704		11.6819
244		248.798		133.554
245		163.439		231.325
246		41.806		283.323
247		-92.0507		279.514
248		-214.423		221.655
249		-306.655		119.662
250		-356.021		-12.743
251		-354.078		-160.261
252		-295.393		-305.36
253		-179.014		-426.559
254		-12.747		-498.802
255		182.419		-498.225
256		371.66		-410.86
257		512.24		-241.753
258		565.557		-19.4634
259		511.259		207.914
260		357.254		385.449
261		140.456		468.776
262		-83.3076		439.379
263		-256.932		311.295
264		-340.466		126.159
265		-323.037		-61.5139
266		-223.816		-202.765
267		-82.3469		-269.004
268		57.0387		-257.826
269		159.958		-188.765
270		210.332		-92.2292
271		210.342		2.73012
272		173.98		76.7158
273		118.541		122.06
274		58.3362		139.794
275		2.60349		134.805
276		-43.1654		112.407
277		-75.0514		77.7059
278		-90.0374		36.7878
279		-87.4295		-2.53609
280		-70.9098		-32.1597
281		-48.8715		-47.1437
282		-31.5795		-49.0927
283		-25.8877		-46.698
284		-30.3276		-51.9599
285		-33.9414		-73.1808
286		-20.6811		-108.212
287		21.8143		-142.112
288		93.0996		-151.676
289		175.505		-115.884
290		237.811		-27.8901
291		246.689		97.339
292		181.595		224.319
293		46.5001		308.002
294		-127.31		310.62
295		-289.571		217.56
296		-387.83		45.4145
297		-386.197		-161.567
298		-278.594		-345.549
299		-91.3097		-454.242
300		125.88		-457.73
301		316.148		-356.879
302		433.112		-180.974
303		453.13		23.4211
304		378.935		207.322
305		234.943		332.297
306		57.5882		377.799
307		-114.97		342.098
308		-250.516		238.656
309		-326.764		90.8396
310		-332.605		-72.8461
311		-268.281		-222.414
312		-145.495		-329.759
313		12.9377		-372.796
314		175.283		-340.489
315		306.147		-237.348
316		374.644		-85.0443
317		363.406		80.87
318		275.123		219.437
319		133.488		295.867
320		-22.7409		292.362
321		-151.156		214.041
322		-218.819		87.4313
323		-212.369		-48.266
324		-141.424		-154.088
325		-34.1036		-203.727
326		73.4892		-191.036
327		149.832		-130.177
328		178.007		-48.8073
329		159.835		22.8144
330		113.151		62.6377
331		63.7233		63.8067
332		35.0911		35.7294
333		39.9319		-0.641022
334		75.7608		-21.2872
335		126.087		-8.32792
336		166.388		43.0729
337		172.856		122.212
338		131.18		205.521
339		42.6371		263.687
340		-74.5154		271.235
341		-189.139		215.773
342		-266.047		103.921
343		-277.255		-38.3757
344		-212.237		-171.984
345		-83.5643		-255.949
346		74.6335		-260.863
347		215.776		-179.794
348		295.162		-32.5876
349		284.935		138.714
350		184.314		282.51
351		20.9856		354.356
352		-157.4		331.855
353		-298.917		222.169
354		-364.61		59.1578
355		-340.866		-108.841
356		-242.325		-235.9
357		-104.537		-293.498
358		30.3068		-277.972
359		128.499		-208.062
360		174.729		-114.444
361		173.319		-26.377
362		141.378		38.524
363		98.0461		77.3748
364		55.3765		97.6275
365		15.0902		108.521
366		-27.9569		113.461
367		-78.3269		107.494
368		-133.295		81.0044
369		-180.999		27.2006
370		-204.688		-51.1406
371		-190.84		-139.805
372		-136.626		-217.552
373		-52.4931		-264.685
374		41.7586		-271.268
375		125.4		-240.578
376		185.185		-185.979
377		219.192		-123.083
378		234.106		-61.757
379		237.767		-2.6813
380		231.682		59.4391
381		208.443		127.907
382		156.28		196.312
383		68.7458		246.447
384		-46.0059		254.397
385		-162.405		202.72
386		-244.308		92.6312
387		-259.55		-50.8488
388		-195.677		-184.912
389		-68.7621		-264.774
390		80.0697		-262.56
391		199.99		-180.239
392		251.191		-49.8988
393		221.369		79.4984
394		129.963		162.997
395		17.9852		178.323
396		-71.6279		133.37
397		-113.379		59.0738
398		-108.675		-8.40684
399		-80.8777		-46.736
400		-58.9759		-57.6456
401		-58.9776		-63.004
402		-73.4046		-88.9771
403		-75.0223		-147.112
404		-33.2356		-223.15
405		65.5198		-280.519
406		204.729		-277.717
407		340.078		-191.092
408		417.238		-31.0779
409		397.09		157.294
410		275.94		311.123
411		90.2329		376.281
412		-97.2838		331.322
413		-223.821		197.039
414		-252.841		26.9243
415		-187.93		-116.837
416		-67.9773		-190.139
417		53.3211		-183.699
418		133.006		-122.283
419		156.712		-47.8947
420		140.534		3.61514
421		117.132		20.1626
422		114.398		16.5128
423		138.567		22.0717
424		170.768		60.7984
425		178.527		134.643
426		135.579		219.731
427		38.923		277.455
428		-86.3414		274.502
429		-197.222		201.075
430		-252.868		77.5367
431		-233.999		-54.0822
432		-151.735		-149.318
433		-41.4883		-181.304
434		54.5799		-151.478
435		107.239		-85.9489
436		111.943		-20.1254
437		87.1304		19.8387
438		60.8567		28.9406
439		53.5644		22.7148
440		66.5391		25.1872
441		82.1072		52.5714
442		75.0704		101.927
443		28.7843		151.029
444		-53.0741		169.472
445		-145.511		134.989
446		-212.596		46.295
447		-223.845		-74.2462
448		-168.263		-189.356
449		-59.2326		-262.399
450		71.6544		-271.977
451		188.096		-218.795
452		262.911		-122.413
453		285.783		-10.7517
454		262.327		91.5648
455		206.675		170.218
456		132.823		221.12
457		49.7694		245.109
458		-37.521		242.049
459		-123.243		208.669
460		-196.3		141.654
461		-240.227		43.7771
462		-238.572		-71.3146
463		-183.2		-179.569
464		-80.8855		-253.197
465		45.9431		-270.885
466		165.468		-226.689
467		247.279		-133.165
468		272.888		-17.138
469		241.331		89.9272
470		167.809		162.499
471		76.6891		188.043
472		-7.388		168.27
473		-66.3445		115.327
474		-91.2892		45.8449
475		-81.3786		-23.977
476		-41.1532		-80.6509
477		21.3684		-113.59
478		95.0392		-115.072
479		165.423		-81.5226
480		216.031		-16.0354
481		232.069		69.6826
482		205.886		156.258
483		141.477		221.586
484		55.0516		248.475
485		-29.7283		231.668
486		-90.4699		180.501
487		-114.916		115.267
488		-105.58		58.4803
489		-77.5826		25.032
490		-50.52		16.124
491		-38.3249		20.1059
492		-42.2937		19.8757
493		-50.9212		3.05553
494		-46.69		-30.3698
495		-16.3219		-67.008
496		40.8431		-86.2563
497		110.726		-70.6366
498		169.812		-15.0342
499		195.24		69.7806
500		174.723		161.004
501		111.566		232.967
502		22.7137		267.075
503		-68.7108		257.914
504		-142.425		213.187
505		-187.284		148.399
506		-202.489		79.5876
507		-194.24		17.8792
508		-170.541		-31.9962
509		-137.32		-69.582
510		-97.6209		-95.2452
511		-53.4373		-107.981
512		-8.16867		-105.756
513		32.4296		-87.7488
514		61.6388		-56.5489
515		74.5857		-18.4994
516		70.5198		18.2577
517		52.9757		46.8409
518		27.7122		63.8074
519		-0.117722		69.0741
520		-27.5371		63.8179
521		-52.9114		48.1187
522		-73.3591		20.449
523		-82.5865		-20.0619
524		-71.4694		-69.7269
525		-32.1749		-117.519
526		35.805		-146.161
527		121.168		-137.952
528		201.291		-83.3414
529		248.938		11.9428
530		243.077		125.502
531		179.038		224.529
532		72.8056		277.882
533		-43.4037		268.89
534		-133.043		202.913
535		-169.629		105.797
536		-147.164		13.5665
537		-81.8391		-42.1423
538		-4.33006		-46.3484
539		53.5815		-5.31848
540		71.8182		58.1442
541		48.6079		115.925
542		-1.47031		146.723
543		-56.1292		143.543
544		-95.9016		113.835
545		-111.474		73.3538
546		-105.034		37.7215
547		-86.2274		16.084
548		-65.9087		9.41042
549		-51.341		13.0402
550		-44.8696		20.8871
551		-45.6015		28.4078
552		-51.8586		32.9719
553		-62.1832		32.4469
554		-74.2796		24.1295
555		-83.2681		5.72809
556		-81.5452		-21.7361
557		-61.6609		-51.2101
558		-21.4033		-69.7941
559		31.8231		-63.207
560		80.7121		-23.2135
561		103.496		45.7187
562		83.5286		124.749
563		18.5783		186.157
564		-75.2961		204.464
565		-168.23		168.243
566		-228.214		86.6768
567		-234.807		-13.013
568		-188.273		-96.6532
569		-109.419		-137.741
570		-29.9516		-128.547
571		22.0054		-82.2518
572		34.0672		-25.1386
573		13.4228		17.0098
574		-19.2873		31.2459
575		-42.4679		22.2132
576		-45.5695		7.15942
577		-34.1348		4.30768
578		-25.3456		21.2261
579		-36.7818		49.7302
580		-74.8403		70.1595
581		-129.424		62.6314
582		-178.015		18.973
583		-197.037		-51.3804
584		-174.345		-124.936
585		-116.011		-175.376
586		-43.681		-186.483
587		16.1236		-159.865
588		45.0159		-113.41
589		41.1506		-71.4536
590		18.702		-52.087
591		-1.00381		-58.4448
592		-1.62824		-78.4875
593		19.475		-93.0519
594		50.618		-87.4319
595		73.2619		-59.9589
596		73.2018		-22.8887
597		49.0963		4.7074
598		13.6109		7.90814
599		-13.3443		-15.425
600		-15.4154		-53.105
601		11.3697		-84.8992
602		56.5189		-93.0395
603		100.666		-71.1597
604		125.531		-26.9213
605		122.698		22.7592
606		96.5676		60.8586
607		60.3091		78.4858
608		27.6287		77.7402
609		5.3726		68.0305
610		-8.75702		58.5485
611		-22.3168		51.7528
612		-40.7707		41.9718
613		-61.4936		20.0559
614		-73.1886		-18.7323
615		-61.5818		-68.5218
616		-18.466		-112.513
617		51.0527		-129.491
618		127.585		-104.229
619		184.039		-36.4243
620		196.987		56.7187
621		157.411		146.04
622		75.5552		201.817
623		-22.5412		205.787
624		-105.232		158.309
625		-147.475		77.6537
626		-139.69		-7.85143
627		-89.8127		-70.9048
628		-18.4711		-94.6312
629		49.7982		-76.7611
630		95.1461		-27.8721
631		107.582		34.3673
632		87.691		91.8029
633		44.0074		130.653
634		-10.8424		143.66
635		-63.5278		130.115
636		-102.399		94.944
637		-119.282		47.5575
638		-111.179		0.310684
639		-81.6424		-34.0299
640		-40.8286		-45.9182
641		-3.17307		-32.7761
642		17.3573		-0.997139
643		12.9302		35.4686
644		-14.1759		60.207
645		-51.6642		61.3481
646		-82.033		37.2987
647		-90.3433		-1.84668
648		-71.3711		-38.3844
649		-32.5278		-54.9907
650		9.16463		-42.8885
651		34.7986		-6.15057
652		32.2995		40.0835
653		1.84966		76.6395
654		-44.6193		89.0751
655		-89.4489		73.8191
656		-117.571		38.7766
657		-122.852		-1.54869
658		-109.448		-33.532
659		-87.9733		-50.4535
660		-69.0452		-54.1082
661		-57.9941		-51.691
662		-53.5131		-50.3107
663		-50.5169		-52.6381
664		-44.9465		-56.2256
665		-37.2115		-56.5954
666		-31.9832		-51.783
667		-34.4874		-45.1109
668		-45.7729		-44.1046
669		-60.2251		-55.948
670		-67.3161		-82.1981
671		-56.9815		-116.173
672		-25.6539		-145.014
673		20.6726		-155.689
674		68.4491		-141.742
675		102.869		-106.942
676		115.11		-63.58
677		106.465		-26.1773
678		86.9717		-4.05144
679		69.2475		3.05237
680		61.0466		3.72795
681		60.8921		8.7492
682		59.4293		23.5764
683		45.8553		44.019
684		15.7363		57.8398
685		-24.4547		51.6876
686		-59.0489		19.5726
687		-70.6121		-32.0003
688		-49.245		-85.4493
689		1.34555		-119.73
690		64.5001		-120.309
691		117.887		-86.246
692		143.698		-30.6089
693		136.464		25.985
694		104.507		65.2144
695		64.5402		79.0697
696		32.6255		71.9767
697		16.5258		56.341
698		13.4563		44.4685
699		13.9953		41.6729
700		9.36005		44.4138
701		-2.55524		44.1665
702		-16.0204		34.263
703		-21.7225		15.2282
704		-13.5826		-4.83923
705		6.32583		-15.1569
706		28.0806		-9.38002
707		39.5306		9.60973
708		33.9353		30.5332
709		14.8606		40.0667
710		-5.01633		31.1401
711		-10.9705		8.13403
712		4.70212		-14.5247
713		36.9938		-20.0952
714		69.6164		0.542999
715		83.313		42.5073
716		66.7053		88.1502
717		23.539		115.794
718		-28.133		111.46
719		-64.9072		77.0771
720		-70.5406		30.2728
721		-45.1411		-4.61562
722		-5.68144		-9.70857
723		22.8811		16.2614
724		21.3406		56.6484
725		-12.6422		85.5791
726		-62.3804		82.2146
727		-100.566		42.8798
728		-104.038		-15.7892
729		-67.0193		-64.8278
730		-5.45397		-78.1559
731		50.32		-47.0079
732		71.0702		14.298
733		44.3132		74.7013
734		-18.248		101.907
735		-85.693		79.1469
736		-122.991		14.4505
737		-108.631		-62.5423
738		-45.763		-114.769
739		38.8394		-115.812
740		107.462		-62.7637
741		129.338		22.4371
742		94.8391		103.594
743		19.1941		147.214
744		-65.567		137.364
745		-125.859		81.4504
746		-141.186		4.88116
747		-111.331		-61.8037
748		-53.5392		-96.4237
749		7.61517		-92.8133
750		51.7242		-59.9253
751		69.6115		-14.3723
752		63.4042		28.5404
753		41.2268		60.3159
754		10.8376		79.1881
755		-23.6464		86.0497
756		-60.4638		80.258
757		-96.243		58.7748
758		-123.113		19.4086
759		-129.915		-34.2405
760		-107.666		-90.1031
761		-56.2648		-130.133
762		11.9785		-137.726
763		75.0991		-106.512
764		110.167		-45.4952
765		103.966		22.9693
766		60.1143		72.2334
767		-1.50739		83.3675
768		-53.2905		54.161
769		-72.4883		0.396172
770		-51.6894		-51.4773
771		-1.96685		-76.7426
772		52.8079		-63.7726
773		87.5217		-18.8125
774		87.4082		37.9037
775		54.0351		82.3806
776		3.14627		98.0556
777		-43.952		82.4441
778		-70.6571		46.4181
779		-71.7766		7.26742
780		-53.7903		-20.2653
781		-29.4117		-30.2003
782		-10.0768		-26.0184
783		-0.630768		-16.3543
784		1.27954		-8.85091
785		1.55833		-5.94268
786		4.59756		-4.73153
787		10.1244		-0.425842
788		13.7509		9.30576
789		10.5298		22.0457
790		-1.06053		31.8475
791		-17.4323		33.0579
792		-31.6509		24.1561
793		-37.5255		9.04748
794		-33.3859		-5.09238
795		-23.0975		-12.1021
796		-13.6066		-10.5363
797		-10.5261		-4.40992
798		-14.5542		-0.453033
799		-21.0489		-3.57089
800		-23.1235		-13.3992
801		-16.3801		-24.2455
802		-2.26102		-28.6279
803		12.2715		-22.3202
804		18.8014		-7.71571
805		12.9595		6.82705
806		-2.04074		11.6274
807		-16.28		1.78423
808		-18.3445		-18.9176
809		-2.14395		-38.9212
810		28.5941		-44.5829
811		61.0243		-27.7524
812		79.1463		8.95702
813		72.078		52.3735
814		40.2014		84.7179
815		-4.30084		92.3727
816		-43.0623		72.8655
817		-60.4986		36.2838
818		-51.4418		0.269844
819		-23.4232		-18.8096
820		7.56177		-13.8657
821		25.4696		9.9198
822		22.2691		38.5458
823		1.39755		57.0301
824		-25.0253		57.2674
825		-43.422		41.6832
826		-46.2555		20.914
827		-35.6506		7.11977
828		-21.327		6.90012
829		-14.303		17.8496
830		-20.1877		30.5639
831		-35.9809		34.7072
832		-52.1507		25.4353
833		-58.62		6.34958
834		-51.0146		-12.7307
835		-33.407		-21.7949
836		-15.893		-16.8231
837		-8.42242		-2.37266
838		-14.5697		11.0689
839		-29.0291		13.4944
840		-40.4895		1.79301
841		-38.3819		-17.7074
842		-19.6474		-32.2927
843		8.49957		-30.0066
844		31.6671		-6.9317
845		35.7961		29.5949
846		15.06		63.8957
847		-24.2488		79.682
848		-66.1728		68.5632
849		-92.7892		34.7446
850		-93.1867		-6.70891
851		-68.9941		-37.2484
852		-33.5319		-44.0488
853		-5.02906		-26.2605
854		2.53981		4.89162
855		-13.7572		32.1054
856		-44.8066		40.8635
857		-74.5507		26.538
858		-88.3422		-3.81091
859		-80.1443		-35.6025
860		-54.983		-54.4232
861		-25.6999		-53.1181
862		-6.04498		-34.7299
863		-3.88716		-10.1165
864		-17.9677		8.09943
865		-39.5147		11.8514
866		-57.4103		0.989708
867		-63.9022		-17.6963
868		-57.8919		-34.7797
869		-44.4394		-43.1986
870		-31.2699		-41.302
871		-24.543		-32.6696
872		-26.2038		-23.3421
873		-34.0208		-18.3948
874		-43.748		-19.8269
875		-51.746		-26.6481
876		-56.4294		-36.5902
877		-57.9259		-47.9776
878		-56.6002		-60.4299
879		-51.7989		-74.0658
880		-41.8905		-88.0109
881		-25.6561		-99.5369
882		-4.03844		-104.726
883		19.1201		-100.487
884		38.1538		-86.7225
885		48.1125		-67.1942
886		47.3949		-48.2893
887		38.8956		-36.1493
888		28.8441		-33.6504
889		23.8199		-38.9238
890		27.5008		-46.2978
891		38.8987		-49.2012
892		53.0229		-43.4685
893		63.561		-29.2783
894		66.0675		-10.7553
895		59.932		6.40774
896		48.1756		17.876
897		35.3981		22.5141
898		25.2202		22.2573
899		18.7248		20.3485
900		14.6576		19.2062
901		10.9901		19.279
902		6.62286		19.4769
903		2.02122		18.6609
904		-1.60158		16.9621
905		-3.85305		15.8451
906		-6.18095		16.7587
907		-11.3412		19.3071
908		-21.374		20.3904
909		-35.2996		15.3027
910		-48.2062		0.54039
911		-52.7893		-23.1845
912		-42.9713		-49.692
913		-17.8179		-69.0665
914		16.5509		-71.9767
915		48.5398		-54.5695
916		65.8273		-21.2962
917		61.1383		16.1409
918		36.0946		43.5923
919		0.975025		50.8463
920		-29.7623		36.4267
921		-44.1196		8.29488
922		-38.0758		-20.0142
923		-17.1916		-35.9417
924		6.5009		-33.8461
925		20.7002		-17.3537
926		18.9281		2.98498
927		3.43236		15.4003
928		-16.4503		12.9404
929		-29.4292		-3.25142
930		-28.0855		-24.9413
931		-12.3773		-41.3204
932		10.8032		-44.4847
933		31.4773		-33.0148
934		41.5635		-12.0098
935		38.343		10.0579
936		24.8315		25.673
937		7.31272		31.3989
938		-8.21302		28.3697
939		-18.5682		20.3895
940		-23.736		11.1996
941		-25.3111		2.71502
942		-24.5171		-4.8728
943		-21.3216		-11.6224
944		-15.218		-16.4354
945		-6.91878		-17.0437
946		0.573296		-11.6305
947		2.71996		-1.00521
948		-4.02535		10.3926
949		-19.3561		15.8431
950		-37.9167		9.7606
951		-51.0352		-8.62306
952		-50.9391		-33.6435
953		-35.327		-55.0942
954		-9.58546		-63.1121
955		15.0425		-53.647
956		26.8572		-31.4185
957		20.0389		-8.34166
958		-1.5502		2.21773
959		-25.4929		-7.4091
960		-36.723		-34.4624
961		-25.3944		-66.2389
962		7.39798		-85.9385
963		49.2625		-81.1068
964		82.027		-50.3485
965		90.5216		-4.69864
966		70.1841		37.2672
967		29.5356		58.2323
968		-13.8163		50.4046
969		-41.6307		19.0445
970		-43.6148		-20.4847
971		-21.7892		-50.5033
972		11.4258		-59.5229
973		40.1373		-47.115
974		53.0786		-22.8498
975		48.6067		-0.250286
976		34.1977		10.6925
977		21.1432		8.32779
978		17.7271		-0.929306
979		24.8075		-7.39768
980		36.141		-4.37837
981		42.9405		7.88838
982		39.7191		22.785
983		27.8198		31.8667
984		14.5239		30.4958
985		8.33517		21.0476
986		13.3701		11.6736
987		26.3427		11.3145
988		38.1022		23.9598
989		38.9447		45.6866
990		24.5957		66.4261
991		-0.759644		75.6097
992		-26.3909		68.4738
993		-40.9974		49.2642
994		-39.4015		29.2502
995		-26.0303		20.4302
996		-12.9488		28.3767
997		-13.2663		48.3466
998		-33.4461		67.0953
999		-68.8452		69.6936
1000		-105.175		47.7868
1001		-125.37		4.77861
1002		-118.346		-45.032
1003		-84.9803		-83.1099
1004		-38.0503		-95.7343
1005		3.91574		-80.7006
1006		25.6862		-48.1561
1007		22.5347		-15.1832
1008		1.89954		2.94165
1009		-21.2087		0.17437
1010		-32.4269		-18.0057
1011		-25.4192		-38.4153
1012		-4.5653		-47.7776
1013		18.2214		-39.8756
1014		30.5091		-18.4362
1015		26.1831		5.56429
1016		8.38818		20.3792
1017		-12.8046		19.9756
1018		-26.4019		6.94183
1019		-26.6031		-9.58105
1020		-15.5967		-19.4766
1021		-1.67182		-17.3792
1022		5.98277		-5.2787
1023		2.58908		9.2884
1024		-9.90041		18.126
1025		-24.6608		17.261
1026		-34.6728		8.87418
1027		-37.2025		-0.771347
1028		-35.2578		-5.96857
1029		-35.1153		-5.74397
1030		-41.486		-4.81925
1031		-53.4312		-10.575
1032		-63.7981		-27.7495
1033		-62.8814		-54.1436
1034		-44.4171		-80.2086
1035		-10.4275		-93.2337
1036		28.1638		-84.1235
1037		55.9749		-53.0585
1038		60.6288		-10.6884
1039		39.3353		26.1955
1040		0.936459		42.5423
1041		-37.9384		32.4591
1042		-60.833		2.21976
1043		-59.4944		-32.8439
1044		-37.7957		-56.0704
1045		-9.47554		-57.854
1046		9.15025		-40.344
1047		7.71277		-16.0439
1048		-12.8642		-1.0821
1049		-40.9224		-6.69368
1050		-60.1493		-33.3249
1051		-57.9639		-70.332
1052		-31.881		-101.294
1053		9.29578		-112.093
1054		49.8599		-97.6163
1055		74.7333		-63.8232
1056		76.2679		-24.4353
1057		57.0611		5.76823
1058		27.7656		17.5175
1059		1.45214		10.3438
1060		-12.3604		-8.59647
1061		-11.0927		-28.982
1062		1.32387		-42.3947
1063		17.797		-45.3938
1064		32.0706		-39.4486
1065		41.1338		-28.4636
1066		45.0918		-15.8409
1067		45.2017		-2.95566
1068		41.8089		10.2752
1069		33.7465		23.5251
1070		19.6001		34.5412
1071		-0.138678		39.3331
1072		-21.7159		34.2169
1073		-38.8154		18.5234
1074		-45.2939		-3.84124
1075		-38.5556		-25.2673
1076		-21.5799		-37.6466
1077		-2.20187		-36.3717
1078		10.2879		-22.9595
1079		9.61308		-4.72211
1080		-4.26447		8.56302
1081		-24.9465		9.39851
1082		-42.6558		-3.68793
1083		-49.069		-25.366
1084		-41.4791		-46.1541
1085		-24.1546		-57.1888
1086		-6.18721		-54.7096
1087		3.09539		-41.9993
1088		-1.14217		-27.8186
1089		-16.7057		-22.1266
1090		-35.2353		-31.1966
1091		-46.0058		-54.4703
1092		-40.8149		-84.582
1093		-17.695		-110.442
1094		18.1598		-121.885
1095		56.5014		-113.773
1096		86.0845		-87.8883
1097		98.8663		-52.0034
1098		92.6829		-16.7739
1099		71.5603		8.13051
1100		43.8353		17.1578
1101		19.0382		10.2748
1102		4.75106		-7.58172
1103		4.43759		-28.5482
1104		16.7645		-44.5503
1105		36.4289		-49.827
1106		56.118		-42.5695
1107		68.9828		-25.2661
1108		70.8978		-3.67044
1109		61.7959		15.3168
1110		45.5818		26.2006
1111		28.5464		26.9815
1112		16.7699		19.9304
1113		13.4941		10.6041
1114		17.5965		5.36401
1115		23.9565		8.37086
1116		25.716		19.3945
1117		17.5394		33.5395
1118		-1.59176		43.172
1119		-27.4141		41.3005
1120		-51.8293		24.8948
1121		-66.2074		-3.4262
1122		-65.0715		-36.1974
1123		-48.4604		-64.0845
1124		-21.871		-79.6767
1125		6.15618		-80.3451
1126		27.6276		-68.9012
1127		38.1656		-51.8789
1128		38.2003		-36.411
1129		31.9297		-27.2693
1130		24.8039		-25.4164
1131		20.9305		-28.5287
1132		21.6585		-32.9087
1133		25.8186		-35.5771
1134		31.149		-35.4312
1135		35.8643		-33.0531
1136		39.4222		-29.6007
1137		42.1906		-25.7036
1138		44.4854		-21.1436
1139		45.8341		-15.4605
1140		45.1077		-8.91886
1141		41.4894		-2.98228
1142		35.5748		0.248909
1143		29.6893		-0.566746
1144		26.9328		-4.65951
1145		29.3007		-8.87403
1146		35.9601		-8.96701
1147		42.8808		-2.01008
1148		44.3884		11.3798
1149		36.1091		26.405
1150		17.8335		35.7511
1151		-5.36858		33.0283
1152		-24.7068		16.3638
1153		-31.4687		-9.78541
1154		-21.3503		-35.8014
1155		2.85309		-50.8133
1156		31.7205		-47.6484
1157		52.8775		-26.4755
1158		56.3064		4.70702
1159		38.8603		33.1223
1160		5.86018		46.4967
1161		-30.9893		38.1853
1162		-58.4043		9.84237
1163		-66.8482		-29.4815
1164		-54.0331		-67.2573
1165		-25.2092		-92.5193
1166		9.59815		-99.7878
1167		39.903		-90.3405
1168		58.6155		-70.657
1169		63.9159		-49.1295
1170		58.7423		-32.7129
1171		48.6163		-24.8981
1172		39.105		-25.4985
1173		34.0444		-31.8123
1174		34.9789		-40.2265
1175		41.5413		-47.4512
1176		52.1553		-51.0875
1177		64.5756		-49.7499
1178		76.2046		-43.136
1179		84.4559		-32.2208
1180		87.4314		-19.3631
1181		84.8259		-7.91346
1182		78.5665		-1.09443
1183		72.5676		-0.431686
1184		71.3269		-4.50034
1185		77.7511		-8.8508
1186		91.2134		-7.52431
1187		106.979		4.26225
1188		117.607		27.4435
1189		115.978		57.8452
1190		98.6605		87.2061
1191		67.9807		106.28
1192		31.6546		108.732
1193		-0.0634079		94.0312
1194		-18.5208		67.9131
1195		-20.2293		40.0982
1196		-8.20056		20.255
1197		9.55759		14.0428
1198		23.6556		21.0275
1199		27.3466		35.3437
1200		19.1295		48.6741
1201		2.84401		54.0543
1202		-14.5909		48.7231
1203		-26.5681		34.8091
1204		-29.6568		17.7495
1205		-24.6872		3.40197
1206		-15.7503		-4.67991
1207		-7.81257		-6.56893
1208		-4.20401		-5.43853
1209		-5.14676		-5.64127
1210		-7.87261		-10.424
1211		-8.09724		-20.3339
1212		-2.06418		-32.9259
1213		11.7475		-43.742
1214		31.8787		-48.038
1215		54.2654		-42.5439
1216		73.4828		-26.6678
1217		84.3898		-2.83829
1218		83.6911		24.0422
1219		71.0208		47.8572
1220		49.2683		62.9539
1221		23.9979		65.8374
1222		1.99713		56.4096
1223		-10.7444		38.285
1224		-11.047		17.9096
1225		0.184292		2.58463
1226		18.0276		-2.02927
1227		35.1111		5.97619
1228		44.2256		23.9206
1229		41.0109		45.4298
1230		25.614		62.8046
1231		2.59016		69.9415
1232		-20.9426		64.5983
1233		-38.1149		49.0621
1234		-44.8822		28.9872
1235		-41.3037		10.9824
1236		-31.093		0.0438156
1237		-19.8013		-2.09093
1238		-12.5542		2.88451
1239		-12.3288		10.9767
1240		-19.3466		17.6171
1241		-31.5423		19.1638
1242		-45.6015		13.6849
1243		-57.9742		1.01883
1244		-65.5345		-17.5373
1245		-65.9436		-39.5547
1246		-57.9799		-61.7201
1247		-41.9854		-80.214
1248		-20.2569		-91.4896
1249		3.06026		-93.455
1250		22.9472		-86.6204
1251		35.2884		-74.4931
1252		38.7857		-62.6564
1253		35.9916		-56.5876
1254		32.6515		-59.0443
1255		35.3038		-68.3258
1256		48.0677		-78.5125
1257		70.1748		-81.9083
1258		95.6657		-72.7407
1259		115.706		-50.3521
1260		122.638		-20.1554
1261		113.857		8.38378
1262		93.4957		25.9853
1263		70.8674		28.0247
1264		56.2287		16.9695
1265		55.8503		1.41418
1266		68.8596		-7.97823
1267		87.5376		-3.71207
1268		101.052		14.7326
1269		100.851		40.4887
1270		85.0506		62.5896
1271		59.5787		71.3899
1272		35.455		63.453
1273		23.4897		43.4735
1274		28.983		22.2663
1275		48.9923		11.7831
1276		73.4558		19.5533
1277		89.5847		45.1586
1278		87.4159		80.303
1279		63.9858		112.288
1280		24.3836		129.161
1281		-20.5019		124.216
1282		-58.2609		98.046
1283		-79.2799		57.6665
1284		-79.431		13.5371
1285		-60.475		-23.9946
1286		-28.605		-47.4406
1287		7.83774		-53.4663
1288		40.5219		-42.8874
1289		62.7129		-19.9302
1290		70.3515		8.79219
1291		62.8238		35.5072
1292		43.3779		52.8785
1293		18.7973		55.9746
1294		-2.10466		44.1472
1295		-11.1699		21.9395
1296		-4.02132		-1.80843
1297		17.6906		-16.8297
1298		46.2037		-15.4338
1299		70.2016		4.00352
1300		79.2432		35.777
1301		68.2453		68.681
1302		39.9578		90.3848
1303		4.16564		92.5301
1304		-26.1619		74.28
1305		-40.109		42.7062
1306		-33.1206		9.86909
1307		-8.53946		-12.0353
1308		24.1186		-15.266
1309		53.1315		1.03738
1310		68.8681		31.3304
1311		66.6272		66.379
1312		47.2007		96.6844
1313		15.5405		115.12
1314		-21.3484		118.069
1315		-56.2122		105.315
1316		-82.6384		79.4492
1317		-95.7374		45.3904
1318		-92.9639		9.98878
1319		-75.2155		-18.8651
1320		-47.6312		-34.118
1321		-19.0946		-32.2023
1322		0.20438		-15.3217
1323		2.72227		8.16506
1324		-12.6014		26.232
1325		-38.7619		28.0795
1326		-62.7883		9.41189
1327		-71.1854		-24.6287
1328		-56.4383		-60.8437
1329		-21.3149		-83.6018
1330		21.5817		-82.3042
1331		55.3122		-56.9726
1332		66.7498		-18.8375
1333		53.3039		14.8138
1334		24.5466		29.2303
1335		-2.4731		19.8881
1336		-12.1089		-4.90336
1337		1.34784		-28.1887
1338		30.1323		-33.471
1339		56.6903		-14.059
1340		62.9998		22.4381
1341		40.7848		57.2252
1342		-2.89617		69.8244
1343		-48.006		49.2155
1344		-71.0512		0.717876
1345		-57.1095		-55.2992
1346		-8.15704		-92.6253
1347		56.8106		-91.8955
1348		110.218		-50.3429
1349		128.82		16.43
1350		104.616		81.6648
1351		48.2779		120.029
1352		-16.5423		119.201
1353		-64.9487		84.6785
1354		-82.4777		35.638
1355		-70.8017		-5.65675
1356		-44.8712		-25.1198
1357		-23.4975		-22.904
1358		-18.7637		-11.3956
1359		-30.0242		-6.74338
1360		-45.4879		-18.9573
1361		-50.0726		-46.1658
1362		-34.783		-76.0705
1363		-2.19021		-93.4679
1364		35.0167		-89.3018
1365		61.3836		-65.9584
1366		67.5482		-35.803
1367		55.4061		-13.9275
1368		36.6134		-9.43271
1369		25.3718		-20.3925
1370		29.8008		-35.4616
1371		47.0467		-41.1751
1372		65.1018		-30.6057
1373		70.3704		-8.16967
1374		56.5717		12.4534
1375		29.6438		16.3229
1376		5.48372		-3.35114
1377		1.44452		-39.9157
1378		26.1996		-75.48
1379		73.7444		-89.8194
1380		125.209		-71.3103
1381		157.903		-23.8795
1382		156.956		34.0694
1383		123.307		78.4959
1384		73.6398		91.8207
1385		32.084		71.9031
1386		17.9741		33.0986
1387		36.0664		-1.21758
1388		74.3483		-10.7389
1389		110.527		11.4178
1390		123.703		55.46
1391		105.073		100.326
1392		62.1258		124.735
1393		14.3826		118.003
1394		-16.8379		85.0805
1395		-19.1301		43.4615
1396		5.28892		13.9659
1397		41.4636		10.4014
1398		69.7072		33.3838
1399		75.2407		71.0567
1400		54.5354		105.689
1401		15.6162		122.238
1402		-27.0048		114.415
1403		-59.4191		85.692
1404		-73.5547		45.7242
1405		-68.3411		5.02567
1406		-47.2954		-28.8258
1407		-15.0267		-51.7795
1408		24.6606		-61.4204
1409		68.002		-54.9704
1410		109.016		-29.4166
1411		138.268		15.7818
1412		144.666		75.1643
1413		120.262		135.797
1414		65.682		179.929
1415		-7.19547		191.473
1416		-77.7057		163.469
1417		-123.701		102.57
1418		-130.578		27.7174
1419		-97.6165		-36.9449
1420		-38.319		-71.7716
1421		25.5865		-69.2901
1422		73.5451		-36.1475
1423		94.3089		11.4042
1424		88.922		55.8665
1425		67.5275		86.2071
1426		42.3022		101.058
1427		20.742		106.253
1428		3.00122		108.801
1429		-15.631		111.287
1430		-39.1655		110.158
1431		-66.1104		98.815
1432		-88.7059		73.3507
1433		-96.887		37.084
1434		-84.6345		0.714294
1435		-54.7428		-22.42
1436		-18.8149		-23.4307
1437		7.93819		-3.16666
1438		14.3752		27.5949
1439		-0.757996		53.4565
1440		-28.2975		62.386
1441		-53.8635		51.8841
1442		-65.9116		29.7784
1443		-62.0237		9.14322
1444		-49.774		0.26741
1445		-41.6308		4.37717
1446		-46.8625		12.864
1447		-65.2548		12.5805
1448		-86.4811		-5.83483
1449		-95.7002		-41.5365
1450		-82.2537		-82.9088
1451		-46.3727		-113.458
1452		0.208736		-120.934
1453		40.3793		-104.398
1454		61.1887		-74.9542
1455		61.3018		-49.4023
1456		51.8397		-40.2402
1457		49.7439		-47.7504
1458		67.1418		-59.0068
1459		102.729		-54.8803
1460		140.382		-21.5562
1461		156.417		39.7144
1462		132.115		110.307
1463		65.0353		161.242
1464		-27.0328		166.467
1465		-111.998		115.868
1466		-156.712		21.4553
1467		-141.243		-86.4578
1468		-67.4079		-171.271
1469		42.2175		-204.535
1470		153.81		-176.179
1471		235.382		-96.4211
1472		267.331		10.4104
1473		246.399		116.122
1474		182.827		197.737
1475		93.8549		241.888
1476		-2.26072		244.305
1477		-89.0935		206.997
1478		-152.092		136.312
1479		-178.333		43.3556
1480		-158.535		-54.5378
1481		-91.6739		-134.291
1482		10.2929		-171.901
1483		121.587		-151.147
1484		208.416		-72.4734
1485		240.68		43.1772
1486		204.896		159.221
1487		111.886		236.446
1488		-5.61841		249
1489		-105.546		195.825
1490		-154.072		101.507
1491		-139.961		5.44439
1492		-78.5962		-55.8519
1493		-3.53683		-64.8225
1494		50.2314		-29.402
1495		62.9242		23.05
1496		38.1176		61.0352
1497		-1.41027		65.2966
1498		-27.4745		37.7628
1499		-22.2104		-1.3039
1500		12.7757		-25.868
1501		58.4958		-19.1005
1502		90.2416		17.6041
1503		91.8725		66.368
1504		64.5029		103.917
1505		24.7678		115.29
1506		-6.02764		102.065
1507		-15.236		80.292
1508		-6.58029		69.4558
1509		2.55114		79.1689
1510		-7.15822		101.817
1511		-43.0917		116.055
1512		-93.2356		99.7132
1513		-130.279		44.9202
1514		-125.894		-33.5416
1515		-67.7397		-102.312
1516		30.3833		-124.839
1517		131.577		-80.477
1518		191.505		22.8151
1519		179.211		149.377
1520		92.5512		250.554
1521		-39.7423		286.19
1522		-170.537		242.268
1523		-255.034		136.09
1524		-269.378		6.87824
1525		-218.24		-102.81
1526		-128.536		-165.057
1527		-33.7999		-175.129
1528		41.7265		-147.405
1529		90.8794		-102.573
1530		120.09		-54.4712
1531		138.271		-4.45172
1532		146.05		53.9474
1533		132.777		123.809
1534		83.6602		195.112
1535		-7.20171		243.76
1536		-126.267		241.439
1537		-240.071		171.581
1538		-306.94		42.4159
1539		-295.897		-111.172
1540		-203.063		-239.569
1541		-56.4092		-299.247
1542		94.6307		-272.307
1543		200.254		-174.729
1544		231.894		-48.7903
1545		193.604		56.7862
1546		117.668		109.051
1547		46.9333		104.361
1548		13.1609		66.7745
1549		22.4448		32.7765
1550		54.7815		30.7957
1551		77.2676		66.3265
1552		63.3431		120.104
1553		7.69197		159.615
1554		-70.8108		157.227
1555		-139.051		105.106
1556		-166.655		19.2995
1557		-140.804		-68.4679
1558		-71.4644		-126.24
1559		14.8078		-136.076
1560		88.1792		-100.07
1561		128.383		-36.1524
1562		130.669		32.6078
1563		103.054		88.5014
1564		58.2106		123.848
1565		5.97552		138.532
1566		-48.807		133.772
1567		-102.599		107.641
1568		-147.448		56.2305
1569		-168.72		-19.9817
1570		-149.635		-109.203
1571		-81.2632		-186.766
1572		27.71		-222.221
1573		148.295		-193.079
1574		239.293		-98.4715
1575		264.006		35.298
1576		208.01		161.971
1577		88.7132		233.512
1578		-49.2215		221.294
1579		-151.675		129.995
1580		-178.296		-3.13173
1581		-120.184		-123.953
1582		-3.43993		-184.999
1583		123.197		-165.735
1584		210.582		-80.0214
1585		230.509		32.3798
1586		186.12		125.533
1587		107.109		168.28
1588		33.1185		156.355
1589		-5.70479		110.609
1590		-1.2932		63.5787
1591		32.0097		42.2404
1592		68.0504		55.9655
1593		83.6102		95.0429
1594		69.1325		138.994
1595		30.4313		168.771
1596		-18.0238		175.569
1597		-62.9302		161.833
1598		-98.5826		135.268
1599		-126.235		100.92
1600		-147.674		57.2939
1601		-158.257		-0.497658
1602		-145.222		-72.5304
1603		-93.7604		-146.614
1604		1.80298		-197.66
1605		128.342		-196.301
1606		252.57		-123.582
1607		330.814		15.7377
1608		326.681		189.082
1609		228.498		344.882
1610		57.6586		431.537
1611		-137.091		418.213
1612		-297.572		307.74
1613		-378.387		135.411
1614		-363.283		-45.7698
1615		-268.472		-186.303
1616		-132.139		-257.916
1617		3.87774		-259.988
1618		110.861		-212.942
1619		180.577		-143.444
1620		220.866		-70.0688
1621		243.543		3.00153
1622		252.55		81.6519
1623		239.669		170.562
1624		190.341		262.59
1625		96.0439		335.975
1626		-34.3483		361.983
1627		-171.628		319.512
1628		-274.702		208.876
1629		-307.209		56.8529
1630		-254.382		-90.6839
1631		-131.646		-185.99
1632		19.7937		-198.783
1633		148.804		-128.673
1634		214.534		-4.89485
1635		201.832		126.442
1636		125.183		221.529
1637		20.0129		255.674
1638		-73.9269		230.545
1639		-129.086		169.483
1640		-139.255		104.194
1641		-118.089		59.7638
1642		-89.0479		44.9738
1643		-72.5072		51.6522
1644		-76.4541		62.0804
1645		-94.6499		59.8077
1646		-112.076		38.1985
1647		-113.997		2.89201
1648		-93.7214		-32.1759
1649		-55.4732		-52.3666
1650		-11.6602		-49.3702
1651		23.3329		-24.398
1652		39.3587		13.3699
1653		33.8404		51.5346
1654		11.2596		79.6219
1655		-20.104		92.1832
1656		-51.9723		88.9628
1657		-78.4594		72.9332
1658		-96.3548		47.9172
1659		-103.971		17.2732
1660		-99.9225		-15.9234
1661		-82.9322		-47.885
1662		-52.8164		-73.4815
1663		-11.8819		-86.8059
1664		34.3799		-82.883
1665		77.9975		-59.6599
1666		110.463		-19.1798
1667		125.022		32.6977
1668		118.249		87.8364
1669		90.3544		137.772
1670		44.4265		175.126
1671		-14.5832		194.048
1672		-80.3298		190.035
1673		-144.788		159.942
1674		-197.777		102.919
1675		-227.334		22.274
1676		-221.75		-72.6098
1677		-173.229		-165.716
1678		-82.0481		-236.354
1679		40.6186		-263.819
1680		172.912		-233.638
1681		286.265		-143.277
1682		352.388		-5.05138
1683		351.223		155.234
1684		277.24		303.879
1685		141.959		407.588
1686		-28.2249		441.966
1687		-198.221		397.715
1688		-332.568		282.85
1689		-403.539		120.591
1690		-397.02		-56.1625
1691		-315.007		-212.127
1692		-174.604		-316.922
1693		-4.12008		-350.926
1694		162.728		-308.835
1695		293.445		-200.517
1696		363.203		-49.091
1697		360.049		113.616
1698		287.792		253.687
1699		165.623		342.74
1700		23.966		364.897
1701		-102.943		321.124
1702		-186.146		229.239
1703		-210.123		118.987
1704		-177.269		23.1648
1705		-106.764		-32.5918
1706		-27.796		-37.8859
1707		30.8154		-0.420807
1708		50.8824		57.6961
1709		31.0529		109.05
1710		-13.621		131.986
1711		-58.7298		119.2
1712		-81.3582		80.2512
1713		-70.2002		36.8316
1714		-30.5541		12.7442
1715		18.0579		22.915
1716		50.6839		66.303
1717		48.2962		125.924
1718		6.63426		176.051
1719		-61.4498		193.399
1720		-131.2		167.287
1721		-176.328		104.239
1722		-179.84		25.0793
1723		-140.48		-43.9488
1724		-72.1442		-81.8131
1725		3.0209		-80.2183
1726		64.2207		-44.897
1727		99.6334		9.29877
1728		108.702		66.4621
1729		98.6774		116.486
1730		77.9818		157.33
1731		50.4917		192.037
1732		14.0465		222.812
1733		-36.0569		246.089
1734		-100.803		251.913
1735		-172.38		228.456
1736		-233.756		169.481
1737		-263.939		80.6512
1738		-246.81		-19.0905
1739		-179.323		-102.486
1740		-74.8949		-143.454
1741		39.9261		-126.94
1742		134.238		-54.6891
1743		183.126		55.5059
1744		175.144		176.43
1745		114.154		280.624
1746		15.61		348.018
1747		-100.031		369.246
1748		-213.262		344.456
1749		-308.44		279.787
1750		-373.615		184.402
1751		-399.276		69.8525
1752		-378.517		-48.6778
1753		-309.77		-151.579
1754		-200.917		-216.954
1755		-71.789		-226.519
1756		47.9438		-173.394
1757		126.417		-67.9298
1758		140.542		62.2842
1759		85.674		179.757
1760		-20.8865		249.697
1761		-145.033		252.807
1762		-248.141		192.525
1763		-301.463		93.1713
1764		-296.308		-10.444
1765		-245.499		-87.3336
1766		-175.647		-122.094
1767		-114.114		-118.899
1768		-76.9592		-96.3243
1769		-63.4485		-76.0114
1770		-59.3344		-71.0537
1771		-46.688		-79.8052
1772		-14.9822		-87.8813
1773		32.2432		-76.9167
1774		78.325		-35.3678
1775		101.306		34.1291
1776		84.5983		114.363
1777		25.2926		180.088
1778		-63.6174		208.194
1779		-157.733		186.813
1780		-230.04		119.593
1781		-259.994		23.9436
1782		-239.412		-75.2415
1783		-173.603		-153.338
1784		-78.426		-192.306
1785		24.7628		-184.031
1786		114.259		-130.752
1787		172.128		-43.5363
1788		187.127		60.2737
1789		156.599		160.267
1790		87.2158		236.846
1791		-6.0084		275.53
1792		-102.977		270.699
1793		-183.726		227.268
1794		-234.09		159.063
1795		-249.526		83.9977
1796		-235.21		17.8058
1797		-202.178		-30.8412
1798		-161.354		-61.4238
1799		-118.646		-78.3573
1800		-73.9007		-85.3852
1801		-24.3894		-81.0702
1802		29.2465		-58.487
1803		78.4635		-9.88639
1804		107.19		66.0064
1805		97.9992		158.452
1806		41.4662		244.954
1807		-56.2995		298.479
1808		-172.699		298.855
1809		-275.907		242.721
1810		-337.58		146.485
1811		-344.879		39.9983
1812		-305.5		-46.4577
1813		-242.708		-95.4271
1814		-182.651		-108.764
1815		-140.648		-103.665
1816		-114.064		-100.2
1817		-86.1048		-107.249
1818		-38.896		-115.077
1819		31.3354		-99.6254
1820		105.992		-37.1729
1821		148.691		78.074
1822		121.919		223.437
1823		8.08943		351.38
1824		-175.94		407.395
1825		-379.48		354.615
1826		-535.204		193.374
1827		-586.01		-34.4293
1828		-509.366		-259.33
1829		-327.635		-410.964
1830		-99.3588		-445.422
1831		104.43		-360.922
1832		227.773		-195.16
1833		248.648		-6.62622
1834		181.415		150.326
1835		63.585		244.539
1836		-64.6623		273.13
1837		-177.014		252.373
1838		-265.683		201.691
1839		-333.702		131.087
1840		-381.64		39.4024
1841		-398.57		-76.3669
1842		-364.226		-207.609
1843		-262.142		-326.448
1844		-96.239		-390.887
1845		99.8416		-362.297
1846		268.369		-227.031
1847		348.018		-10.2856
1848		300.634		226.86
1849		131.223		408.214
1850		-109.66		472.74
1851		-343.843		400.498
1852		-496.54		221.694
1853		-526.484		4.00739
1854		-441.282		-176.281
1855		-291.043		-266.053
1856		-143.665		-255.391
1857		-53.8269		-177.099
1858		-40.3469		-86.9239
1859		-82.0274		-34.8066
1860		-132.814		-41.318
1861		-147.795		-90.2198
1862		-106.802		-139.721
1863		-24.3244		-145.834
1864		58.309		-85.791
1865		93.6885		29.7904
1866		51.3906		161.172
1867		-67.6298		257.183
1868		-231.348		277.272
1869		-390.339		207.635
1870		-497.466		64.9287
1871		-524.407		-112.518
1872		-468.528		-280.442
1873		-348.973		-403.553
1874		-195.926		-463.637
1875		-39.2662		-459.254
1876		98.3456		-399.749
1877		202.418		-298.389
1878		263.664		-168.569
1879		274.933		-24.153
1880		231.031		117.976
1881		131.946		236.481
1882		-12.6437		307.741
1883		-180.859		311.797
1884		-340.596		239.828
1885		-456.287		99.7266
1886		-498.424		-83.0252
1887		-452.493		-270.103
1888		-324.178		-419.413
1889		-139.106		-495.723
1890		62.7788		-479.772
1891		236.61		-373.434
1892		343.341		-199.725
1893		359.282		2.35835
1894		282.131		187.042
1895		131.868		313.018
1896		-54.102		353.982
1897		-230.725		305.496
1898		-357.516		185.85
1899		-409.556		30.2136
1900		-383.57		-120.306
1901		-296.881		-231.019
1902		-179.715		-282.935
1903		-64.0703		-275.64
1904		26.1777		-223.209
1905		79.9894		-145.701
1906		97.4498		-60.7665
1907		83.7351		20.5485
1908		43.0586		92.3507
1909		-23.3778		148.814
1910		-114.099		179.814
1911		-221.091		171.348
1912		-325.373		111.852
1913		-398.851		1.47026
1914		-413.555		-141.378
1915		-354.749		-281.424
1916		-231.183		-377.448
1917		-75.9927		-398.85
1918		64.0853		-340.1
1919		147.489		-225.204
1920		156.022		-98.5698
1921		103.173		-5.45958
1922		27.4869		28.9866
1923		-26.7624		11.5924
1924		-32.5268		-22.8028
1925		5.02787		-30.0215
1926		49.7553		18.8185
1927		52.3607		119.119
1928		-23.3138		230.885
1929		-178.457		295.102
1930		-373.205		261.317
1931		-540.194		113.372
1932		-612.102		-119.201
1933		-550.609		-369.974
1934		-363.477		-560.802
1935		-102.149		-631.92
1936		158.38		-563.551
1937		347.654		-380.194
1938		423.06		-137.395
1939		379.096		101.171
1940		241.011		284.95
1941		48.8678		387.273
1942		-158.334		403.575
1943		-350.811		341.908
1944		-506.813		213.926
1945		-606.707		32.539
1946		-629.724		-183.278
1947		-558.394		-401.858
1948		-389.83		-577.949
1949		-147.185		-662.243
1950		117.39		-619.511
1951		333.608		-447.268
1952		435.807		-184.627
1953		388.629		95.4931
1954		203.609		309.811
1955		-62.1031		394.749
1956		-325.659		330.083
1957		-509.015		145.508
1958		-566.82		-92.7721
1959		-499.791		-309.111
1960		-348.7		-446.764
1961		-173.248		-485.253
1962		-26.694		-440.533
1963		62.0536		-350.358
1964		92.15		-253.932
1965		81.4386		-176.393
1966		51.4765		-124.544
1967		16.0848		-93.2576
1968		-21.0284		-76.1466
1969		-60.3565		-72.6412
1970		-98.3964		-87.0402
1971		-124.196		-121.057
1972		-124.069		-166.117
1973		-91.9481		-202.221
1974		-38.3549		-206.122
1975		9.23695		-165.327
1976		17.2538		-89.7912
1977		-36.0992		-13.1592
1978		-145.239		19.5552
1979		-273.37		-26.5845
1980		-364.593		-156.153
1981		-367.936		-335.25
1982		-262.428		-501.341
1983		-70.7881		-588.072
1984		145.965		-554.286
1985		311.689		-403.724
1986		366.135		-185.835
1987		289.894		23.1528
1988		112.099		150.51
1989		-102.158		155.12
1990		-278.426		41.3495
1991		-361.188		-146.319
1992		-331.723		-343.872
1993		-209.225		-493.091
1994		-37.1854		-560.243
1995		136.526		-541.414
1996		275.925		-455.069
1997		363.206		-328.461
1998		395.094		-186.2
1999		374.674		-46.2625
2000		305.568		76.8765
2001		192.498		166.991
2002		47.0671		204.806
2003		-106.652		173.668
2004		-232.77		70.0112
2005		-293.112		-87.7482
2006		-262.677		-258.653
2007		-143.632		-390.018
2008		30.1824		-436.539
2009		202.36		-379.528
2010		314.237		-236.931
2011		328.048		-58.3889
2012		242.549		93.5587
2013		93.6272		168.384
2014		-60.8143		147.671
2015		-165.226		51.4569
2016		-189.272		-71.9678
2017		-139.164		-168.063
2018		-52.7489		-199.924
2019		18.9865		-163.511
2020		35.4324		-87.8477
2021		-15.5797		-20.6784
2022		-112.788		-6.39273
2023		-211.199		-66.0385
2024		-261.727		-187.84
2025		-232.101		-331.724
2026		-120.4		-445.315
2027		43.8303		-484.389
2028		210.578		-429.49
2029		327.463		-292.661
2030		357.669		-112.561
2031		291.286		59.196
2032		146.794		174.811
2033		-36.6035		204.078
2034		-211.957		141.095
2035		-337.842		2.90141
2036		-387.725		-177.938
2037		-353.492		-363.192
2038		-243.7		-517.681
2039		-78.8413		-614.738
2040		113.789		-638.274
2041		303.94		-582.854
2042		460.96		-453.535
2043		556.277		-266.398
2044		567.316		-49.1449
2045		483.261		160.114
2046		311.27		317.895
2047		80.0999		384.812
2048		-162.119		337.646
2049		-357.645		179.876
2050		-454.982		-54.3452
2051		-426.017		-306.262
2052		-277.817		-508.497
2053		-53.3597		-606.372
2054		180.739		-576.862
2055		356.119		-437.342
2056		426.282		-239.754
2057		382.527		-51.597
2058		255.446		69.0515
2059		101.078		94.3722
2060		-22.5577		34.8195
2061		-78.4929		-68.9037
2062		-63.5141		-166.036
2063		-5.32249		-218.803
2064		53.8901		-217.853
2065		79.2703		-183.376
2066		60.0591		-152.105
2067		13.5564		-157.087
2068		-24.9922		-210.34
2069		-20.9832		-296.707
2070		41.9935		-381.36
2071		154.182		-426.567
2072		284.587		-408.944
2073		395.45		-328.736
2074		458.327		-207.284
2075		463.615		-75.223
2076		419.561		41.3725
2077		342.857		129.248
2078		247.539		186.843
2079		139.387		215.916
2080		19.2243		212.542
2081		-107.414		164.569
2082		-221.371		58.6079
2083		-289.172		-106.609
2084		-273.719		-308.517
2085		-152.767		-499.17
2086		63.9565		-617.813
2087		329.05		-614.003
2088		568.605		-471.305
2089		707.56		-219.779
2090		699.029		70.2567
2091		544.391		312.186
2092		294.458		435.199
2093		30.4317		410.655
2094		-167.263		261.098
2095		-248.554		48.2743
2096		-208.94		-153.826
2097		-84.6301		-288.181
2098		68.5256		-333.107
2099		201.085		-302.651
2100		288.311		-231.039
2101		332.893		-150.876
2102		352.861		-77.0905
2103		363.161		-4.62562
2104		362.233		80.2064
2105		331.533		182.433
2106		248.348		286.192
2107		104.482		355.701
2108		-80.2484		350.158
2109		-258.404		245.44
2110		-370.737		51.1772
2111		-370.748		-186.399
2112		-246.378		-398.637
2113		-28.1481		-519.969
2114		220.609		-513.369
2115		427.294		-384.254
2116		536.786		-176.841
2117		529.641		44.7338
2118		424.492		221.37
2119		265.109		318.708
2120		99.6207		333.636
2121		-37.7195		286.655
2122		-134.264		205.994
2123		-194.396		112.725
2124		-227.387		14.4169
2125		-235.923		-90.5802
2126		-212.365		-202.319
2127		-144.814		-309.577
2128		-29.1047		-388.127
2129		120.833		-409.099
2130		271.265		-353.64
2131		378.136		-226.126
2132		404.272		-58.3124
2133		336.407		99.0289
2134		193.608		194.255
2135		22.4094		195.093
2136		-119.928		101.906
2137		-187.064		-52.1201
2138		-160.835		-214.113
2139		-56.7961		-332.292
2140		83.998		-375.428
2141		212.968		-342.862
2142		293.681		-261.39
2143		314.83		-171.153
2144		291.514		-107.302
2145		255.165		-85.553
2146		237.336		-97.5496
2147		254.833		-117.266
2148		302.546		-114.865
2149		356.566		-71.4916
2150		385.61		11.4723
2151		365.392		112.311
2152		289.741		197.617
2153		174.056		235.648
2154		50.1368		208.81
2155		-45.1105		120.46
2156		-82.4221		-6.1424
2157		-49.644		-135.742
2158		45.099		-232.443
2159		176.921		-270.314
2160		312.384		-239.873
2161		419.145		-149.033
2162		473.876		-19.1765
2163		466.544		121.572
2164		400.671		245.395
2165		290.559		330.25
2166		157.034		362.917
2167		23.1277		339.772
2168		-89.4733		266.029
2169		-163.036		154.196
2170		-185.672		22.2231
2171		-152.753		-108.613
2172		-67.8826		-216.207
2173		56.8367		-280.617
2174		201.622		-287.349
2175		341.222		-230.491
2176		448.547		-114.996
2177		499.384		42.5874
2178		477.512		215.504
2179		379.213		370.533
2180		216.06		473.872
2181		14.8646		498.364
2182		-185.947		430.653
2183		-343.518		276.378
2184		-420.236		61.5144
2185		-393.709		-171.449
2186		-264.131		-372.432
2187		-56.3079		-496.03
2188		185.17		-513.789
2189		406.959		-422.575
2190		561.25		-245.876
2191		618.823		-27.0865
2192		576.399		183.382
2193		455.628		342.844
2194		294.106		427.758
2195		131.882		437.812
2196		-1.30115		391.533
2197		-93.2012		315.725
2198		-148.313		233.504
2199		-180.255		156.091
2200		-201.369		81.5983
2201		-214.62		0.721481
2202		-211.578		-93.9541
2203		-177.168		-199.897
2204		-98.6357		-301.87
2205		25.8001		-375.832
2206		182.78		-397.616
2207		346.022		-352.33
2208		483.72		-240.369
2209		567.718		-77.7936
2210		580.641		108.354
2211		518.759		287.096
2212		390.768		429.772
2213		214.547		513.672
2214		14.2698		523.34
2215		-181.127		451.35
2216		-339.059		300.31
2217		-426.189		86.1492
2218		-414.73		-159.352
2219		-291.573		-390.019
2220		-67.0315		-553.01
2221		221.476		-602.251
2222		514.448		-513.636
2223		744.343		-295.917
2224		854.744		8.06942
2225		817.752		331.711
2226		642.721		603.49
2227		372.677		767.562
2228		69.8813		798.292
2229		-203.479		703.642
2230		-401.718		517.253
2231		-503.37		283.938
2232		-508.901		45.6156
2233		-431.951		-166.538
2234		-290.22		-332.067
2235		-101.172		-436.248
2236		116.066		-465.65
2237		335.662		-408.829
2238		522.431		-262.966
2239		636.119		-42.7218
2240		643.04		214.957
2241		530.644		455.246
2242		317.603		619.803
2243		53.0226		666.29
2244		-197.005		584.682
2245		-371.099		402.422
2246		-433.65		175.099
2247		-386.023		-34.0502
2248		-262.828		-177.124
2249		-115.025		-237.013
2250		12.2812		-228.749
2251		97.1361		-186.834
2252		145.452		-145.214
2253		181.703		-119.842
2254		230.944		-102.176
2255		301.531		-66.3657
2256		377.285		13.8925
2257		423.02		147.476
2258		400.756		315.894
2259		288.912		476.271
2260		95.5413		576.088
2261		-140.369		573.219
2262		-360.009		452.772
2263		-503.509		234.064
2264		-528.88		-34.3635
2265		-424.442		-288.987
2266		-211.343		-469.072
2267		63.1858		-532.066
2268		338.387		-462.772
2269		554.15		-275.275
2270		663.527		-8.73718
2271		641.826		281.079
2272		491.54		532.877
2273		242.569		692.16
2274		-52.8766		723.191
2275		-330.839		618.169
2276		-530.313		400.649
2277		-608.767		120.965
2278		-553.749		-156.353
2279		-386.174		-370.102
2280		-153.414		-479.251
2281		85.8551		-473.165
2282		279.637		-371.467
2283		396.731		-213.944
2284		431.944		-45.0098
2285		401.37		100.698
2286		331.041		205.992
2287		244.885		270.065
2288		157.488		300.991
2289		74.0353		306.897
2290		-4.27293		290.872
2291		-73.8346		251.866
2292		-125.854		190.027
2293		-149.098		112.23
2294		-136.47		33.5105
2295		-91.0874		-27.2638
2296		-27.6038		-55.4997
2297		32.8227		-48.1861
2298		71.7029		-15.9369
2299		81.686		21.915
2300		69.5393		46.9079
2301		51.7281		50.6419
2302		44.8099		38.4575
2303		55.8912		25.4101
2304		78.5638		26.6407
2305		96.8216		47.5117
2306		95.0056		79.2411
2307		68.2852		102.877
2308		27.5997		99.855
2309		-4.21237		63.5315
2310		-3.6144		5.24304
2311		40.7265		-48.9335
2312		120.2		-69.6614
2313		208.116		-38.5441
2314		270.718		42.1319
2315		282.145		149.203
2316		236.023		248.274
2317		148.024		308.533
2318		48.3216		315.503
2319		-32.0765		275.727
2320		-74.2465		211.566
2321		-77.3576		149.389
2322		-55.4814		107.475
2323		-27.7553		89.6964
2324		-7.69986		87.5449
2325		2.53138		88.4526
2326		10.3239		85.0898
2327		24.9511		80.1624
2328		49.074		84.0911
2329		74.6655		107.183
2330		85.9531		151.083
2331		67.8779		204.705
2332		15.3859		247.319
2333		-61.673		257.462
2334		-140.902		223.141
2335		-195.954		148.078
2336		-207.102		50.9029
2337		-168.651		-42.079
2338		-89.9611		-106.719
2339		9.66399		-128.622
2340		108.854		-105.369
2341		190.48		-43.4727
2342		243.586		46.9556
2343		261.199		155.923
2344		236.973		273.361
2345		164.342		385.726
2346		40.0716		472.725
2347		-129.026		508.052
2348		-320.258		466.057
2349		-494.703		332.753
2350		-604.867		116.42
2351		-608.988		-147.843
2352		-486.93		-403.315
2353		-251.051		-586.233
2354		53.1324		-645.117
2355		357.713		-557.812
2356		591.297		-339.824
2357		699.511		-40.8213
2358		660.144		269.383
2359		488.237		520.338
2360		230.228		659.495
2361		-50.0162		664.349
2362		-288.378		545.518
2363		-435.852		341.208
2364		-468.544		105.715
2365		-390.82		-104.466
2366		-231.895		-243.627
2367		-37.288		-286.435
2368		142.826		-232.491
2369		265.954		-105.022
2370		307.582		56.1489
2371		266.794		205.935
2372		165.317		306.831
2373		39.8299		339.497
2374		-70.3783		307.539
2375		-136.406		234.601
2376		-148.768		154.585
2377		-119.088		98.5518
2378		-73.863		83.2816
2379		-42.8932		105.866
2380		-47.0851		146.218
2381		-90.4469		176.077
2382		-159.075		170.539
2383		-226.861		117.466
2384		-264.97		21.5339
2385		-251.14		-97.6457
2386		-175.759		-211.496
2387		-43.7671		-289.639
2388		126.582		-306.023
2389		306.429		-243.438
2390		459.556		-97.1527
2391		546.736		121.545
2392		532.543		382.501
2393		395.174		636.865
2394		137.553		823.232
2395		-204.642		881.226
2396		-563.349		770.481
2397		-850.463		489.137
2398		-981.185		83.839
2399		-901.987		-355.329
2400		-613.065		-716.511
2401		-175.413		-899.005
2402		302.541		-846.455
2403		696.03		-567.706
2404		902.562		-136.488
2405		874.12		331.089
2406		630.919		713.459
2407		251.735		921.372
2408		-154.935		922.665
2409		-487.26		745.738
2410		-680.026		462.224
2411		-717.772		157.582
2412		-628.54		-97.6949
2413		-463.865		-265.32
2414		-275.633		-340.375
2415		-100.115		-339.552
2416		45.5779		-285.012
2417		156.335		-192.951
2418		228.169		-71.9508
2419		251.653		70.1113
2420		214.245		216.921
2421		110.169		339.88
2422		-48.5328		403.91
2423		-227.541		381.388
2424		-377.134		267.458
2425		-449.128		88.1272
2426		-416.834		-104.61
2427		-288.501		-250.268
2428		-106.965		-303.154
2429		65.6353		-251.203
2430		172.206		-121.488
2431		183.673		30.6912
2432		110.4		144.838
2433		-3.13536		180.495
2434		-98.1237		133.701
2435		-126.96		37.6148
2436		-73.4217		-52.6608
2437		40.9984		-84.0951
2438		166.742		-28.0502
2439		246.955		108.378
2440		240.051		285.976
2441		134.738		449.295
2442		-47.739		547.183
2443		-263.377		549.311
2444		-461.53		452.977
2445		-600.001		279.558
2446		-653.738		64.5462
2447		-615.971		-153.076
2448		-494.531		-337.805
2449		-307.68		-460.145
2450		-82.3643		-497.172
2451		145.459		-434.684
2452		331.664		-272.643
2453		429.732		-32.1263
2454		402.794		241.025
2455		238.977		480.981
2456		-36.5775		617.201
2457		-360.319		597.034
2458		-643.589		407.609
2459		-798.507		87.2785
2460		-768.056		-280.252
2461		-548.785		-589.41
2462		-196.192		-746.577
2463		190.759		-701.928
2464		501.196		-466.962
2465		648.476		-110.721
2466		597.392		263.905
2467		372.643		554.486
2468		46.4462		690.861
2469		-288.523		653.078
2470		-549.488		470.478
2471		-685.805		204.893
2472		-686.456		-73.2166
2473		-573.201		-305.502
2474		-385.632		-456.468
2475		-166.388		-513.247
2476		47.4493		-478.71
2477		225.701		-364.362
2478		342.668		-187.62
2479		376.257		26.2116
2480		312.093		241.092
2481		151.832		411.757
2482		-79.2097		492.671
2483		-331.234		452.869
2484		-539.71		290.702
2485		-644.265		40.8446
2486		-610.12		-231.709
2487		-443.021		-450.43
2488		-190.408		-552.543
2489		72.93		-511.006
2490		269.833		-344.132
2491		346.782		-108.751
2492		290.835		120.364
2493		131.269		276.514
2494		-73.8605		322.328
2495		-259.951		258.64
2496		-377.661		118.972
2497		-406.239		-46.485
2498		-354.749		-189.856
2499		-252.918		-280.002
2500		-137.11		-308.052
2501		-37.7173		-284.131
2502		27.8525		-228.896
2503		55.8172		-164.553
2504		52.4062		-108.77
2505		29.1261		-72.3464
2506		-0.854763		-59.4192
2507		-24.7965		-68.2933
2508		-31.9524		-91.8828
2509		-15.7296		-118.174
2510		23.528		-132.004
2511		76.4912		-119.036
2512		125.47		-71.3198
2513		148.829		7.7245
2514		128.416		101.635
2515		57.3384		184.251
2516		-55.3496		227.599
2517		-185.498		211.556
2518		-300.404		131.502
2519		-368.701		0.834747
2520		-369.835		-152.574
2521		-299.718		-294.352
2522		-171.037		-392.823
2523		-8.99566		-426.23
2524		155.141		-386.278
2525		290.228		-278.195
2526		369.851		-118.832
2527		375.542		65.7671
2528		299.614		242.938
2529		148.133		376.97
2530		-56.7833		434.831
2531		-277.379		394.183
2532		-465.478		251.869
2533		-573.008		29.4661
2534		-565.678		-227.651
2535		-435.362		-459.431
2536		-206.044		-606.856
2537		70.0441		-629.491
2538		325.925		-518.623
2539		498.901		-300.881
2540		548.613		-30.689
2541		467.841		225.882
2542		282.63		410.034
2543		42.4375		485.443
2544		-195.396		445.118
2545		-381.018		308.964
2546		-482.497		114.549
2547		-489.276		-94.4957
2548		-409.691		-278.303
2549		-265.395		-406.712
2550		-85.5925		-461.51
2551		97.4637		-436.67
2552		251.951		-338.15
2553		350.109		-183.674
2554		372.766		-1.52834
2555		314.162		173.056
2556		185.143		304.496
2557		12.5618		365.339
2558		-166.21		343.933
2559		-312.675		248.256
2560		-397.608		103.943
2561		-408.811		-53.1923
2562		-353.45		-187.621
2563		-254.308		-273.846
2564		-141.675		-302.17
2565		-44.029		-279.008
2566		19.2364		-222.437
2567		41.1427		-155.314
2568		26.391		-98.6073
2569		-12.1094		-66.8008
2570		-57.666		-65.9063
2571		-93.8622		-93.5634
2572		-107.774		-140.39
2573		-92.4394		-192.103
2574		-48.6328		-232.422
2575		14.4839		-246.891
2576		80.646		-227.228
2577		130.29		-174.996
2578		146.497		-102.902
2579		121.409		-32.3345
2580		60.6091		12.8866
2581		-16.826		14.8755
2582		-83.452		-30.8828
2583		-112.493		-112.182
2584		-87.6712		-202.681
2585		-10.0476		-270.002
2586		100.952		-286.613
2587		213.005		-239.577
2588		291		-135.556
2589		308.234		0.688095
2590		254.805		133.667
2591		140.556		227.713
2592		-8.02698		257.128
2593		-155.515		212.88
2594		-267.099		104.24
2595		-317.163		-44.4647
2596		-294.774		-200.484
2597		-205.202		-330.559
2598		-67.7253		-408.138
2599		89.2928		-418.489
2600		234.719		-360.947
2601		341.003		-248.211
2602		389.35		-103.066
2603		372.806		46.6226
2604		296.793		173.504
2605		177.233		255.729
2606		36.942		280.37
2607		-98.6813		244.882
2608		-205.734		156.791
2609		-265.151		32.2095
2610		-265.308		-106.318
2611		-204.148		-232.515
2612		-90.8025		-319.946
2613		53.9066		-346.81
2614		199.242		-301.653
2615		309.644		-188.644
2616		353.118		-30.1353
2617		311.209		135.76
2618		187.262		263.521
2619		9.1979		313.113
2620		-175.665		263.585
2621		-313.465		122.268
2622		-360.693		-74.7016
2623		-299.254		-271.949
2624		-143.79		-411.919
2625		62.0778		-453.587
2626		259.702		-385.881
2627		394.555		-230.693
2628		433.425		-34.4522
2629		373.355		148.264
2630		239.509		272.516
2631		73.7439		315.489
2632		-80.7872		279.648
2633		-192.623		186.772
2634		-248.07		66.7916
2635		-249.508		-53.0609
2636		-208.626		-154.455
2637		-139.09		-228.224
2638		-52.4162		-270.639
2639		41.7964		-279.395
2640		132.985		-252.428
2641		207.425		-190.348
2642		249.446		-100.56
2643		246.477		0.336601
2644		195.621		88.6011
2645		107.978		140.196
2646		7.56385		139.869
2647		-75.7981		88.2232
2648		-117.133		3.00421
2649		-105.971		-86.6911
2650		-50.5778		-151.233
2651		25.3737		-171.807
2652		92.4375		-147.394
2653		127.243		-94.3934
2654		121.528		-39.1588
2655		84.6693		-6.77216
2656		38.9499		-10.8504
2657		9.88659		-48.4733
2658		15.8033		-101.916
2659		60.7742		-145.991
2660		133.304		-157.716
2661		210.642		-124.566
2662		266.584		-48.6028
2663		279.751		54.3233
2664		239.769		159.337
2665		149.977		239.322
2666		26.5536		271.71
2667		-105.157		243.826
2668		-216.094		155.968
2669		-279.65		21.9149
2670		-277.599		-133.244
2671		-204.708		-277.777
2672		-70.9417		-379.874
2673		99.6463		-414.884
2674		273.513		-371.491
2675		414.928		-255.045
2676		494.188		-86.8844
2677		494.529		100.343
2678		415.811		270.125
2679		274.112		390.212
2680		97.6077		439.289
2681		-79.8725		410.711
2682		-225.824		312.881
2683		-315.088		166.708
2684		-333.999		1.11145
2685		-282.337		-152.469
2686		-173.054		-265.771
2687		-29.8106		-318.924
2688		117.536		-304.387
2689		238.999		-228.689
2690		311.01		-111.161
2691		321.827		20.4949
2692		274.123		136.976
2693		183.711		214.624
2694		74.6874		240.92
2695		-27.4348		216.457
2696		-102.202		152.984
2697		-138.198		68.6173
2698		-133.611		-17.6303
2699		-94.0287		-89.9197
2700		-29.2346		-137.209
2701		49.22		-152.886
2702		128.837		-133.891
2703		196.012		-80.818
2704		236.434		0.619835
2705		237.422		97.8434
2706		192.223		191.361
2707		104.618		258.045
2708		-8.87801		277.711
2709		-121.473		240.858
2710		-203.532		154.102
2711		-232.735		40.119
2712		-202.831		-68.9307
2713		-126.893		-142.545
2714		-33.0257		-163.195
2715		46.1937		-132.901
2716		86.2891		-71.9986
2717		80.1002		-10.4189
2718		39.6523		24.7878
2719		-10.0148		20.235
2720		-42.1212		-19.3191
2721		-39.37		-74.4224
2722		-0.234543		-120.274
2723		62.0231		-137.377
2724		126.418		-118.683
2725		173.514		-70.4971
2726		192.429		-7.6617
2727		182.772		53.8153
2728		151.61		102.705
2729		108.1		134.474
2730		59.2429		149.168
2731		9.00406		147.601
2732		-39.3526		128.918
2733		-80.0434		91.43
2734		-103.612		36.2475
2735		-99.5198		-28.8615
2736		-61.7239		-88.5099
2737		5.72075		-123.374
2738		86.5706		-117.643
2739		155.945		-66.9565
2740		188.835		17.2563
2741		170.2		109.783
2742		102.099		179.856
2743		4.38193		202.46
2744		-91.744		168.008
2745		-154.778		86.2684
2746		-164.104		-17.0622
2747		-116.855		-109.557
2748		-28.0644		-163.166
2749		75.3665		-162.903
2750		163.975		-110.26
2751		214.571		-20.946
2752		215.727		81.2378
2753		168.957		171.55
2754		86.4		230.121
2755		-13.2214		245.322
2756		-108.862		214.902
2757		-180.912		145.648
2758		-214.496		52.0933
2759		-202.418		-45.7798
2760		-147.372		-126.198
2761		-62.4165		-170.534
2762		31.2808		-168.514
2763		109.635		-121.895
2764		152.572		-44.7561
2765		150.326		40.3461
2766		106.561		109.408
2767		36.8144		144.657
2768		-37.2394		139.858
2769		-95.388		101.155
2770		-125.177		43.3541
2771		-124.459		-16.4332
2772		-99.6167		-64.7855
2773		-60.9571		-95.0858
2774		-17.9455		-106.94
2775		23.3495		-103.073
2776		59.7919		-86.0799
2777		88.7753		-57.1317
2778		106.083		-17.2855
2779		105.937		29.8032
2780		83.6399		76.0113
2781		39.3929		109.607
2782		-19.1907		119.116
2783		-77.9125		98.5297
2784		-120.471		51.08
2785		-134.807		-10.7716
2786		-118.249		-69.6557
2787		-78.74		-110.167
2788		-31.2818		-125.046
2789		8.82703		-117.615
2790		32.6812		-99.2194
2791		41.0849		-82.9762
2792		42.8917		-76.9998
2793		49.328		-80.5693
2794		67.324		-85.1304
2795		95.3557		-79.4991
2796		123.937		-56.4495
2797		140.433		-17.1892
2798		135.603		28.6039
2799		108.431		67.1373
2800		66.7825		86.907
2801		23.6634		83.8019
2802		-8.81598		62.3531
2803		-24.5669		32.6969
2804		-25.1458		5.09767
2805		-17.2776		-14.9091
2806		-7.91755		-28.1737
2807		0.226173		-39.6717
2808		10.1445		-53.8089
2809		28.1379		-70.1162
2810		58.9439		-81.9213
2811		101.145		-78.937
2812		145.513		-52.5626
2813		177.442		-1.20076
2814		182.471		67.1622
2815		152.392		136.51
2816		89.1311		187.858
2817		4.76524		205.594
2818		-82.1098		182.439
2819		-151.894		121.259
2820		-189.074		33.5897
2821		-185.25		-63.9004
2822		-139.782		-153.221
2823		-58.8881		-217.926
2824		45.6157		-244.876
2825		157.325		-225.61
2826		256.348		-158.098
2827		321.497		-48.8711
2828		334.282		85.5421
2829		284.359		219.493
2830		174.667		322.583
2831		23.805		367.221
2832		-136.365		337.284
2833		-268.161		234.665
2834		-338.673		80.7164
2835		-329.904		-88.6673
2836		-244.659		-233.14
2837		-105.776		-319.758
2838		51.15		-332.373
2839		188.89		-275.252
2840		279.456		-169.895
2841		310.918		-46.664
2842		288.194		65.3134
2843		228.303		146.185
2844		152.649		188.834
2845		79.6413		197.363
2846		20.3118		182.199
2847		-22.1427		154.506
2848		-49.7385		122.278
2849		-65.9962		89.2917
2850		-73.1632		56.5255
2851		-71.489		24.5872
2852		-60.4046		-4.5042
2853		-40.4725		-27.1774
2854		-14.7101		-39.7467
2855		11.6163		-40.4682
2856		32.7175		-30.9429
2857		44.6628		-15.9662
2858		47.182		-1.73954
2859		43.8998		6.79796
2860		40.7395		8.28529
2861		43.0912		5.76657
2862		52.9431		5.50391
2863		67.2806		14.1102
2864		78.6165		35.0942
2865		77.6826		66.2632
2866		57.4235		99.2153
2867		16.7978		121.441
2868		-37.207		120.558
2869		-90.4284		89.2993
2870		-125.342		29.396
2871		-126.783		-47.301
2872		-87.653		-121.257
2873		-12.4913		-170.765
2874		82.6474		-178.839
2875		174.276		-139.094
2876		238.347		-58.4622
2877		257.609		44.4032
2878		226.895		144.582
2879		154.476		218.328
2880		59.1037		249.898
2881		-36.0613		235.452
2882		-110.336		182.905
2883		-150.794		108.204
2884		-154.362		29.7639
2885		-126.56		-36.7175
2886		-78.0353		-81.3701
2887		-20.6785		-100.639
2888		35.1334		-95.8176
2889		81.549		-70.9858
2890		112.947		-31.578
2891		125.396		15.9493
2892		116.815		63.8242
2893		88.0582		103.046
2894		44.2363		124.69
2895		-4.90626		122.462
2896		-46.5091		95.5997
2897		-68.0784		50.6058
2898		-61.8865		0.552839
2899		-28.504		-38.3894
2900		22.2525		-52.2512
2901		73.758		-34.4666
2902		107.824		11.1259
2903		110.943		70.8482
2904		79.23		125.311
2905		20.1742		155.71
2906		-49.4482		150.05
2907		-108.764		107.147
2908		-139.252		37.0984
2909		-130.3		-41.755
2910		-82.1928		-108.224
2911		-5.81941		-144.216
2912		80.503		-139.492
2913		155.96		-94.0702
2914		202.486		-17.9076
2915		209.038		71.7827
2916		174.029		154.77
2917		105.523		212.573
2918		19.2458		232.734
2919		-65.1478		211.695
2920		-128.753		155.618
2921		-157.995		78.8694
2922		-147.954		0.419136
2923		-103.518		-61.0008
2924		-37.9247		-91.7168
2925		30.9624		-86.5341
2926		85.5859		-49.7431
2927		113.37		6.57161
2928		109.74		66.3365
2929		78.654		114.151
2930		30.6859		139.339
2931		-20.5456		138.239
2932		-62.3301		114.259
2933		-86.0057		76.0211
2934		-88.5347		34.4221
2935		-72.3856		-0.368927
2936		-44.1144		-21.2029
2937		-12.2757		-25.1474
2938		14.7343		-13.5956
2939		30.4982		8.49151
2940		31.8419		33.94
2941		19.4236		55.0755
2942		-2.45017		65.553
2943		-26.8386		61.9869
2944		-45.9223		44.9758
2945		-53.1635		19.1388
2946		-45.2921		-8.01877
2947		-23.4576		-28.2097
2948		6.92921		-34.8513
2949		37.7131		-25.1173
2950		60.4102		-0.837744
2951		68.7079		32.0718
2952		60.202		65.4173
2953		36.8439		91.087
2954		4.09225		103.138
2955		-30.7573		98.9916
2956		-60.3784		79.5632
2957		-78.7922		48.6034
2958		-82.1142		11.7297
2959		-68.8286		-24.4486
2960		-39.9153		-53.0213
2961		0.972595		-67.4871
2962		47.3996		-62.7641
2963		90.4988		-36.5751
2964		120.205		9.12713
2965		127.469		67.3644
2966		107.023		126.678
2967		59.7712		173.346
2968		-6.2705		194.93
2969		-77.1914		184.127
2970		-136.546		141.55
2971		-169.947		76.2738
2972		-169.39		3.69759
2973		-135.79		-58.718
2974		-78.7605		-96.4782
2975		-13.6835		-102.138
2976		42.9165		-77.0858
2977		78.085		-30.5184
2978		85.6678		23.8588
2979		67.1368		72.1125
2980		30.0346		103.812
2981		-15.0828		114.066
2982		-57.9072		103.513
2983		-90.6991		76.7346
2984		-109.124		40.0858
2985		-111.802		-0.0693645
2986		-99.2874		-38.162
2987		-73.2995		-69.3589
2988		-36.6403		-89.2307
2989		6.32381		-93.8498
2990		49.248		-80.678
2991		84.1971		-50.0106
2992		103.22		-6.20747
2993		100.827		42.2109
2994		76.4441		84.1693
2995		35.6436		109.154
2996		-10.7486		110.835
2997		-49.7304		89.724
2998		-70.4731		53.5666
2999		-68.2959		14.9863
3000		-46.575		-12.9625
3001		-15.599		-21.682
3002		11.3788		-10.3604
3003		23.4172		13.7343
3004		16.3435		38.2687
3005		-5.52037		51.0175
3006		-31.173		45.0695
3007		-47.596		21.8478
3008		-45.3138		-9.37514
3009		-22.4817		-35.2874
3010		14.2425		-44.0393
3011		52.3783		-30.0735
3012		78.6332		3.75519
3013		84.0322		47.5692
3014		66.9865		88.5944
3015		33.1402		116.074
3016		-7.64595		124.792
3017		-45.5409		115.831
3018		-74.1575		94.59
3019		-91.6674		67.4014
3020		-99.4475		38.6664
3021		-99.3924		9.95216
3022		-91.6786		-18.6788
3023		-74.4194		-46.1549
3024		-45.506		-68.4557
3025		-5.59245		-78.7354
3026		39.616		-69.8664
3027		79.4239		-38.3556
3028		101.092		12.3488
3029		94.6966		71.0883
3030		57.8159		121.619
3031		-2.20058		147.903
3032		-69.667		139.995
3033		-125.39		98.0717
3034		-153.062		32.8272
3035		-144.697		-37.9577
3036		-103.001		-95.3061
3037		-39.9343		-125.038
3038		27.735		-121.637
3039		83.9141		-88.8163
3040		117.608		-37.0407
3041		124.902		20.5578
3042		108.359		72.0983
3043		74.7351		109.391
3044		32.3585		128.55
3045		-10.785		129.323
3046		-47.96		114.039
3047		-73.9482		86.8687
3048		-85.3016		53.4794
3049		-80.9272		20.6672
3050		-62.8065		-4.55853
3051		-36.2264		-16.5758
3052		-8.92805		-12.9821
3053		10.9295		4.20841
3054		17.3972		28.7933
3055		8.885		52.2477
3056		-11.1829		66.6378
3057		-35.6132		67.418
3058		-56.1293		54.9253
3059		-66.3679		33.9547
3060		-63.9269		11.6809
3061		-50.703		-5.07598
3062		-31.5935		-12.0311
3063		-12.3796		-8.25204
3064		2.13439		4.43097
3065		8.98019		22.7628
3066		6.83299		43.2411
3067		-4.65128		62.5344
3068		-25.1838		77.1879
3069		-53.4347		83.2552
3070		-86.0975		76.6134
3071		-117.224		54.3116
3072		-138.717		16.5435
3073		-142.354		-31.7848
3074		-122.852		-81.032
3075		-80.7239		-118.912
3076		-23.4675		-134.275
3077		35.8132		-121.217
3078		82.1785		-81.7847
3079		103.733		-25.9776
3080		95.7295		31.1898
3081		62.2314		74.538
3082		14.6634		93.6547
3083		-32.1816		86.0433
3084		-65.0892		57.3824
3085		-76.4575		18.9924
3086		-66.0516		-16.3294
3087		-40.1225		-38.4466
3088		-8.56791		-42.5629
3089		18.5729		-29.7809
3090		34.0068		-5.77152
3091		34.678		21.5973
3092		21.7725		44.6891
3093		-0.331989		57.8836
3094		-25.5614		58.4806
3095		-47.6143		46.8473
3096		-61.1969		26.0564
3097		-62.9908		1.18518
3098		-52.3374		-21.6826
3099		-31.5098		-36.7244
3100		-5.38467		-39.7633
3101		19.586		-29.4318
3102		36.9545		-7.70165
3103		41.9819		20.4968
3104		32.9125		48.5259
3105		11.3842		69.7684
3106		-18.1234		79.2505
3107		-49.5236		74.6586
3108		-76.5392		56.5556
3109		-93.8508		27.9598
3110		-97.7918		-6.35502
3111		-86.7066		-40.5315
3112		-61.2206		-68.2256
3113		-24.5429		-83.3249
3114		17.3689		-81.0311
3115		56.2017		-59.3035
3116		82.6211		-20.2604
3117		88.5662		29.1837
3118		69.9486		78.1212
3119		28.7492		114.104
3120		-26.5348		126.713
3121		-82.6455		111.065
3122		-125.209		69.8649
3123		-143.099		13.0421
3124		-131.929		-45.09
3125		-95.334		-90.1924
3126		-43.5674		-112.185
3127		10.0074		-107.899
3128		53.1187		-81.2425
3129		77.9055		-41.0655
3130		82.2796		2.19506
3131		69.1764		39.6734
3132		44.4221		65.9227
3133		14.3728		79.1092
3134		-15.6892		79.997
3135		-42.0207		70.6045
3136		-62.0448		53.3218
3137		-73.8221		30.7735
3138		-75.9643		6.14386
3139		-68.1349		-16.636
3140		-51.786		-33.3221
3141		-30.5047		-40.4541
3142		-9.50666		-36.6658
3143		5.73922		-23.5221
3144		11.2619		-5.35238
3145		5.97124		11.9861
3146		-7.93701		22.9624
3147		-25.73		24.1091
3148		-41.7014		14.9851
3149		-50.9114		-1.91129
3150		-50.4825		-22.1002
3151		-40.1281		-40.4773
3152		-21.948		-52.5827
3153		0.234314		-55.5026
3154		21.7249		-48.3697
3155		37.8712		-32.5438
3156		45.0292		-11.4959
3157		41.5558		9.71806
3158		28.6056		25.5387
3159		10.3269		31.498
3160		-6.93658		25.937
3161		-16.5201		11.1437
3162		-13.9216		-6.80299
3163		1.04358		-19.7986
3164		23.4787		-20.6846
3165		44.6685		-6.34238
3166		55.1639		20.4604
3167		48.5887		51.478
3168		24.577		75.7498
3169		-10.5223		83.7462
3170		-45.6482		71.2198
3171		-69.0266		41.1099
3172		-72.5507		2.65019
3173		-54.7343		-31.9622
3174		-21.0759		-51.9258
3175		18.1815		-51.4257
3176		51.7956		-31.1004
3177		71.1371		2.93643
3178		72.2993		41.7601
3179		56.1991		76.6224
3180		27.1509		101.029
3181		-9.02239		111.394
3182		-46.3579		106.61
3183		-79.2402		87.3685
3184		-102.372		55.9321
3185		-110.975		16.4937
3186		-101.736		-24.45
3187		-74.3646		-58.5194
3188		-32.9483		-77.1527
3189		13.9541		-74.2782
3190		55.0611		-48.8889
3191		79.6454		-6.19233
3192		81.1103		43.4994
3193		59.2905		87.9432
3194		20.3688		116.96
3195		-25.6128		125.531
3196		-68.5059		114.658
3197		-101.327		89.7559
3198		-121.589		57.5512
3199		-130.302		23.1882
3200		-129.487		-10.9751
3201		-119.851		-44.412
3202		-100.087		-76.1207
3203		-68.2945		-102.585
3204		-24.6948		-117.519
3205		26.0529		-113.896
3206		74.5442		-87.4296
3207		108.949		-39.694
3208		119.143		20.8965
3209		100.772		81.0581
3210		57.2871		126.871
3211		-1.09647		148.422
3212		-61.0419		142.778
3213		-110.61		114.041
3214		-142.578		70.745
3215		-155.228		22.1028
3216		-150.677		-24.8965
3217		-132.135		-66.2564
3218		-101.92		-99.6449
3219		-61.4426		-122.299
3220		-13.0179		-129.938
3221		37.9097		-117.823
3222		81.9954		-83.6754
3223		107.85		-30.869
3224		106.194		30.236
3225		74.4979		84.1945
3226		19.6734		115.396
3227		-42.958		114.099
3228		-94.5009		80.8464
3229		-119.338		27.0242
3230		-111.095		-28.9858
3231		-75.0813		-68.6067
3232		-26.0856		-79.9734
3233		17.5033		-62.0474
3234		40.7168		-24.324
3235		37.2255		17.5048
3236		10.7944		47.8621
3237		-27.2233		56.8503
3238		-62.862		42.9693
3239		-84.6783		12.3715
3240		-87.0569		-24.4298
3241		-70.8513		-56.6172
3242		-41.8146		-76.2267
3243		-8.04319		-79.5847
3244		22.3622		-67.1969
3245		42.8337		-42.8337
3246		49.1769		-12.4971
3247		40.1366		16.5405
3248		17.8893		36.8798
3249		-11.8132		42.6132
3250		-40.4306		31.2646
3251		-58.7116		5.31071
3252		-59.7273		-27.713
3253		-41.7473		-57.1248
3254		-9.53389		-72.6896
3255		26.8927		-68.5529
3256		55.8342		-45.7269
3257		68.427		-11.8144
3258		62.0555		22.0924
3259		41.0318		45.9904
3260		14.2072		54.8713
3261		-9.27416		50.0957
3262		-23.9171		37.6765
3263		-29.5367		24.5299
3264		-29.932		14.8218
3265		-29.5345		8.42636
3266		-30.132		2.26414
3267		-29.7089		-6.42362
3268		-24.1784		-17.0115
3269		-10.9992		-24.7401
3270		7.60227		-23.0682
3271		24.0668		-8.02277
3272		28.4659		17.9518
3273		13.8165		45.1793
3274		-19.0052		60.0516
3275		-59.6533		51.286
3276		-91.4371		16.174
3277		-98.1955		-36.4959
3278		-71.857		-88.7379
3279		-16.9936		-120.256
3280		50.0465		-116.922
3281		107.278		-76.9243
3282		135.763		-11.6719
3283		126.863		58.9157
3284		84.8251		114.445
3285		23.8066		141.577
3286		-38.8172		137.684
3287		-89.3524		109.395
3288		-121.581		67.4531
3289		-136.077		21.0733
3290		-136.222		-25.0937
3291		-123.844		-70.0511
3292		-97.4219		-112.738
3293		-54.0324		-148.357
3294		6.19581		-167.618
3295		76.1065		-159.98
3296		141.004		-119.509
3297		182.772		-50.098
3298		187.158		33.2388
3299		150.701		108.445
3300		83.6349		154.511
3301		6.83541		159.944
3302		-56.1239		127.536
3303		-88.2646		73.0042
3304		-85.5139		18.0625
3305		-57.1441		-18.7907
3306		-20.3496		-29.4168
3307		8.17175		-17.8848
3308		19.4193		3.45226
3309		14.709		21.2423
3310		2.87656		27.8416
3311		-5.93452		24.0917
3312		-6.26235		17.1302
3313		0.14576		14.9396
3314		6.37642		21.0098
3315		5.4336		32.2175
3316		-4.84179		41.026
3317		-20.0177		40.5485
3318		-31.5665		29.3395
3319		-32.1592		12.9394
3320		-20.6143		1.07712
3321		-3.45691		1.98017
3322		8.08954		17.0079
3323		4.2636		38.8019
3324		-17.2195		54.3071
3325		-48.6998		51.3652
3326		-75.2881		25.5385
3327		-81.688		-16.4659
3328		-59.8371		-58.7673
3329		-13.5469		-82.9565
3330		42.2489		-76.3174
3331		87.381		-37.7271
3332		104.728		21.5152
3333		87.0822		82.1944
3334		39.6309		124.787
3335		-22.7258		136.655
3336		-81.5511		115.806
3337		-121.511		70.1077
3338		-134.654		13.0429
3339		-121.073		-41.5317
3340		-86.6146		-83.1988
3341		-39.5375		-106.216
3342		11.9553		-108.636
3343		60.4895		-90.8169
3344		99.1036		-54.7164
3345		120.949		-4.41951
3346		120.175		52.8815
3347		94.0338		106.786
3348		45.1267		145.393
3349		-17.7403		158.627
3350		-81.0874		141.821
3351		-130.43		97.8273
3352		-154.637		36.4713
3353		-149.098		-28.4878
3354		-116.403		-83.5164
3355		-64.5441		-118.735
3356		-3.86853		-129.336
3357		55.562		-114.968
3358		105.11		-78.1743
3359		137.328		-23.3566
3360		145.507		42.9744
3361		124.372		111.131
3362		72.398		167.824
3363		-5.1631		197.883
3364		-94.5037		188.493
3365		-174.661		134.705
3366		-222.683		43.6503
3367		-221.188		-65.0628
3368		-165.333		-163.897
3369		-65.9999		-225.726
3370		52.6394		-232.875
3371		160.582		-183.153
3372		231.619		-90.3713
3373		251.292		20.8129
3374		220.167		123.41
3375		151.599		196.376
3376		65.599		229.506
3377		-18.1231		223.698
3378		-85.0506		187.575
3379		-127.361		132.911
3380		-142.699		71.2406
3381		-132.147		12.6917
3382		-99.1913		-33.6694
3383		-50.1914		-59.65
3384		4.71329		-59.2687
3385		52.0657		-31.54
3386		78.1168		16.9354
3387		73.8965		71.8333
3388		40.0593		114.786
3389		-11.4143		130.184
3390		-60.5068		112.31
3391		-86.8885		69.1571
3392		-78.9964		20.3903
3393		-40.1715		-10.4616
3394		11.5221		-6.4855
3395		50.3834		34.2279
3396		54.2959		96.4759
3397		15.0961		153.565
3398		-56.7855		178.487
3399		-135.786		155.763
3400		-191.429		88.5991
3401		-200.822		-1.86546
3402		-157.942		-84.851
3403		-75.7846		-131.99
3404		19.1803		-127.858
3405		97.4		-74.6946
3406		136.724		10.0431
3407		128.725		101.393
3408		79.0001		175.898
3409		2.57383		218.056
3410		-82.5055		222.275
3411		-160.162		190.959
3412		-218.263		131.135
3413		-248.145		52.0769
3414		-243.69		-35.0102
3415		-201.898		-116.171
3416		-125.347		-174.806
3417		-25.0584		-194.425
3418		78.7453		-164.025
3419		159.951		-84.0306
3420		193.885		30.4102
3421		166.236		151.322
3422		79.771		245.38
3423		-44.5383		284.631
3424		-173.129		256.305
3425		-270.419		167.646
3426		-310.311		43.6866
3427		-284.202		-81.1711
3428		-202.603		-174.321
3429		-90.2613		-214.552
3430		22.7155		-196.775
3431		109.976		-130.936
3432		155.054		-36.6299
3433		153.133		63.707
3434		109.155		150.28
3435		34.2904		208.767
3436		-57.2702		230.806
3437		-150.27		213.484
3438		-229.454		159.058
3439		-280.789		75.2326
3440		-293.583		-24.748
3441		-263.265		-123.307
3442		-193.622		-201.64
3443		-97.0507		-244.18
3444		7.94395		-242.852
3445		101.438		-199.302
3446		167.293		-124.066
3447		196.844		-32.9796
3448		189.774		57.5725
3449		152.231		134.592
3450		93.4943		190.197
3451		23.0102		221.039
3452		-50.971		226.521
3453		-121.071		207.349
3454		-179.812		165.445
3455		-219.389		105.093
3456		-232.989		34.1708
3457		-217.281		-35.9354
3458		-174.714		-92.4526
3459		-114.041		-124.827
3460		-48.2943		-128.217
3461		9.20013		-105.066
3462		49.0278		-63.812
3463		68.1055		-15.2382
3464		69.1764		31.754
3465		57.7619		72.8272
3466		38.3191		108.055
3467		11.7794		139.197
3468		-24.1287		166.115
3469		-71.9548		184.558
3470		-130.696		186.814
3471		-193.371		165.156
3472		-247.654		116.367
3473		-279.614		44.9619
3474		-278.944		-36.7568
3475		-243.213		-112.073
3476		-179.108		-165.209
3477		-100.138		-186.229
3478		-22.0101		-173.375
3479		42.0549		-132.092
3480		83.9944		-71.7211
3481		100.756		-1.90085
3482		92.1612		69.3917
3483		58.6874		135.436
3484		0.939774		188.878
3485		-78.6002		220.275
3486		-172.617		218.866
3487		-266.942		176.083
3488		-341.517		90.5535
3489		-375.024		-27.8984
3490		-351.941		-157.762
3491		-269.259		-270.029
3492		-139.818		-336.149
3493		9.62498		-337.004
3494		145.337		-269.472
3495		236.248		-147.978
3496		262.822		-0.38628
3497		222.066		140.201
3498		127.188		244.728
3499		2.47903		295.353
3500		-124.304		288.428
3501		-229.242		233.009
3502		-297.009		146.234
3503		-322.21		47.7423
3504		-307.868		-44.9095
3505		-262.462		-118.765
3506		-197.008		-166
3507		-123.068		-183.291
3508		-51.7699		-170.986
3509		6.67554		-132.675
3510		43.6092		-75.132
3511		53.047		-8.1506
3512		33.1155		56.2969
3513		-12.7957		105.875
3514		-75.8713		130.454
3515		-143.168		124.762
3516		-200.341		90.2035
3517		-235.205		35.0532
3518		-241.121		-27.3317
3519		-219.069		-82.0092
3520		-177.552		-116.735
3521		-130.092		-125.685
3522		-90.922		-111.277
3523		-70.2202		-83.2282
3524		-70.6099		-54.9563
3525		-86.3725		-38.4466
3526		-105.917		-39.5033
3527		-116.759		-55.3573
3528		-111.103		-75.8338
3529		-89.652		-87.8541
3530		-61.8166		-81.5504
3531		-41.9208		-55.3692
3532		-42.8025		-17.7542
3533		-69.5129		15.6471
3534		-116.001		28.3409
3535		-166.52		10.2928
3536		-201.429		-37.0438
3537		-205.076		-100.337
3538		-172.365		-158.985
3539		-111.154		-192.852
3540		-39.4379		-189.825
3541		21.384		-150.021
3542		54.1529		-85.0208
3543		51.2506		-12.8492
3544		15.5948		48.7428
3545		-42.4612		87.5908
3546		-110.194		98.9605
3547		-176.731		83.8725
3548		-234.483		45.7393
3549		-277.734		-12.129
3550		-300.197		-86.4138
3551		-294.029		-171.231
3552		-251.924		-255.161
3553		-171.919		-320.63
3554		-62.4219		-347.433
3555		55.8102		-319.954
3556		153.111		-235.259
3557		199.606		-108.038
3558		176.247		30.7884
3559		83.5567		142.411
3560		-56.1006		192.803
3561		-204.388		164.856
3562		-319.217		64.9416
3563		-368.671		-78.9365
3564		-341.171		-226.771
3565		-248.025		-340.036
3566		-117.773		-393.651
3567		14.7995		-381.984
3568		120.2		-317.294
3569		181.778		-222.346
3570		197.108		-121.162
3571		174.046		-32.0381
3572		124.574		34.8567
3573		59.9423		75.6818
3574		-10.8247		89.4201
3575		-79.4054		75.6341
3576		-135.932		35.1282
3577		-168.704		-27.0966
3578		-167.212		-99.0696
3579		-127.508		-162.07
3580		-57.0347		-195.211
3581		24.411		-183.241
3582		89.3451		-124.236
3583		111.959		-33.1711
3584		78.598		61.1931
3585		-5.31035		125.766
3586		-115.441		135.521
3587		-216.506		83.7074
3588		-275.145		-14.6373
3589		-272.613		-127.733
3590		-211.999		-218.869
3591		-116.892		-260.257
3592		-22.0008		-243.285
3593		40.3923		-181.037
3594		52.5975		-102.232
3595		17.4474		-39.2752
3596		-44.1317		-15.4556
3597		-102.533		-36.4409
3598		-131.733		-89.2192
3599		-119.376		-148.441
3600		-70.8632		-187.166
3601		-6.29533		-187.507
3602		47.9705		-147.084
3603		69.4884		-79.2092
3604		47.6707		-7.35989
3605		-13.1223		43.4567
3606		-95.845		55.0205
3607		-176.872		21.1162
3608		-233.345		-51.56
3609		-249.259		-146.304
3610		-218.762		-241.466
3611		-146.469		-315.785
3612		-45.5481		-352.634
3613		65.3376		-342.652
3614		165.357		-284.933
3615		234.77		-187.13
3616		258.088		-64.6497
3617		227.067		61.2179
3618		143.124		166.478
3619		18.3892		228.859
3620		-125.441		232.816
3621		-260.807		173.847
3622		-360.071		60.6566
3623		-402.014		-85.8757
3624		-377.172		-237.015
3625		-290.33		-362.751
3626		-159.333		-438.764
3627		-10.6083		-451.751
3628		127.178		-401.686
3629		229.357		-300.642
3630		279.718		-169.002
3631		272.326		-30.5375
3632		210.898		92.0851
3633		106.654		180.415
3634		-24.2109		221.795
3635		-162.715		209.925
3636		-288.832		145.122
3637		-383.232		34.6297
3638		-429.557		-107.244
3639		-417.33		-259.854
3640		-344.956		-398.533
3641		-221.696		-498.684
3642		-67.4558		-541.011
3643		90.2677		-516.517
3644		221.943		-429.571
3645		302.75		-297.795
3646		318.585		-148.427
3647		269.496		-12.0221
3648		169.471		84.7789
3649		42.6307		125.326
3650		-82.9887		106.23
3651		-182.223		37.0605
3652		-238.254		-63.1606
3653		-245.412		-171.439
3654		-208.879		-266.562
3655		-141.76		-333.582
3656		-60.6734		-366.007
3657		18.725		-365.489
3658		85.0534		-339.491
3659		132.641		-297.976
3660		161.028		-250.253
3661		173.086		-202.944
3662		172.698		-159.483
3663		162.952		-120.976
3664		145.457		-87.7292
3665		120.831		-60.5737
3666		89.8476		-41.3158
3667		54.441		-32.1783
3668		17.907		-34.6712
3669		-15.8511		-48.6838
3670		-43.5466		-72.461
3671		-63.3414		-103.566
3672		-74.572		-140.211
3673		-76.3406		-181.899
3674		-65.8231		-228.523
3675		-37.7066		-277.93
3676		14.072		-323.131
3677		92.219		-351.112
3678		191.102		-345.001
3679		293.562		-290.015
3680		372.211		-181.542
3681		396.377		-31.9144
3682		343.292		127.976
3683		209.532		254.669
3684		17.5668		305.092
3685		-186.637		252.449
3686		-345.787		98.8455
3687		-409.789		-121.181
3688		-353.978		-348.97
3689		-189.663		-519.891
3690		37.8433		-584.987
3691		263.72		-527.824
3692		425.447		-369.797
3693		483.543		-161.708
3694		433.226		34.9607
3695		302.774		169.427
3696		140.048		217.146
3697		-6.55409		183.875
3698		-104.472		97.8656
3699		-144.372		-5.07336
3700		-136.808		-96.2496
3701		-101.516		-162.117
3702		-55.7265		-203.22
3703		-7.5248		-226.441
3704		43.1202		-236.111
3705		97.5808		-229.58
3706		151.174		-199.734
3707		190.459		-142.65
3708		197.655		-65.2758
3709		160.256		12.2516
3710		80.5354		62.2247
3711		-20.9037		61.0253
3712		-110.572		1.21917
3713		-154.949		-102.355
3714		-135.021		-216.347
3715		-55.4732		-301.561
3716		56.2634		-329.002
3717		161.068		-291.879
3718		224.345		-207.884
3719		229.868		-110.712
3720		184.921		-34.9703
3721		114.662		-1.73653
3722		48.9458		-11.5067
3723		8.35445		-47.4237
3724		-3.67474		-86.4743
3725		0.855644		-112.462
3726		4.25754		-123.938
3727		-4.67826		-133.165
3728		-22.8269		-157
3729		-33.4765		-204.863
3730		-15.3602		-270.447
3731		44.7344		-331.842
3732		142.401		-360.401
3733		254.235		-334.155
3734		345.72		-249.259
3735		384.888		-123.846
3736		355.533		7.63539
3737		264.031		107.079
3738		136.958		146.716
3739		10.9207		118.485
3740		-80.6432		35.2569
3741		-118.096		-75.7881
3742		-99.7629		-184.004
3743		-39.0058		-265.455
3744		43.3489		-308.594
3745		127.284		-314.195
3746		199.167		-291.009
3747		253.178		-250.046
3748		289.312		-200.223
3749		309.976		-146.731
3750		317.163		-91.7917
3751		311.247		-36.5272
3752		291.256		17.3596
3753		255.87		66.7193
3754		204.493		106.807
3755		138.194		131.513
3756		60.6948		133.904
3757		-20.6025		107.377
3758		-94.0443		47.7915
3759		-144.535		-43.6451
3760		-156.434		-157.789
3761		-118.312		-276.857
3762		-28.1248		-376.905
3763		103.473		-433.504
3764		253.633		-429.056
3765		392.216		-359.002
3766		489.715		-234.314
3767		525.346		-79.0311
3768		492.294		76.228
3769		398.36		202.198
3770		262.413		277.296
3771		108.784		290.456
3772		-37.695		240.563
3773		-154.381		134.283
3774		-221.501		-15.4674
3775		-222.663		-189.336
3776		-147.237		-360.524
3777		4.83168		-495.393
3778		217.489		-558.067
3779		455.829		-519.57
3780		669.529		-369.118
3781		803.659		-122.933
3782		814.487		174.273
3783		684.905		457.693
3784		433.19		659.191
3785		110.824		727.101
3786		-210.704		641.915
3787		-459.732		422.041
3788		-583.839		117.697
3789		-562.166		-204.297
3790		-407.238		-478.79
3791		-157.276		-657.126
3792		136.507		-714.456
3793		422.151		-649.318
3794		655.052		-478.47
3795		801.386		-231.047
3796		839.065		55.3922
3797		759.136		337.083
3798		568.911		566.94
3799		295.39		700.696
3800		-14.4969		706.778
3801		-300.129		577.251
3802		-500.482		334.82
3803		-571.193		31.1804
3804		-499.13		-264.994
3805		-307.992		-487.453
3806		-51.5444		-592.355
3807		203.811		-570.96
3808		400.668		-449.779
3809		507.919		-278.109
3810		526.964		-108.297
3811		484.966		22.8863
3812		418.93		104.145
3813		358.243		147.458
3814		313.509		176.001
3815		276.071		208.752
3816		227.37		249.384
3817		152.693		284.448
3818		52.1835		291.102
3819		-56.25		249.989
3820		-143.258		156.727
3821		-180.272		26.4553
3822		-151.712		-110.468
3823		-61.6602		-219.321
3824		67.5992		-273.325
3825		203.901		-262.121
3826		316.262		-193.35
3827		383.901		-87.6765
3828		400.025		29.6821
3829		370.003		136.873
3830		306.035		219.788
3831		221.535		272.151
3832		127.756		292.716
3833		33.4845		282.048
3834		-53.2181		240.936
3835		-123.168		171.135
3836		-165.836		77.5906
3837		-171.327		-29.5397
3838		-133.854		-134.672
3839		-55.136		-219.065
3840		53.8994		-265.106
3841		174.109		-261.284
3842		281.86		-206.184
3843		354.615		-110.093
3844		376.902		6.52382
3845		344.948		117.601
3846		268.453		198.124
3847		168.586		231.139
3848		72.3039		212.957
3849		4.35038		154.598
3850		-20.6201		78.4474
3851		-2.91351		10.7483
3852		42.5265		-27.7217
3853		92.0421		-29.2864
3854		122.864		-2.04691
3855		122.618		33.9286
3856		94.5809		55.6869
3857		56.0585		47.9963
3858		30.2418		10.6866
3859		35.0163		-40.9073
3860		73.9271		-82.966
3861		133.799		-94.6362
3862		190.52		-68.4994
3863		220.508		-14.8081
3864		212.419		42.9348
3865		173.195		79.2477
3866		125.139		79.4263
3867		95.0685		47.3941
3868		100.677		4.44002
3869		140.861		-20.9366
3870		195.083		-7.35078
3871		232.44		47.9687
3872		226.308		126.309
3873		167.544		194.886
3874		69.85		221.146
3875		-35.3159		187.179
3876		-111.734		97.4794
3877		-133.06		-23.3408
3878		-92.2624		-141.255
3879		-1.97572		-226.323
3880		113.363		-262.428
3881		228.655		-249.202
3882		326.462		-196.607
3883		398.679		-116.617
3884		442.039		-17.654
3885		451.848		94.817
3886		419.405		212.439
3887		336.214		317.691
3888		203.46		383.047
3889		41.0084		378.738
3890		-110.902		287.13
3891		-201.217		116.939
3892		-186.979		-91.0864
3893		-53.9643		-272.452
3894		170.994		-360.171
3895		423.534		-311.189
3896		621.916		-126.507
3897		696.733		144.818
3898		618.014		421.015
3899		407.876		616.94
3900		132.783		675.502
3901		-121.657		588.064
3902		-282.797		395.39
3903		-316.488		169.277
3904		-235.836		-16.6236
3905		-90.7065		-114.056
3906		56.0088		-114.373
3907		154.107		-45.2055
3908		182.758		46.8088
3909		152.422		117.913
3910		93.639		143.583
3911		40.0791		123.257
3912		14.6521		73.8435
3913		24.3638		17.7481
3914		63.9862		-27.1975
3915		123.804		-51.1517
3916		195.272		-49.23
3917		270.924		-16.4946
3918		339.579		53.524
3919		381.82		164.035
3920		371.373		306.062
3921		284.745		451.51
3922		116.044		554.808
3923		-110.608		565.979
3924		-339.38		451.704
3925		-496.074		215.475
3926		-513.705		-93.5989
3927		-360.777		-390.016
3928		-59.8272		-578.133
3929		313.28		-586.391
3930		651.165		-395.854
3931		850.573		-50.8428
3932		848.25		353.604
3933		642.91		703.135
3934		294.76		902.221
3935		-96.7042		904.323
3936		-427.192		723.096
3937		-620.602		421.888
3938		-648.384		87.6105
3939		-529.866		-199.283
3940		-316.422		-386.92
3941		-68.509		-459.37
3942		163.968		-429.681
3943		350.936		-325.069
3944		480.148		-172.919
3945		548.535		6.07266
3946		553.923		196.307
3947		492.546		380.938
3948		363.413		536.8
3949		176.081		635.351
3950		-43.8806		650.455
3951		-256.375		569.506
3952		-416.151		402.058
3953		-486.701		180.943
3954		-452.73		-45.6685
3955		-325.635		-228.48
3956		-139.524		-331.862
3957		60.4715		-343.295
3958		232.596		-274.125
3959		349.801		-152.158
3960		404.075		-10.0208
3961		403.257		125.531
3962		363.074		239.315
3963		298.715		327.222
3964		219.703		391.226
3965		129.597		433.344
3966		29.5186		451.801
3967		-77.1398		441.007
3968		-181.608		394.818
3969		-269.788		311.065
3970		-325.307		195.007
3971		-334.124		60.2544
3972		-288.854		-73.0731
3973		-191.464		-182.076
3974		-53.8945		-245.505
3975		103.2		-247.927
3976		253.171		-183.117
3977		367.264		-56.3983
3978		419.554		114.44
3979		392.515		300.316
3980		282.321		464.736
3981		102.313		570.458
3982		-117.029		587.974
3983		-332.608		503.758
3984		-497.395		325.703
3985		-571.38		83.5967
3986		-531.82		-176.153
3987		-379.736		-400.515
3988		-140.633		-541.952
3989		140.83		-569.397
3990		410.758		-475.202
3991		617.819		-276.475
3992		724.01		-10.8257
3993		711.972		272.103
3994		587.596		521.113
3995		377.748		693.635
3996		123.944		763.598
3997		-126.539		725.601
3998		-330.25		594.715
3999		-455.85		402.113
4000		-489.335		187.578
4001		-435.12		-9.26745
4002		-312.923		-156.792
4003		-151.657		-236.34
4004		17.6656		-243.385
4005		167.811		-185.264
4006		278.555		-77.0669
4007		337.203		62.3293
4008		337.568		212.649
4009		279.172		352.935
4010		167.815		461.807
4011		17.2795		518.979
4012		-149.467		509.086
4013		-301.779		427.184
4014		-406.835		283.587
4015		-438.401		105.022
4016		-385.947		-69.9632
4017		-260.09		-200.957
4018		-91.2698		-257.9
4019		78.8414		-230.785
4020		210.353		-132.589
4021		277.473		6.08833
4022		275.039		148.552
4023		216.678		264.66
4024		125.945		339.038
4025		25.1104		371.524
4026		-72.6755		370.51
4027		-164.078		343.509
4028		-249.353		290.76
4029		-323.448		205.94
4030		-370.448		83.9885
4031		-365.929		-68.3045
4032		-287.489		-225.552
4033		-128.959		-346.202
4034		89.0888		-385.124
4035		319.1		-311.932
4036		498.73		-126.977
4037		571.764		132.942
4038		509.476		403.063
4039		323.244		611.005
4040		62.6498		701.253
4041		-200.616		654.014
4042		-396.7		491.057
4043		-479.957		266.691
4044		-441.47		48.179
4045		-308.028		-106.256
4046		-129.617		-163.675
4047		38.3913		-122.174
4048		151.334		-6.27645
4049		184.868		144.08
4050		137.098		285.806
4051		25.233		382.447
4052		-120.245		410.401
4053		-262.043		362.373
4054		-363.001		249.041
4055		-394.135		98.5664
4056		-343.389		-47.7561
4057		-222.541		-145.201
4058		-68.1816		-159.826
4059		66.5343		-82.9537
4060		129.141		60.6479
4061		89.0038		216.676
4062		-46.4009		318.717
4063		-228.668		314.202
4064		-382.995		188.66
4065		-436.319		-23.0546
4066		-348.284		-245.424
4067		-131.558		-389.3
4068		148.49		-387.124
4069		396.129		-221.59
4070		521.166		64.9693
4071		473.527		385.041
4072		261.929		638.352
4073		-50.872		748.413
4074		-373.299		687.9
4075		-618.819		483.201
4076		-733.635		198.376
4077		-707.579		-92.0626
4078		-566.521		-328.141
4079		-353.573		-476.794
4080		-110.716		-529.187
4081		129.827		-488.999
4082		342.48		-361.921
4083		499.421		-154.391
4084		565.787		117.577
4085		506.293		416.544
4086		302.927		679.554
4087		-25.0286		829.588
4088		-411.471		801.83
4089		-754.096		574.489
4090		-945.397		188.803
4091		-913.251		-254.403
4092		-653.503		-624.307
4093		-238.514		-806.008
4094		204.657		-744.106
4095		539.169		-464.9

 
--------------------------------------


