Compute Correlation 
 
0		431.929		-349.634
1		546.159		-60.9661
2		483.587		239.272
3		271.87		452.012
4		-11.7107		515.145
5		-273.659		423.342
6		-440.762		222.568
7		-483.029		-15.5389
8		-414.589		-225.035
9		-275.908		-367.244
10		-109.74		-434.115
11		55.2982		-435.854
12		206.03		-383.84
13		333.61		-281.194
14		420.591		-127.127
15		437.667		68.6598
16		355.129		272.724
17		163.984		427.519
18		-105.843		468.621
19		-383.21		353.594
20		-574.912		88.3866
21		-600.362		-263.675
22		-426.725		-597.708
23		-87.6385		-803.305
24		324.419		-805.788
25		689.813		-594.619
26		903.988		-226.656
27		912.163		196.31
28		722.723		564.71
29		396.166		796.368
30		17.7176		855.778
31		-332.05		752.811
32		-595.976		526.562
33		-743.662		226.012
34		-763.893		-101.965
35		-655.842		-413.769
36		-427.42		-664.118
37		-102.261		-804.1
38		270.888		-789.253
39		616.434		-597.404
40		845.029		-247.953
41		880.544		189.531
42		690.946		606.312
43		308.546		885.006
44		-172.059		939.295
45		-620.707		746.527
46		-914.03		358.609
47		-976.798		-114.523
48		-805.518		-542.617
49		-465.263		-818.7
50		-62.3287		-891.185
51		294.699		-773.029
52		529.133		-527.028
53		613.152		-236.424
54		564.102		25.1279
55		426.033		212.304
56		247.721		310.891
57		67.4503		328.186
58		-90.8489		279.636
59		-212.576		180.02
60		-285.375		42.7397
61		-296.552		-115.143
62		-237.365		-268.196
63		-111.244		-383.786
64		60.1576		-430.588
65		238.427		-390.893
66		378.596		-270.178
67		444.264		-98.232
68		420.8		79.746
69		320.376		218.595
70		176.52		288.399
71		30.8891		282.936
72		-81.5558		218.318
73		-142.603		123.539
74		-152.626		28.1473
75		-125.051		-47.2082
76		-77.615		-93.9797
77		-25.242		-113.035
78		22.5816		-109.355
79		60.2691		-88.0031
80		83.2057		-53.4607
81		86.5485		-11.6622
82		67.0822		28.0038
83		26.8395		53.4053
84		-24.5117		53.8069
85		-71.1619		25.5034
86		-96.9009		-24.5651
87		-92.6387		-80.1289
88		-61.5994		-122.167
89		-18.7881		-137.932
90		15.8299		-127.748
91		27.4944		-105.568
92		15.0149		-92.282
93		-7.36383		-104.622
94		-16.2369		-145.158
95		9.08093		-198.786
96		74.7456		-238.136
97		166.699		-235.92
98		254.462		-178.595
99		303.228		-74.7434
100		288.984		46.1425
101		209.762		144.335
102		87.8202		185.418
103		-38.2582		153.871
104		-127.963		58.8659
105		-153.4		-69.8228
106		-107.962		-193.378
107		-6.22508		-277.485
108		123.617		-302.139
109		250.344		-264.499
110		348.326		-175.358
111		401.218		-52.6883
112		401.076		83.6388
113		345.845		213.724
114		238.517		316.878
115		89.3424		371.239
116		-80.5857		356.843
117		-238.144		262.821
118		-342.887		96.0741
119		-358.278		-113.597
120		-266.054		-316.532
121		-77.4254		-455.748
122		165.094		-485.537
123		397.947		-388.905
124		556.205		-186.111
125		595.268		70.2221
126		505.715		312.148
127		315.152		478.831
128		76.6052		535.177
129		-150.98		479.369
130		-321.368		337.405
131		-411.164		148.838
132		-418.717		-48.3758
133		-355.033		-226.683
134		-233.751		-368.596
135		-66.785		-460.238
136		132.139		-485.522
137		339.64		-427.171
138		517.821		-276.098
139		618.912		-44.5209
140		600.69		225.837
141		446.993		468.219
142		182.921		609.85
143		-125.05		599.376
144		-387.566		430.688
145		-523.845		150.94
146		-493.126		-153.137
147		-311.71		-386.518
148		-46.9732		-481.836
149		209.824		-424.089
150		380.006		-252.997
151		426.782		-42.2524
152		364.379		134.109
153		243.939		232.065
154		124.434		250.677
155		43.9025		222.984
156		5.33984		191.249
157		-16.7193		180.796
158		-54.1407		186.714
159		-121.03		180.08
160		-201.565		129.347
161		-256.893		24.0698
162		-247.268		-113.133
163		-156.861		-233.835
164		-6.96494		-286.951
165		150.464		-245.337
166		256.114		-121.258
167		271.306		38.0316
168		195.733		172.456
169		65.6008		237.227
170		-66.4441		221.868
171		-158.219		150.287
172		-196.747		62.757
173		-198.753		-9.17453
174		-193.454		-59.916
175		-198.63		-108.977
176		-205.079		-182.594
177		-179.874		-289.112
178		-87.8006		-403.844
179		80.9586		-474.423
180		293.669		-446.104
181		480.603		-294.475
182		563.418		-47.3286
183		493.438		218.206
184		280.182		404.72
185		-5.88547		437.149
186		-259.847		298.261
187		-386.53		38.8794
188		-341.372		-243.043
189		-148.169		-444.757
190		114.586		-501.965
191		351.264		-412.243
192		491.273		-228.401
193		515.047		-27.1216
194		452.359		129.498
195		356.543		219.202
196		270.747		259.717
197		205.622		286.26
198		140.337		321.454
199		44.8392		356.352
200		-91.182		354.248
201		-241.109		275.252
202		-347.703		107.054
203		-350.957		-116.934
204		-222.689		-324.317
205		11.6318		-433.849
206		277.17		-394.13
207		479.631		-210.606
208		546.443		53.8073
209		458.552		305.467
210		256.938		460.858
211		21.1562		481.096
212		-168.332		383.419
213		-264.431		225.503
214		-267.48		72.7137
215		-214.02		-33.2919
216		-149.008		-88.3273
217		-98.5982		-116.375
218		-58.9633		-145.164
219		-6.33757		-182.752
220		79.446		-209.787
221		193.589		-192.105
222		301.314		-105.701
223		353.396		41.6676
224		313.884		206.393
225		183.816		326.53
226		6.37091		352.219
227		-150.899		272.326
228		-228.092		122.058
229		-202.143		-33.4337
230		-97.2614		-131.132
231		29.1724		-140.742
232		117.5		-77.3444
233		136.492		10.4289
234		97.118		69.6115
235		42.2804		72.8794
236		18.9755		32.4548
237		49.1745		-9.56529
238		116.264		-8.43646
239		174.82		54.4972
240		177.999		158.441
241		106.628		253.195
242		-17.0642		287.152
243		-139.446		237.336
244		-204.044		124.161
245		-182.787		2.06169
246		-92.2438		-69.2448
247		14.5482		-57.0627
248		76.4579		26.4118
249		57.2386		130.702
250		-35.1211		194.563
251		-153.33		179.158
252		-237.12		88.5474
253		-246.179		-33.6936
254		-181.346		-129.496
255		-82.4931		-158.688
256		-4.6889		-120.516
257		13.5666		-52.4036
258		-28.0522		-7.02171
259		-92.3695		-21.0221
260		-127.032		-93.341
261		-95.5516		-185.412
262		0.718269		-243.058
263		122.205		-227.511
264		212.499		-137.886
265		229.315		-12.3981
266		167.493		92.2414
267		61.1666		131.427
268		-35.8158		95.8968
269		-79.7584		14.6343
270		-60.0822		-63.774
271		-2.3653		-100.124
272		49.9102		-86.8678
273		63.8567		-50.5939
274		38.8353		-33.2506
275		8.02569		-63.1571
276		18.2767		-133.137
277		99.3678		-199.428
278		240.44		-203.384
279		387.983		-104.886
280		468.141		90.7717
281		422.679		327.87
282		240.094		521.091
283		-34.4395		592.441
284		-315.744		506.035
285		-513.682		283.754
286		-569.287		-5.10405
287		-475.024		-273.776
288		-271.305		-451.942
289		-23.897		-507.515
290		204.126		-448.285
291		371.503		-306.883
292		461.797		-120.815
293		473.559		80.1096
294		408.201		273.49
295		266.012		435.37
296		53.6671		533.036
297		-202.764		528.902
298		-450.826		396.957
299		-620.063		143.583
300		-646.219		-180.742
301		-501.138		-489.444
302		-212.599		-688.128
303		138.628		-711.955
304		446.311		-554.358
305		619.805		-272.046
306		619.685		37.5795
307		470.916		276.639
308		247.424		385.578
309		36.2725		362.287
310		-100.322		253.516
311		-146.525		124.924
312		-128.806		26.699
313		-91.0598		-27.039
314		-64.5978		-55.4719
315		-50.477		-88.9039
316		-23.6385		-141.927
317		44.8223		-198.786
318		161.658		-220.142
319		298.386		-167.47
320		400.235		-30.5978
321		413.305		158.524
322		315.119		335.301
323		131.049		431.598
324		-73.6343		409.446
325		-223.121		281.146
326		-266.926		104.419
327		-203.502		-45.4177
328		-79.1492		-111.925
329		37.0707		-83.6662
330		88.9971		3.40607
331		60.7542		87.9071
332		-18.1911		117.02
333		-92.1099		74.1537
334		-111.114		-14.1637
335		-58.5761		-94.9712
336		40.6758		-119.19
337		135.004		-68.6494
338		174.591		34.632
339		137.973		141.156
340		42.2859		200.773
341		-67.4942		188.441
342		-143.29		115.121
343		-158.393		18.8392
344		-118.361		-57.771
345		-53.3899		-90.0589
346		2.04322		-81.3922
347		29.5756		-55.8963
348		35.3251		-39.4615
349		41.8367		-41.2873
350		69.2374		-47.5439
351		117.756		-31.1903
352		163.02		27.9302
353		167.986		125.084
354		105.365		226.363
355		-22.2203		282.142
356		-176.581		252.132
357		-297.449		128.84
358		-329.345		-53.5674
359		-248.545		-230.693
360		-76.3802		-334.792
361		128.113		-324.21
362		292.716		-201.199
363		361.856		-9.92126
364		317.669		183.537
365		183.33		318.776
366		8.85489		363.07
367		-152.011		318.555
368		-261.975		213.645
369		-308.725		85.6013
370		-300.344		-35.582
371		-253.198		-134.29
372		-180.916		-206.101
373		-90.8042		-249.226
374		11.6918		-258.022
375		115.394		-223.69
376		199.534		-141.864
377		237.933		-21.7074
378		210.112		110.338
379		113.388		216.192
380		-31.3041		259.666
381		-184.097		221.539
382		-300.009		108.507
383		-345.575		-48.6985
384		-310.441		-207.156
385		-208.86		-327.694
386		-71.2978		-387.401
387		68.7375		-383.555
388		185.825		-328.768
389		266.985		-241.663
390		309.03		-138.985
391		312.712		-33.0865
392		278.771		65.4371
393		208.838		143.743
394		110.205		185.968
395		0.225159		177.877
396		-94.2881		115.065
397		-144.455		9.69044
398		-130.966		-109.337
399		-54.1537		-204.637
400		63.337		-244.289
401		183.736		-215.029
402		268.581		-128.127
403		293.866		-14.7271
404		258.774		87.3522
405		184.048		149.079
406		101.2		160.682
407		38.2148		132.653
408		8.74481		87.7106
409		9.46826		48.6174
410		25.7231		28.2626
411		41.3105		26.5317
412		46.7458		34.3294
413		41.8956		41.2424
414		32.6797		41.8349
415		25.0143		37.1167
416		20.4198		31.1727
417		16.1175		26.0794
418		9.13626		19.1576
419		1.09399		4.82755
420		-0.283142		-19.9815
421		15.2153		-50.625
422		53.1113		-73.8422
423		107.833		-72.9014
424		161.599		-36.7848
425		190.494		31.4975
426		175.539		112.604
427		113.356		176.919
428		20.5749		196.923
429		-71.0781		160.174
430		-127.429		76.4037
431		-126.584		-25.2005
432		-68.7557		-107.703
433		23.5701		-141.863
434		115.292		-118.177
435		173.626		-50.0442
436		181.39		33.0873
437		142.745		99.0295
438		79.3459		126.215
439		19.4454		111.153
440		-14.4596		67.277
441		-13.7259		16.7484
442		15.6392		-20.0795
443		58.6759		-32.3453
444		99.8301		-20.4243
445		129.396		7.94657
446		145.152		44.0105
447		149.302		82.8064
448		143.448		123.854
449		125.176		167.806
450		88.6619		211.62
451		29.1473		245.692
452		-51.2354		255.346
453		-139.833		226.632
454		-214.702		153.963
455		-251.05		45.8171
456		-230.651		-74.6684
457		-150.366		-175.286
458		-25.9753		-224.912
459		110.715		-204.555
460		220.918		-115.059
461		271.019		21.6132
462		243.576		168.235
463		143.261		283.401
464		-4.30811		334.052
465		-160.347		305.209
466		-284.522		203.78
467		-346.409		55.5213
468		-333.119		-103.383
469		-251.037		-236.899
470		-121.888		-318.279
471		24.7282		-335.127
472		159.292		-289.705
473		258.275		-195.627
474		306.938		-73.1698
475		299.626		54.7916
476		239.096		165.457
477		136.173		237.992
478		9.82643		255.988
479		-113.602		211.271
480		-203.764		108.382
481		-233.089		-32.57
482		-185.786		-177.402
483		-65.7518		-285.224
484		100.68		-320.526
485		269.915		-265.99
486		393.761		-130.66
487		435.512		50.8346
488		383.14		228.827
489		253.831		355.435
490		87.5192		401.006
491		-68.1641		363.357
492		-175.15		265.99
493		-217.051		146.458
494		-201.262		40.4998
495		-151.036		-30.7322
496		-92.2332		-64.8993
497		-41.711		-73.3083
498		-2.87822		-70.2708
499		30.2834		-63.4376
500		64.1729		-50.4856
501		97.5681		-23.5233
502		119.831		22.0618
503		116.593		80.2592
504		79.546		133.682
505		14.2849		160.587
506		-59.0457		146.133
507		-113.529		91.5112
508		-128.028		15.3977
509		-97.8452		-53.7546
510		-37.5107		-90.9731
511		26.172		-86.6853
512		67.4127		-50.9146
513		74.0996		-7.42674
514		53.1505		19.0839
515		25.7939		15.905
516		15.489		-11.5431
517		35.1311		-43.4155
518		80.4197		-56.6762
519		132.693		-37.5044
520		169.223		11.8746
521		174.937		75.2992
522		149.081		131.921
523		103.563		166.881
524		54.7432		177.264
525		14.1349		170.374
526		-16.1887		156.254
527		-41.0133		139.866
528		-64.5341		118.391
529		-83.6645		85.567
530		-87.3977		40.1249
531		-63.6183		-7.8064
532		-9.61934		-37.7503
533		60.5928		-28.4153
534		118.112		28.8484
535		131.027		120.593
536		81.1613		212.564
537		-23.336		263.007
538		-147.398		242.39
539		-242.429		149.578
540		-268.084		15.4002
541		-211.813		-109.396
542		-95.9422		-176.649
543		31.8466		-162.817
544		120.293		-79.4539
545		137.764		33.1696
546		85.3114		125.881
547		-6.62524		163.529
548		-95.3897		139.323
549		-147.494		73.8577
550		-152.783		0.562721
551		-124.505		-53.4351
552		-86.6339		-80.0465
553		-56.9589		-89.8772
554		-36.4847		-100.152
555		-11.4177		-119.28
556		33.9239		-138.335
557		101.883		-135.337
558		174.247		-90.1687
559		218.722		-0.974747
560		206.42		108.703
561		130.474		197.818
562		14.3503		227.704
563		-96.3423		183.362
564		-155.423		83.8076
565		-139.878		-25.3739
566		-62.5494		-94.3496
567		33.9406		-94.6207
568		99.5026		-33.8222
569		103.33		48.8509
570		50.3422		104.6
571		-22.126		102.514
572		-65.9767		47.265
573		-50.5382		-23.2517
574		18.5743		-59.5341
575		100.988		-29.6109
576		143.345		60.6727
577		109.707		168.128
578		3.72485		234.05
579		-130.248		216.007
580		-228.554		112.296
581		-241.158		-34.7153
582		-158.467		-158.809
583		-17.4003		-203.317
584		116.874		-149.974
585		183.919		-27.7872
586		158.153		102.709
587		60.139		181.158
588		-56.5755		177.817
589		-135.33		106.465
590		-146.242		13.4053
591		-99.7822		-50.5448
592		-37.1255		-58.9249
593		-3.51645		-23.0919
594		-20.3414		16.972
595		-72.1022		18.7373
596		-115.784		-35.3048
597		-107.181		-124.802
598		-28.9288		-201.193
599		96.1392		-214.72
600		214.474		-143.625
601		269.389		-8.84314
602		231.651		134.487
603		116.109		224.527
604		-25.0065		224.398
605		-128.608		140.804
606		-152.711		19.6035
607		-96.5819		-78.96
608		1.46873		-111.608
609		86.7144		-72.8719
610		118.022		5.40708
611		88.5308		74.6776
612		26.0562		98.0168
613		-25.9748		69.9835
614		-35.302		17.1443
615		0.436005		-20.164
616		53.6356		-13.4773
617		84.8161		36.1173
618		67.7067		98.6564
619		6.19298		133.748
620		-67.1016		115.664
621		-109.906		49.9941
622		-95.8536		-28.3212
623		-31.2859		-74.8143
624		46.9597		-61.8102
625		92.0564		4.20071
626		74.4744		84.6795
627		0.287033		130.067
628		-90.4546		108.135
629		-145.008		23.553
630		-127.333		-82.8044
631		-39.1765		-155.007
632		79.2277		-152.319
633		169.641		-71.904
634		186.529		48.6554
635		121.277		150.583
636		6.76831		184.465
637		-100.004		135.583
638		-147.61		30.5278
639		-115.968		-77.9658
640		-24.6045		-139.083
641		80.2089		-129.297
642		151.377		-61.5632
643		165.058		25.6144
644		129.803		91.7914
645		76.7764		116.698
646		38.1101		108.309
647		26.9842		93.1221
648		31.4082		95.6311
649		25.0106		120.244
650		-12.3548		147.188
651		-77.4623		145.213
652		-141.353		93.4756
653		-164.225		-0.983612
654		-119.46		-101.652
655		-12.657		-159.196
656		116.265		-137.873
657		210.486		-36.9573
658		224.622		105.433
659		148.745		229.264
660		14.7033		281.858
661		-119.164		244.04
662		-197.058		139.108
663		-193.051		19.8773
664		-122.258		-59.0677
665		-30.3281		-68.8168
666		32.4087		-18.6685
667		37.5944		52.3397
668		-8.20255		99.2897
669		-70.6376		96.7145
670		-109.798		51.1963
671		-104.12		-5.26535
672		-62.1735		-36.4209
673		-15.8857		-24.5588
674		0.270203		18.6103
675		-28.5488		59.2682
676		-87.3242		62.5073
677		-139.088		14.485
678		-146.473		-67.5357
679		-94.3213		-143.46
680		-0.0415192		-172.455
681		94.6037		-136.252
682		145.89		-50.2044
683		132.083		44.4466
684		65.3295		102.886
685		-15.3238		101.074
686		-65.8529		48.3689
687		-61.7004		-18.6647
688		-10.9018		-57.6504
689		51.462		-44.7484
690		84.1827		11.9135
691		64.1717		77.3197
692		0.146133		110.161
693		-72.0608		87.1053
694		-109.873		16.8476
695		-88.4019		-64.1089
696		-15.0275		-111.562
697		74.1559		-98.2223
698		134.001		-28.9243
699		134.959		62.0827
700		78.8711		130.114
701		-2.848		144.502
702		-67.354		104.763
703		-84.4011		39.5613
704		-52.6415		-10.6043
705		0.843113		-16.9197
706		37.1879		21.4731
707		28.8246		77.5714
708		-24.2656		112.682
709		-94.332		99.2425
710		-141.65		37.1992
711		-137.229		-45.3381
712		-79.5087		-107.455
713		4.34334		-118.033
714		73.1338		-72.8601
715		93.969		3.23297
716		59.7061		70.1449
717		-7.99466		94.2622
718		-71.3046		66.0165
719		-97.0963		3.75034
720		-74.2743		-57.6986
721		-18.2001		-86.732
722		39.5852		-71.7425
723		69.8381		-25.7535
724		61.4924		22.9441
725		26.1436		48.0392
726		-10.7279		40.0235
727		-25.9427		10.1833
728		-12.3409		-17.9639
729		17.9638		-24.0797
730		42.3005		-3.72098
731		42.4336		29.2643
732		16.5096		51.899
733		-19.3729		47.0247
734		-40.9451		14.8031
735		-30.9892		-26.3626
736		9.24878		-50.2556
737		59.5075		-38.5464
738		91.462		7.56786
739		84.9697		66.8621
740		40.1503		109.336
741		-21.8809		112.935
742		-70.3067		76.1534
743		-81.6458		19.2025
744		-52.8684		-27.1047
745		-3.0853		-38.5332
746		37.2191		-10.9795
747		43.3682		37.2717
748		10.416		75.8591
749		-43.9929		79.4091
750		-89.3667		41.7762
751		-99.1803		-20.4427
752		-65.3556		-76.9328
753		-2.4668		-100.027
754		60.3967		-79.2672
755		95.29		-26.249
756		89.7767		32.5135
757		52.2321		70.2803
758		5.67813		73.9102
759		-25.7737		49.2962
760		-29.8886		15.9741
761		-11.4881		-5.30482
762		12.5019		-4.48041
763		24.5292		13.2337
764		17.239		32.2445
765		-2.75797		37.4132
766		-20.0577		23.9306
767		-20.9898		0.207016
768		-2.7859		-17.8041
769		24.3409		-17.1354
770		43.4844		3.45563
771		41.815		32.0548
772		19.1632		50.4939
773		-10.9738		45.5107
774		-28.8539		17.4258
775		-20.0972		-19.0258
776		15.3667		-42.4526
777		62.3918		-36.7994
778		98.4702		-0.640762
779		105.94		51.658
780		81.5609		97.6581
781		37.9795		119.04
782		-3.71379		111.283
783		-25.9663		85.329
784		-24.3378		60.4035
785		-9.17223		52.3019
786		1.4754		64.0426
787		-6.60992		84.3525
788		-34.6389		94.83
789		-69.4826		81.54
790		-91.0248		44.1965
791		-83.9783		-2.52101
792		-47.3304		-36.4208
793		4.08018		-39.8551
794		46.8486		-9.57285
795		61.1111		41.1797
796		40.7436		89.4373
797		-3.90388		114.324
798		-52.0119		107.327
799		-83.4202		75.5468
800		-88.5784		36.5502
801		-71.992		8.19097
802		-47.7877		-0.614273
803		-30.5631		6.89378
804		-27.1685		19.3688
805		-34.1263		25.6188
806		-41.7198		21.7205
807		-41.6709		12.6608
808		-33.2523		7.79375
809		-23.8522		13.3421
810		-23.6473		27.0249
811		-37.8677		38.5254
812		-61.7899		35.7905
813		-82.028		13.3663
814		-83.8295		-22.5467
815		-60.2501		-55.8694
816		-17.6494		-68.7808
817		26.1632		-51.8163
818		50.6052		-10.086
819		43.2395		38.2543
820		6.84453		70.831
821		-41.4823		72.5346
822		-78.9119		43.3851
823		-88.5765		-1.57298
824		-68.0266		-40.308
825		-29.9073		-55.3505
826		5.35284		-42.5508
827		20.6621		-12.4011
828		11.0328		16.5136
829		-14.6573		28.0244
830		-39.5056		16.9135
831		-48.3959		-9.08873
832		-36.1239		-34.536
833		-9.45074		-45.3435
834		17.6231		-36.3711
835		32.1856		-13.3709
836		29.33		11.3373
837		13.8287		26.4385
838		-3.92361		27.7499
839		-14.7522		19.4249
840		-15.9336		9.98438
841		-11.724		6.11504
842		-9.24503		8.38739
843		-12.7597		11.5886
844		-20.312		9.23506
845		-25.0461		-0.956902
846		-20.3492		-14.5199
847		-5.3251		-22.5869
848		13.292		-17.8502
849		24.4909		-0.285248
850		19.8855		21.358
851		-0.0832977		33.821
852		-24.8411		27.2502
853		-38.7123		2.08094
854		-29.8526		-29.5869
855		2.02264		-49.5816
856		43.9305		-43.5385
857		75.5119		-9.57019
858		79.6921		39.4606
859		52.2848		81.8382
860		4.98988		98.1853
861		-40.2408		81.88
862		-62.6357		42.818
863		-53.6143		2.23129
864		-21.2335		-18.7189
865		14.4707		-10.2851
866		32.6728		20.908
867		23.1944		56.0415
868		-8.23882		74.9863
869		-43.8178		67.6573
870		-64.237		39.3667
871		-59.8698		7.1991
872		-36.0613		-10.3568
873		-9.53693		-4.38622
874		1.86614		19.3168
875		-9.97921		43.9442
876		-38.5473		51.9698
877		-66.5523		35.8985
878		-76.3848		3.03172
879		-60.8853		-28.6666
880		-27.983		-41.2311
881		3.68103		-27.5804
882		15.6891		3.90399
883		0.910316		33.9777
884		-31.9209		43.7572
885		-62.9944		26.0069
886		-72.938		-10.2377
887		-54.3523		-44.6194
888		-16.5099		-57.2594
889		19.7375		-40.5554
890		34.0466		-3.97295
891		18.6605		31.1849
892		-16.6936		44.1719
893		-50.179		27.1861
894		-60.5871		-9.5999
895		-40.0921		-43.564
896		0.533897		-52.762
897		37.5763		-29.1352
898		47.9357		15.9947
899		22.8873		57.6489
900		-26.0121		71.1827
901		-72.595		46.6828
902		-90.4525		-4.56087
903		-68.012		-55.505
904		-15.7118		-77.9735
905		39.0279		-58.3861
906		66.4862		-5.72823
907		50.9077		52.8658
908		-0.721039		86.6219
909		-62.3328		77.7329
910		-102.88		30.8533
911		-103.03		-29.7506
912		-65.1857		-73.7049
913		-11.3938		-81.0441
914		29.4762		-52.5082
915		37.8538		-8.02389
916		13.7643		25.4578
917		-24.3605		29.584
918		-51.3452		4.67459
919		-50.4122		-31.3966
920		-22.9273		-54.5947
921		12.8499		-49.5227
922		33.1193		-18.8596
923		23.1975		18.1064
924		-13.225		36.9529
925		-55.7338		22.8239
926		-78.8344		-20.3286
927		-66.8031		-71.4612
928		-23.0411		-104.201
929		31.5885		-101.848
930		70.5417		-66.8857
931		76.6837		-19.4321
932		51.9173		14.4907
933		15.7366		18.0713
934		-6.46358		-6.60465
935		1.48328		-39.9578
936		36.7857		-56.6209
937		79.0866		-40.6432
938		102.235		4.68233
939		89.6426		58.1605
940		44.2963		92.5164
941		-12.4255		89.9216
942		-52.5345		52.262
943		-57.0608		0.207573
944		-26.5519		-38.3962
945		19.5677		-44.1254
946		54.3394		-16.5955
947		58.6994		25.9522
948		32.0591		57.7223
949		-8.0186		60.5498
950		-36.7103		34.3109
951		-36.8871		-3.47322
952		-9.28873		-28.4922
953		28.0686		-24.4646
954		50.8681		6.90427
955		43.3118		46.7778
956		7.93982		70.4046
957		-35.4859		62.0806
958		-61.5143		24.9445
959		-54.2333		-20.3495
960		-17.1653		-47.5096
961		28.1858		-40.1946
962		54.5466		-2.13685
963		44.8866		44.3291
964		2.8849		70.7593
965		-48.4304		59.0611
966		-79.363		12.396
967		-70.4276		-45.9408
968		-23.7349		-85.2641
969		37.789		-84.7167
970		83.0877		-45.1187
971		90.4246		11.4315
972		59.6321		54.1052
973		12.0748		60.9423
974		-21.7462		31.4326
975		-19.9186		-13.2002
976		17.9885		-42.2709
977		70.3254		-33.5111
978		105.522		13.6749
979		100.152		77.2356
980		52.6299		124.454
981		-15.3196		130.172
982		-70.3211		90.9582
983		-85.6051		27.1886
984		-55.5778		-28.1172
985		1.45686		-47.3818
986		53.8396		-23.2708
987		74.2659		28.0427
988		54.5914		76.7777
989		9.4502		96.758
990		-33.1098		80.0243
991		-48.3356		40.5866
992		-29.0824		5.41779
993		10.466		-1.8511
994		43.6276		25.0506
995		47.2675		71.4222
996		15.6019		110.369
997		-36.2922		118.719
998		-81.2503		90.7109
999		-95.886		41.4611
1000		-74.2479		-1.80294
1001		-31.294		-15.5832
1002		5.82921		6.22029
1003		13.6049		48.7804
1004		-14.1598		84.9928
1005		-62.7258		91.254
1006		-104.978		61.1822
1007		-117.145		9.31166
1008		-92.5385		-37.3563
1009		-45.3214		-55.0034
1010		-2.16832		-36.7275
1011		13.3164		3.61813
1012		-5.67417		39.6885
1013		-45.2599		48.1778
1014		-79.078		22.565
1015		-83.804		-22.9275
1016		-52.9678		-61.4777
1017		-1.03817		-69.1955
1018		44.6026		-39.0602
1019		59.1706		14.7847
1020		34.5454		64.8404
1021		-16.1692		85.6418
1022		-66.127		67.8799
1023		-89.8681		23.2152
1024		-77.354		-22.8246
1025		-38.9268		-45.5843
1026		1.44575		-35.063
1027		20.4697		-0.847992
1028		8.92056		34.419
1029		-23.6281		48.9459
1030		-55.2946		34.7477
1031		-65.5233		2.03841
1032		-47.6424		-27.386
1033		-12.8699		-33.6713
1034		16.5497		-11.1674
1035		20.9016		27.9295
1036		-4.91481		60.7372
1037		-48.0451		67.3682
1038		-85.1404		42.9314
1039		-96.2104		0.628754
1040		-76.6		-35.9992
1041		-39.8741		-47.1312
1042		-9.75803		-28.6624
1043		-5.82055		5.10622
1044		-31.3955		29.8607
1045		-71.0478		25.9285
1046		-99.3191		-9.46149
1047		-95.799		-59.7178
1048		-57.6902		-97.9584
1049		-2.32246		-102.546
1050		42.1645		-70.071
1051		52.8127		-18.0602
1052		25.3225		24.4634
1053		-22.9189		33.3739
1054		-62.2641		3.4354
1055		-67.5063		-48.2487
1056		-32.3744		-91.5159
1057		26.5293		-100.038
1058		78.7409		-66.2652
1059		96.8848		-5.88139
1060		71.9727		50.8309
1061		18.3602		75.8531
1062		-34.4452		58.9493
1063		-58.4237		13.0463
1064		-42.6262		-33.5089
1065		1.15675		-53.28
1066		45.7571		-35.2418
1067		64.6372		9.41935
1068		47.2205		54.417
1069		4.6834		74.12
1070		-37.0554		58.7065
1071		-52.9655		19.8772
1072		-33.9601		-16.1764
1073		7.45358		-24.4112
1074		44.2669		3.98498
1075		50.7042		55.9137
1076		17.4437		103.47
1077		-42.5552		119.767
1078		-101.059		94.3377
1079		-130.392		39.1846
1080		-118.96		-18.0303
1081		-77.5131		-49.7072
1082		-32.5582		-43.8415
1083		-10.8232		-10.3908
1084		-23.8246		25.147
1085		-61.5276		37.1128
1086		-98.7462		14.9757
1087		-110.473		-30.4518
1088		-87.0913		-73.5344
1089		-40.4514		-89.2581
1090		2.85387		-68.5035
1091		17.1969		-24.0812
1092		-6.56776		16.2006
1093		-54.9536		25.5897
1094		-98.8767		-5.69154
1095		-110.053		-63.9863
1096		-77.4138		-119.172
1097		-14.0505		-141.302
1098		49.4882		-117.526
1099		81.9109		-59.6277
1100		68.5262		2.22005
1101		19.3982		36.0486
1102		-36.3181		25.7
1103		-66.6548		-20.4596
1104		-54.5208		-74.5728
1105		-6.85099		-105.121
1106		49.8224		-94.5209
1107		84.6783		-48.5583
1108		79.9725		7.51417
1109		40.6098		43.7493
1110		-9.33698		42.5507
1111		-40.8893		8.25653
1112		-36.8374		-36.0217
1113		-1.24235		-62.2003
1114		43.5008		-53.5002
1115		70.0466		-13.7921
1116		61.9585		35.1978
1117		22.821		66.8962
1118		-26.5034		65.2985
1119		-60.5635		33.7539
1120		-64.2728		-7.84963
1121		-41.2659		-35.5572
1122		-10.8501		-35.8647
1123		4.414		-13.5716
1124		-7.09872		11.6656
1125		-38.7248		17.9111
1126		-69.4713		-5.00018
1127		-76.952		-48.5042
1128		-51.5285		-89.7919
1129		-3.06398		-105.234
1130		43.9944		-84.8188
1131		64.5542		-38.9138
1132		47.7385		6.92005
1133		3.84037		26.3167
1134		-40.96		7.42532
1135		-59.3144		-39.8303
1136		-38.4541		-88.9877
1137		12.2007		-111.974
1138		66.1379		-95.2157
1139		94.7942		-47.5941
1140		83.9556		4.46291
1141		42.0428		32.0684
1142		-4.59311		20.5141
1143		-26.7566		-22.1412
1144		-9.24178		-69.5562
1145		40.2978		-92.1591
1146		95.6076		-74.1376
1147		126.82		-22.5615
1148		117.558		36.6558
1149		74.2668		73.6656
1150		22.3714		71.8639
1151		-8.5702		37.3985
1152		-2.12169		-4.53898
1153		35.3769		-24.535
1154		78.4147		-6.32583
1155		97.1693		43.3748
1156		75.0647		98.3808
1157		18.84		127.965
1158		-44.8049		114.671
1159		-84.2024		64.7128
1160		-80.8209		4.85608
1161		-40.0765		-32.5806
1162		11.4458		-28.1246
1163		40.9155		13.5636
1164		27.9184		66.0226
1165		-23.7346		95.7256
1166		-87.7798		80.9355
1167		-129.897		24.0509
1168		-126.629		-49.4964
1169		-78.2164		-105.117
1170		-8.22099		-117.846
1171		49.6499		-85.5074
1172		69.9431		-29.0249
1173		48.695		19.964
1174		4.25144		36.9025
1175		-34.3837		17.33
1176		-44.6323		-22.0861
1177		-22.9028		-54.6721
1178		14.4791		-60.1945
1179		42.1731		-36.8782
1180		41.8672		-2.01322
1181		13.8523		19.0346
1182		-22.7428		8.7742
1183		-41.2125		-31.0222
1184		-23.4101		-79.3154
1185		28.7441		-107.327
1186		93.2147		-94.9875
1187		139.457		-42.8023
1188		145.113		27.7699
1189		108.294		85.7085
1190		48.4861		107.148
1191		-4.37148		87.9595
1192		-26.3304		45.1866
1193		-12.0692		6.74366
1194		23.2907		-4.5253
1195		53.8845		16.7361
1196		58.4303		56.436
1197		32.2173		90.2791
1198		-11.0322		98.4918
1199		-48.1601		77.2733
1200		-60.8083		40.3651
1201		-46.3231		10.0848
1202		-18.9096		3.41241
1203		-0.508125		21.5599
1204		-7.01086		49.2775
1205		-38.1768		64.2674
1206		-77.3584		51.0167
1207		-101.27		10.7014
1208		-93.9997		-38.8629
1209		-56.8877		-73.3299
1210		-8.27356		-76.0777
1211		26.8876		-48.1588
1212		31.5263		-7.95474
1213		6.53311		19.4199
1214		-29.6223		16.8457
1215		-51.6553		-14.5809
1216		-42.4183		-55.9257
1217		-3.30305		-81.3289
1218		46.089		-73.1984
1219		78.9714		-32.8469
1220		76.8129		19.7064
1221		40.2639		56.7991
1222		-10.8136		58.767
1223		-48.3326		25.1736
1224		-51.7227		-24.8661
1225		-19.3984		-63.4809
1226		30.626		-69.7518
1227		71.2858		-41.2941
1228		82.034		4.92882
1229		60.3988		42.9472
1230		22.8501		53.1923
1231		-5.46376		33.9482
1232		-6.05258		2.14056
1233		21.5367		-17.012
1234		59.0477		-5.43828
1235		80.0636		36.3291
1236		65.727		88.5015
1237		16.491		122.772
1238		-47.0383		118.407
1239		-94.8706		74.4711
1240		-104.033		11.1169
1241		-71.3471		-40.9629
1242		-15.3358		-57.0433
1243		33.8199		-31.5983
1244		50.6157		19.1097
1245		27.6847		66.3909
1246		-21.035		85.0067
1247		-68.9235		66.5711
1248		-91.9136		23.0737
1249		-81.5571		-21.0973
1250		-48.6277		-43.6831
1251		-15.5933		-37.0946
1252		-2.72998		-11.8408
1253		-16.1823		10.7912
1254		-44.894		12.1323
1255		-67.939		-12.5052
1256		-67.6105		-51.2088
1257		-40.2968		-82.9751
1258		1.37739		-90.6613
1259		36.3533		-71.4817
1260		48.0993		-38.6809
1261		34.8436		-13.3532
1262		10.8129		-11.3279
1263		-2.39539		-33.0646
1264		10.7755		-62.7776
1265		49.6945		-77.5368
1266		96.8992		-61.1005
1267		127.623		-14.2851
1268		124.11		44.4399
1269		86.3459		88.7832
1270		32.7963		99.3904
1271		-9.56851		75.014
1272		-20.3735		33.5079
1273		2.57519		1.87378
1274		41.9739		0.933426
1275		70.8624		33.3919
1276		68.0788		82.1922
1277		30.4899		120.198
1278		-25.0495		125.713
1279		-71.1912		94.9694
1280		-85.6427		44.3922
1281		-63.8822		1.32586
1282		-21.7498		-11.5094
1283		13.5782		11.056
1284		19.0797		53.7128
1285		-10.9971		89.3975
1286		-61.8464		94.6738
1287		-106.465		63.0061
1288		-120.843		8.42432
1289		-97.3309		-42.391
1290		-48.6834		-64.9879
1291		-0.669876		-50.4962
1292		22.3463		-9.9955
1293		10.5726		32.3048
1294		-26.6506		52.8783
1295		-67.1322		41.6434
1296		-88.9369		6.50536
1297		-82.532		-32.5235
1298		-55.0423		-55.7246
1299		-24.536		-55.056
1300		-8.20459		-37.8576
1301		-11.7771		-21.0085
1302		-26.5514		-19.4489
1303		-35.648		-36.291
1304		-25.4351		-60.6433
1305		5.06677		-74.4716
1306		42.7288		-64.2305
1307		67.8459		-30.0271
1308		66.1386		13.487
1309		37.864		45.2742
1310		-1.70372		50.3333
1311		-30.9816		28.8465
1312		-34.9077		-3.67695
1313		-14.1366		-25.6347
1314		15.1695		-22.5838
1315		31.1725		3.50042
1316		20.1504		34.8294
1317		-14.0684		48.3696
1318		-51.0798		30.403
1319		-65.3184		-13.6095
1320		-41.6549		-60.1794
1321		13.9382		-80.0249
1322		75.3387		-54.8898
1323		109.084		10.5982
1324		92.3963		89.1896
1325		26.4938		143.931
1326		-62.496		147.126
1327		-135.983		95.1055
1328		-162.296		10.6431
1329		-132.64		-68.4677
1330		-65.0554		-108.587
1331		5.60094		-96.8433
1332		46.0256		-46.3958
1333		41.0983		12.0959
1334		-0.0660629		47.6075
1335		-51.3539		44.7669
1336		-85.4005		10.0525
1337		-88.5139		-34.6208
1338		-66.3564		-66.4033
1339		-37.7105		-75.1114
1340		-20.7879		-67.8515
1341		-20.8673		-62.2624
1342		-27.0294		-72.9863
1343		-20.0388		-100.142
1344		13.5531		-127.381
1345		70.0639		-131.255
1346		127.69		-96.5352
1347		157.366		-28.1154
1348		139.696		48.3215
1349		78.0816		98.3367
1350		-0.232189		97.3544
1351		-56.8088		45.4282
1352		-62.0933		-30.6835
1353		-11.9721		-90.1562
1354		68.6693		-99.195
1355		137.973		-49.2895
1356		158.699		37.4958
1357		117.902		119.444
1358		34.0165		156.727
1359		-52.6028		132.107
1360		-100.646		59.705
1361		-89.0853		-22.7617
1362		-27.3646		-73.9041
1363		50.6103		-69.882
1364		104.984		-15.5907
1365		110.595		59.7517
1366		68.5833		119.501
1367		3.20636		139.165
1368		-53.5055		117.8
1369		-79.9544		75.4656
1370		-75.5928		39.0946
1371		-58.3298		25.6527
1372		-51.0112		32.6682
1373		-65.6154		41.4933
1374		-94.9483		30.9298
1375		-116.958		-7.3843
1376		-109.108		-61.4912
1377		-64.0831		-104.499
1378		2.91526		-110.085
1379		60.2572		-69.1699
1380		76.5203		2.21742
1381		38.5083		69.0738
1382		-39.6622		94.7868
1383		-121.947		60.4701
1384		-167.761		-24.3578
1385		-152.177		-125.738
1386		-78.1153		-201.844
1387		25.8555		-223.25
1388		120.589		-186.096
1389		175.81		-111.48
1390		183.362		-32.1744
1391		157.531		25.3308
1392		123.249		53.2326
1393		99.7975		62.6863
1394		89.8531		72.6877
1395		80.1991		94.9767
1396		53.2134		124.558
1397		1.70303		141.886
1398		-62.4667		125.612
1399		-111.889		68.2386
1400		-117.989		-15.0668
1401		-68.308		-90.5613
1402		23.411		-121.635
1403		120.801		-87.9779
1404		181.063		2.33296
1405		175.626		114.844
1406		104.386		204.302
1407		-4.06657		235.909
1408		-106.403		201.287
1409		-165.344		121.034
1410		-166.467		32.9917
1411		-122.656		-27.1269
1412		-64.6826		-42.3936
1413		-23.7974		-20.2099
1414		-16.0869		15.189
1415		-36.7279		38.0768
1416		-66.2446		35.3365
1417		-84.0743		11.639
1418		-80.9797		-16.3484
1419		-63.1416		-32.299
1420		-46.1372		-31.1269
1421		-43.1747		-21.7766
1422		-55.285		-20.4494
1423		-69.7679		-38.7633
1424		-68.0034		-74.47
1425		-37.8996		-110.818
1426		16.7359		-125.416
1427		75.9738		-103.625
1428		113.432		-48.5585
1429		110.682		18.5316
1430		68.2337		68.2735
1431		6.62628		78.4041
1432		-43.4013		45.855
1433		-56.5645		-11.0823
1434		-26.0835		-61.8827
1435		32.9234		-79.3682
1436		91.4705		-53.393
1437		121.721		4.59929
1438		110.862		68.3055
1439		66.5704		110.6
1440		11.5983		117.122
1441		-29.0094		92.2588
1442		-40.7712		54.878
1443		-25.8035		26.8966
1444		0.642868		21.5066
1445		20.3497		37.5756
1446		22.6308		62.7725
1447		9.06473		82.7677
1448		-9.83424		90.4744
1449		-23.3374		89.6324
1450		-28.7658		90.755
1451		-33.8942		102.271
1452		-51.8229		122.698
1453		-91.3822		139.111
1454		-149.043		133.375
1455		-207.635		92.8556
1456		-243.309		19.4158
1457		-237.322		-68.7823
1458		-186.289		-144.253
1459		-105.133		-182.575
1460		-20.8846		-173.748
1461		39.5305		-126.524
1462		61.1722		-63.5414
1463		46.5272		-10.0196
1464		12.0476		17.8552
1465		-21.8277		18.8289
1466		-41.3951		4.11813
1467		-45.3026		-11.3369
1468		-42.4005		-18.4736
1469		-43.7036		-18.9559
1470		-53.6447		-22.6803
1471		-66.0279		-39.7443
1472		-67.1951		-71.9275
1473		-44.6239		-109.012
1474		4.06137		-132.474
1475		67.0424		-124.827
1476		121.92		-79.6455
1477		145.5		-6.72977
1478		124.882		70.5717
1479		64.2505		124.83
1480		-16.063		136.246
1481		-87.7366		101.047
1482		-125.894		32.7997
1483		-118.535		-43.5424
1484		-70.0472		-101.683
1485		2.02108		-123.424
1486		74.6287		-103.713
1487		127.475		-50.0428
1488		148.437		22.3039
1489		134.861		96.2471
1490		91.5461		157.452
1491		27.4912		196.279
1492		-46.7413		207.675
1493		-120.341		190.378
1494		-182.774		146.566
1495		-224.507		82.0707
1496		-238.513		6.4381
1497		-222.182		-68.0655
1498		-178.66		-128.78
1499		-116.635		-165.68
1500		-48.3429		-173.901
1501		13.5113		-154.732
1502		58.7513		-114.766
1503		81.6132		-63.7549
1504		81.1833		-12.1466
1505		60.7241		30.9084
1506		26.5067		58.813
1507		-13.444		68.2297
1508		-50.6797		59.4675
1509		-77.8885		36.4641
1510		-90.5808		5.99673
1511		-88.3206		-24.1284
1512		-74.6896		-47.5671
1513		-55.558		-61.5677
1514		-36.1744		-67.4828
1515		-18.5366		-69.0398
1516		-0.730087		-69.0364
1517		20.9448		-66.3477
1518		47.9065		-55.3912
1519		75.6563		-29.0792
1520		93.2617		15.7879
1521		87.2858		73.6169
1522		48.9588		128.976
1523		-18.9441		161.191
1524		-99.6983		153.342
1525		-167.14		101.589
1526		-196.037		19.7245
1527		-173.827		-64.2791
1528		-107.799		-119.144
1529		-23.5215		-123.886
1530		45.5089		-77.5433
1531		72.4057		0.0913391
1532		48.5485		77.4938
1533		-13.5375		125.888
1534		-87.5606		131.892
1535		-147.188		101.859
1536		-178.765		55.8475
1537		-186.188		14.7797
1538		-185.438		-11.8509
1539		-192.109		-30.6029
1540		-209.398		-58.2515
1541		-223.97		-108.763
1542		-212.77		-180.782
1543		-157.524		-253.487
1544		-58.8574		-294.315
1545		58.4733		-275.35
1546		153.352		-189.96
1547		186.211		-60.3651
1548		138.39		68.8107
1549		22.9369		148.789
1550		-119.171		148.068
1551		-236.031		66.4902
1552		-286.917		-65.0462
1553		-258.741		-198.951
1554		-169.157		-292.045
1555		-55.5418		-322.894
1556		43.7627		-297.32
1557		106.044		-240.508
1558		130.63		-181.153
1559		133.126		-136.79
1560		132.173		-107.907
1561		137.087		-82.9076
1562		143.405		-49.6476
1563		138.176		-5.81952
1564		110.812		38.2485
1565		62.204		65.7774
1566		6.17261		64.4296
1567		-37.6514		34.7824
1568		-54.9929		-9.12926
1569		-45.0321		-47.6483
1570		-20.2371		-66.8228
1571		2.06375		-66.0311
1572		11.0509		-56.9292
1573		9.33354		-54.2056
1574		10.6016		-63.99
1575		28.985		-77.6561
1576		66.6295		-75.8045
1577		107.777		-40.9862
1578		124.317		28.1066
1579		91.0416		110.057
1580		2.52903		167.186
1581		-118.372		163.197
1582		-226.692		83.3047
1583		-274.543		-54.2544
1584		-234.291		-202.574
1585		-113.7		-305.389
1586		45.341		-322.283
1587		184.565		-247.212
1588		254.941		-110.911
1589		237.397		33.9195
1590		148.558		136.831
1591		29.4132		170.778
1592		-76.1387		139.839
1593		-140.992		70.8619
1594		-162.644		-4.79872
1595		-156.314		-68.2415
1596		-139.156		-119.056
1597		-116.277		-167.917
1598		-77.6044		-221.617
1599		-7.58989		-271.092
1600		98.6148		-291.158
1601		223.381		-253.388
1602		327.986		-145.087
1603		368.28		17.1692
1604		316.977		188.655
1605		180.249		313.47
1606		-1.34424		349.39
1607		-169.222		287.587
1608		-272.495		156.501
1609		-289.663		7.58301
1610		-235.01		-109.427
1611		-146.864		-168.32
1612		-65.0169		-173.804
1613		-10.4986		-151.367
1614		20.8144		-126.734
1615		47.7876		-108.024
1616		84.1335		-81.9109
1617		122.373		-26.3982
1618		132.994		67.7451
1619		81.0105		180.947
1620		-48.8901		266.01
1621		-233.878		268.621
1622		-414.059		157.514
1623		-515.672		-52.4191
1624		-486.219		-298.542
1625		-323.421		-494.065
1626		-81.6425		-566.74
1627		149.55		-493.495
1628		285.375		-312.783
1629		284.755		-107.317
1630		168.398		34.8446
1631		6.68333		61.4557
1632		-116.411		-21.3262
1633		-144.676		-156.044
1634		-75.0954		-266.319
1635		45.1731		-296.963
1636		147.508		-240.647
1637		179.937		-137.741
1638		133.922		-50.6952
1639		45.9092		-28.0386
1640		-25.9568		-78.1355
1641		-35.9639		-166.75
1642		23.7306		-238.741
1643		120.361		-250.679
1644		201.267		-195.42
1645		225.41		-104.732
1646		187.132		-28.9972
1647		118.342		-6.31053
1648		68.065		-39.3466
1649		71.5306		-93.7792
1650		127.19		-119.436
1651		195.64		-81.9981
1652		221.812		13.3932
1653		168.195		121.004
1654		40.0742		177.602
1655		-112.27		137.609
1656		-216.809		0.890656
1657		-216.633		-182.735
1658		-100.696		-335.619
1659		88.3073		-389.855
1660		273.462		-320.615
1661		380.373		-157.766
1662		371.829		29.9267
1663		262.593		169.042
1664		107.627		215.718
1665		-28.5209		172.131
1666		-103.714		77.9604
1667		-114.432		-16.427
1668		-88.7919		-78.6689
1669		-62.5462		-108.536
1670		-53.6942		-130.431
1671		-51.4263		-170.343
1672		-25.9347		-232.592
1673		47.3457		-291.665
1674		164.612		-305.23
1675		287.089		-241.331
1676		356.909		-103.602
1677		328.073		61.5535
1678		195.528		182.223
1679		5.23753		195.284
1680		-162.189		80.1147
1681		-227.5		-126.588
1682		-150.65		-343.822
1683		48.8277		-481.537
1684		299.502		-480.856
1685		509.888		-339.427
1686		608.377		-109.941
1687		571.64		126.184
1688		428.696		295.582
1689		240.985		361.521
1690		70.9643		331.406
1691		-43.6529		242.486
1692		-97.799		136.625
1693		-108.118		39.5757
1694		-92.9875		-44.2706
1695		-57.5068		-121.187
1696		7.01506		-190.99
1697		109.621		-236.641
1698		242.336		-228.945
1699		371.909		-144.601
1700		448.458		13.3978
1701		428.323		206.651
1702		299.073		371.438
1703		91.9572		444.956
1704		-126.823		394.806
1705		-283.27		235.972
1706		-327.967		25.5557
1707		-257.142		-162.772
1708		-111.584		-271.677
1709		45.653		-283.579
1710		160.525		-222.958
1711		211.567		-137.54
1712		213.779		-69.7506
1713		202.16		-34.7122
1714		205.599		-16.7278
1715		226.952		14.7549
1716		241.098		80.0544
1717		212.021		170.606
1718		118.669		248.498
1719		-26.0153		265.299
1720		-174.84		189.913
1721		-266.245		29.6281
1722		-254.171		-168.036
1723		-131.88		-334.59
1724		63.2089		-411.198
1725		266.331		-374.673
1726		414.775		-245.506
1727		474.277		-74.5518
1728		449.039		83.3936
1729		371.544		194.233
1730		279.698		254.38
1731		195.499		281.926
1732		117.641		296.404
1733		31.4874		300.866
1734		-71.068		278.162
1735		-175.62		204.206
1736		-244.84		70.1194
1737		-235.966		-101.152
1738		-127.251		-255.865
1739		62.0898		-330.463
1740		271.609		-282.968
1741		422.011		-118.104
1742		450.526		108.521
1743		341.639		311.476
1744		136.848		412.742
1745		-82.6503		377.04
1746		-232.536		227.462
1747		-263.335		33.3792
1748		-181.029		-123.347
1749		-40.4613		-186.818
1750		84.4141		-151.109
1751		137.743		-58.5067
1752		107.534		25.8675
1753		27.6758		49.0042
1754		-43.3479		-3.73116
1755		-54.7093		-103.805
1756		10.8079		-197.151
1757		129.989		-233.527
1758		253.492		-191.569
1759		332.073		-87.0064
1760		340.023		38.5868
1761		283.948		140.538
1762		194.068		191.98
1763		105.067		191.954
1764		38.6564		158.136
1765		-2.28802		110.801
1766		-26.1086		59.2897
1767		-38.0037		-0.184891
1768		-29.8541		-74.4226
1769		17.6432		-158.239
1770		120.497		-225.849
1771		273.092		-236.651
1772		438.274		-154.876
1773		554.574		26.5133
1774		560.155		271.379
1775		423.172		505.672
1776		163.304		643.006
1777		-147.822		620.369
1778		-409.89		427.641
1779		-531.812		116.526
1780		-467.826		-216.224
1781		-235.781		-464.476
1782		90.1747		-551.794
1783		408.508		-457.327
1784		627.462		-218.654
1785		694.507		87.3508
1786		607.219		375.054
1787		404.352		577.848
1788		144.852		662.616
1789		-113.505		628.475
1790		-326.714		495.383
1791		-466.142		291.868
1792		-513.737		48.9523
1793		-458.425		-198.755
1794		-298.805		-409.744
1795		-51.3923		-537.184
1796		241.988		-539.451
1797		515.583		-397.273
1798		694.133		-129.351
1799		717.431		203.328
1800		565.439		510.228
1801		272.089		698.916
1802		-80.3767		707.687
1803		-386.454		529.679
1804		-552.901		217.745
1805		-530.789		-132.749
1806		-331.353		-416.622
1807		-19.7799		-554.087
1808		309.625		-514.936
1809		566.167		-323.469
1810		690.487		-44.3595
1811		667.859		242.839
1812		524.686		469.559
1813		312.756		595.248
1814		89.6095		611.759
1815		-97.2369		537.158
1816		-218.297		404.526
1817		-262.963		251.331
1818		-236.539		112.209
1819		-156.693		14.7931
1820		-50.3988		-23.4627
1821		49.8456		1.22717
1822		112.362		76.1073
1823		115.343		172.421
1824		55.9322		251.952
1825		-45.3355		279.501
1826		-148.85		237.468
1827		-209.627		136.029
1828		-196.145		12.8471
1829		-106.386		-79.7729
1830		27.0805		-96.4937
1831		147.13		-20.5244
1832		194.693		124.934
1833		135.062		281.963
1834		-23.7472		379.374
1835		-229.668		362.245
1836		-404.345		217.018
1837		-473.539		-19.1994
1838		-397.703		-270.096
1839		-189.633		-448.381
1840		88.6206		-489.318
1841		348.549		-375.645
1842		508.189		-143.673
1843		521.66		131.481
1844		393.483		364.655
1845		172.933		491.024
1846		-67.5871		485.857
1847		-259.786		367.041
1848		-360.737		181.759
1849		-360.681		-14.6205
1850		-276.978		-177.257
1851		-140.167		-280.892
1852		19.3276		-318.051
1853		177.55		-291.039
1854		315.424		-204.832
1855		413.491		-66.0211
1856		449.419		112.039
1857		402.604		302.659
1858		265.096		464.538
1859		52.9914		550.036
1860		-189.449		521.724
1861		-398.081		370.356
1862		-508.595		125.061
1863		-480.365		-150.918
1864		-313.946		-379.19
1865		-53.753		-493.006
1866		226.198		-460.799
1867		447.894		-296.493
1868		555.547		-52.4906
1869		531.723		200.931
1870		397.725		400.293
1871		200.083		507.167
1872		-8.99977		513.659
1873		-187.815		435.6
1874		-311.83		299.705
1875		-370.883		132.692
1876		-362.152		-42.5517
1877		-285.609		-204.222
1878		-145.752		-327.395
1879		41.9803		-384.466
1880		246.016		-352.939
1881		420.969		-227.647
1882		519.784		-30.1775
1883		511.724		191.815
1884		397.541		378.069
1885		213.036		477.56
1886		17.3151		468.909
1887		-130.126		369.054
1888		-193.072		225.128
1889		-171.504		92.8719
1890		-97.3304		12.073
1891		-15.2765		-8.71014
1892		40.8955		9.40919
1893		64.1748		32.6104
1894		73.7844		36.9786
1895		99.0519		23.8889
1896		157.144		19.2763
1897		237.77		56.9597
1898		304.306		155.354
1899		311.652		301.061
1900		231.57		449.461
1901		71.5256		543.275
1902		-123.931		539.974
1903		-291.04		433.676
1904		-375.27		259.637
1905		-355.719		78.5942
1906		-252.875		-51.0214
1907		-116.012		-98.4852
1908		2.4891		-70.7383
1909		71.7337		-2.48878
1910		92.6205		66.9287
1911		89.1081		116.099
1912		86.7309		150.372
1913		92.0691		192.198
1914		86.2863		259.341
1915		37.455		344.958
1916		-75.1012		413.003
1917		-239.171		413.764
1918		-405.033		312.359
1919		-503.228		114.422
1920		-477.373		-126.649
1921		-315.296		-327.398
1922		-61.2435		-410.036
1923		198.997		-338.824
1924		374.149		-138.366
1925		407.304		116.24
1926		299.71		332.995
1927		106.73		443.576
1928		-91.3589		430.552
1929		-228.022		328.162
1930		-278.301		197.818
1931		-262.079		92.9065
1932		-222.862		32.7158
1933		-195.819		-0.539276
1934		-184.47		-41.2002
1935		-160.057		-109.518
1936		-84.0625		-190.285
1937		59.6082		-234.964
1938		242.765		-187.893
1939		396.343		-22.64
1940		440.131		232.525
1941		324.576		496.362
1942		62.4537		665.78
1943		-267.829		662.373
1944		-551.324		471.185
1945		-685.094		151.507
1946		-622.804		-186.657
1947		-393.522		-429.383
1948		-85.996		-506.062
1949		192.859		-414.434
1950		363.86		-212.735
1951		403.309		14.6239
1952		340.764		198.295
1953		231.452		310.484
1954		121.094		364.615
1955		23.6034		391.81
1956		-76.6986		410.712
1957		-201.804		410.11
1958		-351.78		355.371
1959		-490.613		214.883
1960		-556.824		-9.87337
1961		-494.666		-270.011
1962		-288.908		-481.694
1963		17.1095		-561.242
1964		332.219		-465.397
1965		553.569		-215.323
1966		610.759		109.208
1967		495.704		403.467
1968		263.172		582.575
1969		2.2406		614.995
1970		-205.931		528.512
1971		-321.972		387.354
1972		-357.077		254.339
1973		-354.155		159.281
1974		-353.964		90.4127
1975		-366.593		12.0102
1976		-364.856		-103.51
1977		-303.122		-248.824
1978		-150.335		-376.729
1979		82.35		-420.872
1980		336.045		-331.283
1981		525.256		-105.219
1982		575.423		203.965
1983		457.559		505.442
1984		202.231		707.904
1985		-113.824		756.279
1986		-400.765		650.334
1987		-591.02		437.545
1988		-659.714		186.411
1989		-622.248		-44.0144
1990		-514.162		-222.365
1991		-367.512		-343.603
1992		-198.271		-412.93
1993		-10.9111		-428.309
1994		185.336		-374.786
1995		361.887		-235.379
1996		470.519		-11.7503
1997		461.082		259.578
1998		309.11		508.52
1999		37.5979		653.72
2000		-281.351		636.851
2001		-549.268		451.788
2002		-679.472		152.656
2003		-632.672		-165.026
2004		-432.503		-402.086
2005		-153.418		-494.44
2006		112.65		-434.501
2007		293.917		-266.145
2008		362.399		-57.9691
2009		333.737		129.681
2010		246.638		266.47
2011		136.033		352.893
2012		16.2361		403.122
2013		-116.94		423.16
2014		-268.419		399.637
2015		-423.728		307.299
2016		-541.581		131.029
2017		-566.694		-111.644
2018		-457.841		-363.22
2019		-215.978		-541.839
2020		104.473		-574.544
2021		410.047		-432.084
2022		603.592		-146.862
2023		624.172		196.477
2024		471.953		494.396
2025		205.854		665.917
2026		-84.4172		682.207
2027		-317.385		570.745
2028		-450.306		394.019
2029		-487.089		215.667
2030		-462.326		72.6771
2031		-413.008		-32.5237
2032		-355.34		-118.297
2033		-279.88		-199.094
2034		-166.615		-266.417
2035		-9.37561		-288.016
2036		166.746		-226.555
2037		307.374		-66.8007
2038		351.185		165.327
2039		261.31		404.641
2040		48.4537		570.716
2041		-227.889		602.715
2042		-482.141		487.097
2043		-638.389		263.643
2044		-661.117		6.60029
2045		-565.64		-209.047
2046		-403.936		-338.538
2047		-234.793		-379.96
2048		-95.1994		-363.494
2049		11.6172		-325.304
2050		106.19		-282.271
2051		208.38		-222.658
2052		314.349		-117.973
2053		389.83		51.4221
2054		384.988		272.856
2055		263.316		495.226
2056		28.2738		645.838
2057		-268.22		662.753
2058		-541.92		525.997
2059		-710.169		270.789
2060		-726.897		-24.9346
2061		-601.105		-272.981
2062		-389.759		-411.175
2063		-169.369		-425.52
2064		-1.40074		-348.095
2065		90.7551		-233.544
2066		122.521		-128.072
2067		128.337		-48.1024
2068		134.185		20.5559
2069		138.912		104.125
2070		115.172		215.014
2071		29.1983		334.789
2072		-132.355		416.855
2073		-344.586		408.406
2074		-546.829		280.139
2075		-665.734		47.4554
2076		-647.901		-228.97
2077		-485.721		-464.675
2078		-223.391		-584.963
2079		59.827		-554.554
2080		280.758		-389.691
2081		382.96		-148.285
2082		353.345		95.5389
2083		219.282		279.33
2084		30.7051		370.043
2085		-161.712		365.919
2086		-321.392		285.765
2087		-428.744		154.753
2088		-475.002		-4.31428
2089		-454.884		-170.813
2090		-365.249		-320.733
2091		-211.401		-423.34
2092		-16.0912		-446.168
2093		177.121		-368.481
2094		312.2		-196.543
2095		340.002		29.0686
2096		240.645		241.133
2097		37.423		367.975
2098		-206.389		361.54
2099		-408.549		218.559
2100		-498.462		-15.66
2101		-444.043		-263.329
2102		-262.979		-443.283
2103		-13.9464		-500.226
2104		227.243		-421.695
2105		395.087		-236.87
2106		453.499		-0.232513
2107		400.109		230.317
2108		257.416		410.334
2109		58.515		514.721
2110		-163.821		533.828
2111		-380.072		466.31
2112		-560.725		315.87
2113		-673.2		94.8388
2114		-685.173		-168.624
2115		-575.819		-426.887
2116		-350.153		-619.129
2117		-47.7309		-688.473
2118		261.778		-603.899
2119		497.49		-376.56
2120		594.266		-61.3568
2121		526.231		258.936
2122		316.078		501.188
2123		25.7476		609.389
2124		-267.087		570.316
2125		-495.772		411.526
2126		-622.823		184.538
2127		-642.905		-57.0847
2128		-572.384		-273.664
2129		-433.987		-442.977
2130		-246.56		-552.96
2131		-25.4654		-591.52
2132		208.522		-542.698
2133		420.194		-393.762
2134		560.064		-149.926
2135		577.846		152.887
2136		444.941		447.645
2137		174.687		652.873
2138		-171.884		701.702
2139		-501.08		570.735
2140		-718.437		294.311
2141		-764.325		-44.4627
2142		-637.08		-343.708
2143		-392.532		-521.195
2144		-119.728		-544.035
2145		95.9988		-436.41
2146		205.493		-262.653
2147		209.216		-94.817
2148		146.851		18.9489
2149		70.2119		70.1758
2150		14.5341		83.7333
2151		-16.8857		94.8503
2152		-47.6199		123.395
2153		-106.941		160.084
2154		-205.6		172.129
2155		-323.044		124.731
2156		-413.964		5.83281
2157		-431.163		-160.472
2158		-352.364		-320.39
2159		-195.957		-414.373
2160		-16.2669		-406.403
2161		120.243		-303.102
2162		166.096		-152.096
2163		115.296		-19.8195
2164		5.42803		40.2448
2165		-101.901		12.719
2166		-152.313		-73.9821
2167		-125.502		-164.223
2168		-43.9135		-205.216
2169		41.025		-174.828
2170		77.6531		-92.6678
2171		42.5898		-8.78474
2172		-46.0097		23.9234
2173		-137.405		-20.9874
2174		-174.749		-127.9
2175		-125.315		-245.43
2176		1.19472		-311.431
2177		155.637		-283.917
2178		272.103		-162.209
2179		298.706		12.0996
2180		221.103		174.367
2181		67.5573		266.177
2182		-105.915		259.964
2183		-241.749		167.458
2184		-304.696		29.33
2185		-291.964		-106.837
2186		-226.34		-207.755
2187		-138.354		-263.966
2188		-48.8965		-284.331
2189		37.5798		-280.98
2190		126.245		-255.522
2191		217.045		-196.046
2192		292.602		-87.5054
2193		318.386		70.6374
2194		257.479		250.918
2195		93.2861		398.703
2196		-152.289		450.137
2197		-416.708		360.337
2198		-614.748		128.403
2199		-670.271		-193.99
2200		-547.949		-516.392
2201		-270.172		-741.041
2202		89.0502		-798.59
2203		430.709		-672.522
2204		665.98		-402.112
2205		744.614		-64.0272
2206		665.301		257.62
2207		466.127		498.589
2208		202.744		627.985
2209		-73.3371		644.964
2210		-326.039		564.694
2211		-532.752		404.313
2212		-674.529		177.822
2213		-728.232		-98.0827
2214		-668.555		-393.11
2215		-480.838		-657.302
2216		-177.795		-827.514
2217		190.781		-846.828
2218		543.876		-689.06
2219		791.51		-376.027
2220		865.255		22.5447
2221		743.665		408.683
2222		460.789		688.046
2223		93.6411		800.487
2224		-265.635		736.365
2225		-540.234		532.703
2226		-688.73		253.021
2227		-707.778		-38.0291
2228		-619.819		-292.989
2229		-455.308		-486.033
2230		-240.413		-605.24
2231		3.8618		-641.31
2232		253.274		-582.53
2233		471.338		-420.87
2234		609.264		-165.932
2235		619.064		142.928
2236		475.458		436.684
2237		195.391		633.472
2238		-156.894		667.41
2239		-485.212		516.936
2240		-693.15		218.655
2241		-719.289		-141.512
2242		-560.371		-457.578
2243		-271.9		-641.097
2244		53.9891		-651.016
2245		323.182		-503.551
2246		471.355		-259.488
2247		480.003		3.27045
2248		372.403		218.209
2249		195.126		347.485
2250		-3.3824		383.114
2251		-186.377		336.213
2252		-330.31		223.954
2253		-418.134		63.1384
2254		-433.046		-126.882
2255		-360.089		-316.673
2256		-196.594		-463.424
2257		34.9284		-518.687
2258		281.582		-446.892
2259		469.995		-246.399
2260		530.753		39.0233
2261		427.856		327.416
2262		179.016		524.858
2263		-144.651		560.936
2264		-441.807		417.8
2265		-618.092		139.039
2266		-621.296		-186.39
2267		-459.041		-458.304
2268		-191.758		-602.174
2269		94.5723		-592.708
2270		322.342		-455.124
2271		447.334		-246.307
2272		465.145		-27.2664
2273		399.577		158.886
2274		282.503		294.125
2275		137.698		377.789
2276		-23.097		412.256
2277		-192.195		393.047
2278		-354.032		310.317
2279		-479.586		160.497
2280		-533.109		-40.4507
2281		-488.838		-252.493
2282		-348.208		-421.328
2283		-146.447		-499.455
2284		57.382		-468.028
2285		203.683		-347.279
2286		257.763		-188.721
2287		224.163		-51.934
2288		141.963		22.6239
2289		63.099		30.7346
2290		24.9585		2.47336
2291		31.7693		-17.6964
2292		54.6959		2.02546
2293		50.4916		61.3157
2294		-11.5266		126.531
2295		-128.966		148.545
2296		-263.615		90.071
2297		-358.168		-52.2268
2298		-363.668		-242.634
2299		-263.292		-420.945
2300		-80.3502		-528.848
2301		132.954		-534.372
2302		319.173		-442.255
2303		438.732		-286.294
2304		480.822		-109.614
2305		458.027		55.077
2306		390.201		194.277
2307		288.987		307.914
2308		153.231		394.645
2309		-21.8228		439.512
2310		-227.868		413.827
2311		-431.21		289.603
2312		-575.03		61.3102
2313		-598.442		-237.932
2314		-464.549		-537.038
2315		-183.416		-747.491
2316		182.888		-796.047
2317		537.683		-654.826
2318		782.88		-354.47
2319		853.412		26.0122
2320		737.781		387.902
2321		476.745		646.538
2322		142.946		755.384
2323		-187.022		711.667
2324		-454.581		544.901
2325		-626.911		297.889
2326		-691.333		11.86
2327		-644.736		-277.426
2328		-488.069		-534.299
2329		-230.842		-716.949
2330		97.7295		-779.635
2331		440.712		-686.851
2332		718.422		-434.13
2333		849.592		-63.6198
2334		782.079		337.272
2335		519.138		658.448
2336		127.025		804.2
2337		-282.598		729.458
2338		-590.107		458.666
2339		-709.895		77.9669
2340		-618.973		-296.393
2341		-360.422		-559.573
2342		-21.8437		-651.64
2343		299.733		-570.01
2344		529.954		-358.651
2345		633.302		-82.9984
2346		610.098		195.137
2347		481.394		431.085
2348		273.885		596.462
2349		14.3294		670.432
2350		-265.319		633.903
2351		-519.502		474.299
2352		-688.31		199.983
2353		-711.221		-145.189
2354		-552.688		-479.73
2355		-227.613		-702.407
2356		188.57		-726.982
2357		575.096		-519.977
2358		804.362		-123.237
2359		789.374		351.947
2360		519.676		759.918
2361		69.0562		971.845
2362		-429.48		921.82
2363		-831.227		628.494
2364		-1029.64		183.989
2365		-988.108		-283.467
2366		-742.523		-655.644
2367		-377.379		-859.461
2368		10.4859		-878.815
2369		343.03		-743.124
2370		575.129		-503.421
2371		690.607		-210.651
2372		688.822		93.7611
2373		573.913		374.445
2374		354.554		593.752
2375		53.236		709.231
2376		-283.72		682.995
2377		-586.164		500.206
2378		-775.612		186.22
2379		-792.294		-189.621
2380		-621.673		-529.841
2381		-306.498		-740.395
2382		63.7236		-765.034
2383		383.224		-606.793
2384		567.867		-326.278
2385		583.927		-17.1364
2386		455.519		230.198
2387		248.633		360.336
2388		40.5891		367.07
2389		-110.315		285.774
2390		-181.803		170.42
2391		-186.013		67.992
2392		-153.674		2.38354
2393		-114.636		-26.7635
2394		-85.2734		-33.4169
2395		-67.5178		-31.4868
2396		-56.7921		-26.8604
2397		-51.2421		-18.7199
2398		-55.0621		-7.03241
2399		-73.7302		0.947376
2400		-105.173		-8.67213
2401		-134.27		-47.7082
2402		-136.447		-114.34
2403		-90.3546		-186.901
2404		6.77517		-229.041
2405		130.468		-205.85
2406		233.905		-103.627
2407		266.26		57.3806
2408		196.702		225.434
2409		32.2955		335.778
2410		-179.876		337.599
2411		-368.678		217.097
2412		-466.443		5.59908
2413		-435.751		-231.334
2414		-283.578		-418.877
2415		-57.1023		-500.651
2416		175.812		-457.194
2417		351.744		-308.406
2418		431.307		-101.213
2419		406.226		109.824
2420		293.933		279.374
2421		125.63		379.446
2422		-64.5219		398.565
2423		-244.417		336.825
2424		-383.827		202.759
2425		-453.741		14.8278
2426		-430.195		-194.679
2427		-303.779		-379.026
2428		-90.7108		-484.787
2429		162.027		-468.391
2430		383.823		-315.734
2431		500.65		-55.3196
2432		461.943		243.502
2433		262.962		489.533
2434		-48.0922		600.146
2435		-382.901		531.243
2436		-641.722		294.261
2437		-746.763		-46.9743
2438		-667.018		-398.033
2439		-425.512		-664.978
2440		-87.8401		-782.292
2441		261.261		-727.873
2442		542.775		-522.179
2443		700.758		-215.677
2444		708.736		127.437
2445		567.695		442.341
2446		301.243		671.126
2447		-47.7358		767.163
2448		-418.789		700.594
2449		-737.825		467.069
2450		-927.9		97.2128
2451		-928.058		-339.67
2452		-715.608		-744.271
2453		-322.441		-1010.36
2454		164.311		-1056.99
2455		621.792		-858.261
2456		926.982		-457.727
2457		996.175		40.5148
2458		813.146		502.801
2459		434.497		808.046
2460		-30.1487		885.168
2461		-455.127		731.856
2462		-738.155		408.757
2463		-827.456		13.5316
2464		-728.264		-353.131
2465		-489.821		-615.766
2466		-181.806		-737.514
2467		128.253		-717.63
2468		388.268		-579.274
2469		563.985		-356.554
2470		635.059		-87.2931
2471		591.747		187.728
2472		436.63		423.508
2473		190.522		573.58
2474		-103.005		599.859
2475		-380.971		487.102
2476		-575.071		254.751
2477		-633.145		-41.7931
2478		-539.326		-324.336
2479		-323.069		-516.377
2480		-51.3445		-569.539
2481		194.165		-480.594
2482		345.893		-291.324
2483		373.14		-71.06
2484		289.312		110.419
2485		141.398		207.771
2486		-12.484		212.411
2487		-126.635		148.297
2488		-182.007		55.1408
2489		-186.133		-31.5544
2490		-161.2		-93.8259
2491		-128.243		-132.651
2492		-96.3691		-158.943
2493		-62.0864		-181.023
2494		-17.5812		-196.645
2495		38.3545		-194.211
2496		94.2547		-161.998
2497		129.089		-99.2485
2498		123.201		-21.7788
2499		70.8229		42.1595
2500		-13.3614		64.3623
2501		-98.1471		31.0963
2502		-149.021		-48.4609
2503		-144.219		-144.81
2504		-85.3274		-221.035
2505		3.29955		-249.769
2506		86.274		-225.656
2507		134.245		-166.921
2508		137.655		-105.241
2509		110.22		-69.1483
2510		80.4825		-69.465
2511		75.9027		-94.2037
2512		107.718		-115.407
2513		164.297		-104.304
2514		216.267		-46.9878
2515		230.675		47.2306
2516		187.057		148.805
2517		87.5897		220.494
2518		-43.2122		233.16
2519		-168.452		177.318
2520		-253.128		65.6504
2521		-275.898		-73.55
2522		-233.62		-207.677
2523		-138.191		-309.929
2524		-9.17649		-364.048
2525		132.821		-363.264
2526		268.696		-306.503
2527		379.4		-196.091
2528		443.781		-39.4496
2529		439.748		146.243
2530		350.702		330.416
2531		175.366		471.053
2532		-64.0309		524.241
2533		-320.837		459.091
2534		-533.222		272.07
2535		-641.703		-6.16078
2536		-608.713		-315.68
2537		-432.333		-583.31
2538		-148.443		-744.011
2539		179.637		-759.606
2540		479.683		-628.099
2541		689.976		-381.173
2542		772.823		-72.4858
2543		718.935		237.419
2544		543.939		493.755
2545		281.174		654.752
2546		-25.0152		694.282
2547		-323.8		602.932
2548		-561.696		390.138
2549		-688.738		87.2627
2550		-668.786		-251.567
2551		-492.282		-555.134
2552		-186.169		-749.51
2553		185.444		-778.813
2554		533.748		-625.381
2555		769.193		-320.543
2556		829.364		60.4071
2557		700.123		419.314
2558		421.01		665.537
2559		71.9525		744.243
2560		-253.805		651.65
2561		-479.829		431.672
2562		-567.923		156.368
2563		-523.425		-100.741
2564		-384.4		-287.156
2565		-201.751		-381.458
2566		-20.2515		-389.414
2567		131.546		-331.284
2568		240.444		-228.814
2569		300.854		-98.8764
2570		307.463		44.4804
2571		254.188		183.518
2572		140.369		292.637
2573		-20.3149		341.8
2574		-195.376		307.713
2575		-338.797		187.37
2576		-405.942		5.86539
2577		-371.975		-187.586
2578		-244.61		-335.7
2579		-63.9198		-394.885
2580		112.052		-352.739
2581		229.936		-232.683
2582		261.604		-83.2232
2583		213.112		43.1726
2584		118.18		111.437
2585		20.0901		115.451
2586		-48.4787		74.957
2587		-77.5621		20.634
2588		-78.5544		-23.8531
2589		-71.4418		-52.9434
2590		-68.811		-77.7518
2591		-66.3186		-113.754
2592		-45.3684		-165.464
2593		13.4239		-217.776
2594		113.827		-239.928
2595		234.593		-200.894
2596		333.541		-88.2854
2597		364.387		79.6602
2598		298.507		256.315
2599		140.745		383.239
2600		-69.0402		413.772
2601		-269.998		332.576
2602		-403.51		161.967
2603		-434.888		-47.5984
2604		-363.93		-237.822
2605		-220.607		-363.798
2606		-49.5369		-406.712
2607		108.124		-373.684
2608		226.626		-287.3
2609		297.131		-172.219
2610		320.787		-46.5646
2611		299.874		78.2379
2612		233.729		191.318
2613		122.241		276.114
2614		-25.8694		310.166
2615		-186.53		272.975
2616		-321.745		158.331
2617		-390.7		-16.2461
2618		-366.316		-209.74
2619		-249.014		-369.602
2620		-69.9114		-451.058
2621		119.412		-434.885
2622		266.615		-334.887
2623		338.721		-191.105
2624		333.178		-51.8998
2625		274.842		46.3995
2626		200.979		92.4878
2627		142.328		99.9337
2628		109.871		95.0166
2629		93.5422		99.7811
2630		72.4757		119.606
2631		30.2936		141.617
2632		-33.3971		144.026
2633		-101.569		110.493
2634		-148.763		41.0762
2635		-155.007		-46.3401
2636		-116.597		-124.681
2637		-47.7547		-171.16
2638		27.4247		-177.844
2639		87.742		-153.457
2640		124.825		-115.848
2641		144.551		-80.0407
2642		159.465		-49.2826
2643		177.184		-14.6698
2644		192.256		36.3192
2645		187.082		107.552
2646		142.15		186.007
2647		50.1506		243.451
2648		-74.2905		248.409
2649		-195.701		182.822
2650		-270.536		54.6107
2651		-266.14		-101.13
2652		-176.731		-233.981
2653		-28.2995		-298.175
2654		130.405		-271.496
2655		246.827		-164.356
2656		284.828		-15.0865
2657		237.225		125.896
2658		125.774		215.372
2659		-10.0355		231.485
2660		-129.063		177.541
2661		-201.837		75.7915
2662		-216.169		-43.8823
2663		-174.907		-154.025
2664		-89.7484		-234.361
2665		23.9084		-271.331
2666		148.255		-255.906
2667		261.519		-183.674
2668		337.359		-58.7416
2669		348.911		100.845
2670		278.116		260.957
2671		126.787		376.702
2672		-76.7905		405.659
2673		-281.061		324.647
2674		-425.336		142.519
2675		-460.397		-97.9228
2676		-367.243		-331.321
2677		-165.687		-490.834
2678		91.3119		-530.517
2679		335.342		-439.932
2680		504.813		-245.434
2681		562.73		1.30908
2682		503.702		241.553
2683		349.377		426.311
2684		136.79		525.659
2685		-93.6634		529.188
2686		-305.438		440.943
2687		-467.307		274.266
2688		-552.231		50.3388
2689		-538.276		-199.742
2690		-414.301		-433.25
2691		-188.862		-599.374
2692		102.919		-650.38
2693		400.617		-557.925
2694		630.951		-327.826
2695		728.958		-5.4832
2696		660.346		332.711
2697		435.671		600.608
2698		109.642		728.863
2699		-234.995		686.644
2700		-513.02		490.113
2701		-661.89		194.924
2702		-657.318		-123.347
2703		-514.802		-392.394
2704		-278.875		-561.235
2705		-6.45608		-607.95
2706		248.322		-537.293
2707		443.102		-372.622
2708		549.828		-147.633
2709		554.008		98.7782
2710		454.545		324.896
2711		265.786		488.854
2712		19.9811		554.631
2713		-233.816		501.674
2714		-437.706		334.796
2715		-539.656		88.8043
2716		-510.521		-176.674
2717		-356.283		-392.71
2718		-119.227		-502.349
2719		133.982		-479.593
2720		333.646		-338.182
2721		429.714		-126.237
2722		406.902		91.1914
2723		286.661		254.542
2724		116.049		328.178
2725		-50.9317		308.199
2726		-171.469		218.039
2727		-224.722		95.5308
2728		-212.636		-21.8941
2729		-152.899		-107.733
2730		-69.1183		-149.807
2731		16.8379		-147.701
2732		87.9715		-107.964
2733		131.721		-40.7326
2734		138.92		40.8411
2735		104.737		119.758
2736		31.934		175.798
2737		-65.8365		189.657
2738		-164.029		150.102
2739		-232.66		60.9393
2740		-246.361		-56.4256
2741		-195.136		-167.619
2742		-90.6505		-236.506
2743		35.7118		-238.831
2744		143.163		-172.402
2745		196.378		-59.0032
2746		178.734		63.1989
2747		98.2945		153.761
2748		-15.8907		184.667
2749		-125.321		149.614
2750		-196.28		64.4609
2751		-210.9		-40.5314
2752		-171.078		-132.681
2753		-94.8233		-187.846
2754		-7.75996		-196.405
2755		65.9569		-163.112
2756		109.867		-102.547
2757		117.303		-33.1917
2758		90.3379		27.2637
2759		37.6248		64.5221
2760		-27.3603		68.9851
2761		-87.6091		37.113
2762		-124.558		-26.6169
2763		-121.942		-108.11
2764		-71.4308		-184.381
2765		21.8734		-228.199
2766		137.106		-216.45
2767		240.968		-139.649
2768		296.984		-8.57581
2769		278.07		145.665
2770		177.663		279.421
2771		14.6088		350.05
2772		-170.79		330.429
2773		-328.617		218.826
2774		-414.834		40.2887
2775		-404.713		-160.911
2776		-299.529		-334.694
2777		-124.763		-439.36
2778		78.5533		-451.73
2779		265.399		-370.686
2780		397.076		-214.549
2781		447.699		-14.8278
2782		406.666		190.649
2783		278.592		363.429
2784		82.4393		468.985
2785		-149.639		481.28
2786		-374.766		388.226
2787		-544.902		197.331
2788		-616.367		-60.9323
2789		-562.013		-335.187
2790		-382.259		-562.556
2791		-110.159		-684.39
2792		193.208		-664.028
2793		453.381		-500.303
2794		603.432		-231.102
2795		604.317		75.5036
2796		457.365		340.401
2797		204.172		496.602
2798		-86.2319		508.487
2799		-338.335		380.671
2800		-491.826		154.01
2801		-516.793		-108.904
2802		-418.26		-342.921
2803		-230.134		-497.417
2804		-2.36568		-546.39
2805		213.324		-490.077
2806		374.654		-349.93
2807		454.889		-160.499
2808		444.426		38.5246
2809		349.808		208.57
2810		191.865		317.076
2811		3.27353		342.091
2812		-175.459		277.011
2813		-302.814		134.344
2814		-345.783		-53.8301
2815		-289.949		-240.915
2816		-146.376		-376.704
2817		48.3703		-421.758
2818		240.717		-360.541
2819		375.347		-208.133
2820		412.403		-7.21249
2821		340.464		184.42
2822		180.382		311.684
2823		-21.5333		339.157
2824		-208.409		261.126
2825		-330.236		101.615
2826		-357.706		-94.8508
2827		-288.236		-277.632
2828		-143.365		-404.081
2829		40.0588		-448.966
2830		220.784		-407.434
2831		362.438		-292.49
2832		439.28		-129.59
2833		438.63		49.164
2834		361.349		210.012
2835		221.507		321.985
2836		45.2613		361.628
2837		-132.128		318.132
2838		-272.211		197.667
2839		-342.012		24.6392
2840		-323.373		-162.109
2841		-219.566		-318.412
2842		-55.9382		-406.961
2843		126.64		-408.402
2844		283.799		-327.021
2845		380.937		-188.574
2846		402.729		-30.9938
2847		355.403		108.284
2848		261.439		203.32
2849		149.549		244.943
2850		44.5635		239.057
2851		-38.6465		199.964
2852		-95.5363		142.624
2853		-127.838		77.6652
2854		-138.39		10.8402
2855		-128.145		-54.0641
2856		-96.8117		-111.749
2857		-46.0813		-154.228
2858		17.3124		-173.072
2859		81.3713		-163.797
2860		132.31		-129.487
2861		160.167		-80.9934
2862		163.407		-32.9109
2863		149.625		2.88992
2864		131.504		22.7577
2865		119.857		32.5981
2866		117.423		43.9856
2867		116.922		66.8428
2868		104.755		102.508
2869		68.7202		141.035
2870		5.8696		164.485
2871		-73.6291		154.898
2872		-148.822		103.135
2873		-195.599		14.284
2874		-196.088		-92.9899
2875		-145.524		-192.761
2876		-53.6734		-260.765
2877		59.2616		-281.88
2878		169.789		-253.253
2879		257.766		-182.656
2880		309.931		-84.0676
2881		319.935		26.6318
2882		286.59		133.784
2883		212.735		221.954
2884		106.055		275.627
2885		-18.86		280.824
2886		-139.622		229.436
2887		-228.788		124.804
2888		-260.915		-14.7213
2889		-221.883		-157.392
2890		-116.389		-265.903
2891		30.5357		-309.304
2892		179.808		-274.305
2893		290.665		-170.898
2894		334.318		-29.4556
2895		303.227		109.799
2896		212.229		210.558
2897		91.4455		251.68
2898		-25.4326		231.606
2899		-112.127		165.026
2900		-155.64		74.5374
2901		-155.693		-18.0701
2902		-119.802		-96.9346
2903		-57.8774		-152.418
2904		20.3385		-178.403
2905		104.29		-170.012
2906		180.157		-124.415
2907		230.359		-44.7327
2908		237.331		55.7018
2909		190.981		152.62
2910		96.282		216.113
2911		-23.7602		221.107
2912		-132.882		158.775
2913		-193.503		43.1905
2914		-181.311		-90.9189
2915		-96.0057		-199.49
2916		37.0316		-245.242
2917		175.403		-211.754
2918		275.186		-109.385
2919		306.601		29.3905
2920		263.294		162.791
2921		161.905		254.731
2922		33.2365		285.584
2923		-90.0206		254.925
2924		-183.175		176.74
2925		-233.401		71.0638
2926		-237.692		-43.0103
2927		-198.23		-149.88
2928		-119.267		-235.89
2929		-7.81732		-286.845
2930		122.837		-288.259
2931		250.363		-229.953
2932		345.091		-113.258
2933		377.622		43.4763
2934		330.008		205.481
2935		205.416		329.955
2936		30.9695		379.909
2937		-148.781		337.824
2938		-285.862		212.973
2939		-344.795		38.8533
2940		-313.772		-138.362
2941		-206.632		-275.331
2942		-55.5368		-344.456
2943		101.65		-339.311
2944		233.283		-271.628
2945		320.422		-162.893
2946		356.585		-35.6261
2947		343.147		91.5009
2948		284.631		203.635
2949		187.261		287.028
2950		61.2308		327.435
2951		-75.8858		312.362
2952		-198.461		236.935
2953		-277.416		110.151
2954		-289.43		-42.8943
2955		-226.868		-185.658
2956		-103.305		-281.011
2957		48.9002		-304.123
2958		188.814		-251.621
2959		280.885		-142.69
2960		306.651		-11.4739
2961		269.267		105.764
2962		189.386		182.953
2963		95.0393		210.855
2964		10.6779		195.996
2965		-49.7002		153.746
2966		-83.1312		99.9566
2967		-93.3167		45.5229
2968		-85.0385		-4.13535
2969		-61.0657		-45.8941
2970		-23.0616		-75.3671
2971		24.9458		-86.1371
2972		73.7916		-72.7262
2973		109.979		-35.443
2974		120.58		16.3972
2975		99.9043		65.7712
2976		54.0244		94.0947
2977		-0.00360107		89.5364
2978		-40.614		53.1701
2979		-51.0916		-0.589828
2980		-27.1767		-49.9455
2981		21.0322		-75.3374
2982		73.9367		-67.9738
2983		111.587		-33.0348
2984		122.439		13.8765
2985		107.373		54.8996
2986		77.2815		78.2392
2987		46.05		82.3403
2988		23.1268		74.1293
2989		9.80811		62.9397
2990		0.981293		54.0788
2991		-9.2354		45.9678
2992		-21.7977		32.4494
2993		-30.7658		8.62164
2994		-26.4976		-23.6687
2995		-2.20145		-54.4239
2996		40.1645		-69.5278
2997		88.5075		-58.2543
2998		125.103		-20.0208
2999		134.936		33.6902
3000		113.454		83.7798
3001		69.3709		112.326
3002		20.7288		111.161
3003		-13.8988		85.6116
3004		-24.4696		51.2965
3005		-13.9624		25.6377
3006		4.1097		18.6251
3007		13.7903		27.8147
3008		5.95184		40.2442
3009		-16.3118		40.1911
3010		-39.1101		18.5153
3011		-45.2247		-21.503
3012		-23.5854		-64.9999
3013		24.3262		-92.5831
3014		84.5014		-89.8356
3015		136.735		-54.2822
3016		163.815		3.6753
3017		158.759		66.0358
3018		126.577		115.595
3019		80.1354		142.919
3020		32.8941		148.441
3021		-7.25075		139.15
3022		-39.7286		122.398
3023		-68.1425		100.796
3024		-94.6077		71.2912
3025		-115.403		28.8709
3026		-120.907		-27.5136
3027		-100.19		-90.6048
3028		-47.8344		-145.048
3029		30.8827		-172.579
3030		119.537		-159.807
3031		195.468		-104.691
3032		237.869		-18.4586
3033		235.286		77.9686
3034		189.191		161.242
3035		112.431		213.101
3036		23.8802		224.968
3037		-57.7629		198.296
3038		-118.287		141.645
3039		-149.237		66.8459
3040		-146.978		-13.5894
3041		-111.495		-87.1321
3042		-46.4753		-141.017
3043		39.2982		-162.955
3044		130.783		-143.901
3045		207.812		-82.2891
3046		249.57		12.465
3047		241.441		119.825
3048		181.409		212.687
3049		82.7459		265.649
3050		-28.9651		263.847
3051		-123.824		208.519
3052		-177.547		116.691
3053		-179.212		15.0008
3054		-133.699		-69.6285
3055		-58.1953		-118.482
3056		25.1363		-125.357
3057		96.7547		-95.6112
3058		144.418		-41.4371
3059		163.728		23.6262
3060		155.649		88.2038
3061		123.507		143.612
3062		71.6543		182.469
3063		6.38008		197.61
3064		-62.2923		183.091
3065		-120.194		137.341
3066		-151.618		66.6667
3067		-144.682		-13.5493
3068		-97.1546		-81.7532
3069		-19.6121		-116.917
3070		66.34		-106.477
3071		134.743		-51.9056
3072		164.348		30.8904
3073		146.232		116.846
3074		86.6745		180.53
3075		4.22672		204.705
3076		-77.4736		185.172
3077		-137.78		130.336
3078		-164.654		56.4578
3079		-156.058		-18.6622
3080		-117.651		-80.6142
3081		-58.9291		-120.327
3082		9.81993		-133.388
3083		78.5699		-118.479
3084		137.154		-76.7504
3085		175.054		-12.7446
3086		182.855		64.091
3087		155.492		139.175
3088		95.7856		195.287
3089		15.9661		217.633
3090		-64.5352		199.554
3091		-124.89		146.042
3092		-150.12		72.9152
3093		-136.551		1.48483
3094		-92.8451		-49.1697
3095		-35.9964		-68.8979
3096		15.8462		-59.1297
3097		50.3566		-30.4469
3098		64.5965		3.45985
3099		63.8007		32.2577
3100		56.4892		52.652
3101		48.8331		67.722
3102		41.3814		82.7575
3103		29.7702		100.285
3104		8.73024		117.27
3105		-23.1395		126.128
3106		-60.7371		118.954
3107		-93.6195		92.5343
3108		-110.467		51.2716
3109		-104.508		6.27402
3110		-77.0319		-29.0273
3111		-37.1404		-44.536
3112		2.1088		-37.5861
3113		29.1714		-13.5314
3114		38.3842		17.2424
3115		31.2563		44.1525
3116		14.4236		60.598
3117		-4.28053		65.5724
3118		-19.4063		62.3496
3119		-29.3694		55.4565
3120		-35.4752		47.8955
3121		-39.5525		40.1427
3122		-41.9274		31.1924
3123		-41.044		20.6293
3124		-34.8583		10.1467
3125		-22.958		3.3879
3126		-7.898		4.12245
3127		5.26044		13.8739
3128		11.0838		30.4963
3129		6.40194		48.6558
3130		-8.06142		62.0347
3131		-27.9915		66.0618
3132		-47.5127		59.6684
3133		-61.7475		45.1828
3134		-68.4527		26.5929
3135		-67.9076		7.3739
3136		-61.3604		-10.7226
3137		-49.261		-27.1961
3138		-30.6573		-41.0717
3139		-4.37616		-49.2666
3140		28.6014		-46.4806
3141		63.1067		-27.2048
3142		89.7002		10.8802
3143		97.2247		63.8786
3144		77.2386		120.908
3145		28.3859		166.511
3146		-41.4763		185.637
3147		-116.683		169.201
3148		-178.388		117.833
3149		-210.599		42.1558
3150		-205.187		-40.5289
3151		-163.943		-111.685
3152		-97.1677		-156.86
3153		-19.7936		-168.921
3154		53.0788		-148.424
3155		109.459		-101.706
3156		141.755		-38.164
3157		146.445		31.8784
3158		123.253		98.1184
3159		74.8559		150.436
3160		7.39827		179.276
3161		-68.8427		177.047
3162		-139.765		140.538
3163		-189.561		73.3714
3164		-204.542		-12.9264
3165		-177.515		-100.342
3166		-110.97		-168.374
3167		-17.5848		-199.511
3168		82.4586		-184.314
3169		166.582		-124.314
3170		215.667		-31.7191
3171		218.763		73.8407
3172		175.345		170.308
3173		94.7768		238.323
3174		-6.41106		265.117
3175		-108.36		246.527
3176		-191.813		187.144
3177		-241.486		99.0222
3178		-248.589		-0.618214
3179		-212.385		-92.3948
3180		-140.572		-158.269
3181		-48.1745		-185.17
3182		45.2176		-168.047
3183		119.636		-111.427
3184		159.457		-28.7149
3185		157.345		60.9413
3186		116.069		137.54
3187		47.4671		185.424
3188		-31.2096		197.11
3189		-102.334		174.505
3190		-152.596		127.231
3191		-175.804		68.8618
3192		-173.082		12.6052
3193		-150.818		-31.9934
3194		-117.525		-60.3715
3195		-81.0537		-72.2912
3196		-47.1175		-70.0371
3197		-19.3247		-56.6319
3198		-0.112076		-34.9577
3199		8.37999		-7.97993
3200		4.25417		20.435
3201		-13.2234		44.9869
3202		-42.2526		59.4104
3203		-77.5839		58.092
3204		-110.859		38.2927
3205		-132.456		1.98825
3206		-134.367		-43.6401
3207		-113.097		-87.5475
3208		-71.4367		-117.75
3209		-18.3153		-124.917
3210		33.355		-105.422
3211		70.2276		-62.7695
3212		82.3377		-6.90926
3213		65.988		48.3853
3214		24.8356		89.2363
3215		-31.0912		105.366
3216		-88.0781		92.7227
3217		-132.277		54.3771
3218		-153.123		-0.447945
3219		-145.743		-58.8004
3220		-111.863		-107.155
3221		-59.1354		-134.476
3222		0.777351		-134.507
3223		54.821		-106.88
3224		91.2435		-56.9608
3225		101.849		5.39352
3226		83.4548		67.8124
3227		38.3948		117.726
3228		-25.9259		144.62
3229		-98.2986		141.901
3230		-165.588		108.128
3231		-214.943		47.4241
3232		-236.036		-30.9876
3233		-223.001		-114.102
3234		-175.753		-187.158
3235		-100.451		-236.116
3236		-8.93755		-250.247
3237		82.8891		-224.42
3238		157.632		-160.652
3239		199.59		-68.5271
3240		198.092		35.8366
3241		150.287		132.33
3242		62.6647		200.669
3243		-49.3355		224.819
3244		-163.898		197.032
3245		-257.289		120.353
3246		-309.273		8.66208
3247		-308.081		-116.051
3248		-253.455		-228.707
3249		-156.747		-307.112
3250		-37.9394		-337.172
3251		79.5399		-315.779
3252		174.549		-250.568
3253		232.732		-156.872
3254		248.538		-53.1315
3255		224.545		43.5375
3256		168.913		120.212
3257		92.3923		168.973
3258		6.15887		186.157
3259		-78.9783		171.184
3260		-152.436		126.053
3261		-203.819		55.8641
3262		-223.947		-30.1992
3263		-207.157		-118.607
3264		-154.078		-193.006
3265		-73.3792		-237.74
3266		18.8693		-242.398
3267		102.69		-205.607
3268		159.628		-136.257
3269		178.165		-51.3014
3270		156.966		29.2512
3271		104.641		88.276
3272		36.2039		116.089
3273		-32.1578		111.97
3274		-87.7882		82.4408
3275		-123.964		37.5047
3276		-139.521		-13.1387
3277		-136.626		-62.2652
3278		-118.39		-105.154
3279		-87.7604		-138.266
3280		-48.06		-158.078
3281		-4.30977		-161.266
3282		36.1321		-146.398
3283		64.7189		-116.042
3284		74.5832		-77.6751
3285		63.7961		-42.2506
3286		37.1315		-20.5619
3287		5.00517		-18.9531
3288		-20.3087		-36.5226
3289		-29.5543		-65.4066
3290		-20.0993		-94.1889
3291		3.54723		-112.815
3292		32.5265		-116.537
3293		58.1717		-106.912
3294		75.7846		-89.5057
3295		85.5955		-69.8309
3296		90.5199		-50.0538
3297		92.2836		-28.5809
3298		88.5777		-2.86685
3299		73.4346		26.2808
3300		41.1394		51.8157
3301		-8.27561		61.4082
3302		-65.2596		42.6302
3303		-111.546		-9.7742
3304		-126.199		-88.3007
3305		-94.7324		-172.234
3306		-17.1368		-233.545
3307		89.3209		-247.204
3308		194.483		-201.585
3309		265.507		-104.225
3310		278.721		19.8384
3311		228.082		136.583
3312		126.759		214.721
3313		1.54977		235.637
3314		-116.982		197.698
3315		-204.109		113.92
3316		-246.448		5.1069
3317		-242.03		-107.673
3318		-196.45		-207.825
3319		-118.315		-283.911
3320		-16.8862		-327.571
3321		97.1999		-331.547
3322		209.634		-290.194
3323		301.401		-202.941
3324		351.279		-78.7159
3325		342.014		61.8361
3326		267.796		188.879
3327		139.318		270.864
3328		-16.6268		284.465
3329		-163.713		222.866
3330		-266.581		98.7779
3331		-301.183		-59.194
3332		-261.012		-215.249
3333		-157.239		-336.523
3334		-13.5804		-400.81
3335		141.26		-399.686
3336		280.305		-337.233
3337		382.257		-226.453
3338		432.773		-85.7435
3339		424.594		63.3311
3340		358.129		197.459
3341		242.799		293.7
3342		97.8756		333.426
3343		-49.1818		307.635
3344		-168.056		221.422
3345		-233.699		94.8397
3346		-234.339		-41.5529
3347		-175.688		-155.621
3348		-78.9509		-223.793
3349		26.9933		-238.072
3350		115.991		-206.809
3351		172.957		-148.998
3352		196.523		-85.0693
3353		195.281		-28.8113
3354		180.227		15.7342
3355		157.886		51.3892
3356		127.998		81.3649
3357		86.8256		103.581
3358		33.6981		109.626
3359		-23.6639		89.3814
3360		-68.9979		38.7673
3361		-83.558		-34.1113
3362		-55.6767		-108.702
3363		11.2935		-158.861
3364		97.4406		-164.098
3365		172.856		-119.726
3366		209.773		-40.5498
3367		194.647		44.2586
3368		134.298		103.05
3369		53.0449		114.853
3370		-17.8		77.6121
3371		-52.9795		7.84317
3372		-42.7347		-67.6797
3373		5.4165		-123.716
3374		72.5585		-145.994
3375		138.11		-134.18
3376		188.083		-97.997
3377		218.002		-49.7544
3378		230.028		1.96678
3379		227.247		54.0182
3380		209.415		105.568
3381		173.145		153.094
3382		116.35		187.589
3383		43.763		196.603
3384		-30.6534		170.53
3385		-86.8952		109.553
3386		-106.821		26.7697
3387		-82.7825		-55.0994
3388		-22.1248		-112.439
3389		55.3475		-130.632
3390		126.009		-109.873
3391		172.754		-63.6866
3392		191.505		-10.8952
3393		190.385		34.4936
3394		182.138		69.7529
3395		174.311		102.496
3396		163.148		142.815
3397		135.213		193.11
3398		76.3612		241.899
3399		-16.7145		265.976
3400		-129.081		240.783
3401		-229.263		154.118
3402		-280.355		15.9781
3403		-255.806		-141.155
3404		-152.312		-272.653
3405		6.6191		-338.397
3406		178.427		-318.194
3407		317.096		-218.936
3408		389.394		-70.6042
3409		384.6		86.3673
3410		314.177		215.929
3411		203.011		296.601
3412		77.7781		323.294
3413		-41.3716		301.817
3414		-142.356		240.93
3415		-216.956		147.417
3416		-255.375		27.0776
3417		-244.623		-109.758
3418		-173.102		-242.891
3419		-39.4548		-342.199
3420		139.581		-375.074
3421		327.934		-319.09
3422		478.198		-174.004
3423		546.694		33.3165
3424		509.434		254.507
3425		371.861		434.395
3426		167.871		528.869
3427		-51.5157		518.56
3428		-234.826		413.026
3429		-345.161		244.658
3430		-368.035		56.0696
3431		-310.434		-113.018
3432		-193.649		-234.296
3433		-44.6747		-293.027
3434		109.77		-285.676
3435		245.332		-216.662
3436		340.002		-97.1278
3437		375.071		54.0489
3438		338.965		209.388
3439		233.085		335.284
3440		76.2384		399.337
3441		-96.2865		380.853
3442		-240.764		280.05
3443		-318.301		121.006
3444		-308.196		-54.2457
3445		-215.471		-198.973
3446		-68.9666		-277.127
3447		89.3196		-274.416
3448		218.92		-200.623
3449		293.19		-82.922
3450		304.406		45.8329
3451		260.803		157.973
3452		178.757		236.398
3453		75.3201		273.499
3454		-34.861		266.481
3455		-137.655		213.769
3456		-215.669		115.904
3457		-247.254		-19.201
3458		-211.394		-170.449
3459		-97.7256		-302.481
3460		83.0874		-372.759
3461		295.003		-345.869
3462		482.725		-209.564
3463		587.936		15.1237
3464		570.017		275.632
3465		422.662		502.441
3466		178.883		631.55
3467		-98.349		626.065
3468		-336.387		488.264
3469		-476.049		257.586
3470		-488.655		-3.92234
3471		-381.159		-232.15
3472		-189.046		-379.109
3473		38.2854		-422.601
3474		252.727		-365.776
3475		417.61		-229.599
3476		510.872		-43.509
3477		523.211		161.316
3478		455.083		354.677
3479		315.608		507.832
3480		123.703		594.859
3481		-90.8631		596.939
3482		-289.742		508.774
3483		-433.219		343.87
3484		-490.952		134.77
3485		-452.043		-73.7489
3486		-329.661		-237.024
3487		-157.395		-323.824
3488		21.6989		-325.105
3489		168.941		-254.542
3490		260.995		-140.935
3491		293.683		-16.2922
3492		277.966		94.8678
3493		231.116		180.592
3494		168.042		239.753
3495		96.9817		275.889
3496		20.8139		290.992
3497		-58.0494		282.997
3498		-133.113		248.079
3499		-192.954		185.72
3500		-224.88		102.838
3501		-220.925		13.8327
3502		-182.403		-63.972
3503		-119.991		-117.132
3504		-48.91		-141.182
3505		18.1659		-140.932
3506		76.3598		-125.618
3507		128.705		-101.684
3508		180.781		-67.6645
3509		232.863		-14.6849
3510		274.447		66.9171
3511		285.157		178.054
3512		242.858		303.782
3513		135.759		413.387
3514		-27.3641		469.118
3515		-214.476		440.706
3516		-377.651		319.511
3517		-468.429		125.743
3518		-455.227		-95.0759
3519		-335.665		-285.643
3520		-138.692		-395.321
3521		84.3454		-396.365
3522		276.012		-291.955
3523		390.151		-113.618
3524		404.131		90.0375
3525		322.503		268.375
3526		172.324		382.046
3527		-6.70437		410.81
3528		-173.068		354.977
3529		-292.062		232.028
3530		-341.013		70.997
3531		-311.614		-93.4499
3532		-210.521		-226.56
3533		-58.6648		-299.035
3534		111.242		-292.828
3535		259.999		-206.417
3536		350.263		-57.6634
3537		356.578		117.982
3538		274.06		274.952
3539		122.183		369.568
3540		-58.6718		373.125
3541		-217.738		281.512
3542		-308.411		117.677
3543		-302.015		-74.3158
3544		-196.173		-241.705
3545		-15.1944		-337.744
3546		197.114		-333.933
3547		389.272		-226.405
3548		514.615		-35.5493
3549		541.154		199.754
3550		457.236		430.726
3551		273.197		607.847
3552		19.9036		689.411
3553		-255.164		649.237
3554		-494.528		483.362
3555		-640.544		214.609
3556		-648.185		-107.159
3557		-498.607		-411.477
3558		-209.415		-621.322
3559		163.168		-672.786
3560		533.431		-535.199
3561		806.24		-224.771
3562		903.197		194.299
3563		786.814		623.596
3564		474.195		956.177
3565		34.7573		1106.5
3566		-428.04		1034.82
3567		-805.263		758.04
3568		-1012.01		343.548
3569		-1008.48		-111.058
3570		-806.708		-505.161
3571		-462.487		-760.145
3572		-56.9778		-835.209
3573		324.862		-731.15
3574		612.481		-483.778
3575		760.849		-151.451
3576		754.251		198.495
3577		604.84		501.454
3578		348.348		704.68
3579		38.0933		774.564
3580		-263.037		702.43
3581		-493.356		507.818
3582		-605.356		236.956
3583		-578.148		-45.6144
3584		-424.939		-272.13
3585		-191.424		-390.005
3586		56.2978		-377.554
3587		251.451		-250.779
3588		347.393		-57.719
3589		331.705		138.356
3590		227.961		280.845
3591		84.4479		338.372
3592		-45.4292		312.835
3593		-122.916		234.267
3594		-135.905		145.51
3595		-98.9943		83.8736
3596		-42.9115		67.6872
3597		0.864262		92.7741
3598		12.9783		138.868
3599		-8.6291		181.491
3600		-52.0946		202.934
3601		-100.159		197.505
3602		-138.532		169.924
3603		-159.932		129.6
3604		-162.979		85.1867
3605		-148.412		42.7469
3606		-116.504		7.70634
3607		-68.1656		-12.1723
3608		-9.07259		-6.53455
3609		46.7224		33.18
3610		77.7919		106.302
3611		62.729		197.036
3612		-8.40583		275.132
3613		-124.39		305.265
3614		-251.244		262.456
3615		-341.884		146.596
3616		-354.553		-11.8193
3617		-272.383		-159.439
3618		-114.62		-239.697
3619		67.0254		-216.557
3620		206.848		-91.684
3621		251.239		93.4166
3622		181.106		272.231
3623		20.5084		379.13
3624		-172.53		375.204
3625		-328.997		262.856
3626		-395.464		83.2282
3627		-352.803		-101.591
3628		-219.803		-232.907
3629		-41.7359		-275.453
3630		129.279		-225.295
3631		252.451		-104.361
3632		307.515		53.2582
3633		293.158		215.022
3634		218.715		357.102
3635		96.0513		463.458
3636		-62.9854		520.587
3637		-242.875		514.115
3638		-418.72		431.69
3639		-554.794		271.812
3640		-611.491		53.4119
3641		-559.622		-180.937
3642		-395.85		-372.799
3643		-150.934		-465.636
3644		115.006		-425.755
3645		330.047		-257.033
3646		434.237		-2.17733
3647		399.703		270.713
3648		238.652		490.727
3649		-3.46208		606.272
3650		-265.546		597.907
3651		-490.751		478.057
3652		-640.221		280.213
3653		-696.596		44.7357
3654		-659.084		-191.473
3655		-535.966		-397.922
3656		-340.564		-547.947
3657		-92.9849		-616.02
3658		175.052		-580.076
3659		418.185		-430.03
3660		583.254		-178.519
3661		623.593		133.17
3662		516.757		439.896
3663		277.272		669.072
3664		-42.8993		763.301
3665		-368.178		699.878
3666		-622.643		498.449
3667		-753.22		213.339
3668		-743.293		-85.8256
3669		-611.97		-336.401
3670		-401.254		-498.427
3671		-158.724		-558.501
3672		75.6284		-523.097
3673		273.505		-407.832
3674		414.534		-230.16
3675		480.606		-9.42844
3676		454.995		227.67
3677		329.03		442.633
3678		113.15		588.258
3679		-155.278		621.515
3680		-414.828		521.786
3681		-596.006		305.329
3682		-645.425		26.9225
3683		-547.697		-234.923
3684		-334.191		-404.609
3685		-73.2945		-436.902
3686		154.522		-332.886
3687		286.084		-137.208
3688		296.387		81.8362
3689		202.306		259.702
3690		49.0284		357.765
3691		-112.616		370.944
3692		-246.061		319.493
3693		-337.025		231.801
3694		-387.904		128.979
3695		-404.682		19.6243
3696		-386.212		-93.7955
3697		-323.519		-203.064
3698		-209.776		-286.494
3699		-54.2279		-312.51
3700		110.093		-254.528
3701		232.233		-109.416
3702		262.455		91.6795
3703		176.137		288.431
3704		-10.1015		412.479
3705		-239.76		415.801
3706		-436.575		292.657
3707		-534.912		83.8269
3708		-506.272		-139.716
3709		-369.26		-306.251
3710		-178.519		-371.817
3711		1.33624		-334.353
3712		123.426		-227.595
3713		174.32		-99.3426
3714		171.036		13.49
3715		142.818		99.6721
3716		109.247		171.201
3717		67.6583		246.453
3718		-2.93533		329.943
3719		-123.988		401.468
3720		-296.454		421.986
3721		-489.686		353.851
3722		-647.943		184.541
3723		-712.588		-59.5499
3724		-649.155		-317.812
3725		-465.365		-517.521
3726		-210.489		-602.948
3727		44.003		-557.309
3728		233.033		-407.039
3729		321.781		-206.994
3730		313.751		-14.8827
3731		240.547		131.8
3732		140.412		225.17
3733		37.924		279.503
3734		-64.2675		313.018
3735		-178.213		330.499
3736		-313.436		317.244
3737		-460.805		247.887
3738		-587.814		104.906
3739		-648.975		-104.065
3740		-606.458		-340.534
3741		-450.242		-545.214
3742		-207.117		-659.578
3743		66.3447		-648.554
3744		303.496		-513.615
3745		450.505		-290.692
3746		482.047		-35.1242
3747		403.925		198.067
3748		243.939		369.169
3749		37.9346		458.523
3750		-180.853		462.011
3751		-384.7		383.3
3752		-547.972		229.661
3753		-643.257		14.4926
3754		-643.141		-236.036
3755		-529.585		-478.794
3756		-307.008		-658.211
3757		-11.1363		-721.027
3758		293.637		-636.377
3759		530.448		-411.887
3760		634.633		-96.9885
3761		576.708		229.972
3762		373.396		486.557
3763		81.5991		612.875
3764		-221.962		589.005
3765		-466.324		436.684
3766		-606.253		206.26
3767		-629.451		-43.5761
3768		-550.751		-263.529
3769		-399.197		-422.152
3770		-206.261		-504.345
3771		-0.768806		-504.858
3772		189.389		-423.675
3773		333.712		-267.429
3774		399.963		-55.6314
3775		362.538		174.17
3776		215.669		368.935
3777		-15.8827		473.197
3778		-276.591		449.069
3779		-493.939		294.317
3780		-602.572		48.85
3781		-569.053		-215.524
3782		-405.934		-419.379
3783		-168.055		-504.228
3784		67.9115		-453.056
3785		231.864		-294.034
3786		284.252		-86.4687
3787		225.773		103.813
3788		90.1628		228.062
3789		-74.4759		267.163
3790		-225.572		229.536
3791		-337.803		138.417
3792		-402.858		17.3647
3793		-420.589		-117.622
3794		-389.446		-256.132
3795		-303.638		-384.941
3796		-159.471		-480.852
3797		33.1791		-511.823
3798		242.455		-448.302
3799		416.567		-279.971
3800		498.337		-28.8278
3801		447.15		249.882
3802		258.38		481.789
3803		-29.4687		597.991
3804		-344.36		559.95
3805		-603.769		373.887
3806		-741.668		88.617
3807		-728.439		-221.743
3808		-576.442		-482.201
3809		-330.91		-638.167
3810		-52.2388		-666.111
3811		201.671		-572.152
3812		386.355		-382.881
3813		473.541		-135.259
3814		449.14		129.445
3815		311.833		367.221
3816		75.4201		532.178
3817		-226.381		581.546
3818		-537.92		486.82
3819		-788.058		247.919
3820		-907.003		-96.9124
3821		-849.405		-473.049
3822		-614.512		-786.519
3823		-253.394		-952.224
3824		142.366		-923.156
3825		468.235		-708.466
3826		640.661		-372.044
3827		624.13		-11.305
3828		440.626		275.648
3829		158.32		421.428
3830		-134.931		407.363
3831		-361.749		262.452
3832		-477.101		46.1165
3833		-474.911		-176.08
3834		-379.948		-353.011
3835		-231.738		-457.813
3836		-69.2586		-486.247
3837		77.5145		-448.398
3838		188.427		-360.45
3839		250.151		-240.968
3840		254.56		-111.555
3841		201.209		1.99893
3842		102.319		72.589
3843		-14.6372		80.1477
3844		-111.497		22.2876
3845		-152.081		-79.2041
3846		-118.528		-181.91
3847		-23.1379		-237.668
3848		91.9033		-213.743
3849		169.392		-110.595
3850		161.701		33.3725
3851		54.3966		154.448
3852		-122.714		189.773
3853		-303.77		106.056
3854		-412.251		-82.3547
3855		-393.194		-315.155
3856		-238.144		-507.923
3857		8.51785		-585.289
3858		264.994		-511.325
3859		442.781		-304.267
3860		479.635		-29.7569
3861		361.334		223.74
3862		124.394		376.42
3863		-159.469		382.684
3864		-408.89		241.947
3865		-557.422		-6.71506
3866		-568.696		-300.65
3867		-439.72		-572.013
3868		-195.578		-761.757
3869		118.704		-827.229
3870		445.037		-745.804
3871		717.817		-518.352
3872		871.414		-173.932
3873		852.88		227.077
3874		639.433		597.11
3875		254.985		837.458
3876		-223.42		865.541
3877		-676.943		645.714
3878		-975.211		211.076
3879		-1017.65		-335.484
3880		-771.056		-845.772
3881		-287.71		-1170.48
3882		305.416		-1207.93
3883		844.345		-938.993
3884		1179.57		-434.352
3885		1222.3		168.786
3886		968.677		711.152
3887		494.685		1059.85
3888		-73.7008		1143.19
3889		-601.316		961.737
3890		-979.621		575.893
3891		-1146.58		79.7769
3892		-1088.63		-425.968
3893		-830.845		-852.977
3894		-424.487		-1133.46
3895		61.736		-1222.36
3896		546.309		-1099.94
3897		940.484		-777.969
3898		1160.44		-306.819
3899		1147.33		223.895
3900		889.426		698.167
3901		435.935		1001.11
3902		-107.706		1053.8
3903		-605.968		841.942
3904		-933.814		424.865
3905		-1016.68		-81.4969
3906		-853.376		-542.579
3907		-512.125		-849.389
3908		-101.547		-950.907
3909		270.323		-862.041
3910		531.096		-645.866
3911		659.005		-380.627
3912		674.169		-128.209
3913		614.285		81.6577
3914		509.749		246.668
3915		371.78		373.285
3916		198.434		457.836
3917		-7.57883		480.095
3918		-222.434		413.824
3919		-398.462		247.969
3920		-479.376		5.03477
3921		-426.696		-256.145
3922		-243.166		-457.797
3923		20.7194		-533.927
3924		282.605		-459.418
3925		460.341		-262.412
3926		505.045		-12.9085
3927		419.022		207.284
3928		249.988		338.512
3929		65.2697		364.503
3930		-80.17		311.18
3931		-165.315		225.388
3932		-204.018		146.373
3933		-226.679		86.1373
3934		-254.728		29.0832
3935		-283.63		-50.0763
3936		-284.767		-161.858
3937		-225.226		-286.63
3938		-93.6647		-378.777
3939		83.768		-389.446
3940		248.421		-295.709
3941		334.39		-119.327
3942		301.575		76.8346
3943		158.835		214.863
3944		-36.0947		237.983
3945		-201.279		138.387
3946		-268.145		-38.0621
3947		-213.096		-213.214
3948		-67.144		-313.528
3949		101.084		-303.798
3950		219.849		-200.856
3951		248.298		-61.0686
3952		192.755		50.7952
3953		97.9749		94.3334
3954		19.4891		70.819
3955		-7.09365		17.0031
3956		16.8067		-19.614
3957		57.5916		-9.2827
3958		72.1323		43.744
3959		34.3883		105.563
3960		-49.3586		133.914
3961		-144.786		103.288
3962		-209.866		19.1347
3963		-218.602		-86.5905
3964		-173.99		-175.021
3965		-102.936		-222.656
3966		-36.9804		-232.556
3967		8.60272		-227.713
3968		43.6963		-231.065
3969		93.9838		-245.231
3970		178.583		-245.844
3971		288.716		-194.518
3972		382.077		-65.3706
3973		399.178		130.192
3974		295.087		336.462
3975		69.9048		471.411
3976		-219.833		463.123
3977		-477.688		286.995
3978		-606.091		-15.9734
3979		-549.324		-350.801
3980		-319.505		-605.984
3981		7.6056		-699.3
3982		325.046		-609.999
3983		539.197		-382.429
3984		604.653		-100.899
3985		533.54		149.89
3986		377.471		318.038
3987		194.78		395.413
3988		22.5087		403.871
3989		-131.726		368.321
3990		-275.718		295.069
3991		-408.01		169.625
3992		-500.77		-24.5984
3993		-503.904		-279.018
3994		-371.016		-543.013
3995		-93.5573		-731.648
3996		277.426		-758.376
3997		637.721		-577.995
3998		865.869		-217.249
3999		873.528		225.081
4000		646.113		611.93
4001		252.953		821.474
4002		-179.175		795.592
4003		-517.084		560.487
4004		-672.641		210.478
4005		-630.905		-135.702
4006		-443.775		-383.682
4007		-195.902		-493.854
4008		36.9579		-481.288
4009		215.036		-390.063
4010		335.18		-260.269
4011		409.404		-108.141
4012		438.565		69.8723
4013		400.478		274.11
4014		262.034		477.246
4015		8.99852		617.644
4016		-325.422		619.531
4017		-653.792		432.413
4018		-859.174		68.8449
4019		-843.446		-382.406
4020		-576.609		-779.704
4021		-121.261		-981.55
4022		382.913		-906.029
4023		770.401		-568.45
4024		914.587		-78.416
4025		776.514		403.114
4026		415.872		727.002
4027		-39.1625		810.388
4028		-447.02		658.918
4029		-705.827		350.09
4030		-780.976		-9.76527
4031		-698.631		-330.911
4032		-514.789		-565.983
4033		-280.819		-707.372
4034		-25.3191		-764.322
4035		240.135		-738.57
4036		499.504		-616.258
4037		713.278		-382.013
4038		818.601		-45.7556
4039		753.087		336.795
4040		491.341		667.005
4041		73.3383		834.043
4042		-394.257		761.465
4043		-769.648		446.975
4044		-928.794		-26.1466
4045		-815.908		-514.476
4046		-467.638		-867.149
4047		0.894278		-982.593
4048		441.813		-843.951
4049		730.76		-518.428
4050		808.566		-123.28
4051		691.732		223.552
4052		451.229		444.744
4053		174.078		519.987
4054		-71.6858		474.99
4055		-253.069		354.471
4056		-366.183		196.693
4057		-417.814		22.9225
4058		-409.498		-156.031
4059		-335.055		-325.178
4060		-192.064		-456.131
4061		2.40299		-512.332
4062		205.051		-467.369
4063		356.685		-325.289
4064		406.823		-128.87
4065		340.002		52.2757
4066		188.341		150.441
4067		21.2767		131.644
4068		-84.5365		13.6292
4069		-80.933		-140.552
4070		28.512		-251.46
4071		189.923		-260.814
4072		324.926		-158.975
4073		367.976		11.2508
4074		296.608		175.956
4075		140.075		265.318
4076		-36.7328		244.823
4077		-164.604		127.711
4078		-200.111		-35.6983
4079		-140.114		-184.093
4080		-15.7509		-271.93
4081		127.831		-283.598
4082		253.007		-230.208
4083		340.751		-134.53
4084		387.416		-15.6052
4085		392.796		116.903
4086		350.25		256.25
4087		247.577		386.541
4088		79.4014		475.985
4089		-136.986		483.529
4090		-354.339		378.319
4091		-505.141		162.202
4092		-527.151		-118.503
4093		-393.647		-381.722
4094		-132.628		-538.226
4095		176.821		-528.369

 
--------------------------------------


