Compute Correlation 
 
0		278.435		-459.117
1		443.222		-319.668
2		543.994		-117.78
3		552.195		119.371
4		451.612		346.973
5		251.261		510.484
6		-8.90172		562.756
7		-265.193		483.297
8		-449.516		289.974
9		-513.277		36.1826
10		-445.193		-206.709
11		-274.612		-374.491
12		-58.7854		-431.778
13		139.839		-380.85
14		275.667		-254.754
15		331.723		-99.4062
16		317.33		45.6448
17		255.311		158.57
18		167.247		234.733
19		65.2051		277.278
20		-46.4678		286.527
21		-162.29		255.798
22		-267.157		176.55
23		-335.351		49.3646
24		-339.417		-106.934
25		-264.768		-255.261
26		-121.701		-351.543
27		52.9893		-362.779
28		207.352		-282.886
29		294.136		-137.761
30		289.828		23.7799
31		203.616		149.281
32		72.0668		202.969
33		-57.4146		177.584
34		-145.798		92.8401
35		-174.987		-17.2388
36		-148.694		-120.409
37		-83.3314		-197.046
38		4.08056		-241.061
39		103.122		-252.623
40		208.374		-229.402
41		311.328		-163.607
42		392.85		-47.9392
43		423.419		112.824
44		373.762		292.56
45		231.645		444.705
46		15.6585		516.064
47		-223.096		468.783
48		-415.031		300.155
49		-497.215		49.668
50		-438.704		-211.755
51		-254.112		-406.709
52		1.26166		-479.634
53		252.657		-415.858
54		433.502		-243.269
55		506.914		-17.1034
56		472.232		203.619
57		355.836		376.218
58		193.393		482.319
59		14.1682		522.357
60		-164.569		502.886
61		-332.013		426.303
62		-473.226		290.11
63		-562.697		96.016
64		-568.521		-137.714
65		-466.776		-370.165
66		-258.661		-544.454
67		20.0044		-606.476
68		304.144		-527.569
69		519.379		-319.747
70		608.346		-35.0716
71		551.379		251.579
72		372.037		468.778
73		125.465		571.919
74		-124.045		553.608
75		-325.099		438.039
76		-451.011		264.502
77		-497.963		70.0468
78		-473.89		-119.703
79		-387.077		-288.606
80		-242.373		-421.273
81		-47.0309		-496.098
82		178.909		-487.156
83		396.576		-375.921
84		553.581		-166.58
85		600.983		104.982
86		514.613		376.205
87		309.518		577.265
88		38.5992		656.998
89		-225.709		602.952
90		-418.956		445.272
91		-508.356		242.033
92		-501.229		53.1385
93		-434.556		-84.1476
94		-351.846		-165.961
95		-280.029		-214.264
96		-218.713		-256.281
97		-147.033		-303.193
98		-43.4042		-340.508
99		93.7824		-335.722
100		237.015		-259.013
101		338.109		-105.171
102		350.396		95.9873
103		253.017		287.333
104		64.2315		407.026
105		-163.545		414.688
106		-364.587		307.929
107		-485.917		121.31
108		-505.588		-90.7691
109		-435		-277.487
110		-306.038		-408.968
111		-151.96		-479.608
112		6.45596		-497.987
113		162.138		-471.792
114		311.376		-398.617
115		440.438		-269.22
116		519.902		-81.4207
117		512.849		144.674
118		394.289		361.461
119		171.458		505.008
120		-107.597		519.703
121		-364.512		385.04
122		-517.775		130.559
123		-514.917		-170.045
124		-354.621		-424.551
125		-88.0182		-556.504
126		201.534		-532.697
127		430.552		-371.837
128		544.495		-131.857
129		531.401		116.306
130		416.313		314.976
131		242.587		434.218
132		51.8447		470.481
133		-126.957		434.463
134		-276.04		338.487
135		-379.94		192.223
136		-418.878		8.61901
137		-371.919		-186.04
138		-230.169		-347.937
139		-12.1963		-424.544
140		229.702		-375.521
141		420.27		-196.05
142		487.863		70.8242
143		395.873		342.442
144		163.447		524.996
145		-136.426		550.863
146		-402.915		407.657
147		-546.803		144.71
148		-525.59		-146.869
149		-358.106		-371.584
150		-112.401		-466.961
151		126.282		-423.909
152		291.273		-281.921
153		356.922		-103.799
154		338.595		55.5668
155		273.313		170.095
156		193.985		243.769
157		112.451		294.536
158		20.2089		332.771
159		-95.3765		348.619
160		-230.998		316.516
161		-357.442		214.289
162		-427.695		44.9096
163		-400.149		-153.392
164		-264.341		-316.887
165		-54.0739		-382.962
166		161.177		-320.5
167		304.125		-147.848
168		323.634		72.0677
169		217.728		258.156
170		33.8149		346.461
171		-154.088		316.916
172		-279.521		198.533
173		-311.905		51.2665
174		-265.298		-65.2114
175		-184.511		-119.246
176		-117.471		-117.533
177		-89.4713		-94.1142
178		-93.0416		-85.7805
179		-97.7762		-108.656
180		-73.1359		-149.254
181		-10.1454		-174.495
182		70.9528		-154.063
183		131.541		-81.4318
184		137.494		19.2201
185		80.4851		104.635
186		-15.0704		136.229
187		-104.042		102.275
188		-145.196		25.4461
189		-124.499		-49.2309
190		-63.5742		-79.7502
191		-7.8371		-51.7068
192		-0.296272		12.0924
193		-55.3803		63.1757
194		-147.699		54.59
195		-222.901		-30.7893
196		-225.811		-166.562
197		-131.381		-292.084
198		38.1117		-340.984
199		219.39		-274.77
200		335.723		-104.351
201		332.371		111.8
202		202.466		292.297
203		-9.23131		368.333
204		-226.127		312.856
205		-372.916		149.942
206		-405.858		-58.8121
207		-326.468		-242.715
208		-174.092		-350.555
209		-3.61835		-366.062
210		138.795		-305.111
211		229.842		-199.478
212		268.05		-78.335
213		261.753		41.7964
214		216.058		154.455
215		128.243		252.282
216		-5.32072		317.297
217		-175.759		321.129
218		-351.824		237.406
219		-482.389		60.2881
220		-513.248		-181.887
221		-411.544		-427.582
222		-185.657		-600.233
223		110.592		-636.965
224		393.419		-515.012
225		578.538		-263.234
226		611.893		47.0515
227		488.191		328.002
228		249.727		506.28
229		-32.616		545.77
230		-286.337		453.422
231		-459.834		268.311
232		-531.864		41.7558
233		-506.99		-180.743
234		-403.225		-367.985
235		-240.921		-501.013
236		-39.2158		-565.938
237		179.797		-549.442
238		384.824		-441.948
239		534.517		-247.369
240		586.232		7.15028
241		512.338		269.572
242		316.274		473.804
243		39.0922		560.659
244		-248.981		500.337
245		-470.214		305.926
246		-565.686		30.946
247		-514.998		-248.68
248		-341.076		-460.55
249		-98.7975		-558.525
250		146.444		-533.286
251		340.164		-408.111
252		451.472		-224.332
253		473.857		-24.9895
254		417.341		155.654
255		299.024		293.994
256		138.187		373.312
257		-42.4804		380.477
258		-213.164		307.932
259		-336.857		161.048
260		-377.123		-34.2028
261		-312.51		-230.425
262		-150.877		-369.334
263		65.2627		-401.945
264		268.217		-310.271
265		388.175		-119.669
266		381.046		106.081
267		248.474		287.161
268		39.8073		359.063
269		-166.375		299.274
270		-293.966		136.925
271		-300.495		-59.5088
272		-193.849		-211.321
273		-27.1752		-262.528
274		125.393		-202.05
275		200.836		-65.7223
276		172.743		81.7625
277		59.4899		175.837
278		-87.0824		178.528
279		-205.758		91.2351
280		-251.051		-50.0784
281		-208.541		-192.89
282		-95.5843		-289.638
283		50.1036		-313.162
284		186.502		-261.124
285		280.127		-150.733
286		311.544		-9.33348
287		274.585		133.276
288		173.593		248.24
289		22.7054		308.496
290		-152.223		291.124
291		-312.385		183.952
292		-410.312		-4.85557
293		-402.245		-239.673
294		-265.999		-459.408
295		-16.7619		-592.151
296		288.285		-579.649
297		562.163		-402.529
298		715.336		-94.6317
299		688.528		261.985
300		477.541		561.927
301		138.727		712.679
302		-228.517		667.867
303		-515.93		443.878
304		-643.628		113.036
305		-585.592		-223.438
306		-374.022		-471.049
307		-82.6183		-571.714
308		202.364		-516.776
309		410.379		-340.854
310		503.469		-102.507
311		477.925		137.742
312		354.487		332.599
313		165.25		452.593
314		-55.2614		482.811
315		-272.212		418.236
316		-448.778		263.276
317		-546.665		36.3575
318		-533.226		-224.756
319		-394.499		-463.679
320		-148.008		-616.586
321		153.128		-632.42
322		430.475		-494.429
323		603.914		-232.516
324		620.254		81.3975
325		474.619		355.533
326		214.423		510.082
327		-76.9359		505.67
328		-310.426		356.325
329		-423.069		121.533
330		-397.776		-118.676
331		-263.795		-294.277
332		-79.2994		-368.257
333		94.5645		-343.294
334		215.921		-251.624
335		271.686		-135.33
336		272.614		-27.811
337		239.476		55.1508
338		189.505		112.616
339		130.519		148.634
340		64.4299		163.247
341		-4.28015		150.678
342		-62.4686		105.604
343		-90.1758		32.7079
344		-70.5139		-47.9531
345		-2.00831		-105.074
346		94.692		-109.31
347		181.41		-49.1755
348		217.876		59.3908
349		181.047		176.332
350		78.2953		253.644
351		-53.2347		257.301
352		-162.016		184.11
353		-205.485		64.5396
354		-170.019		-50.636
355		-77.4637		-113.826
356		25.3565		-102.839
357		89.1411		-30.8473
358		85.5719		60.8243
359		20.1582		123.387
360		-71.6657		124.334
361		-142.85		62.4781
362		-157.952		-32.8528
363		-109.622		-117.421
364		-20.5345		-154.094
365		69.3994		-130.016
366		123.263		-60.7437
367		124.226		19.7972
368		81.1894		77.3668
369		21.161		93.6813
370		-26.4848		72.7713
371		-44.8758		35.1696
372		-35.8985		4.31111
373		-15.4176		-6.65192
374		-1.30962		-0.348465
375		-1.87776		9.36703
376		-11.4463		8.46782
377		-15.328		-6.82494
378		-0.701363		-26.6728
379		33.4942		-33.2934
380		73.8242		-12.1923
381		98.632		37.8512
382		89.787		102.13
383		43.1052		156.474
384		-28.6378		179.288
385		-101.906		162.343
386		-154.289		114.231
387		-175.267		54.6254
388		-169.746		2.87423
389		-152.517		-32.2749
390		-137.211		-55.6857
391		-126.657		-79.8008
392		-110.846		-113.286
393		-74.2574		-151.533
394		-8.56835		-175.49
395		76.8755		-160.683
396		153.857		-92.2486
397		185.603		22.2312
398		144.453		149.932
399		28.1474		243.061
400		-134.055		258.438
401		-289.629		177.448
402		-382.519		16.6536
403		-375.717		-176.425
404		-266.429		-340.841
405		-87.1336		-425.259
406		107.519		-406.347
407		261.515		-294.995
408		336.587		-128.904
409		321.963		43.6242
410		232.34		180.57
411		97.4645		256.681
412		-50.096		264.923
413		-183.074		211.326
414		-281.418		108.457
415		-330.237		-27.9503
416		-318.218		-178.23
417		-239.827		-316.678
418		-101.004		-412.54
419		75.6084		-436.773
420		251.026		-373.232
421		378.746		-229.026
422		420.182		-37.6848
423		360.431		148.619
424		216.657		276.198
425		33.9955		309.638
426		-130.371		245.403
427		-228.544		112.785
428		-239.276		-38.5622
429		-173.747		-158.888
430		-67.5783		-217.215
431		36.5226		-210.504
432		106.937		-159.789
433		133.718		-96.4112
434		127.544		-45.9672
435		109.094		-18.0369
436		95.502		-6.02032
437		91.4006		4.25557
438		88.8133		23.0266
439		74.9547		49.0706
440		42.6252		70.2596
441		-3.21927		71.3788
442		-46.5905		44.2501
443		-68.5425		-5.93953
444		-57.4579		-61.8364
445		-15.6555		-101.976
446		41.3492		-111.159
447		92.3798		-87.431
448		120.624		-42.0583
449		120.661		7.10134
450		98.9599		44.7688
451		68.1876		64.7443
452		39.1591		70.3911
453		15.3545		69.4713
454		-6.89366		67.0417
455		-33.0645		61.1276
456		-63.7		44.0251
457		-90.8836		8.49175
458		-100.644		-45.0716
459		-80.3366		-105.175
460		-26.8938		-152.225
461		49.0094		-166.907
462		125.714		-139.657
463		179.294		-76.0488
464		193.861		5.03368
465		168.088		79.6359
466		114.574		129.106
467		52.6085		147.153
468		-1.55275		140.064
469		-41.4904		120.41
470		-70.9109		98.222
471		-97.6703		74.9847
472		-125.461		44.0163
473		-148.502		-2.99602
474		-152.872		-67.3118
475		-124.224		-137.803
476		-57.7463		-192.791
477		35.4183		-208.919
478		129.502		-172.82
479		193.365		-89.4898
480		203.55		17.3827
481		154.808		113.823
482		62.8528		168.97
483		-42.0385		167.143
484		-127.41		112.99
485		-171		27.7006
486		-167.433		-61.2605
487		-126.771		-131.44
488		-66.7759		-172.251
489		-3.69937		-184.83
490		53.3808		-176.326
491		102.269		-152.953
492		142.774		-116.35
493		171.328		-65.302
494		179.337		-1.24115
495		156.962		66.6255
496		100.428		120.779
497		18.3242		141.008
498		-67.5948		113.967
499		-128.86		41.7036
500		-141.71		-55.9094
501		-98.1248		-147.069
502		-10.8029		-200.246
503		90.8961		-197.232
504		172.601		-140.816
505		208.906		-53.3266
506		193.184		33.3057
507		138.79		91.2169
508		71.455		107.548
509		16.9002		87.7378
510		-10.1411		50.214
511		-10.4105		15.7581
512		3.43292		-2.7485
513		15.8019		-5.1311
514		17.4309		-1.37427
515		9.97055		-3.78027
516		3.82312		-18.5411
517		10.8757		-41.4441
518		36.4601		-59.93
519		75.0984		-60.159
520		112.354		-35.0534
521		131.723		11.1209
522		122.807		64.0804
523		86.4265		105.975
524		34.1054		123.494
525		-17.5967		113.417
526		-54.7462		82.9357
527		-71.6609		44.9433
528		-71.7836		11.1345
529		-63.7921		-13.2708
530		-55.5039		-30.4947
531		-49.1862		-46.715
532		-40.8929		-66.4922
533		-24.036		-88.5735
534		5.07381		-105.662
535		43.1376		-108.404
536		79.8621		-91.3648
537		102.386		-57.5326
538		101.954		-18.5506
539		79.2756		9.86464
540		45.5137		15.2564
541		18.0366		-5.13481
542		12.7468		-42.1789
543		36.6201		-78.2161
544		84.0711		-94.5408
545		138.936		-79.5473
546		181.152		-33.7579
547		195.009		30.4951
548		175.204		94.3876
549		128.137		140.257
550		68.2866		158.022
551		11.7748		147.673
552		-29.6308		117.256
553		-51.4545		77.9879
554		-55.5967		39.3288
555		-46.853		6.43787
556		-29.3309		-19.1946
557		-4.92865		-37.0703
558		25.4738		-45.208
559		59.284		-39.8317
560		90.1629		-17.6839
561		108.597		20.3828
562		105.425		66.9571
563		76.7707		108.821
564		27.6432		131.31
565		-28.1738		124.59
566		-72.6175		88.8225
567		-90.5766		35.3456
568		-76.577		-17.2006
569		-37.6037		-50.4114
570		9.5742		-53.9544
571		45.5834		-29.9989
572		56.8763		7.96189
573		41.4586		41.4194
574		9.21315		55.3101
575		-23.258		44.5912
576		-40.6751		15.8483
577		-36.0404		-16.6565
578		-13.1917		-38.3267
579		16.0643		-41.1779
580		38.481		-26.9627
581		46.0178		-5.151
582		39.1786		12.8193
583		25.537		19.7235
584		14.6096		15.8046
585		12.1767		7.51733
586		17.3181		2.77701
587		23.7579		5.69344
588		24.5413		13.9943
589		17.086		20.7071
590		5.39435		19.0833
591		-2.12926		7.71753
592		1.84647		-7.45688
593		18.0432		-15.9058
594		38.5251		-8.77266
595		49.9021		14.7839
596		40.5624		45.0933
597		8.18079		65.3753
598		-36.8421		59.9024
599		-74.5182		22.9419
600		-84.0889		-36.3553
601		-54.4372		-96.2073
602		9.19583		-131.124
603		85.9306		-123.496
604		147.53		-72.2175
605		170.524		6.03021
606		146.408		83.6526
607		85.031		133.948
608		9.63995		142.166
609		-53.7779		110.605
610		-87.4892		55.6589
611		-88.0519		-1.19351
612		-64.9057		-43.498
613		-33.0158		-65.8716
614		-4.07184		-73.3345
615		18.8326		-75.0968
616		40.4081		-76.956
617		67.3085		-76.9891
618		101.171		-67.0477
619		135.088		-39.0017
620		155.906		8.22476
621		151.23		65.327
622		117.081		115.386
623		61.6145		141.538
624		2.43407		135.401
625		-41.3213		101.507
626		-57.9179		55.1339
627		-48.0949		14.6082
628		-23.5		-7.68644
629		0.535507		-10.6297
630		13.6801		-3.13509
631		15.7247		2.72176
632		15.2166		0.00897217
633		22.5237		-8.39536
634		41.6226		-11.7285
635		65.8126		1.13192
636		80.3704		33.0289
637		71.0682		74.2186
638		33.8005		105.584
639		-20.4959		108.266
640		-69.1432		74.6792
641		-88.2489		14.6419
642		-65.2251		-47.3775
643		-6.54765		-83.1787
644		63.8165		-74.6256
645		115.051		-23.167
646		124.049		50.0963
647		86.4837		114.114
648		18.6719		142.517
649		-50.6984		125.722
650		-94.5858		74.3896
651		-100.031		12.7551
652		-72.6906		-34.2775
653		-31.5705		-53.2133
654		2.60887		-46.8835
655		18.6588		-30.0556
656		19.5611		-18.8531
657		18.2862		-20.466
658		27.7571		-29.2128
659		51.2803		-31.1117
660		79.3908		-13.9896
661		95.1696		23.1943
662		84.9438		67.7514
663		47.8944		99.3854
664		-1.50114		101.784
665		-40.2234		72.9475
666		-49.2742		27.8986
667		-25.0022		-8.41481
668		17.5499		-14.5861
669		51.7763		14.7734
670		53.73		64.7511
671		15.8257		106.974
672		-47.675		114.379
673		-106.857		76.1396
674		-131.161		4.58636
675		-105.42		-69.9424
676		-38.3412		-113.928
677		41.2277		-107.504
678		98.4287		-54.4509
679		109.542		19.8859
680		73.1879		81.5565
681		9.88449		104.879
682		-49.4307		84.3249
683		-79.4573		35.4304
684		-72.4792		-15.1816
685		-40.0926		-44.6925
686		-4.46018		-45.5254
687		15.3655		-27.2639
688		14.0053		-8.62317
689		1.29295		-4.7344
690		-5.65175		-17.5284
691		5.33975		-34.9439
692		32.5871		-39.3089
693		60.6051		-19.6864
694		69.3092		19.4937
695		47.0096		59.12
696		-0.66832		75.5317
697		-51.6919		54.5339
698		-78.5193		1.1293
699		-63.261		-61.0881
700		-8.59807		-101.22
701		62.0177		-97.244
702		115.549		-48.2659
703		126.233		24.0995
704		89.0763		86.3296
705		22.5744		110.087
706		-40.9506		86.6512
707		-72.228		30.9044
708		-60.0071		-27.2417
709		-16.0347		-59.1968
710		32.5056		-52.8097
711		58.7137		-17.9831
712		50.9958		20.1302
713		19.0092		36.328
714		-12.6949		20.2602
715		-19.6068		-17.4429
716		7.79124		-51.3005
717		57.6376		-55.9178
718		102.63		-21.2581
719		115.1		40.469
720		82.8315		100.378
721		16.7503		128.047
722		-53.9736		107.96
723		-96.8753		48.1872
724		-93.1128		-23.5252
725		-47.168		-74.1682
726		15.8918		-82.5744
727		63.992		-49.9718
728		74.997		1.57332
729		47.841		41.7201
730		2.01133		48.3603
731		-33.9717		19.0273
732		-38.4465		-28.8027
733		-8.0446		-68.2712
734		41.4312		-78.3475
735		84.7626		-55.1092
736		101.871		-12.9716
737		88.8487		24.4553
738		59.358		38.3778
739		35.8983		25.5962
740		36.1689		-0.0167313
741		62.4362		-16.0059
742		99.9585		-4.7841
743		125.286		35.7054
744		119.646		90.1744
745		79.7987		134.013
746		20.2901		146.59
747		-34.1052		122.363
748		-61.4271		73.6996
749		-53.7992		23.9949
750		-20.8002		-4.88245
751		16.641		-3.78345
752		38.119		19.955
753		34.6223		47.9031
754		12.4496		61.6683
755		-11.6519		53.2793
756		-20.9494		29.0327
757		-8.58269		4.94934
758		18.7863		-3.17078
759		45.3667		10.8624
760		55.817		40.2152
761		44.2518		69.3741
762		17.427		83.4701
763		-9.61182		76.985
764		-22.6943		56.7282
765		-17.0114		37.4259
766		0.0829964		32.6232
767		13.5715		46.3083
768		9.90138		70.2066
769		-14.6176		88.3446
770		-51.058		86.2565
771		-82.3949		59.5231
772		-92.7399		16.7405
773		-76.0531		-24.7724
774		-39.4408		-48.0795
775		0.729004		-45.4172
776		27.5913		-21.8158
777		32.4533		8.28287
778		18.6024		29.2715
779		-1.61384		32.7036
780		-14.4469		21.0722
781		-12.567		5.19663
782		1.39738		-2.90318
783		17.37		2.73351
784		24.5586		18.854
785		18.1953		35.5822
786		2.24765		42.9231
787		-13.3831		37.0818
788		-19.289		22.7352
789		-12.5694		9.94231
790		1.2921		7.67064
791		11.8436		17.9683
792		10.2858		34.4132
793		-4.7696		45.8621
794		-25.984		43.2913
795		-41.3447		25.6006
796		-41.2686		0.801285
797		-24.5453		-18.276
798		0.488682		-21.3484
799		20.3896		-6.8274
800		24.1992		16.9179
801		9.82049		36.0473
802		-14.5561		38.9965
803		-34.8827		23.0675
804		-39.0686		-3.93691
805		-23.7346		-28.0042
806		3.93892		-36.6955
807		30.3068		-25.9879
808		42.9223		-2.29912
809		37.3718		21.3929
810		19.4062		33.0287
811		1.24751		28.2026
812		-5.68189		12.3099
813		2.67203		-3.02669
814		20.9237		-7.04047
815		37.7901		3.80479
816		43.0469		23.8905
817		33.726		42.0441
818		15.8573		48.4586
819		0.732399		40.768
820		-2.07588		25.6203
821		9.23706		14.7625
822		27.2407		17.9117
823		39.3488		36.6182
824		35.1417		62.7912
825		12.6886		82.8587
826		-19.8345		85.2508
827		-48.2415		66.945
828		-59.8603		35.3282
829		-50.2308		4.32127
830		-25.2225		-13.0017
831		2.52571		-11.0947
832		20.6715		5.80975
833		23.611		26.9797
834		14.6338		41.8633
835		2.74327		46.1156
836		-3.72876		43.4079
837		-2.69862		42.0658
838		0.367989		48.7374
839		-3.73613		63.1147
840		-21.3663		77.1292
841		-50.758		79.3382
842		-81.5161		62.0344
843		-99.52		26.8239
844		-94.6388		-14.8471
845		-66.8419		-46.8823
846		-27.0376		-56.7561
847		8.10292		-42.2001
848		24.6338		-12.5241
849		18.474		16.2975
850		-2.78661		30.1228
851		-24.4239		24.0181
852		-32.8991		4.42361
853		-23.2669		-15.0331
854		-1.52094		-21.6149
855		19.3602		-10.7891
856		27.2945		11.3973
857		18.2954		32.183
858		-1.19882		39.8916
859		-18.2108		31.082
860		-21.0634		12.8537
861		-6.60793		-1.0887
862		17.3894		1.60631
863		36.1585		24.5126
864		35.9777		59.805
865		11.8409		91.9795
866		-29.5648		105.855
867		-73.1989		94.3885
868		-103.384		62.0137
869		-111.545		21.7871
870		-99.7272		-11.8237
871		-78.1774		-30.3105
872		-58.7135		-34.5244
873		-47.9419		-32.442
874		-44.2952		-32.9929
875		-40.4278		-39.9038
876		-29.2234		-49.3693
877		-9.49247		-52.9202
878		12.3303		-43.612
879		25.6856		-21.5636
880		22.5331		4.80032
881		3.03577		22.8603
882		-23.3923		23.025
883		-42.6623		4.78286
884		-43.8026		-22.2086
885		-25.4803		-42.9784
886		2.70187		-45.5181
887		25.1844		-27.7951
888		29.1158		0.647003
889		11.8529		23.6778
890		-17.0718		27.5606
891		-40.8549		8.93916
892		-44.6549		-22.7529
893		-24.0721		-50.003
894		11.9085		-56.613
895		45.2873		-36.6553
896		58.455		1.96963
897		43.5386		41.3897
898		6.59945		62.9678
899		-35.5629		56.8574
900		-64.18		26.7611
901		-68.0196		-12.5449
902		-48.5008		-43.3461
903		-17.8629		-54.1561
904		8.2513		-44.8939
905		19.3958		-25.478
906		15.2445		-9.05228
907		4.29504		-4.04876
908		-2.48701		-9.7615
909		0.980347		-17.8579
910		12.0664		-18.6387
911		21.3991		-8.02942
912		19.3546		9.11101
913		3.00661		21.5193
914		-20.8594		18.4874
915		-38.7565		-2.90997
916		-38.0171		-34.7816
917		-14.5331		-61.6842
918		23.8772		-68.6226
919		60.6746		-49.3828
920		78.8443		-10.4555
921		69.727		31.8041
922		37.5582		59.3531
923		-2.80348		61.5408
924		-33.691		40.145
925		-43.6468		7.69437
926		-32.689		-19.8186
927		-11.0724		-31.6262
928		7.49393		-27.3816
929		14.0973		-16.0788
930		9.52928		-9.57452
931		3.08918		-14.6898
932		6.12859		-28.6237
933		24.2641		-40.413
934		52.9553		-37.5934
935		79.174		-14.1456
936		88.3305		24.9778
937		72.5416		65.5088
938		35.5002		90.9158
939		-8.88982		90.9619
940		-43.4235		67.0058
941		-56.2361		31.1189
942		-46.4266		-0.41758
943		-23.6766		-15.553
944		-2.29251		-12.1681
945		6.79852		1.95972
946		1.55691		14.5977
947		-11.1055		16.5324
948		-20.4174		6.68927
949		-18.7414		-7.94329
950		-6.23645		-17.275
951		9.51733		-14.7729
952		18.5463		-1.70628
953		14.9826		13.589
954		0.999043		20.9407
955		-14.2745		14.8357
956		-20.2511		-1.82705
957		-11.4984		-19.1065
958		8.56788		-25.8049
959		29.2539		-16.2755
960		38.6386		5.84016
961		30.6141		29.2893
962		8.75074		41.4753
963		-15.4032		35.7412
964		-28.746		15.4145
965		-24.1383		-7.84343
966		-4.66288		-20.5631
967		17.9162		-15.1994
968		29.7273		5.36279
969		22.7244		29.1738
970		-0.521889		41.7756
971		-27.9304		34.3042
972		-44.3433		8.59775
973		-39.7193		-23.5474
974		-14.5459		-46.5393
975		20.4637		-49.118
976		50.0927		-29.968
977		62.4606		2.14952
978		54.6199		33.5604
979		32.9806		53.0014
980		8.69299		56.9082
981		-9.02025		49.8548
982		-17.5708		40.2945
983		-21.1123		34.5157
984		-26.309		32.6593
985		-36.6863		29.236
986		-49.312		17.7039
987		-56.067		-3.91454
988		-48.8561		-30.1224
989		-25.5636		-49.885
990		7.08121		-52.5772
991		35.845		-34.5337
992		47.5682		-2.21202
993		36.3823		30.2165
994		7.37875		47.8256
995		-25.5761		42.7037
996		-46.8938		18.1661
997		-47.3609		-13.0554
998		-28.7759		-35.7325
999		-2.51044		-40.3362
1000		17.1928		-27.9045
1001		21.3645		-8.84749
1002		11.2387		3.58838
1003		-2.86281		1.4034
1004		-8.04311		-13.2287
1005		3.03497		-29.1012
1006		27.1496		-32.605
1007		51.6609		-16.0816
1008		61.2964		16.9249
1009		46.8374		52.6381
1010		10.8173		73.8701
1011		-33.0293		69.0088
1012		-66.3589		38.2492
1013		-75.2923		-6.32563
1014		-57.0757		-46.7978
1015		-20.8472		-68.2277
1016		17.6578		-65.4454
1017		44.3055		-44.3307
1018		53.0754		-17.2959
1019		47.4892		4.08599
1020		36.6414		14.9376
1021		28.6365		18.2076
1022		25.5842		20.8409
1023		23.1431		27.7575
1024		14.6666		37.6468
1025		-2.89154		43.3556
1026		-25.2839		36.7055
1027		-42.1218		14.7224
1028		-42.5027		-16.7663
1029		-21.877		-44.7587
1030		14.0497		-55.414
1031		51.0359		-41.6567
1032		73.071		-7.63591
1033		70.5971		32.7494
1034		45.5752		62.7212
1035		10.4289		71.2137
1036		-18.6863		58.4135
1037		-30.5955		35.1093
1038		-24.915		16.1788
1039		-11.669		11.8838
1040		-4.91695		21.9335
1041		-14.0249		35.7407
1042		-37.5991		38.7868
1043		-63.6392		21.5101
1044		-75.9548		-14.3594
1045		-63.3253		-55.7147
1046		-26.2791		-84.4405
1047		22.3528		-86.8155
1048		63.5093		-60.8151
1049		81.3378		-17.3286
1050		70.9124		25.3272
1051		40.1572		50.5561
1052		5.14388		51.3362
1053		-18.449		32.6895
1054		-22.9628		7.77706
1055		-11.4617		-9.84447
1056		5.55348		-13.3043
1057		17.0886		-4.99358
1058		18.0145		6.40797
1059		11.2167		12.2455
1060		4.60213		9.51916
1061		5.14227		2.44246
1062		13.8268		-0.837875
1063		24.7045		5.87151
1064		28.5918		22.116
1065		19.1095		40.3136
1066		-2.74401		49.8904
1067		-28.4062		43.5655
1068		-46.2026		21.9555
1069		-47.8468		-6.36751
1070		-33.1029		-29.5006
1071		-9.77702		-38.81
1072		10.9954		-33.5618
1073		21.3478		-20.7781
1074		21.1528		-10.3867
1075		17.5827		-8.61631
1076		19.9425		-13.7413
1077		32.8886		-16.9582
1078		52.2815		-8.09855
1079		66.5		17.1294
1080		62.8431		52.8178
1081		35.5123		84.4086
1082		-9.52219		95.7287
1083		-55.9339		77.8433
1084		-84.4274		34.7672
1085		-82.3512		-17.3947
1086		-50.3578		-57.7589
1087		-2.39073		-70.703
1088		41.1282		-53.3166
1089		63.3198		-16.2982
1090		58.732		22.0967
1091		34.9576		45.6649
1092		7.36015		48.1461
1093		-9.91158		35.2061
1094		-11.482		19.735
1095		-2.71745		13.46
1096		4.73511		19.8703
1097		0.94471		32.5336
1098		-15.654		39.6339
1099		-36.9551		31.8652
1100		-49.9926		8.85195
1101		-44.9788		-19.845
1102		-21.7298		-39.856
1103		9.45774		-40.317
1104		33.1684		-20.4767
1105		37.464		9.38269
1106		20.7461		33.4048
1107		-7.16848		38.9615
1108		-30.491		23.7514
1109		-36.377		-2.9447
1110		-22.195		-25.6449
1111		3.07424		-31.6409
1112		24.1823		-18.3895
1113		28.6607		5.00051
1114		14.3435		23.1329
1115		-9.0648		23.5236
1116		-25.4184		4.33771
1117		-21.5707		-23.8858
1118		4.5377		-43.6937
1119		41.8359		-40.4351
1120		71.466		-10.8251
1121		76.6966		34.4939
1122		51.9884		75.9381
1123		6.22866		94.8737
1124		-41.6378		83.058
1125		-72.1671		46.5602
1126		-74.95		2.18018
1127		-53.0459		-31.4748
1128		-20.1838		-43.2581
1129		7.35892		-34.1026
1130		19.4449		-14.7926
1131		16.5062		1.3898
1132		7.54033		6.63215
1133		3.28769		2.54377
1134		8.9141		-1.97585
1135		20.6258		2.6368
1136		28.1525		19.695
1137		21.4663		43.3286
1138		-2.41518		61.3335
1139		-36.7046		62.1074
1140		-67.8968		41.5343
1141		-82.8431		5.72232
1142		-75.7155		-32.0252
1143		-50.8284		-58.21
1144		-19.7677		-66.0028
1145		5.33811		-58.0112
1146		18.3281		-43.5066
1147		21.4469		-32.0071
1148		22.406		-27.2831
1149		28.0967		-25.5303
1150		39.0676		-18.8282
1151		48.4361		-1.65482
1152		46.1579		23.7892
1153		26.1729		47.1247
1154		-8.0584		54.9771
1155		-43.4124		39.0439
1156		-63.066		2.259
1157		-55.5759		-40.9567
1158		-21.9563		-71.1239
1159		23.5642		-73.6725
1160		60.0445		-47.0312
1161		70.4152		-4.16547
1162		50.497		33.6321
1163		11.443		47.6092
1164		-25.9116		31.2972
1165		-41.877		-6.16442
1166		-28.1127		-44.965
1167		8.29539		-65.1489
1168		49.0184		-56.9986
1169		74.5251		-25.6672
1170		74.3918		12.3124
1171		52.2529		38.4927
1172		22.8625		42.5489
1173		3.19921		27.3117
1174		2.82477		6.19258
1175		18.9656		-5.22543
1176		38.9239		1.60754
1177		48.1313		23.5456
1178		38.9382		48.1751
1179		14.9297		61.6609
1180		-11.6775		57.177
1181		-27.8329		38.8193
1182		-27.8139		18.6757
1183		-16.7091		8.88957
1184		-7.01516		13.6213
1185		-10.3347		25.9573
1186		-29.2325		31.8925
1187		-54.3863		19.232
1188		-69.1477		-13.8544
1189		-59.2104		-55.9475
1190		-21.8808		-87.3505
1191		30.6358		-90.5383
1192		76.2966		-60.3442
1193		94.266		-7.99411
1194		76.0294		43.6457
1195		30.3852		71.3629
1196		-20.6471		63.4435
1197		-52.9685		25.6188
1198		-52.6281		-22.1685
1199		-22.5234		-56.4226
1200		19.9949		-62.3239
1201		53.1315		-40.848
1202		62.5822		-7.00284
1203		48.7241		19.5733
1204		25.1654		26.131
1205		9.73373		13.8227
1206		13.2925		-3.7472
1207		32.9782		-9.45113
1208		53.8424		6.27863
1209		57.9753		38.8107
1210		35.7865		71.164
1211		-7.22153		83.4655
1212		-52.3433		64.6689
1213		-77.4218		19.7475
1214		-69.0979		-31.9636
1215		-30.6268		-66.6215
1216		19.2833		-68.578
1217		56.1626		-38.8804
1218		62.7415		5.22287
1219		38.0508		39.5731
1220		-2.36078		46.0883
1221		-35.1693		22.29
1222		-42.0845		-17.8325
1223		-19.6104		-51.9717
1224		19.5752		-61.9988
1225		54.2104		-43.7904
1226		66.5772		-8.9762
1227		52.2737		22.1758
1228		22.1952		32.5205
1229		-4.20991		17.6861
1230		-10.3784		-11.8169
1231		7.85963		-37.0694
1232		40.1102		-41.9237
1233		67.701		-22.3838
1234		74.6672		11.1953
1235		57.0307		40.2587
1236		25.0174		48.8938
1237		-2.99536		33.03
1238		-11.2148		2.66335
1239		4.43444		-24.1377
1240		34.1019		-31.903
1241		60.003		-16.8508
1242		67.1001		10.9396
1243		52.214		33.5856
1244		26.1846		36.2021
1245		7.70944		16.1576
1246		12.3202		-14.6701
1247		42.8187		-36.1062
1248		86.7409		-30.9571
1249		122.45		4.99886
1250		130.558		59.9906
1251		104.335		111.978
1252		53.3234		139.969
1253		-1.79689		134.657
1254		-40.1166		102.542
1255		-51.0335		61.4579
1256		-38.6065		30.2784
1257		-17.5657		18.8151
1258		-3.638		23.6222
1259		-4.05211		31.8634
1260		-13.8389		30.6248
1261		-20.0026		15.8749
1262		-10.8937		-4.46426
1263		15.0493		-15.3122
1264		46.7258		-4.30095
1265		65.8888		29.2521
1266		57.8126		71.9217
1267		20.9249		102.255
1268		-30.4804		102.309
1269		-72.5464		68.2257
1270		-84.1159		13.6342
1271		-58.3145		-36.4663
1272		-6.91068		-58.3897
1273		45.2535		-42.2376
1274		73.0131		2.70254
1275		64.0005		52.741
1276		25.0015		82.2916
1277		-21.9562		77.3555
1278		-51.6619		42.6512
1279		-49.3275		-1.46969
1280		-18.2864		-30.5635
1281		22.3884		-29.6768
1282		48.9397		-1.45926
1283		46.4526		35.6421
1284		17.3197		58.028
1285		-20.0431		50.4616
1286		-41.4763		14.9156
1287		-30.6185		-30.1483
1288		11.798		-59.6416
1289		67.9983		-55.3786
1290		112.464		-15.8277
1291		125.291		43.1845
1292		102.282		97.0363
1293		56.3758		125.27
1294		9.90811		121.782
1295		-17.7413		96.7926
1296		-20.1577		69.8723
1297		-6.12663		58.2649
1298		6.80205		67.2617
1299		3.39758		87.9832
1300		-20.0606		103.552
1301		-53.7592		99.7951
1302		-80.5049		74.0861
1303		-86.284		37.1275
1304		-68.9194		6.66069
1305		-39.6565		-3.15021
1306		-16.6704		9.63538
1307		-14.2417		33.2522
1308		-33.9578		48.9475
1309		-63.2235		42.1301
1310		-82.1954		11.4871
1311		-75.3585		-29.3802
1312		-41.1389		-59.0584
1313		6.12988		-60.3999
1314		43.3649		-30.8136
1315		51.3305		15.2077
1316		25.7686		53.1131
1317		-19.2573		61.3459
1318		-57.9912		33.4155
1319		-66.3249		-17.6862
1320		-34.8231		-65.3915
1321		25.5811		-82.9023
1322		88.4128		-57.0433
1323		124.616		4.66159
1324		116.942		77.4174
1325		68.3326		131.28
1326		0.0770264		145.639
1327		-59.0583		118.603
1328		-86.8723		66.7198
1329		-77.6493		15.6031
1330		-43.1301		-13.1902
1331		-4.64766		-12.0388
1332		18.7954		11.0133
1333		19.85		38.9086
1334		4.72186		56.2845
1335		-12.7779		57.9399
1336		-21.0176		50.3861
1337		-18.15		46.0012
1338		-13.0107		53.6442
1339		-18.8515		71.5999
1340		-43.734		87.3136
1341		-83.4614		84.3678
1342		-121.586		52.8444
1343		-137.034		-2.93887
1344		-115.48		-64.0819
1345		-58.3051		-104.933
1346		16.002		-105.354
1347		79.1744		-61.11
1348		105.789		13.1197
1349		84.8701		89.8278
1350		24.6715		140.87
1351		-51.6467		149.662
1352		-117.016		117.406
1353		-152.413		60.6187
1354		-153.837		1.77558
1355		-131.255		-41.6644
1356		-100.882		-64.1368
1357		-75.5321		-71.6022
1358		-58.4978		-74.9434
1359		-44.0443		-81.521
1360		-23.647		-90.049
1361		6.21167		-91.766
1362		39.6862		-77.0384
1363		63.5516		-43.2428
1364		64.619		1.07727
1365		38.3508		38.7246
1366		-6.49946		52.1376
1367		-50.381		33.1102
1368		-71.8226		-11.5086
1369		-58.2987		-61.6659
1370		-13.3291		-93.0719
1371		44.1973		-88.969
1372		88.5171		-48.7033
1373		99.2391		11.4291
1374		71.2223		65.6983
1375		17.0753		91.1658
1376		-39.0092		78.5324
1377		-72.9805		36.2215
1378		-72.3279		-14.2391
1379		-41.5177		-49.0574
1380		1.04385		-53.6984
1381		32.7081		-29.3593
1382		37.8503		8.58744
1383		15.0367		39.0087
1384		-23.2365		45.7115
1385		-57.6288		24.9508
1386		-71.8358		-13.7844
1387		-60.0721		-53.5668
1388		-28.577		-78.8903
1389		9.05051		-82.7491
1390		39.5941		-68.4267
1391		56.547		-45.6315
1392		61.6743		-23.7681
1393		61.4184		-6.55977
1394		60.8054		8.81234
1395		58.9183		27.7393
1396		48.9896		52.076
1397		23.3138		75.9917
1398		-19.8556		86.8645
1399		-71.7442		71.3909
1400		-114.149		23.8979
1401		-126.496		-47.8037
1402		-95.7759		-122.778
1403		-24.3283		-174.219
1404		68.8272		-180.63
1405		154.399		-135.67
1406		204.359		-51.7709
1407		203.332		44.438
1408		154.514		122.913
1409		77.4452		162.135
1410		-1.0881		156.693
1411		-58.4267		117.259
1412		-84.2331		63.5749
1413		-81.9347		14.453
1414		-63.49		-19.9774
1415		-40.9805		-40.1279
1416		-19.9366		-52.6671
1417		2.0034		-63.2474
1418		30.7459		-70.9143
1419		68.7062		-67.716
1420		109.688		-43.8899
1421		139.235		4.38557
1422		140.875		69.3951
1423		105.208		132.225
1424		36.8547		169.668
1425		-44.8864		164.666
1426		-112.741		115.098
1427		-142.712		36.2389
1428		-124.583		-44.7479
1429		-66.5498		-99.9478
1430		8.34039		-112.278
1431		72.2415		-82.0886
1432		104.239		-25.8478
1433		98.2653		32.132
1434		63.8027		70.6521
1435		19.6511		79.9778
1436		-15.6189		63.946
1437		-31.6189		35.5777
1438		-28.8783		9.1796
1439		-15.7786		-6.63913
1440		-2.16241		-11.6202
1441		6.46016		-11.4786
1442		11.0066		-12.6235
1443		16.5831		-17.4718
1444		27.8624		-23.0994
1445		45.2564		-23.6852
1446		64.289		-14.825
1447		78.3767		3.26015
1448		83.0087		25.7317
1449		78.448		46.2823
1450		69.0854		61.2379
1451		59.8327		71.7328
1452		52.009		82.2758
1453		41.7163		96.4264
1454		22.2745		112.394
1455		-10.3307		121.814
1456		-52.2567		113.273
1457		-90.5278		79.2646
1458		-107.438		22.7979
1459		-89.1458		-40.5705
1460		-34.2003		-87.4235
1461		42.9004		-96.4454
1462		115.848		-59.0038
1463		157.181		15.2135
1464		150.609		100.98
1465		98.8465		168.027
1466		22.6964		194.437
1467		-48.5379		176.349
1468		-90.7625		128.978
1469		-96.0738		78.3255
1470		-75.4251		47.723
1471		-51.6288		46.1323
1472		-46.3769		64.2636
1473		-68.1354		80.5101
1474		-107.339		73.5225
1475		-141.482		34.7041
1476		-147.436		-26.0947
1477		-114.473		-84.8268
1478		-51.0263		-115.323
1479		18.4856		-102.908
1480		65.2441		-52.4378
1481		70.0831		13.4614
1482		32.8177		65.0326
1483		-27.8191		79.4478
1484		-83.3868		51.1624
1485		-109.189		-6.4365
1486		-95.1075		-68.461
1487		-48.6387		-110.758
1488		10.7117		-120.496
1489		62.0325		-99.9698
1490		92.6409		-62.4736
1491		101.854		-23.3963
1492		97.6541		7.99699
1493		89.1121		31.5375
1494		79.6315		52.7531
1495		65.2405		75.8691
1496		38.8329		98.0831
1497		-2.51694		109.098
1498		-52.0453		96.6061
1499		-93.5359		54.6492
1500		-107.893		-10.1839
1501		-82.8236		-78.8218
1502		-20.3554		-126.703
1503		62.1853		-134.458
1504		138.656		-96.8278
1505		184.963		-25.1781
1506		188.865		57.6745
1507		153.888		127.555
1508		95.7516		168.676
1509		33.7484		178.215
1510		-17.9879		163.983
1511		-54.6775		137.352
1512		-78.872		106.091
1513		-94.3192		71.4874
1514		-100.24		31.1957
1515		-90.1634		-14.4595
1516		-56.4906		-57.3645
1517		1.82572		-81.82
1518		73.4956		-71.0848
1519		135.429		-17.2715
1520		160.72		70.9248
1521		130.892		167.68
1522		46.388		238.241
1523		-70.4686		252.829
1524		-182.34		199.904
1525		-251.052		92.3421
1526		-252.808		-36.7191
1527		-187.505		-146.689
1528		-78.0533		-205.184
1529		39.6577		-199.557
1530		131.186		-139.546
1531		175.727		-50.715
1532		171.097		37.3642
1533		130.465		102.304
1534		73.7719		134.708
1535		18.8122		137.196
1536		-23.8323		118.843
1537		-50.7023		89.1016
1538		-62.0034		54.6129
1539		-58.1469		19.8048
1540		-38.9261		-10.5025
1541		-5.61484		-29.4604
1542		36.0955		-29.5555
1543		75.2381		-6.62244
1544		98.4777		36.0541
1545		95.9204		86.6956
1546		66.7446		128.658
1547		21.1117		147.572
1548		-23.4369		138.473
1549		-49.8646		108.913
1550		-49.9907		75.9392
1551		-28.9021		58.0125
1552		-2.86502		65.7853
1553		8.47794		96.449
1554		-8.18707		134.629
1555		-53.0871		159.46
1556		-112.88		154.306
1557		-166.523		114.332
1558		-194.388		48.4077
1559		-186.086		-25.1286
1560		-143.512		-86.2361
1561		-78.4015		-120.378
1562		-6.56683		-121.963
1563		57.6674		-93.3401
1564		104.128		-41.2407
1565		126.223		26.3051
1566		119.09		100.552
1567		79.1945		170.415
1568		6.79057		221.041
1569		-89.843		235.399
1570		-191.616		199.956
1571		-270.657		112.583
1572		-298.346		-11.5308
1573		-257.021		-140.317
1574		-150.171		-233.456
1575		-5.51477		-256.904
1576		131.994		-197.472
1577		215.603		-70.6765
1578		214.695		82.5634
1579		127.538		209.914
1580		-16.9835		266.925
1581		-169.736		233.625
1582		-279.558		121.479
1583		-311.681		-31.9515
1584		-258.865		-177.904
1585		-141.312		-274.178
1586		3.45457		-298.411
1587		135.434		-252.201
1588		225.073		-155.969
1589		259.559		-38.4446
1590		241.564		73.6966
1591		183.194		161.837
1592		99.4677		215.996
1593		4.69666		232.058
1594		-87.5599		209.063
1595		-162.925		149.05
1596		-206.018		59.4637
1597		-203.52		-44.2294
1598		-149.864		-138.787
1599		-52.6071		-198.065
1600		66.1277		-201.537
1601		174.254		-143.004
1602		239.543		-35.2093
1603		241.018		92.4975
1604		177.105		203.228
1605		66.8452		265.027
1606		-56.5547		261.758
1607		-157.278		198.041
1608		-208.866		96.5124
1609		-201.98		-11.0867
1610		-145.397		-95.0564
1611		-60.6615		-136.691
1612		26.691		-132.042
1613		95.4911		-90.0216
1614		133.893		-26.7364
1615		139.923		40.9283
1616		118.677		99.8428
1617		78.3685		142.132
1618		27.3384		164.184
1619		-26.9608		164.767
1620		-77.3776		143.868
1621		-116.139		103.022
1622		-134.93		46.7332
1623		-126.584		-16.2178
1624		-87.9441		-72.9108
1625		-22.5862		-108.545
1626		58.0902		-110.464
1627		136.422		-72.6239
1628		192.67		1.25301
1629		210.695		97.3458
1630		183.208		194.775
1631		114.612		271.327
1632		20.1555		310.04
1633		-78.5759		304.335
1634		-160.388		259.713
1635		-210.991		191.276
1636		-226.814		117.941
1637		-214.626		55.6396
1638		-187.191		12.2852
1639		-156.938		-13.3793
1640		-130.555		-28.6886
1641		-107.06		-41.3211
1642		-80.2336		-53.8674
1643		-44.155		-61.5739
1644		1.10742		-54.6106
1645		46.809		-23.8936
1646		77.6248		32.4572
1647		77.8798		105.483
1648		39.0455		176.79
1649		-35.2084		224.723
1650		-129.054		232.582
1651		-219.793		195.024
1652		-285.906		119.662
1653		-314.027		23.3181
1654		-301.671		-74.8822
1655		-254.925		-159.838
1656		-183.136		-223.081
1657		-94.1858		-260.877
1658		6.58202		-269.88
1659		113.201		-244.048
1660		214.095		-175.868
1661		289.391		-62.2625
1662		313.921		87.779
1663		266.286		248.734
1664		140.549		381.437
1665		-45.3069		444.143
1666		-249.484		408.238
1667		-416.938		271.929
1668		-497.336		65.2327
1669		-463.443		-157.08
1670		-322.168		-332.668
1671		-113.341		-412.397
1672		103.474		-376.458
1673		268.759		-239.63
1674		341.482		-44.3042
1675		309.454		154.966
1676		188.928		308.598
1677		15.5385		384.371
1678		-168.216		371.863
1679		-323.621		279.835
1680		-421.721		130.211
1681		-445.146		-47.6052
1682		-388.342		-220.428
1683		-258.498		-354.079
1684		-77.2171		-417.625
1685		119.453		-390.395
1686		285.686		-270.379
1687		376.519		-79.9788
1688		362.191		135.396
1689		240.672		317.991
1690		42.1585		415.346
1691		-178.083		398.563
1692		-357.105		273.441
1693		-445.545		79.1538
1694		-424.141		-125.606
1695		-308.68		-283.475
1696		-141.649		-357.571
1697		25.2216		-341.289
1698		149.551		-255.618
1699		210.289		-136.698
1700		209.197		-20.3955
1701		163.347		68.953
1702		94.1492		121.691
1703		19.0542		138.768
1704		-50.6838		124.973
1705		-107.074		84.5763
1706		-141.363		21.8758
1707		-143.232		-54.7645
1708		-104.84		-129.574
1709		-27.4863		-180.727
1710		73.8151		-187.386
1711		172.013		-139.435
1712		236.719		-44.4799
1713		246.415		72.5676
1714		198.052		178.246
1715		108.745		243.947
1716		8.21187		257.4
1717		-74.4663		226.404
1718		-123.048		172.949
1719		-139.098		121.035
1720		-137.504		84.8311
1721		-135.525		63.4703
1722		-141.839		44.9222
1723		-151.859		16.1421
1724		-151.746		-26.8161
1725		-128.379		-74.8555
1726		-79.0289		-110.393
1727		-14.7146		-117.573
1728		44.9241		-91.8372
1729		82.1753		-42.8611
1730		90.741		11.0815
1731		78.1657		53.9664
1732		59.4647		81.275
1733		45.7462		101.536
1734		35.1186		128.599
1735		12.32		168.96
1736		-41.4518		212.145
1737		-133.395		231.182
1738		-247.562		194.83
1739		-344.909		86.2371
1740		-377.2		-81.8928
1741		-309.34		-264.876
1742		-139.383		-399.71
1743		94.4425		-429.846
1744		324.488		-329.929
1745		478.337		-118.637
1746		506.433		146.769
1747		400.206		391.825
1748		192.941		552.201
1749		-55.8541		594.653
1750		-284.044		523.118
1751		-446.935		369.464
1752		-525.524		175.971
1753		-521.898		-20.2937
1754		-447.89		-193.79
1755		-315.903		-326.922
1756		-138.025		-402.475
1757		67.0994		-400.379
1758		266.397		-303.783
1759		412.069		-112.506
1760		453.487		144.42
1761		358.231		406.962
1762		132.291		598.314
1763		-172.363		651.819
1764		-469.73		539.326
1765		-668.734		287.166
1766		-707.572		-29.39
1767		-578.16		-312.459
1768		-329.254		-477.845
1769		-46.6335		-485.466
1770		180.557		-350.832
1771		292.092		-133.666
1772		273.837		89.4896
1773		154.23		254.985
1774		-15.2172		330.836
1775		-183.7		318.301
1776		-317.247		239.524
1777		-401.396		121.067
1778		-433.176		-16.4433
1779		-411.074		-158.043
1780		-331.643		-286.85
1781		-195.638		-377.685
1782		-19.0179		-399.645
1783		160.528		-329.141
1784		289.365		-167.04
1785		316.787		50.9847
1786		219.174		259.777
1787		16.6944		386.688
1788		-228.087		381.629
1789		-431.805		240.843
1790		-523.596		11.7345
1791		-474.774		-225.116
1792		-310.419		-389.229
1793		-96.9951		-433.277
1794		88.0333		-360.235
1795		189.66		-216.919
1796		195.712		-68.1245
1797		135.093		34.8301
1798		56.5004		75.1508
1799		0.1409		71.4279
1800		-22.126		59.72
1801		-28.2321		68.2187
1802		-49.596		99.2345
1803		-107.569		128.388
1804		-196.773		120.732
1805		-285.036		53.8566
1806		-329.869		-65.7548
1807		-301.866		-202.712
1808		-201.576		-309.159
1809		-60.2642		-348.33
1810		75.7189		-311.961
1811		167.88		-222.005
1812		202.787		-116.215
1813		194.038		-26.4845
1814		168.578		37.1711
1815		146.164		87.6298
1816		124.883		146.348
1817		82.036		222.731
1818		-9.42194		300.332
1819		-158.268		339.464
1820		-339.951		296.421
1821		-499.297		149.612
1822		-571.641		-81.8857
1823		-512.623		-338.576
1824		-321.541		-541.188
1825		-45.8888		-622.449
1826		235.829		-554.689
1827		444.795		-359.985
1828		531.236		-98.5865
1829		488.809		157.579
1830		348.775		352.493
1831		159.401		461.476
1832		-36.8638		488.902
1833		-216.123		452.807
1834		-370.554		367.863
1835		-495.282		237.936
1836		-575.599		62.4196
1837		-585.047		-148.856
1838		-497.626		-363.571
1839		-307.835		-528.204
1840		-46.0888		-585.531
1841		221.886		-501.119
1842		414.936		-284.99
1843		468.127		4.42126
1844		361.25		278.521
1845		129.659		452.085
1846		-148.869		476.766
1847		-385.664		358.766
1848		-516.298		152.492
1849		-522.894		-66.0207
1850		-434.033		-232.345
1851		-304.184		-317.375
1852		-184.698		-331.159
1853		-101.68		-307.425
1854		-51.1242		-279.3
1855		-11.5314		-260.432
1856		35.4007		-241.442
1857		89.1887		-202.089
1858		129.355		-130.353
1859		128.808		-35.9439
1860		73.1675		50.523
1861		-26.1951		92.5983
1862		-133.861		68.5719
1863		-206.588		-14.6716
1864		-215.169		-123.03
1865		-159.55		-211.567
1866		-68.5021		-246.999
1867		16.1107		-223.76
1868		61.6593		-164.721
1869		61.0767		-106.321
1870		34.0416		-76.8112
1871		12.5743		-80.2271
1872		19.6185		-95.4127
1873		53.3203		-90.7326
1874		86.5711		-45.9277
1875		82.6579		31.8083
1876		18.4883		107.486
1877		-97.8534		134.933
1878		-225.766		81.9265
1879		-308.854		-49.6945
1880		-301.664		-220.236
1881		-192.735		-367.405
1882		-12.0113		-433.294
1883		181.168		-389.653
1884		323.251		-249.084
1885		372.058		-57.4423
1886		320.536		127.488
1887		193.399		259.372
1888		30.7208		317.138
1889		-130.998		304.029
1890		-269.741		235.485
1891		-376.339		125.483
1892		-444.147		-19.1842
1893		-459.432		-193.259
1894		-401.315		-380.804
1895		-253.628		-546.464
1896		-22.5728		-639.172
1897		251.227		-610.186
1898		496.353		-438.166
1899		632.234		-148.169
1900		601.016		187.362
1901		395.1		469.419
1902		66.2896		607.864
1903		-289.503		556.251
1904		-566.406		330.224
1905		-686.877		1.00986
1906		-627.438		-332.752
1907		-421.447		-581.683
1908		-139.686		-694.441
1909		140.238		-667.212
1910		360.567		-532.841
1911		494.963		-338.471
1912		543.021		-124.975
1913		515.17		81.6751
1914		419.624		265.451
1915		260.107		408.752
1916		44.978		485.15
1917		-199.914		464.076
1918		-425.699		326.825
1919		-569.738		85.0086
1920		-578.351		-210.844
1921		-432.832		-480.802
1922		-164.833		-642.103
1923		148.934		-641.903
1924		412.8		-480.709
1925		548.487		-214.372
1926		525.267		67.5467
1927		369.889		277.663
1928		151.8		364.516
1929		-48.9238		328.829
1930		-175.349		215.7
1931		-213.377		88.0244
1932		-189.227		-4.69827
1933		-148.067		-46.6221
1934		-126.359		-55.8731
1935		-132.824		-66.7859
1936		-147.363		-105.217
1937		-137.107		-171.062
1938		-79.5275		-237.385
1939		20.8542		-266.034
1940		131.617		-230.48
1941		207.873		-132.882
1942		215.405		-5.78745
1943		148.835		102.528
1944		35.0406		151.191
1945		-79.8511		126.004
1946		-152.747		44.8697
1947		-163.277		-52.9659
1948		-120.802		-127.528
1949		-55.8373		-157.259
1950		-1.44354		-146.698
1951		24.6885		-119.358
1952		27.6286		-100.752
1953		28.5106		-101.772
1954		48.2551		-112.081
1955		91.59		-107.243
1956		140.987		-65.3793
1957		164.466		16.3888
1958		133.328		115.495
1959		40.1118		191.841
1960		-93.3356		206.535
1961		-222.695		141.856
1962		-300.028		11.9156
1963		-295.343		-141.782
1964		-210.08		-267.915
1965		-75.8784		-327.328
1966		60.4303		-308.608
1967		157.728		-229.966
1968		196.868		-127.361
1969		184.647		-35.7925
1970		144.577		26.1897
1971		100.569		61.0138
1972		62.987		84.2158
1973		24.812		109.591
1974		-30.3136		136.473
1975		-113.159		146.869
1976		-216.023		114.559
1977		-309.866		21.5182
1978		-354.108		-127.271
1979		-314.924		-299.055
1980		-183.203		-442.113
1981		16.8653		-504.823
1982		233.202		-456.544
1983		403.234		-300.942
1984		475.796		-76.0022
1985		428.313		158.851
1986		272.772		342.525
1987		49.373		430.597
1988		-187.912		405.658
1989		-387.073		277.57
1990		-509.325		76.2291
1991		-533.68		-158.164
1992		-456.442		-383.051
1993		-289.075		-558.306
1994		-56.9888		-649.47
1995		200.923		-632.142
1996		434.644		-498.674
1997		590.321		-265.294
1998		623.157		24.7245
1999		512.779		306.264
2000		274.866		507.296
2001		-37.3771		570.168
2002		-345.041		471.777
2003		-566.167		234.198
2004		-641.62		-79.6882
2005		-554.374		-385.083
2006		-334.546		-602.087
2007		-48.1999		-680.388
2008		225.484		-612.689
2009		419.543		-432.578
2010		497.546		-199.085
2011		459.072		24.7728
2012		332.425		190.602
2013		159.832		274.121
2014		-17.4839		274.193
2015		-168.564		204.868
2016		-274.509		86.1614
2017		-325.197		-61.66
2018		-315.364		-218.886
2019		-243.663		-364.352
2020		-115.35		-474.418
2021		53.8276		-525.761
2022		236.358		-501.951
2023		396.917		-400.813
2024		501.206		-238.38
2025		526.305		-46.5531
2026		467.937		135.342
2027		341.341		271.755
2028		175.488		340.164
2029		3.62857		334.795
2030		-145.406		264.198
2031		-251.689		145.183
2032		-303.838		-2.96098
2033		-296.068		-160.957
2034		-226.261		-308.533
2035		-97.442		-422.464
2036		77.7826		-477.297
2037		273.134		-450.915
2038		449.187		-333.862
2039		560.995		-138.184
2040		571.596		99.5743
2041		466.413		324.676
2042		262.046		479.111
2043		4.59332		520.059
2044		-242.971		434.563
2045		-419.984		244.249
2046		-486.407		-1.92273
2047		-433.281		-243.747
2048		-281.977		-427.983
2049		-73.8854		-521.674
2050		144		-516.489
2051		331.3		-424.583
2052		460.323		-270.093
2053		515.996		-81.4017
2054		492.907		112.7
2055		393.485		283.313
2056		229.306		401.341
2057		24.2182		440.475
2058		-184.588		384.363
2059		-351.248		235.451
2060		-432.48		20.5054
2061		-402.139		-211.918
2062		-262.831		-403.417
2063		-48.4967		-503.721
2064		184.587		-487.69
2065		375.697		-363.998
2066		479.4		-171.476
2067		479.058		35.4148
2068		388.819		205.637
2069		244.236		307.031
2070		86.6866		332.255
2071		-50.8542		294.251
2072		-150.821		215.285
2073		-209.357		116.167
2074		-229.207		10.9823
2075		-212.908		-91.3016
2076		-160.911		-181.426
2077		-75.4145		-245.881
2078		33.4373		-268.416
2079		144.311		-237.189
2080		228.233		-153.576
2081		258.657		-36.8311
2082		223.46		79.5052
2083		132.348		159.144
2084		14.9641		177.551
2085		-90.3646		132.255
2086		-152.201		43.5009
2087		-158.342		-55.3853
2088		-118.83		-133.178
2089		-58.3538		-173.8
2090		-2.35324		-180.724
2091		35.5885		-170.933
2092		58.3694		-162.345
2093		79.8862		-162.113
2094		113.076		-162.569
2095		158.803		-147.122
2096		202.451		-102.579
2097		220.663		-30.5413
2098		194.776		49.211
2099		123.419		106.022
2100		26.8435		113.007
2101		-60.0821		61.3395
2102		-103.135		-33.6532
2103		-84.5024		-138.204
2104		-10.8582		-214.96
2105		90.4225		-239.37
2106		184.764		-209.224
2107		246.315		-142.699
2108		267.885		-66.5793
2109		260.005		-1.56378
2110		240.387		47.024
2111		220.434		88.1208
2112		197.033		134.486
2113		154.701		189.487
2114		77.1268		239.385
2115		-38.4565		256.424
2116		-172.599		211.952
2117		-286.376		93.0285
2118		-335.255		-86.2959
2119		-287.809		-285.359
2120		-140.361		-449.388
2121		79.3009		-528.55
2122		320.518		-494.981
2123		526.136		-350.808
2124		649.067		-125.101
2125		662.565		136.861
2126		562.164		385.781
2127		361.906		576.84
2128		89.7724		673.338
2129		-214.341		648.336
2130		-498.724		488.492
2131		-702.337		201.833
2132		-764.333		-173.484
2133		-641.68		-566.142
2134		-329.921		-881.017
2135		122.541		-1022.69
2136		616.385		-927.347
2137		1023.73		-591.023
2138		1226.03		-80.9061
2139		1154.29		478.033
2140		815.718		938.881
2141		294.922		1178.81
2142		-271.862		1137.93
2143		-739.892		836.216
2144		-999.826		362.856
2145		-1006.26		-156.089
2146		-782.272		-597.741
2147		-401.989		-874.654
2148		38.2126		-949.464
2149		446.85		-831.336
2150		753.792		-561.494
2151		914.698		-197.761
2152		908.729		195.251
2153		736.744		550.149
2154		423.725		800.181
2155		23.0609		887.964
2156		-384.284		781.049
2157		-702.222		489.058
2158		-844.386		72.5642
2159		-764.074		-365.134
2160		-476.448		-705.234
2161		-60.8422		-851.877
2162		361.414		-766.88
2163		667.219		-485.343
2164		774.476		-104.002
2165		669.74		254
2166		409.166		483.612
2167		92.968		533.141
2168		-174.778		416.277
2169		-323.248		197.738
2170		-333.794		-38.6558
2171		-235.166		-223.695
2172		-80.8999		-323.467
2173		77.7053		-340.324
2174		209.543		-297.941
2175		305.896		-221.658
2176		369.708		-125.916
2177		401.636		-14.6186
2178		393.211		108.418
2179		331.846		228.092
2180		214.173		315.232
2181		58.2549		336.276
2182		-94.8223		271.062
2183		-193.603		128.495
2184		-198.249		-50.0845
2185		-100.791		-203.904
2186		67.6054		-277.241
2187		247.424		-243.763
2188		375.387		-118.446
2189		411.22		49.3088
2190		353.55		198.194
2191		237.365		282.069
2192		114.832		288.281
2193		29.6728		238.705
2194		-1.80768		174.055
2195		6.03867		130.588
2196		21.1451		121.771
2197		14.7673		134.194
2198		-21.3259		138.847
2199		-70.7124		110.55
2200		-102.799		44.1867
2201		-91.3217		-41.2761
2202		-30.0496		-112.811
2203		63.1476		-141.235
2204		155.826		-116.59
2205		218.244		-52.3064
2206		238.236		23.8405
2207		225.154		86.3228
2208		200.841		125.971
2209		183.321		153.088
2210		173.3		187.558
2211		152.176		241.736
2212		93.6797		306.579
2213		-16.7947		350.189
2214		-166.18		331.326
2215		-311.095		221.971
2216		-392.012		27.3454
2217		-358.78		-207.796
2218		-195.633		-411.455
2219		66.6911		-510.907
2220		358.29		-461.86
2221		594.271		-267.133
2222		705.292		23.4232
2223		661.29		331.263
2224		478.959		577.068
2225		211.426		705.985
2226		-73.3579		700.42
2227		-314.952		577.432
2228		-474.352		375.204
2229		-536.139		137.184
2230		-502.004		-98.4116
2231		-382.504		-300.914
2232		-193.1		-444.177
2233		43.935		-504.12
2234		295.2		-461.618
2235		515.41		-311.013
2236		654.539		-69.6276
2237		672.326		218.571
2238		554.436		490.005
2239		322.194		678.722
2240		29.8836		737.659
2241		-250.819		654.879
2242		-453.462		457.441
2243		-537.169		201.107
2244		-496.47		-49.4156
2245		-357.522		-240.902
2246		-164.029		-344.323
2247		39.429		-355.995
2248		218.866		-289.406
2249		353.362		-164.258
2250		430.365		0.442352
2251		439.699		186.123
2252		372.307		369.423
2253		226.008		518.04
2254		15.1181		593.511
2255		-222.973		562.742
2256		-430.914		414.228
2257		-546.339		170.741
2258		-524.281		-109.704
2259		-357.646		-348.048
2260		-85.7619		-469.841
2261		214.578		-432.532
2262		453.5		-242.85
2263		558.75		43.5964
2264		500.485		340.891
2265		300.346		562.199
2266		21.8013		648.227
2267		-253.383		583.99
2268		-452.429		398.695
2269		-532.039		150.967
2270		-485.755		-92.823
2271		-338.245		-277.885
2272		-131.882		-371.723
2273		87.1702		-365.135
2274		278.191		-267.021
2275		409.405		-98.1251
2276		458.378		112.771
2277		412.978		330.199
2278		274.744		513.73
2279		63.1627		623.245
2280		-183.037		628.526
2281		-411.269		520.292
2282		-567.742		317.345
2283		-613.763		64.9373
2284		-539.1		-176.953
2285		-366.139		-351.859
2286		-142.252		-424.387
2287		76.775		-389.689
2288		245.169		-270.996
2289		339.463		-106.966
2290		359.884		64.6254
2291		321.593		218.87
2292		241.666		346.139
2293		129.528		445.117
2294		-13.7791		511.912
2295		-187.491		532.849
2296		-379.579		486.449
2297		-559.678		354.707
2298		-682.427		138.07
2299		-701.728		-134.407
2300		-590.268		-406.615
2301		-355.119		-610.059
2302		-41.2955		-686.443
2303		279.512		-608.695
2304		530.972		-391.268
2305		655.828		-85.3339
2306		631.672		238.606
2307		473.196		512.756
2308		221.867		689.419
2309		-70.4832		747.75
2310		-355.894		689.826
2311		-596.808		531.297
2312		-764.758		293.675
2313		-836.041		2.79084
2314		-790.703		-307.22
2315		-618.459		-589.794
2316		-329.704		-788.265
2317		35.0687		-848.038
2318		405.372		-735.965
2319		694.661		-458.686
2320		825.557		-70.0723
2321		757.229		338.543
2322		503.071		664.134
2323		129.916		824.809
2324		-262.396		786.676
2325		-573.572		573.696
2326		-734.599		256.614
2327		-726.204		-73.8582
2328		-577.794		-337.95
2329		-349.434		-489.215
2330		-106.508		-520.749
2331		101.307		-455.686
2332		248.859		-329.475
2333		331.398		-174.012
2334		353.437		-10.8219
2335		319.119		145.846
2336		230.189		281.206
2337		91.7874		374.977
2338		-79.2476		404.374
2339		-250.994		354.424
2340		-382.6		229.538
2341		-438.721		58.4558
2342		-405.336		-112.336
2343		-298.142		-235.275
2344		-157.887		-280.993
2345		-33.6898		-250.479
2346		38.0197		-173.435
2347		48.4895		-93.1387
2348		17.9062		-45.1921
2349		-17.7384		-40.9917
2350		-27.2624		-64.4226
2351		-1.45261		-83.3651
2352		42.3987		-69.7092
2353		71.0149		-16.9664
2354		55.0448		54.2177
2355		-12.4525		105.9
2356		-109.126		103.021
2357		-192.131		33.2974
2358		-218.389		-83.791
2359		-165.987		-203.862
2360		-45.8264		-277.054
2361		102.289		-270.274
2362		226.865		-181.345
2363		286.375		-38.6006
2364		264.781		112.84
2365		174.209		230.318
2366		45.2387		288.564
2367		-88.4102		283.848
2368		-201.949		227.555
2369		-282.651		135.273
2370		-324.589		19.2863
2371		-321.021		-110.83
2372		-261.809		-241.058
2373		-139.603		-345.947
2374		38.015		-389.431
2375		238.532		-336.762
2376		405.453		-173.644
2377		473.993		77.2929
2378		397.116		353.379
2379		170.52		567.488
2380		-156.394		638.472
2381		-491.302		524.282
2382		-729.344		242.775
2383		-791.352		-130.26
2384		-653.752		-486.354
2385		-357.214		-722.761
2386		9.42828		-777.938
2387		342.464		-649.637
2388		559.077		-389.501
2389		620.952		-78.7535
2390		537.888		202.608
2391		353.507		399.51
2392		122.845		490.2
2393		-106.461		479.848
2394		-302.054		386.999
2395		-443.961		232.438
2396		-517.377		36.2658
2397		-509.029		-177.778
2398		-411.228		-377.086
2399		-231.295		-521.223
2400		0.845322		-572.152
2401		234.312		-509.952
2402		410.71		-345.538
2403		484.815		-122.006
2404		442.809		98.4381
2405		308.413		257.248
2406		132.902		321.594
2407		-26.8024		294.972
2408		-131.398		211.182
2409		-172.424		115.059
2410		-169.336		40.2035
2411		-152.946		-4.66835
2412		-145.025		-34.0365
2413		-145.66		-70.4742
2414		-135.4		-125.524
2415		-90.6216		-188.163
2416		-2.87843		-228.117
2417		109.575		-212.698
2418		205.718		-127.911
2419		240.2		8.39608
2420		186.975		149.633
2421		55.4268		239.465
2422		-110.191		237.627
2423		-248.603		139.466
2424		-308.131		-20.9132
2425		-268.922		-185.627
2426		-149.963		-298.544
2427		2.04023		-328.578
2428		135.438		-279.534
2429		216.024		-182.721
2430		237.886		-77.6784
2431		218.43		7.76659
2432		182.135		67.3972
2433		143.461		112.062
2434		99.1677		154.829
2435		34.2764		195.819
2436		-62.3894		216.67
2437		-182.999		188.759
2438		-295.852		91.0461
2439		-355.157		-72.5416
2440		-321.438		-266.601
2441		-182.335		-433.495
2442		37.1507		-514.868
2443		280.734		-475.393
2444		480.74		-317.452
2445		582.506		-80.1263
2446		562.183		176.242
2447		430.802		391.808
2448		224.822		525.02
2449		-10.131		559.522
2450		-233.332		499.858
2451		-414.815		361.652
2452		-533.046		163.912
2453		-569.769		-71.8515
2454		-508.837		-316.796
2455		-342.476		-530.19
2456		-82.4836		-661.979
2457		230.961		-665.382
2458		530.765		-515.917
2459		738.07		-227.987
2460		787.212		140.543
2461		650.603		500.642
2462		352.26		758.317
2463		-36.8719		844.795
2464		-420.666		738.445
2465		-707.871		469.751
2466		-838.394		108.314
2467		-796.212		-261.39
2468		-606.107		-564.755
2469		-318.753		-753.007
2470		7.14456		-806.844
2471		317.831		-730.69
2472		569.572		-544.236
2473		728.313		-277.093
2474		769.309		31.9106
2475		680.816		334.087
2476		471.46		574.193
2477		176.372		700.879
2478		-144.256		682.39
2479		-417.661		520.811
2480		-579.576		256.78
2481		-595.86		-40.0477
2482		-474.88		-292.824
2483		-264.173		-443.224
2484		-32.0272		-470.056
2485		158.19		-392.651
2486		269.613		-258.022
2487		300.186		-118.394
2488		275.169		-10.0233
2489		229.088		57.158
2490		187.066		95.5615
2491		154.872		125.638
2492		121.593		160.158
2493		71.7608		195.825
2494		-1.08183		216.121
2495		-87.4798		202.641
2496		-165.463		147.55
2497		-211.649		59.6346
2498		-213.099		-39.3257
2499		-172.88		-125.255
2500		-106.45		-182.815
2501		-31.6501		-210.149
2502		41.0227		-214.866
2503		111.541		-204.416
2504		184.861		-177.693
2505		260.523		-124.075
2506		324.625		-31.5316
2507		350.643		100.557
2508		310.562		251.938
2509		191.382		382.496
2510		8.02589		445.505
2511		-195.549		407.953
2512		-359.615		268.082
2513		-431.411		60.766
2514		-387.074		-153.151
2515		-242.266		-309.504
2516		-46.2025		-365.332
2517		138.199		-314.12
2518		258.711		-185.224
2519		291.577		-28.7176
2520		245.359		106.216
2521		150.886		188.792
2522		44.0969		212.635
2523		-48.6746		189.594
2524		-116.064		137.16
2525		-156.954		67.9752
2526		-171.015		-12.4728
2527		-152.322		-99.7632
2528		-91.3754		-181.646
2529		15.0875		-234.103
2530		152.814		-227.349
2531		285.738		-140.544
2532		364.027		22.1232
2533		343.126		223.597
2534		205.755		400.875
2535		-24.1239		486.066
2536		-283.561		433.463
2537		-490.021		240.666
2538		-570.703		-46.2156
2539		-489.611		-346.345
2540		-261.076		-571.463
2541		55.4689		-655.44
2542		376.389		-574.404
2543		621.014		-350.632
2544		734.172		-40.9878
2545		696.831		283.156
2546		523.94		555.419
2547		254.168		726.869
2548		-61.7538		770.101
2549		-369.408		678.194
2550		-615.392		463.162
2551		-751.457		156.354
2552		-741.647		-190.714
2553		-573.07		-509.476
2554		-266.607		-725.268
2555		118.99		-776.136
2556		495.221		-634.188
2557		765.056		-320.698
2558		851.664		93.1684
2559		724.398		503.083
2560		411.449		801.438
2561		-6.74117		910.086
2562		-421.579		803.869
2563		-729.151		516.468
2564		-859.795		127.192
2565		-794.444		-265.171
2566		-563.749		-571.103
2567		-233.028		-731.784
2568		119.25		-727.844
2569		421.135		-575.976
2570		619.805		-318.296
2571		686.497		-10.2775
2572		616.491		289.094
2573		427.463		524.667
2574		157.572		651.903
2575		-138.075		644.709
2576		-395.175		503.486
2577		-553.446		259.848
2578		-573.173		-26.3891
2579		-449.55		-280.225
2580		-218.193		-432.36
2581		52.5028		-441.402
2582		281.363		-308.798
2583		400.461		-79.8161
2584		377.614		170.886
2585		226.643		364.271
2586		1.39039		443.198
2587		-223.982		390.173
2588		-380.588		230.425
2589		-426.588		20.191
2590		-357.736		-174.186
2591		-204.335		-297.916
2592		-17.6524		-322.624
2593		147.805		-250.646
2594		249.591		-109.586
2595		266.092		58.8356
2596		198.13		210.815
2597		65.361		310.028
2598		-99.8222		333.642
2599		-259.017		275.362
2600		-374.701		146.344
2601		-417.44		-26.0179
2602		-373.04		-202.313
2603		-247.952		-339.084
2604		-70.356		-399.841
2605		115.134		-366.374
2606		259.079		-246.225
2607		322.164		-72.6002
2608		288.375		104.548
2609		171.16		233.996
2610		9.60128		280.001
2611		-144.495		234.079
2612		-244.017		117.282
2613		-262.001		-27.8729
2614		-199.507		-152.591
2615		-83.4421		-218.266
2616		44.1831		-208.261
2617		141.002		-131.341
2618		177.563		-16.559
2619		144.962		97.5143
2620		55.3857		174.906
2621		-63.2583		191.859
2622		-175.867		141.905
2623		-249.061		36.2824
2624		-258.668		-99.2357
2625		-195.026		-229.827
2626		-65.8878		-318.63
2627		103.464		-334.746
2628		273.607		-261.414
2629		398.43		-102.693
2630		436.131		113.754
2631		361.544		339.941
2632		176.143		517.612
2633		-88.2377		593.297
2634		-374.44		534.261
2635		-613.413		340.08
2636		-742.518		45.5399
2637		-723.104		-286.772
2638		-551.716		-582.211
2639		-261.408		-773.307
2640		86.9349		-816.604
2641		420.132		-702.335
2642		670.108		-454.971
2643		788.335		-125.681
2644		754.275		220.08
2645		577.184		516.111
2646		292.467		707.302
2647		-45.5046		758.388
2648		-372.599		659.383
2649		-625.333		427.748
2650		-751.962		106.893
2651		-723.179		-239.784
2652		-540.349		-539.767
2653		-238.442		-726.31
2654		118.674		-754.482
2655		451.136		-613.977
2656		681.853		-334.195
2657		756.294		21.1174
2658		657.287		369.131
2659		409.938		629.107
2660		74.8273		743.207
2661		-268.488		690.635
2662		-542.457		491.112
2663		-690.585		197.275
2664		-689.274		-120.802
2665		-550.029		-393.718
2666		-312.901		-568.248
2667		-34.4326		-616.767
2668		225.872		-539.674
2669		417.311		-361.988
2670		506.324		-126.24
2671		481.072		116.397
2672		352.552		315.516
2673		152.358		430.691
2674		-73.0722		439.601
2675		-271.696		343.522
2676		-397.537		168.261
2677		-422.339		-40.9479
2678		-343.72		-230.4
2679		-186.621		-352.35
2680		3.3699		-378.629
2681		173.381		-308.765
2682		279.149		-169.478
2683		298.015		-5.41549
2684		234.449		135.631
2685		116.349		217.693
2686		-16.0845		226.439
2687		-124.34		170.749
2688		-183.111		76.3834
2689		-185.519		-24.8981
2690		-141.204		-106.011
2691		-69.4315		-151.127
2692		8.95792		-156.679
2693		77.2917		-128.015
2694		124.939		-74.6221
2695		146.095		-6.69456
2696		137.737		65.7065
2697		98.924		131.707
2698		32.1714		178.917
2699		-54.233		194.786
2700		-145.149		170.33
2701		-220.573		104.709
2702		-260.865		8.05173
2703		-253.408		-99.576
2704		-197.732		-193.434
2705		-106.524		-251.792
2706		-1.75108		-262.858
2707		92.575		-227.998
2708		157.889		-160.005
2709		185.707		-77.5207
2710		177.838		1.61901
2711		142.849		65.0819
2712		91.1821		107.151
2713		31.6441		126.694
2714		-29.2562		124.082
2715		-85.5872		99.4635
2716		-129.914		53.5806
2717		-153.065		-9.58116
2718		-146.692		-80.4904
2719		-107.581		-144.375
2720		-41.2152		-184.983
2721		37.9504		-190.522
2722		110.476		-158.89
2723		158.819		-99.2713
2724		173.959		-28.8221
2725		158.41		34.3081
2726		123.96		78.3024
2727		85.1632		101.684
2728		51.8904		111.934
2729		24.8729		119.461
2730		-3.35144		130.18
2731		-42.5202		140.797
2732		-96.9231		139.579
2733		-160.143		112.469
2734		-215.38		51.544
2735		-241.621		-38.6208
2736		-222.866		-140.145
2737		-155.944		-227.348
2738		-53.0929		-276.133
2739		61.9226		-272.903
2740		162.245		-219.007
2741		226.876		-129.043
2742		246.191		-24.4194
2743		222.126		74.2668
2744		164.049		152.354
2745		83.4254		201.937
2746		-9.45737		219.277
2747		-105.205		201.676
2748		-192.599		146.757
2749		-256.414		55.2508
2750		-278.697		-64.2601
2751		-244.404		-192.101
2752		-149.373		-299.06
2753		-6.54831		-353.815
2754		153.602		-334.053
2755		290.194		-236.625
2756		364.697		-81.7678
2757		354.486		91.3115
2758		261.512		236.455
2759		112.25		315.647
2760		-51.1935		311.226
2761		-185.161		230.502
2762		-258.068		101.461
2763		-258.493		-38.0194
2764		-195.486		-152.616
2765		-92.2918		-218.859
2766		22.8015		-228.6
2767		124.43		-187
2768		194.473		-107.616
2769		222.706		-7.6627
2770		205.637		94.7593
2771		145.662		181.673
2772		51.4957		236.105
2773		-60.9883		244.42
2774		-169.417		200.332
2775		-248.648		108.975
2776		-277.426		-11.5443
2777		-245.768		-133.09
2778		-159.813		-224.938
2779		-41.4305		-263.344
2780		77.9253		-239.479
2781		167.06		-162.373
2782		204.731		-55.577
2783		185.43		50.9836
2784		119.331		130.518
2785		27.1178		166.483
2786		-67.5064		155.059
2787		-144.298		103.107
2788		-189.789		23.7339
2789		-197.35		-67.8521
2790		-165.664		-156.519
2791		-97.6774		-227.535
2792		-1.10399		-266.63
2793		110.175		-261.567
2794		215.751		-205.795
2795		291.279		-102.915
2796		314.421		30.6007
2797		272.498		166.854
2798		168.649		272.871
2799		23.3614		320.191
2800		-130.049		294.163
2801		-254.796		199.184
2802		-321.43		57.6516
2803		-316.022		-96.9629
2804		-242.875		-230.062
2805		-121.365		-315.053
2806		21.077		-338.599
2807		156.614		-301.014
2808		262.493		-213.07
2809		323.326		-91.6427
2810		330.982		43.6446
2811		283.917		172.12
2812		187.353		272.985
2813		54.3506		327.071
2814		-93.6528		320.384
2815		-228.68		248.852
2816		-321.422		122.189
2817		-348.93		-35.6517
2818		-302.16		-190.864
2819		-190.14		-308.374
2820		-38.5273		-361.842
2821		117.419		-341.35
2822		243.036		-255.811
2823		313.862		-129.27
2824		321.227		7.24439
2825		272.255		124.948
2826		185.098		204.236
2827		82.0131		237.343
2828		-16.7714		226.872
2829		-96.4753		182.017
2830		-148.31		114.769
2831		-168.402		37.6029
2832		-156.739		-37.2934
2833		-117.053		-98.2815
2834		-57.3426		-135.266
2835		10.1739		-141.832
2836		70.8028		-117.737
2837		110.964		-70.2096
2838		122.459		-12.7176
2839		105.466		38.943
2840		68.5741		71.9012
2841		25.5035		80.5582
2842		-10.2226		68.004
2843		-30.2804		43.8142
2844		-33.9517		19.2987
2845		-26.9439		2.5236
2846		-17.436		-4.51352
2847		-11.5234		-5.35117
2848		-10.4432		-5.75449
2849		-10.8963		-9.63774
2850		-8.05332		-16.5452
2851		0.639366		-22.0634
2852		13.1325		-20.8517
2853		23.3442		-10.4875
2854		24.3937		6.15234
2855		12.746		21.4673
2856		-9.05273		26.5405
2857		-32.666		15.6796
2858		-47.3183		-10.27
2859		-44.6228		-43.6194
2860		-22.5117		-72.7888
2861		13.661		-87.1202
2862		53.3469		-81.2397
2863		85.2116		-56.9376
2864		101.562		-21.8303
2865		100.741		14.3257
2866		86.5875		43.719
2867		65.5644		62.9872
2868		43.2745		73.1413
2869		22.2198		77.3241
2870		1.81524		77.9108
2871		-19.6273		74.6691
2872		-42.3019		64.9799
2873		-63.3113		45.9034
2874		-77.0621		16.8456
2875		-77.5119		-18.7277
2876		-61.1191		-53.5516
2877		-28.9881		-78.7588
2878		12.8599		-86.9974
2879		55.1959		-75.0363
2880		88.4367		-44.769
2881		105.362		-2.36925
2882		102.656		43.7766
2883		80.9648		85.2979
2884		43.9007		115.344
2885		-3.15135		129.1
2886		-53.7828		123.688
2887		-100.762		98.1524
2888		-136.155		53.9437
2889		-152.049		-4.19185
2890		-142.216		-67.6299
2891		-104.437		-124.424
2892		-42.5309		-161.456
2893		33.029		-167.868
2894		106.653		-138.684
2895		161.218		-77.2357
2896		182.68		4.75214
2897		164.173		89.6706
2898		108.175		158.429
2899		26.0071		195.331
2900		-65.0729		191.883
2901		-146.147		148.495
2902		-200.904		73.8407
2903		-218.778		-17.5596
2904		-196.457		-108.572
2905		-137.859		-182.61
2906		-53.0682		-226.208
2907		43.3332		-230.926
2908		134.31		-194.68
2909		202.851		-122.511
2910		234.879		-26.4988
2911		222.343		75.5973
2912		165.752		163.265
2913		75.2217		217.512
2914		-30.7991		225.577
2915		-129.277		184.713
2916		-198.096		103.632
2917		-221.801		0.856388
2918		-195.784		-99.8228
2919		-127.516		-175.491
2920		-34.3835		-209.997
2921		61.1477		-197.775
2922		137.459		-144.567
2923		178.954		-65.0949
2924		179.108		21.2837
2925		140.881		95.419
2926		74.9307		142.353
2927		-3.40481		153.7
2928		-77.3561		128.399
2929		-131.577		72.2774
2930		-154.472		-3.11213
2931		-140.096		-82.177
2932		-89.6344		-147.615
2933		-12.1016		-183.525
2934		76.3882		-179.081
2935		155.297		-131.967
2936		204.242		-50.3485
2937		208.527		47.804
2938		163.972		138.475
2939		79.2085		197.79
2940		-25.7312		208.845
2941		-124.454		166.946
2942		-191.431		81.3599
2943		-209.089		-27.084
2944		-172.479		-131.752
2945		-90.1553		-207.362
2946		18.6942		-236.243
2947		129.557		-211.973
2948		218.478		-139.828
2949		266.867		-34.6205
2950		264.449		82.8649
2951		210.417		189.731
2952		113.307		264.55
2953		-9.98537		290.68
2954		-136.179		259.444
2955		-238.965		172.917
2956		-294.005		45.3888
2957		-284.991		-97.72
2958		-209.179		-224.34
2959		-80.2314		-303.297
2960		73.448		-313.062
2961		215.277		-248.824
2962		310.414		-125.054
2963		335.883		27.888
2964		287.325		172.359
2965		179.863		274.396
2966		42.7882		313.194
2967		-89.8492		285.856
2968		-189.186		206.103
2969		-238.515		98.0804
2970		-235.334		-11.8544
2971		-188.742		-102.116
2972		-114.258		-159.513
2973		-28.744		-179.291
2974		52.7247		-163.019
2975		117.767		-116.349
2976		156.532		-47.9853
2977		162.045		30.219
2978		131.877		103.321
2979		70.5385		155.005
2980		-9.14302		171.49
2981		-87.4876		146.573
2982		-142.876		85.4648
2983		-158.852		5.0386
2984		-130.598		-70.5894
2985		-67.7354		-118.02
2986		8.31591		-123.072
2987		71.7755		-86.2079
2988		101.897		-22.4226
2989		90.4397		44.5162
2990		44.1493		91.0811
2991		-18.6265		102.467
2992		-75.4682		77.1356
2993		-108.185		25.924
2994		-108.475		-33.3075
2995		-79.0794		-82.7177
2996		-30.7739		-110.121
2997		22.681		-111.297
2998		69.0821		-88.9547
2999		100.138		-49.8849
3000		111.555		-2.27205
3001		102.052		45.6282
3002		72.7732		85.5979
3003		27.757		109.511
3004		-25.1294		110.51
3005		-74.1971		85.5074
3006		-106.057		37.9
3007		-109.808		-21.352
3008		-81.7365		-75.7336
3009		-28.1619		-108.23
3010		35.472		-107.639
3011		89.4994		-73.3297
3012		117.144		-16.0387
3013		110.778		45.9711
3014		74.4972		93.8464
3015		21.8572		115.104
3016		-30.0747		107.529
3017		-67.4621		78.4764
3018		-84.13		40.3286
3019		-81.938		4.69426
3020		-67.5545		-21.7
3021		-47.9112		-37.6697
3022		-27.0652		-45.1295
3023		-6.05964		-45.6482
3024		14.6319		-38.5225
3025		32.1943		-21.7538
3026		40.5504		4.71524
3027		32.6598		35.8223
3028		5.1326		60.8704
3029		-37.5064		66.915
3030		-81.864		44.9656
3031		-109.511		-4.0407
3032		-104.527		-66.9559
3033		-61.4259		-121.774
3034		10.5245		-145.816
3035		89.1747		-125.353
3036		147.281		-62.2469
3037		163.037		25.631
3038		128.757		110.662
3039		53.8864		165.743
3040		-38.8218		174.107
3041		-122.051		134.585
3042		-173.553		60.5155
3043		-182.622		-26.5276
3044		-151.267		-104.814
3045		-90.6597		-158.681
3046		-15.5396		-180.764
3047		60.3278		-170.53
3048		125.855		-131.282
3049		171.866		-68.1564
3050		189.851		11.6174
3051		172.432		96.9566
3052		116.292		171.872
3053		26.3189		217.299
3054		-81.7715		216.383
3055		-182.898		161.513
3056		-248.907		59.7963
3057		-257.894		-66.2538
3058		-202.798		-184.137
3059		-95.3616		-261.394
3060		36.6682		-276.43
3061		158.3		-225.751
3062		238.579		-124.702
3063		259.945		-1.62795
3064		222.243		111.872
3065		140.49		190.513
3066		38.1735		221.255
3067		-60.5893		204.156
3068		-136.929		149.172
3069		-179.674		71.354
3070		-184.922		-13.1333
3071		-154.524		-89.1009
3072		-95.113		-143.105
3073		-18.0895		-164.352
3074		60.4496		-146.804
3075		121.423		-92.1856
3076		146.994		-12.2081
3077		126.54		72.1149
3078		61.9997		135.194
3079		-30.275		154.783
3080		-122.933		120.3
3081		-185.84		37.9793
3082		-196.303		-69.7571
3083		-147.3		-170.986
3084		-50.3544		-234.684
3085		68.1357		-240.873
3086		175.588		-186.695
3087		243.459		-86.4107
3088		255.193		34.077
3089		209.467		145.543
3090		118.475		223.285
3091		2.98971		252.074
3092		-113.322		227.568
3093		-208.407		155.136
3094		-264.601		47.7172
3095		-270.294		-76.1791
3096		-221.457		-194.307
3097		-123.346		-283.177
3098		8.38853		-322.003
3099		148.638		-297.897
3100		266.957		-210.836
3101		334.665		-76.1153
3102		333.061		77.5642
3103		259.817		214.684
3104		130.859		302.466
3105		-23.4377		320.207
3106		-166.647		265.073
3107		-266.401		152.33
3108		-302.722		10.1793
3109		-272.003		-128.649
3110		-185.918		-235.45
3111		-66.5196		-291.574
3112		60.1852		-290.759
3113		169.966		-238.169
3114		244.223		-147.562
3115		271.997		-37.9882
3116		250.806		69.3052
3117		186.888		153.883
3118		94.7105		199.457
3119		-4.92671		197.457
3120		-88.7972		149.942
3121		-136.887		70.3555
3122		-138.308		-19.0667
3123		-95.2381		-93.2209
3124		-22.9087		-131.798
3125		54.9723		-125.936
3126		114.047		-81.1404
3127		137.51		-15.0894
3128		121.486		48.9538
3129		75.4734		90.5082
3130		17.873		98.6732
3131		-31.3272		74.785
3132		-57.5541		30.2767
3133		-55.6022		-18.8081
3134		-29.4421		-57.9273
3135		11.2293		-78.1794
3136		55.4906		-77.2191
3137		94.4934		-57.4786
3138		122.42		-23.4618
3139		135.539		20.028
3140		130.896		67.8834
3141		106.202		113.502
3142		61.4401		147.987
3143		1.29949		161.196
3144		-63.3961		145.001
3145		-116.922		97.539
3146		-142.927		26.2527
3147		-130.423		-52.3304
3148		-78.9236		-116.793
3149		-0.188087		-147.781
3150		84.6679		-135.012
3151		151.896		-81.3554
3152		183.097		-2.13835
3153		171.268		80.136
3154		122.545		143.505
3155		53.1597		173.586
3156		-16.87		167.283
3157		-70.5586		132.101
3158		-98.6413		81.9152
3159		-100.715		31.3911
3160		-83.1156		-8.57038
3161		-55.1153		-32.8888
3162		-25.3601		-41.7766
3163		0.153999		-38.692
3164		18.3737		-28.1939
3165		28.4783		-14.6451
3166		31.1461		-1.84554
3167		28.3434		7.01287
3168		23.4411		9.75974
3169		20.97		6.20445
3170		25.4318		-0.901031
3171		39.2446		-5.8222
3172		60.7024		-1.38976
3173		83.2033		18.0446
3174		96.6573		53.3691
3175		90.9787		98.8012
3176		60.43		142.56
3177		6.93414		170.292
3178		-59.2891		170.096
3179		-122.309		137.14
3180		-165.411		75.9164
3181		-176.434		-0.823322
3182		-151.416		-75.9661
3183		-95.2851		-133.097
3184		-19.6847		-160.712
3185		60.7792		-154.196
3186		132.118		-115.398
3187		183.111		-50.7601
3188		205.826		30.5871
3189		195.346		117.797
3190		149.863		198.379
3191		71.8226		258.328
3192		-30.2756		283.532
3193		-140.778		263.011
3194		-238.03		193.307
3195		-298.574		82.2014
3196		-303.685		-50.3785
3197		-246.128		-175.625
3198		-134.36		-262.974
3199		7.93093		-289.009
3200		147.409		-245.01
3201		250.206		-140.318
3202		291.531		-0.105232
3203		262.493		141.697
3204		171.971		251.849
3205		43.2478		306.453
3206		-93.0263		296.187
3207		-206.937		227.046
3208		-275.995		117.166
3209		-288.939		-8.57828
3210		-246.476		-124.322
3211		-159.739		-207.981
3212		-47.4581		-244.615
3213		67.4585		-228.492
3214		161.755		-164.038
3215		216.022		-65.4872
3216		218.907		45.2239
3217		170.412		142.654
3218		82.9587		203.75
3219		-20.8085		214.077
3220		-113.551		172.381
3221		-170.784		91.5918
3222		-178.084		-4.53079
3223		-135.415		-88.3147
3224		-56.9546		-136.403
3225		33.5487		-136.466
3226		110.157		-90.1708
3227		152.197		-11.6677
3228		149.344		77.4053
3229		103.074		154.278
3230		24.8004		200.54
3231		-67.9023		205.408
3232		-155.31		166.678
3233		-218.793		90.1797
3234		-243.239		-11.2944
3235		-219.225		-119.22
3236		-145.4		-211.187
3237		-30.716		-264.174
3238		104.734		-259.597
3239		231.791		-189.314
3240		317.993		-60.5218
3241		336.203		102.913
3242		273.598		264.382
3243		137.61		383.473
3244		-43.9511		427.492
3245		-229.424		381.658
3246		-374.693		254.199
3247		-445.659		74.3277
3248		-427.496		-116.251
3249		-327.649		-275.202
3250		-172.039		-370.604
3251		3.51138		-387.663
3252		163.122		-329.631
3253		278.613		-213.881
3254		333.354		-65.6473
3255		322.428		87.8424
3256		250.77		221.285
3257		131.138		313.349
3258		-17.1495		348.077
3259		-169.227		316.884
3260		-296.799		221.356
3261		-372.497		75.6636
3262		-376.292		-93.4188
3263		-302.152		-250.452
3264		-162.167		-359.236
3265		14.2918		-392.673
3266		187.089		-341.235
3267		315.938		-216.723
3268		371.679		-49.5555
3269		344.352		119.74
3270		245.326		251.968
3271		102.995		319.773
3272		-46.125		313.901
3273		-167.646		243.714
3274		-237.649		132.578
3275		-247.015		10.3233
3276		-201.384		-94.5893
3277		-117.736		-161.145
3278		-19.2254		-179.171
3279		70.2935		-150.088
3280		131.142		-85.5274
3281		151.621		-4.31024
3282		130.347		71.8545
3283		76.5872		123.496
3284		8.09605		138.443
3285		-53.5894		115.454
3286		-89.4834		64.9659
3287		-89.2812		6.15791
3288		-55.0469		-39.1884
3289		-0.79147		-54.1461
3290		52.2755		-32.7054
3291		83.2703		17.9744
3292		79.1337		80.1303
3293		39.2089		131.848
3294		-24.8257		154.866
3295		-93.4627		140.704
3296		-146.323		92.906
3297		-168.748		24.9373
3298		-155.658		-44.9584
3299		-111.756		-99.6003
3300		-48.7524		-127.241
3301		18.6789		-123.381
3302		76.4901		-90.2871
3303		113.516		-35.3354
3304		122.535		30.695
3305		100.892		94.9621
3306		51.2404		143.912
3307		-17.7546		165.336
3308		-91.6467		151.379
3309		-152.361		101.796
3310		-182.526		25.9604
3311		-170.996		-57.9427
3312		-117.537		-127.15
3313		-34.4588		-161.069
3314		56.0579		-148.247
3315		128.44		-90.8089
3316		161.845		-4.41452
3317		146.914		86.4647
3318		88.6749		156.251
3319		4.63211		186.12
3320		-80.9823		169.277
3321		-144.517		112.158
3322		-169.253		31.7289
3323		-149.092		-49.6366
3324		-89.211		-109.798
3325		-4.31624		-131.612
3326		84.4861		-106.262
3327		153.548		-35.2517
3328		181.104		68.8798
3329		152.244		183.453
3330		63.8848		278.912
3331		-71.6318		324.933
3332		-226.278		298.761
3333		-360.956		193.712
3334		-435.013		24.6811
3335		-418.512		-172.283
3336		-303.326		-347.619
3337		-108.735		-451.674
3338		121.346		-449.894
3339		329.454		-334.581
3340		460.775		-128.818
3341		479.113		119.116
3342		377.3		349.093
3343		178.768		505.75
3344		-69.7504		552.921
3345		-311.406		481.666
3346		-493.68		310.304
3347		-579.869		77.7093
3348		-555.159		-167.018
3349		-427.168		-375.157
3350		-222.417		-506.963
3351		19.3556		-537.505
3352		251.788		-460.073
3353		429.05		-287.579
3354		513.585		-51.742
3355		484.026		200.795
3356		341.734		416.207
3357		113.575		544.719
3358		-151.297		553.228
3359		-391.396		435.681
3360		-547.924		217.341
3361		-580.85		-49.548
3362		-480.992		-298.431
3363		-273.813		-466.175
3364		-13.2156		-510.546
3365		233.064		-421.932
3366		402.021		-225.677
3367		452.222		25.5482
3368		374.015		266.675
3369		190.547		437.75
3370		-49.9849		498.91
3371		-287.922		439.01
3372		-467.41		276.324
3373		-549.311		52.0903
3374		-518.989		-180.664
3375		-387.864		-369.889
3376		-189.148		-475.94
3377		30.6994		-479.457
3378		222.727		-384.488
3379		346.209		-216.556
3380		377.213		-16.2553
3381		313.313		170.202
3382		173.472		301.506
3383		-6.9273		350.471
3384		-184.758		309.815
3385		-319.464		193.101
3386		-382.437		30.6435
3387		-363.126		-138.488
3388		-270.422		-276.196
3389		-129.195		-354.242
3390		26.8109		-360.051
3391		163.643		-298.205
3392		254.996		-187.619
3393		287.358		-55.5647
3394		261.453		69.5805
3395		190.071		164.876
3396		93.3493		217.098
3397		-6.95911		224.006
3398		-92.578		192.745
3399		-151.971		136.301
3400		-181.249		69.2928
3401		-182.967		4.38874
3402		-163.623		-49.8013
3403		-130.924		-89.1224
3404		-91.7173		-112.933
3405		-51.0383		-122.571
3406		-12.1914		-119.981
3407		22.6017		-106.967
3408		51.5454		-85.1037
3409		72.9521		-55.9964
3410		85.2743		-21.5308
3411		87.2501		16.0876
3412		77.9271		54.4029
3413		56.5561		90.6328
3414		22.6286		121.301
3415		-23.5802		141.776
3416		-79.8547		146.24
3417		-140.661		128.676
3418		-196.416		85.0589
3419		-234.352		16.2164
3420		-241.431		-69.8697
3421		-208.792		-157.777
3422		-136.224		-227.297
3423		-34.6672		-258.796
3424		74.8259		-239.713
3425		165.993		-169.786
3426		214.821		-62.7654
3427		207.042		56.4516
3428		142.907		158.552
3429		37.4475		218.13
3430		-83.8429		220.715
3431		-192.232		166.191
3432		-263.263		67.8292
3433		-282.165		-52.1712
3434		-245.916		-168.613
3435		-162.243		-258.663
3436		-46.8096		-305.426
3437		79.988		-299.699
3438		195.876		-240.622
3439		279.348		-135.94
3440		312.673		-1.90303
3441		285.551		137.927
3442		198.754		255.896
3443		66.2348		325.792
3444		-85.9378		329.696
3445		-224.629		263.983
3446		-317.814		141.995
3447		-343.491		-8.2412
3448		-296.219		-151.01
3449		-188.88		-252.519
3450		-48.9932		-289.909
3451		89.0233		-256.746
3452		192.871		-163.569
3453		239.808		-33.9789
3454		220.725		101.791
3455		140.646		213.596
3456		16.6639		276.864
3457		-125.464		276.452
3458		-255.378		209.231
3459		-342.918		85.6077
3460		-363.981		-70.506
3461		-306.996		-224.461
3462		-178.381		-337.331
3463		-4.40935		-375.666
3464		172.723		-322.207
3465		305.037		-183.693
3466		352.766		7.99792
3467		297.597		203.124
3468		149.986		348.256
3469		-52.8144		402.685
3470		-257.835		351.064
3471		-412.672		207.541
3472		-480.896		10.0055
3473		-451.045		-192.872
3474		-336.576		-356.416
3475		-168.1		-450.937
3476		17.7697		-465.696
3477		188.01		-406.185
3478		318.055		-287.96
3479		391.956		-131.068
3480		400.429		42.4555
3481		340.037		208.35
3482		215.158		339.809
3483		41.5856		410.012
3484		-151.479		398.58
3485		-324.389		300.016
3486		-436.02		129.91
3487		-456.367		-75.3109
3488		-377.709		-266.771
3489		-219.065		-397.457
3490		-21.2059		-437.029
3491		166.299		-381.004
3492		300.816		-250.509
3493		358.718		-83.0237
3494		339.224		81.4116
3495		259.488		212.352
3496		144.477		294.665
3497		17.2129		326.725
3498		-106.131		313.928
3499		-215.133		262.393
3500		-300.587		176.827
3501		-350.998		63.3291
3502		-353.616		-65.6136
3503		-300.307		-188.444
3504		-195.018		-277.564
3505		-57.9004		-308.056
3506		77.6155		-268.384
3507		174.87		-167.496
3508		207.19		-33.9962
3509		168.182		93.1638
3510		74.0537		178.683
3511		-43.2949		203.31
3512		-149.138		169.052
3513		-218.622		95.2572
3514		-243.536		8.15314
3515		-230.73		-70.4546
3516		-194.239		-129.74
3517		-146.257		-169.128
3518		-92.2321		-192.052
3519		-32.41		-198.993
3520		31.9617		-184.737
3521		92.5503		-141.898
3522		132.79		-68.6319
3523		133.552		24.5031
3524		83.2485		113.577
3525		-13.0831		168.211
3526		-131.285		163.922
3527		-234.624		94.0534
3528		-287.166		-24.8611
3529		-268.09		-157.484
3530		-180.312		-262.226
3531		-49.5137		-306.422
3532		85.7231		-277.426
3533		187.851		-185.222
3534		232.09		-56.4105
3535		211.481		76.5292
3536		134.645		185.268
3537		19.2793		250.943
3538		-114.147		264.187
3539		-245.417		222.473
3540		-354.347		128.398
3541		-420.102		-9.05261
3542		-423.31		-171.337
3543		-352.229		-328.822
3544		-210.731		-444.5
3545		-23.4233		-483.886
3546		166.648		-428.094
3547		309.075		-284.162
3548		362.695		-86.8204
3549		310.972		110.692
3550		169.085		253.964
3551		-20.9523		305.934
3552		-205.377		258.7
3553		-337.419		133.742
3554		-391.622		-28.8843
3555		-368.122		-186.757
3556		-286.415		-309.034
3557		-173.2		-382.384
3558		-51.1866		-407.879
3559		65.7821		-392.657
3560		170.296		-342.436
3561		255.122		-259.55
3562		308.705		-147.063
3563		316.464		-15.2629
3564		267.842		114.964
3565		164.854		215.617
3566		26.313		261.347
3567		-116.097		240.667
3568		-229.081		162.153
3569		-290.957		51.4707
3570		-299.813		-60.0241
3571		-271.843		-149.423
3572		-230.419		-211.536
3573		-191.719		-258.004
3574		-155.024		-306.438
3575		-103.563		-365.525
3576		-16.1429		-424.664
3577		116.385		-454.757
3578		278.92		-420.924
3579		431.609		-301.387
3580		522.701		-102.984
3581		509.495		135.07
3582		377.693		351.975
3583		150.004		486.362
3584		-120.087		498.26
3585		-366.371		382.471
3586		-531.503		168.279
3587		-582.923		-92.9266
3588		-517.635		-345.239
3589		-356.357		-542.861
3590		-132.539		-656.725
3591		117.06		-673.378
3592		356.359		-590.717
3593		549.468		-415.965
3594		660.39		-168.218
3595		657.652		116.84
3596		524.96		385.813
3597		273.776		575.249
3598		-49.7544		628.788
3599		-370.236		518.44
3600		-602.326		260.501
3601		-678.304		-82.7955
3602		-573.067		-419.273
3603		-315.491		-655.841
3604		19.6821		-729.522
3605		336.886		-627.933
3606		551.69		-391.077
3607		616.893		-94.4534
3608		533.074		178.575
3609		341.309		363.345
3610		103.536		429.412
3611		-119.503		381.292
3612		-283.717		247.798
3613		-366.523		67.6604
3614		-363.264		-121.253
3615		-281.059		-286.062
3616		-135.435		-398.435
3617		48.8138		-434.577
3618		235.707		-379.48
3619		380.269		-235.117
3620		438.147		-27.7787
3621		381.05		191.877
3622		211.539		359.888
3623		-31.036		419.244
3624		-278.709		341.756
3625		-456.018		141.617
3626		-506.309		-126.481
3627		-412.225		-385.094
3628		-201.502		-560.708
3629		64.2564		-608.241
3630		312.512		-523.436
3631		484.139		-339.114
3632		549.176		-108.791
3633		508.993		113.545
3634		386.899		288.312
3635		214.351		394.853
3636		20.6431		426.941
3637		-169.779		385.222
3638		-333.884		273.168
3639		-446.125		99.454
3640		-479.754		-115.671
3641		-415.219		-336.121
3642		-252.077		-513.576
3643		-17.2022		-600.33
3644		237.217		-566.872
3645		447.586		-415.871
3646		559.974		-184.8
3647		549.185		65.4186
3648		426.955		271.492
3649		235.413		389.247
3650		29.1085		405.966
3651		-145.557		338.671
3652		-263.848		220.632
3653		-323.734		84.1266
3654		-335.992		-51.2786
3655		-310.701		-179.514
3656		-248.877		-299.166
3657		-144.342		-402.04
3658		5.66729		-467.598
3659		188.359		-468.101
3660		370.357		-382.636
3661		504.717		-212.36
3662		548.049		12.2738
3663		479.653		237.793
3664		312.69		405.872
3665		91.0457		475.18
3666		-127.248		436.386
3667		-292.141		313.075
3668		-378.557		148.544
3669		-390.378		-14.2894
3670		-350.608		-149.378
3671		-284.246		-252.341
3672		-204		-332.275
3673		-106.884		-396.66
3674		16.8624		-439.23
3675		168.478		-438.818
3676		328.966		-370.661
3677		459.181		-224.082
3678		513.42		-16.2573
3679		460.39		206.785
3680		300.779		384.214
3681		71.7211		463.658
3682		-165.099		422.627
3683		-346.608		277.573
3684		-431.891		76.1675
3685		-415.1		-123.199
3686		-322.289		-274.444
3687		-195.037		-358.318
3688		-70.1613		-382.398
3689		33.8296		-368.477
3690		117.421		-335.797
3691		189.357		-290.176
3692		252.4		-224.955
3693		295.213		-132.34
3694		296.045		-17.3197
3695		236.625		95.47
3696		118.126		167.649
3697		-30.8465		164.088
3698		-160.492		72.4833
3699		-218.918		-85.2928
3700		-175.443		-257.307
3701		-36.5489		-380.613
3702		153.981		-406.944
3703		331.53		-323.056
3704		436.367		-156.143
3705		436.772		38.0037
3706		339.282		198.145
3707		182.322		280.98
3708		17.6144		274.374
3709		-110.813		195.799
3710		-180.163		78.9782
3711		-190.043		-42.8158
3712		-153.424		-147.913
3713		-84.6923		-227.326
3714		7.36813		-277.695
3715		117.868		-292.854
3716		237.766		-261.114
3717		346.319		-171.297
3718		411.045		-24.4239
3719		397.858		156.494
3720		287.65		326.14
3721		90.853		429.054
3722		-148.715		420.397
3723		-364.746		286.169
3724		-490.845		52.9097
3725		-485.146		-218.659
3726		-346.253		-454.111
3727		-113.417		-591.321
3728		148.88		-600.829
3729		374.646		-492.337
3730		517.808		-305.824
3731		562.657		-92.8947
3732		520.617		102.177
3733		417.4		253.321
3734		278.69		352.273
3735		121.942		399.941
3736		-42.6241		396.597
3737		-204.51		337.612
3738		-345.356		217.416
3739		-437.516		38.9163
3740		-451.145		-177.991
3741		-366.882		-395.013
3742		-187.62		-563.605
3743		57.164		-639.878
3744		317.445		-599.773
3745		536.866		-447.695
3746		669.091		-215.02
3747		689.571		50.2108
3748		598.824		297.264
3749		417.706		484.347
3750		178.763		584.21
3751		-81.41		583.93
3752		-325.993		482.242
3753		-518.66		288.262
3754		-624.539		23.2187
3755		-614.747		-276.625
3756		-475.173		-560.056
3757		-216.386		-767.731
3758		120.912		-846.195
3759		469.898		-765.168
3760		752.369		-531.109
3761		900.378		-190.374
3762		877.078		180.929
3763		688.618		497.717
3764		382.307		689.996
3765		31.8495		721.437
3766		-284.354		596.26
3767		-503.627		353.305
3768		-591.476		51.3547
3769		-543.733		-247.54
3770		-380.662		-490.766
3771		-137.959		-641.347
3772		140.926		-678.99
3773		409.535		-599.434
3774		621.78		-414.83
3775		736.881		-155.183
3776		727.478		131.958
3777		589.333		387.111
3778		348.132		551.268
3779		58.26		582.669
3780		-208.93		471.893
3781		-385.129		248.301
3782		-426.587		-26.4673
3783		-328.63		-276.93
3784		-126.905		-437.709
3785		115.496		-473.797
3786		329.936		-389.349
3787		464.274		-222.191
3788		496.628		-27.3783
3789		436.602		142.557
3790		315.563		252.513
3791		172.037		290.077
3792		39.3239		261.522
3793		-60.1797		183.176
3794		-113.98		73.9417
3795		-115.59		-47.4949
3796		-62.4307		-161.247
3797		42.079		-244.349
3798		183.688		-272.605
3799		334.195		-227.749
3800		454.516		-107.35
3801		505.302		68.0908
3802		461.82		256.324
3803		326.348		404.675
3804		131.335		468.113
3805		-69.7084		426.541
3806		-220.734		293.248
3807		-283.405		110.099
3808		-250.091		-68.8064
3809		-143.87		-197.718
3810		-5.94733		-254.757
3811		123.066		-245.642
3812		218.853		-194.858
3813		278.834		-129.739
3814		315.736		-66.1728
3815		343.9		-3.31438
3816		366.601		70.5455
3817		371.72		165.002
3818		338.278		275.378
3819		250.166		378.788
3820		109.304		441.28
3821		-59.3508		432.738
3822		-214.269		341.952
3823		-312.492		184.009
3824		-326.14		-3.83561
3825		-252.368		-175.723
3826		-112.44		-293.397
3827		58.6709		-337.344
3828		226.062		-308.372
3829		364.83		-220.571
3830		461.906		-91.1981
3831		510.731		65.8976
3832		504.111		239.548
3833		431.597		414.638
3834		284.653		565.314
3835		67.5568		654.606
3836		-192.559		643.754
3837		-444.038		508.703
3838		-621.41		256.24
3839		-666.153		-69.1242
3840		-549.435		-392.949
3841		-286.646		-632.117
3842		63.5253		-721.755
3843		416.047		-636.948
3844		686.022		-400.444
3845		814.13		-73.6853
3846		781.458		264.272
3847		609.396		540.745
3848		347.089		707.048
3849		53.7088		744.775
3850		-216.539		661.695
3851		-422.147		482.663
3852		-535.33		241.601
3853		-540.541		-22.3176
3854		-434.954		-265.575
3855		-232.251		-442.5
3856		33.1341		-512.417
3857		306.636		-451.703
3858		523.071		-266.107
3859		624.532		3.79568
3860		580.685		289.486
3861		402.451		513.851
3862		141.576		616.647
3863		-125.635		575.695
3864		-324.74		414.314
3865		-408.914		191.197
3866		-373.061		-23.0611
3867		-250.572		-172.452
3868		-95.0399		-233.457
3869		43.8172		-217.181
3870		138.586		-156.358
3871		188.981		-85.0919
3872		212.444		-22.1927
3873		227.217		33.743
3874		238.016		96.1603
3875		232.399		175.134
3876		189.577		264.343
3877		96.3009		338.49
3878		-39.5428		363.224
3879		-185.861		312.63
3880		-296.382		184.976
3881		-329.355		8.16423
3882		-265.837		-168.438
3883		-118.679		-292.176
3884		71.9272		-326.748
3885		253.804		-264.396
3886		381.433		-125.869
3887		429.423		50.3821
3888		395.852		223.317
3889		296.214		361.202
3890		153.319		445.74
3891		-10.4134		469.029
3892		-174.65		428.082
3893		-317.932		322.415
3894		-414.38		157.3
3895		-435.486		-49.4126
3896		-358.885		-262.504
3897		-181.009		-432.252
3898		73.1457		-506.852
3899		349.903		-450.778
3900		579.19		-261.246
3901		695.891		25.3683
3902		662.042		341.397
3903		480.585		607.863
3904		194.848		758.855
3905		-125.769		760.69
3906		-407.537		618.909
3907		-592.622		371.964
3908		-650.675		76.195
3909		-579.665		-210.386
3910		-399.097		-439.249
3911		-141.451		-575.409
3912		153.425		-596.947
3913		440.075		-494.636
3914		668.432		-274.87
3915		788.598		34.8805
3916		761.768		382.703
3917		575.071		696.628
3918		253.763		899.5
3919		-136.848		931.578
3920		-504.183		772.813
3921		-753.876		454.925
3922		-819.525		56.4202
3923		-685.223		-319.503
3924		-391.489		-576.743
3925		-21.8144		-655.874
3926		324.962		-550.393
3927		565.558		-304.212
3928		654.857		7.16825
3929		592.994		303.047
3930		416.814		520.784
3931		181.89		628.216
3932		-56.0954		623.478
3933		-253.669		526.169
3934		-383.406		366.475
3935		-431.943		177.58
3936		-396.954		-7.20694
3937		-286.657		-155.084
3938		-121.832		-236.086
3939		62.9569		-229.314
3940		223.074		-131.593
3941		314.214		36.1886
3942		307.013		230.219
3943		199.777		394.705
3944		22.6329		479.956
3945		-170.495		460.691
3946		-320.195		346.408
3947		-383.15		178.597
3948		-347.954		15.2022
3949		-238.309		-91.3855
3950		-102.295		-113.602
3951		7.47394		-57.2729
3952		54.1516		43.5588
3953		29.013		142.483
3954		-48.5054		199.797
3955		-141.776		196.683
3956		-213.11		139.36
3957		-237.808		53.0376
3958		-210.919		-30.1768
3959		-145.543		-83.5058
3960		-65.279		-93.2102
3961		4.82481		-60.2027
3962		45.2263		2.98784
3963		45.4223		77.0967
3964		4.87673		140.666
3965		-67.1415		173.782
3966		-152.185		161.842
3967		-224.595		100.064
3968		-256.368		-2.08661
3969		-225.486		-119.042
3970		-125.865		-212.79
3971		25.2061		-243.23
3972		186.896		-183.071
3973		304.523		-31.8072
3974		327.499		177.876
3975		229.485		385.916
3976		22.4452		522.739
3977		-242.297		533.516
3978		-488.021		399.581
3979		-637.337		148.132
3980		-638.602		-154.337
3981		-483.907		-422.83
3982		-211.844		-581.093
3983		105.513		-585.071
3984		385.763		-434.376
3985		560.347		-168.907
3986		591.315		146.215
3987		476.417		440.232
3988		243.641		653.444
3989		-59.8794		746.634
3990		-378.958		703.265
3991		-658.169		527.741
3992		-846.707		243.466
3993		-903.078		-107.794
3994		-802.238		-466.995
3995		-545.046		-763.04
3996		-166.333		-924.96
3997		264.088		-900.252
3998		651.923		-674.126
3999		900.43		-281.69
4000		938.409		193.99
4001		744.504		640.264
4002		358.069		945.39
4003		-128.842		1031.27
4004		-596.741		876.91
4005		-932.837		524.044
4006		-1062.21		63.3499
4007		-965.718		-393.325
4008		-679.784		-744.292
4009		-280.488		-922.353
4010		140.485		-905.61
4011		498.798		-714.324
4012		732.756		-398.594
4013		809.2		-23.6125
4014		722.627		342.369
4015		491.892		635.976
4016		157.435		804.544
4017		-221.285		812.782
4018		-571.107		651.248
4019		-816.291		344.163
4020		-895.651		-48.5018
4021		-781.544		-439.38
4022		-493.301		-733.472
4023		-97.8385		-854.79
4024		305.721		-770.837
4025		614.059		-505.073
4026		750.988		-131.291
4027		690.536		249.173
4028		462.958		539.322
4029		141.648		675.573
4030		-183.334		643.417
4031		-434.262		474.982
4032		-566.242		231.537
4033		-572.879		-20.2203
4034		-477.884		-227.84
4035		-319.329		-362.089
4036		-135.218		-414.732
4037		43.6389		-390.201
4038		192.905		-298.286
4039		290.649		-152.549
4040		316.084		25.8378
4041		254.737		203.819
4042		108.479		337.973
4043		-95.8363		385.042
4044		-306.452		318.885
4045		-459.322		146.101
4046		-500.437		-88.8473
4047		-408.889		-314.364
4048		-209.502		-456.286
4049		32.5762		-466.835
4050		235.012		-345.13
4051		330.254		-139.197
4052		292.558		72.5898
4053		147.844		213.22
4054		-38.323		238.111
4055		-189.358		151.777
4056		-249.963		2.93503
4057		-207.677		-139.156
4058		-94.5353		-215.791
4059		30.8198		-203.035
4060		111.231		-118.636
4061		115.843		-9.88048
4062		50.7057		70.3973
4063		-48.2223		87.5245
4064		-134.41		37.619
4065		-171.94		-55.1869
4066		-148.474		-153.31
4067		-75.4048		-223.217
4068		22.2923		-246.964
4069		119.084		-223.523
4070		197.229		-162.014
4071		247.107		-73.2678
4072		261.911		33.9678
4073		232.853		150.008
4074		150.358		257.745
4075		12.2642		329.277
4076		-165.633		331.067
4077		-344.471		237.878
4078		-468.811		49.5451
4079		-485.032		-198.851
4080		-364.832		-441.11
4081		-122.809		-599.65
4082		181.646		-614.062
4083		461.248		-466.386
4084		630.813		-191.349
4085		638.064		133.854
4086		482.143		416.457
4087		212.195		580.373
4088		-92.6009		590.321
4089		-352.007		458.638
4090		-510.011		233.985
4091		-546.719		-20.7526
4092		-474.606		-250.218
4093		-324.456		-418.898
4094		-130.317		-511.316
4095		78.8133		-524.304

 
--------------------------------------


