Compute Correlation 
 
0		449.608		-427.622
1		652.876		-180.433
2		721.402		135.422
3		635.728		450.806
4		410.757		692.835
5		95.4518		802.026
6		-236.445		748.484
7		-503.721		542.033
8		-638.979		232.117
9		-607.628		-103.815
10		-418.319		-380.764
11		-121.02		-529.479
12		206.978		-515.292
13		482.694		-346.659
14		639.844		-71.1322
15		645.247		239.258
16		505.019		508.013
17		260.016		673.397
18		-26.7633		701.889
19		-286.406		593.492
20		-459.635		379.166
21		-508.737		112.346
22		-424.452		-143.015
23		-227.484		-325.744
24		35.3887		-390.326
25		300.41		-317.494
26		500.392		-120.336
27		580.691		156.371
28		514.097		444.872
29		310.22		670.409
30		15.6179		770.932
31		-296.717		715.012
32		-546.385		512.096
33		-667.769		211.246
34		-628.515		-111.809
35		-438.421		-375.471
36		-146.094		-514.392
37		175.143		-496.155
38		447.181		-327.964
39		606.625		-52.4196
40		618.614		265.052
41		482.315		552.56
42		228.388		747.309
43		-89.3144		807.282
44		-405.012		717.881
45		-653.072		493.747
46		-779.603		176.306
47		-752.703		-172.678
48		-570.1		-481.497
49		-262.288		-682.237
50		110.822		-725.901
51		470.709		-595.484
52		737.238		-312.906
53		848.126		63.379
54		775.471		450.723
55		534.163		761.958
56		179.144		927.098
57		-208.017		910.816
58		-539.435		720.746
59		-742.262		404.567
60		-775.346		37.2928
61		-637.312		-297.227
62		-364.962		-525.562
63		-23.4291		-600.295
64		308.95		-509.165
65		557.659		-276.65
66		667.81		41.7365
67		616.099		371.35
68		416.649		634.68
69		119.031		769.259
70		-202.201		743.508
71		-465.209		566.313
72		-602.187		286.722
73		-578.666		-17.6007
74		-404.699		-261.167
75		-133.496		-375.208
76		153.176		-328.444
77		368.996		-137.083
78		449.087		139.753
79		369.517		418.026
80		153.911		614.392
81		-134.769		670.981
82		-414.08		571.413
83		-606.61		343.528
84		-661.207		49.0732
85		-564.884		-235.169
86		-343.187		-438.212
87		-50.7676		-511.621
88		243.587		-438.631
89		472.762		-235.151
90		584.534		55.6204
91		550.686		372.463
92		371.87		647.353
93		78.4		817.532
94		-273.293		837.692
95		-609.199		690.923
96		-851.424		396.033
97		-935.58		8.18689
98		-828.295		-389.406
99		-539.723		-702.788
100		-126.135		-850.311
101		320.053		-785.459
102		691.63		-512.363
103		894.11		-88.4433
104		871.666		387.788
105		623.643		801.052
106		206.44		1049.16
107		-280.129		1069.95
108		-718.239		857.695
109		-1002.19		464.64
110		-1065.09		-12.6055
111		-895.222		-457.777
112		-538.181		-764.174
113		-84.6714		-860.927
114		352.615		-729.905
115		667.175		-409.344
116		784.964		16.4858
117		682.347		438.935
118		391.282		752.567
119		-9.61017		881.758
120		-415.883		799.45
121		-724.587		533.121
122		-860.806		156.368
123		-796.218		-231.499
124		-554.761		-532.069
125		-204.251		-673.128
126		163.104		-625.786
127		455.268		-409.281
128		603.035		-83.1821
129		575.046		269.652
130		382.337		563.947
131		72.8527		731.164
132		-281.208		732.988
133		-599.421		567.478
134		-809.198		268.144
135		-859.635		-102.826
136		-731.733		-465.898
137		-443.846		-738.966
138		-50.921		-854.111
139		363.773		-773.929
140		704.704		-503.708
141		885.922		-95.1832
142		854.013		361.282
143		605.568		756.335
144		192.76		989.241
145		-286.527		996.068
146		-712.822		769.607
147		-977.148		363.981
148		-1011.49		-118.535
149		-808.097		-555.086
150		-421.375		-835.892
151		47.9105		-893.681
152		480.981		-720.221
153		772.89		-365.783
154		858.542		77.0005
155		726.278		498.974
156		416.864		802.015
157		10.0688		921.212
158		-396.242		837.222
159		-708.88		577.625
160		-859.26		208.555
161		-817.309		-180.796
162		-597.467		-497.781
163		-255.861		-666.805
164		121.468		-647.161
165		437.952		-444.265
166		610.174		-110.679
167		590.417		265.002
168		381.555		580.153
169		38.827		746.006
170		-343.616		713.53
171		-658.599		488.933
172		-816.841		133.1
173		-773.191		-255.638
174		-539.602		-570.237
175		-180.667		-725.949
176		206.453		-683.675
177		520.628		-458.678
178		684.456		-113.048
179		662.76		264.21
180		467.667		582.054
181		150.923		769.505
182		-212.127		789.602
183		-541.133		643.581
184		-767.203		366.787
185		-844.812		19.2787
186		-758.701		-326.177
187		-526.165		-597.198
188		-194.715		-735.125
189		165.491		-707.405
190		474.808		-516.69
191		661.644		-203.394
192		680.783		160.982
193		527.06		490.012
194		239.049		704.669
195		-109.947		755.349
196		-431.948		636.175
197		-649.341		386.216
198		-716.597		76.8346
199		-631.324		-210.524
200		-431.307		-408.224
201		-179.533		-479.871
202		56.5561		-426.124
203		223.902		-278.563
204		294.893		-85.7523
205		268.782		102.271
206		165.611		245.713
207		17.0443		320.554
208		-141.848		318.84
209		-278.042		246.505
210		-363.957		121.165
211		-380.706		-29.595
212		-322.306		-170.898
213		-199.869		-266.197
214		-42.962		-286.366
215		104.834		-220.099
216		197.005		-81.3019
217		199.245		91.0352
218		103.165		242.489
219		-67.5537		320.283
220		-262.284		291.879
221		-419.042		157.715
222		-485.116		-47.392
223		-434.908		-265.164
224		-278.133		-432.991
225		-55.5769		-503.849
226		175.247		-459.621
227		358.355		-313.643
228		454.447		-103.064
229		448.211		124.457
230		347.153		323.794
231		174.907		460.8
232		-36.5322		515.108
233		-252.365		479.281
234		-437.785		357.507
235		-559.945		165.8
236		-591.669		-66.8339
237		-517.921		-298.942
238		-343.308		-481.773
239		-96.6935		-569.848
240		171.035		-534.514
241		397.582		-375.421
242		525.95		-124.558
243		521.682		160.095
244		384.092		410.046
245		147.002		565.761
246		-131.408		593.196
247		-385.756		491.751
248		-561.291		291.622
249		-626.477		42.6927
250		-577.219		-200.104
251		-433.276		-389.721
252		-230.054		-494.986
253		-9.58588		-503.231
254		186.871		-419.316
255		324.24		-263.175
256		378.047		-66.8972
257		338.717		129.233
258		215.205		282.965
259		35.9224		358.949
260		-155.331		338.61
261		-309.253		227.512
262		-384.788		56.4167
263		-362.288		-125.964
264		-250.858		-267.182
265		-86.3174		-327.63
266		80.1404		-293.35
267		198.715		-180.12
268		236.969		-27.295
269		189.201		116.051
270		76.2814		207.212
271		-63.0924		222.326
272		-185.624		161.439
273		-256.048		45.7351
274		-255.352		-90.5907
275		-183.323		-210.12
276		-56.5033		-280.632
277		96.3542		-280.914
278		239.758		-204.231
279		337.462		-60.1358
280		359.294		125.464
281		288.728		313.071
282		129.677		456.458
283		-90.3279		513.622
284		-323.394		459.531
285		-511.978		296.359
286		-604.884		56.5734
287		-573.45		-203.764
288		-421.808		-420.348
289		-186.762		-539.693
290		73.1865		-535.01
291		295.744		-413.009
292		432.883		-209.446
293		462.496		24.1584
294		390.166		236.763
295		242.028		390.633
296		53.2833		466.741
297		-142.051		462.74
298		-316.413		386.945
299		-448.732		252.882
300		-522.108		77.4434
301		-522.978		-117.555
302		-444.052		-303.378
303		-290.137		-445.717
304		-83.1895		-511.345
305		137.69		-478.65
306		323.658		-347.687
307		429.537		-144.487
308		428.467		83.5991
309		321.715		280.885
310		139.257		400.154
311		-69.4776		416.897
312		-251.139		335.629
313		-364.305		186.373
314		-389.986		13.4156
315		-333.834		-138.78
316		-220.762		-237.318
317		-85.3297		-267.01
318		38.0537		-230.548
319		122.318		-144.627
320		151.63		-34.5389
321		122.864		71.1089
322		45.7044		145.337
323		-58.4641		167.912
324		-159.799		130.67
325		-226.321		41.7098
326		-232.992		-73.9253
327		-171.139		-179.171
328		-54.3345		-235.519
329		82.8279		-216.449
330		194.224		-118.676
331		237.48		33.8637
332		189.539		195.963
333		56.2002		315.581
334		-128.561		351.52
335		-313.523		287.488
336		-447.125		137.103
337		-493.667		-61.7077
338		-442.776		-260.015
339		-309.428		-413.103
340		-125.996		-491.728
341		69.111		-486.187
342		241.188		-403.657
343		364.313		-262.164
344		421.922		-85.1033
345		405.491		101.434
346		314.315		269.097
347		157.654		388.05
348		-42.1686		430.718
349		-248.983		379.099
350		-417.292		233.344
351		-502.74		17.3393
352		-475.785		-222.758
353		-333.468		-428.437
354		-103.978		-544.898
355		158.795		-537.882
356		389.614		-405.085
357		530.485		-177.823
358		547.16		87.6963
359		438.191		326.366
360		234.149		482.015
361		-11.9366		521.629
362		-239.288		442.366
363		-394.755		270.456
364		-445.124		53.3262
365		-384.077		-152.494
366		-232.987		-294.928
367		-35.6481		-338.801
368		152.197		-274.823
369		276.883		-122.914
370		301.548		71.7812
371		217.666		250.341
372		49.3462		356.858
373		-152.193		355.977
374		-323.511		245.316
375		-409.076		57.759
376		-379.882		-148.186
377		-243.645		-307.274
378		-42.4566		-369.137
379		161.486		-314.694
380		306.714		-161.373
381		352.02		44.3697
382		287.656		243.678
383		134.989		384.148
384		-63.7136		433.882
385		-259.987		386.621
386		-412.192		258.187
387		-492.813		78.0561
388		-489.668		-119.167
389		-403.7		-299.202
390		-246.869		-430.455
391		-41.9312		-485.741
392		176.926		-446.098
393		365.781		-307.354
394		477.895		-86.9894
395		476.044		173.28
396		346.693		413.228
397		109.844		568.863
398		-181.241		592.294
399		-452.6		469.405
400		-631.317		227.687
401		-668.832		-69.9792
402		-556.916		-344.188
403		-330.063		-523.772
404		-53.4739		-567.272
405		198.388		-473.468
406		364.359		-278.075
407		412.261		-39.2932
408		343.424		181.183
409		186.69		334.55
410		-13.6547		394.052
411		-210.526		356.255
412		-363.443		236.995
413		-443.805		65.4865
414		-437.468		-121.15
415		-346.428		-282.928
416		-189.992		-382.955
417		-3.87866		-395.212
418		165.072		-312.979
419		269.59		-154.58
420		276.167		37.5535
421		177.954		206.595
422		0.535797		298.195
423		-203.253		279.039
424		-369.094		149.825
425		-442.379		-53.113
426		-396.913		-268.963
427		-243.82		-432.52
428		-27.2639		-495.579
429		191.035		-441.642
430		352.109		-288.938
431		417.143		-81.8045
432		376.223		125.028
433		246.927		282.678
434		65.399		359.377
435		-125.222		344.525
436		-284.646		246.748
437		-381.58		89.0808
438		-396.821		-95.9841
439		-325.151		-270.733
440		-177.197		-396.809
441		19.5091		-441.631
442		222.538		-386.749
443		381.79		-235.904
444		451.901		-18.8469
445		406.69		212.624
446		250.261		397.25
447		19.417		482.463
448		-225.07		441.874
449		-416.33		285.253
450		-502.378		56.6019
451		-462.507		-179.474
452		-313.097		-358.194
453		-100.992		-434.37
454		112.52		-394.591
455		270.813		-258.306
456		337.34		-68.772
457		302.918		121.665
458		184.132		266.251
459		15.3748		334.12
460		-161.541		314.544
461		-306.805		216.037
462		-389.515		62.4381
463		-392.132		-112.247
464		-313.193		-269.621
465		-168.388		-373.529
466		10.8582		-397.594
467		182.519		-332.528
468		303.151		-190.856
469		339.556		-6.34781
470		279.492		173.239
471		137.265		299.014
472		-48.6805		335.67
473		-226.324		272.963
474		-345.649		129.583
475		-373.981		-52.3326
476		-305.739		-220.24
477		-163.37		-327.26
478		10.4904		-345.771
479		166.486		-274.3
480		262.889		-136.154
481		276.409		28.8382
482		206.836		176.163
483		75.2218		268.308
484		-82.8673		283.414
485		-226.696		219.463
486		-320.03		93.8537
487		-339.378		-61.0397
488		-279.492		-205.374
489		-155.082		-301.182
490		1.96817		-321.893
491		149.89		-259.826
492		247.646		-129.395
493		266.31		35.5881
494		197.874		190.467
495		58.3822		292.094
496		-116.054		311.29
497		-279.43		241.38
498		-389.02		99.9158
499		-417.273		-76.8675
500		-358.682		-244.815
501		-229.867		-364.098
502		-63.5546		-409.073
503		100.937		-373.233
504		227.494		-268.74
505		290.723		-121.791
506		280.059		34.1007
507		200.596		165.119
508		71.3975		243.398
509		-78.1396		252.152
510		-213.638		189.34
511		-302.654		69.1642
512		-322.392		-79.6819
513		-266.453		-219.749
514		-148.229		-314.08
515		1.146		-336.808
516		140.739		-281.665
517		231.83		-164.981
518		250.112		-21.3414
519		193.616		107.169
520		83.1646		184.559
521		-45.0251		192.396
522		-151.869		134.911
523		-208.293		36.0051
524		-203.683		-70.2818
525		-147.156		-151.816
526		-61.9622		-188.209
527		23.9545		-175.147
528		87.1219		-122.596
529		114.116		-48.8286
530		102.431		26.4236
531		57.8329		86.8476
532		-9.36578		121.349
533		-86.9273		123.611
534		-161.526		91.2947
535		-218.755		26.417
536		-244.074		-63.009
537		-225.872		-161.518
538		-160.255		-247.018
539		-55.4608		-295.224
540		66.8535		-287.109
541		175.381		-216.861
542		237.761		-96.7604
543		231.397		43.8132
544		152.401		165.905
545		18.8505		232.907
546		-133.447		222.707
547		-261.582		135.543
548		-328.93		-5.4649
549		-316.583		-161.358
550		-228.884		-289.431
551		-91.4274		-356.118
552		57.4008		-346.393
553		178.158		-266.977
554		241.425		-142.938
555		235.01		-9.42999
556		165.727		98.4389
557		56.0187		154.63
558		-62.9666		147.926
559		-159.636		83.5256
560		-209.545		-19.286
561		-200.815		-132.432
562		-136.505		-226.005
563		-33.6083		-275.458
564		81.1347		-267.589
565		177.839		-203.971
566		231.134		-100.826
567		227.018		14.9332
568		166.956		112.797
569		67.8055		167.103
570		-42.7311		164.429
571		-134.029		107.592
572		-181.51		14.8371
573		-173.853		-85.6767
574		-116.127		-164.413
575		-27.8484		-199.278
576		63.3345		-181.906
577		130.153		-119.507
578		153.647		-31.9212
579		128.067		54.8714
580		61.5323		116.467
581		-27.306		136.544
582		-115.084		110.41
583		-180.007		45.0562
584		-206.824		-43.6507
585		-189.55		-135.329
586		-131.867		-209.639
587		-45.7935		-250.131
588		50.7267		-247.067
589		136.863		-199.246
590		192.479		-114.845
591		202.193		-10.9745
592		159.515		88.5926
593		70.0878		157.885
594		-47.3946		175.079
595		-163.82		129.376
596		-246.184		26.2078
597		-266.838		-111.583
598		-212.838		-248.019
599		-92.0565		-343.378
600		66.7476		-366.245
601		220.845		-304.336
602		325.878		-170.044
603		349.802		1.79656
604		283.632		163.78
605		145.021		270.431
606		-26.8673		292.458
607		-183.579		225.812
608		-282.498		92.4266
609		-299.643		-67.4532
610		-235.906		-208.43
611		-115.013		-293.878
612		25.4655		-305.955
613		146.426		-248.801
614		218.493		-144.725
615		228.809		-25.5901
616		182.012		77.1428
617		96.2172		140.445
618		-3.71924		153.944
619		-93.1426		120.144
620		-152.938		51.7027
621		-172.585		-32.7059
622		-151.118		-112.763
623		-96.4946		-170.489
624		-23.7079		-193.645
625		48.2798		-178.299
626		100.682		-130.062
627		119.569		-63.2803
628		99.9479		2.19954
629		47.8111		46.3043
630		-20.9627		54.6901
631		-84.9598		23.4154
632		-123.666		-39.4604
633		-123.856		-116.138
634		-83.6939		-184.54
635		-13.1141		-225.08
636		69.527		-226.371
637		143.151		-188.05
638		189.928		-120.09
639		199.62		-39.3153
640		171.32		35.3537
641		112.708		87.3526
642		37.6756		105.646
643		-36.707		86.4197
644		-93.2923		33.584
645		-117.901		-41.6647
646		-102.306		-122.285
647		-46.844		-188.186
648		38.1887		-220.488
649		133.422		-206.699
650		214.265		-145.341
651		257.315		-48.144
652		247.64		61.6933
653		184.366		155.369
654		82.2258		206.988
655		-32.0562		201.884
656		-127.652		141.685
657		-179.19		44.0939
658		-174.593		-62.6666
659		-118.444		-148.783
660		-29.838		-191.934
661		64.2178		-183.44
662		137.284		-129.675
663		170.892		-48.8198
664		158.709		35.3672
665		106.76		100.402
666		30.4368		130.489
667		-50.2103		119.428
668		-115.402		70.9636
669		-149.764		-2.84842
670		-145.249		-84.5461
671		-102.679		-154.962
672		-31.7459		-197.322
673		50.8055		-201.221
674		124.863		-165.588
675		172.02		-99.5896
676		180.785		-20.7054
677		150.226		49.9417
678		90.5558		93.7686
679		20.1112		100.403
680		-40.4001		70.7563
681		-74.3917		16.3172
682		-74.2543		-45.0419
683		-42.8979		-95.0665
684		8.306		-120.618
685		63.9996		-116.757
686		109.753		-86.7258
687		135.592		-39.4935
688		137.321		13.6099
689		115.952		61.7146
690		76.3222		95.9952
691		25.8911		110.292
692		-26.0037		101.548
693		-68.9069		70.6122
694		-92.7982		23.2061
695		-90.7292		-29.8947
696		-61.8731		-74.5029
697		-13.4888		-96.7949
698		39.7429		-88.2645
699		79.62		-49.8536
700		90.6024		6.89392
701		65.9473		62.7927
702		11.0855		97.4219
703		-57.5364		96.6062
704		-118.007		57.8773
705		-150.762		-8.45193
706		-145.472		-83.0922
707		-104.218		-144.815
708		-39.8797		-177.726
709		29.2228		-175.862
710		85.8533		-143.613
711		118.799		-92.4767
712		124.596		-36.1781
713		106.179		13.4612
714		70.0271		48.436
715		23.6919		64.3061
716		-25.155		59.0596
717		-68.4227		32.5998
718		-97.314		-12.4648
719		-103.371		-69.3602
720		-81.1904		-126.549
721		-31.7469		-169.402
722		35.645		-184.349
723		104.475		-164.139
724		155.66		-111.765
725		174.174		-40.8265
726		154.919		28.4586
727		105.08		76.287
728		41.6676		90.4835
729		-14.8932		70.7686
730		-48.4025		28.224
731		-52.4749		-19.7189
732		-31.8053		-56.4193
733		1.11051		-72.1158
734		31.9585		-66.4654
735		50.3981		-46.8794
736		53.1811		-23.9813
737		43.6702		-6.6692
738		28.6631		0.925949
739		14.566		-0.412598
740		4.90289		-7.11096
741		0.063797		-15.534
742		-1.20503		-23.6757
743		0.0282288		-31.1088
744		3.72156		-37.7138
745		10.2492		-42.4458
746		18.9916		-43.2519
747		27.3692		-38.3466
748		31.3033		-28.0298
749		27.1383		-15.7164
750		14.0249		-7.212
751		-4.70477		-8.29362
752		-22.2045		-21.7393
753		-30.7704		-45.4121
754		-25.2773		-72.5771
755		-5.67612		-94.4653
756		22.7599		-103.919
757		51.602		-98.3451
758		72.7791		-80.5681
759		81.7148		-57.2697
760		78.6491		-35.9242
761		67.7178		-21.8227
762		54.5365		-16.5716
763		43.7038		-18.5219
764		37.466		-24.5122
765		35.9459		-31.6916
766		38.3612		-38.3762
767		44.1466		-43.6776
768		53.1297		-46.5322
769		64.7094		-45.1477
770		76.7985		-37.5542
771		85.5867		-23.0928
772		86.7176		-3.86874
773		77.5225		15.0101
774		59.1083		27.0141
775		36.911		27.1128
776		19.0085		14.6145
777		12.6976		-5.70247
778		20.9159		-25.0654
779		40.3717		-34.357
780		62.5241		-28.2867
781		77.1381		-8.03001
782		76.7954		19.0562
783		60.19		42.5898
784		32.6063		53.6905
785		3.38768		48.6913
786		-18.2877		30.2879
787		-27.2125		5.71756
788		-23.7346		-16.9292
789		-12.5594		-32.2871
790		0.320312		-39.4196
791		10.7545		-41.0085
792		17.9545		-40.8089
793		23.7682		-41.0262
794		30.4252		-41.1775
795		38.3167		-39.0056
796		45.2727		-32.7239
797		47.8266		-23.0579
798		43.6947		-13.6651
799		33.8987		-9.49879
800		23.0924		-13.9522
801		17.664		-26.4312
802		22.4828		-41.8726
803		38.0255		-52.7066
804		59.5141		-52.4063
805		78.6931		-38.8465
806		87.4824		-15.7078
807		81.7342		8.86481
808		63.2463		25.7525
809		39.0538		28.8203
810		18.3914		17.4667
811		8.83035		-3.35181
812		13.4026		-25.4599
813		29.899		-40.895
814		52.3806		-44.7812
815		73.8852		-36.4779
816		88.9144		-18.8533
817		94.667		3.54054
818		90.8497		26.2349
819		78.694		45.7408
820		60.0841		59.505
821		37.3558		65.5108
822		13.6355		62.261
823		-6.93943		49.4551
824		-19.8019		28.9888
825		-21.474		5.43419
826		-11.4155		-14.7461
827		6.87828		-25.3231
828		26.448		-22.9815
829		39.2425		-9.23274
830		39.4357		9.59254
831		26.1763		24.5784
832		4.36441		27.8691
833		-17.0974		16.1218
834		-28.9225		-7.85872
835		-25.3408		-36.1295
836		-6.51947		-58.8468
837		21.5726		-68.2839
838		49.7337		-61.8286
839		69.3019		-42.7016
840		75.4164		-18.2332
841		68.4132		3.34976
842		52.9625		16.09
843		35.6097		18.0758
844		22.0193		11.2843
845		15.1597		-0.100754
846		15.0318		-11.8491
847		19.7168		-21.2541
848		26.9341		-27.529
849		35.2231		-31.1425
850		44.2355		-32.7152
851		54.2054		-32.2029
852		65.0837		-28.7788
853		75.9248		-21.3798
854		84.8698		-9.51536
855		89.6997		6.1391
856		88.6454		23.6564
857		81.0717		40.2851
858		67.7811		53.1743
859		50.8869		60.1214
860		33.3507		60.1401
861		18.3177		53.7522
862		8.36606		42.9619
863		4.79209		30.8699
864		7.10062		20.9141
865		12.9433		15.8302
866		18.6925		16.6094
867		20.643		21.8882
868		16.511		28.1712
869		6.61902		31.0196
870		-5.85385		26.8788
871		-15.8735		14.811
872		-18.5505		-2.70155
873		-11.34		-20.4126
874		4.57677		-32.2976
875		24.4657		-34.0789
876		41.8173		-25.1407
877		50.9925		-8.90916
878		49.5399		8.53849
879		39.1052		21.0188
880		24.5233		24.7505
881		11.5652		19.663
882		4.47147		8.9509
883		4.45255		-2.78709
884		9.80536		-11.7946
885		17.4129		-16.6258
886		24.694		-18.1611
887		30.8924		-18.3296
888		37.0364		-18.4041
889		44.7037		-17.9219
890		54.4165		-14.8805
891		64.6921		-7.06898
892		72.3687		6.27872
893		74.0657		23.5209
894		67.9647		40.9523
895		54.893		54.3171
896		38.0869		60.6816
897		21.7558		59.6495
898		9.23984		53.2904
899		1.7511		44.8826
900		-1.67066		37.2267
901		-3.08853		31.4907
902		-4.20752		27.1714
903		-5.43677		23.0674
904		-6.00449		18.5381
905		-4.96893		14.1855
906		-2.38249		11.4854
907		0.243866		11.605
908		0.585678		14.2035
909		-3.05292		17.081
910		-10.3837		17.0653
911		-18.7863		11.7342
912		-24.3466		1.00522
913		-23.8369		-12.4124
914		-16.5695		-24.1156
915		-5.0248		-30.1844
916		6.22079		-29.2915
917		12.7969		-23.5433
918		12.8717		-17.5023
919		8.22307		-15.8232
920		3.39639		-20.7348
921		3.33377		-30.7457
922		10.7147		-41.3148
923		24.4413		-47.1795
924		40.1131		-45.1199
925		52.2668		-35.677
926		57.1965		-22.8979
927		54.8604		-12.2345
928		48.862		-7.71438
929		44.5396		-9.87759
930		46.1907		-15.5417
931		54.8942		-19.466
932		68.0193		-16.9893
933		80.5824		-6.24916
934		87.6377		11.0999
935		86.4178		30.8934
936		77.1867		48.485
937		62.5678		60.644
938		45.9507		66.3784
939		30.0044		66.4794
940		16.0994		62.3513
941		4.75006		55.0289
942		-3.49478		45.0385
943		-7.54904		33.0768
944		-6.1904		20.8534
945		0.822937		11.2683
946		11.7055		7.50842
947		22.555		11.4011
948		28.6046		21.9712
949		26.3574		35.2064
950		15.5032		45.4385
951		-0.532379		47.8286
952		-15.8993		40.7185
953		-24.9728		26.5587
954		-25.0261		10.8048
955		-17.5059		-0.734055
956		-7.19174		-4.74509
957		0.351883		-1.95071
958		1.68108		3.49091
959		-2.83395		6.38808
960		-9.42545		3.39151
961		-13.1928		-5.24417
962		-10.9145		-15.9723
963		-2.81012		-24.1226
964		7.74078		-26.6502
965		16.3319		-23.8609
966		20.2527		-19.0989
967		20.1766		-16.5719
968		19.779		-18.5874
969		23.4482		-23.8548
970		33.3886		-27.9292
971		47.818		-25.6507
972		61.4012		-14.2628
973		67.8143		4.56468
974		63.1124		25.0308
975		48.0716		39.7841
976		28.1749		43.4914
977		11.173		35.517
978		3.45493		20.2914
979		7.10651		5.17544
980		19.148		-3.04417
981		33.2637		-1.19745
982		43.007		9.20737
983		44.7417		23.3031
984		38.8223		35.6652
985		28.5804		42.9668
986		17.9239		45.064
987		9.07491		44.0937
988		1.77187		42.3597
989		-5.71667		40.4592
990		-14.5657		36.877
991		-23.784		29.3055
992		-30.1942		16.8157
993		-30.1684		1.40335
994		-22.1376		-12.2557
995		-8.30573		-18.9512
996		5.66156		-15.9033
997		13.0826		-4.8443
998		9.69269		8.12755
999		-3.77335		15.1068
1000		-21.3478		10.1882
1001		-34.2654		-7.4072
1002		-34.9659		-32.5589
1003		-20.6906		-56.3197
1004		5.13351		-69.8649
1005		34.4109		-68.3795
1006		58.0073		-52.9975
1007		69.6653		-29.9299
1008		68.311		-7.36935
1009		57.7752		8.16719
1010		44.3302		14.2395
1011		33.508		12.6051
1012		27.8952		7.32693
1013		26.8859		2.15619
1014		28.2041		-1.27243
1015		30.0269		-3.53897
1016		32.3288		-6.02077
1017		36.6504		-9.05573
1018		44.5422		-10.9693
1019		55.7584		-8.657
1020		67.442		0.577805
1021		74.937		17.0384
1022		73.887		37.7344
1023		62.4879		57.1992
1024		42.6512		69.6828
1025		19.4122		71.6018
1026		-1.11385		62.9963
1027		-14.1693		47.3034
1028		-17.974		29.683
1029		-13.8452		14.8577
1030		-4.99629		5.58028
1031		5.1327		2.35022
1032		14.0374		4.20786
1033		20.3072		9.83548
1034		23.0143		18.1393
1035		21.08		27.9811
1036		13.3335		37.4293
1037		-0.580177		43.3348
1038		-18.9934		41.9044
1039		-37.653		30.2954
1040		-50.518		8.49611
1041		-51.8918		-19.634
1042		-39.0099		-47.0137
1043		-13.7704		-65.6936
1044		17.4233		-69.9737
1045		45.8435		-58.8349
1046		63.7467		-36.4765
1047		67.3022		-10.6448
1048		57.8052		10.4656
1049		40.6933		21.2812
1050		22.9779		20.5078
1051		10.4303		10.782
1052		5.84869		-3.21915
1053		9.02287		-17.0393
1054		18.0347		-27.8675
1055		30.857		-34.5782
1056		46.1993		-36.7405
1057		63.1833		-33.5603
1058		80.2773		-23.6764
1059		94.467		-6.08684
1060		101.53		18.3593
1061		97.5784		45.9736
1062		81.1638		70.6386
1063		54.7558		85.7509
1064		24.58		86.9036
1065		-1.36075		73.9877
1066		-16.2846		51.5724
1067		-17.2592		27.2688
1068		-6.21547		8.7952
1069		11.0929		1.11298
1070		27.5968		4.92172
1071		37.6229		17.0528
1072		38.5751		32.3181
1073		31.0221		45.7149
1074		17.5355		53.8884
1075		1.21331		55.3706
1076		-15.2051		49.926
1077		-29.3209		37.8272
1078		-38.5855		19.778
1079		-40.1446		-2.43835
1080		-31.5963		-25.2039
1081		-12.5202		-43.1228
1082		14.11		-50.4305
1083		41.7475		-43.4382
1084		61.9664		-22.875
1085		67.6429		5.28452
1086		56.2779		31.3389
1087		31.759		45.4114
1088		3.45081		41.5798
1089		-17.2651		20.6494
1090		-21.5669		-9.85139
1091		-6.8154		-38.5924
1092		22.4505		-55.0023
1093		56.5857		-53.3904
1094		84.9331		-34.792
1095		99.9826		-5.8476
1096		99.7169		24.5113
1097		87.2966		48.8113
1098		68.6161		63.4286
1099		49.2666		68.7251
1100		32.5287		67.3213
1101		19.2294		61.8356
1102		9.10983		53.5321
1103		2.48734		42.5704
1104		0.922028		29.445
1105		6.34726		16.4078
1106		19.1921		7.65752
1107		36.7864		7.85767
1108		53.282		19.6432
1109		61.5077		41.5196
1110		56.0266		67.4948
1111		35.8826		88.9296
1112		5.55512		97.8883
1113		-26.4893		90.434
1114		-51.0525		68.2739
1115		-61.7446		37.9824
1116		-57.1884		8.23302
1117		-40.9822		-13.5875
1118		-19.6713		-23.8177
1119		0.107559		-23.0691
1120		13.8967		-14.9796
1121		20.2246		-4.12737
1122		19.9793		5.71457
1123		15.1278		12.2532
1124		7.72589		14.3616
1125		-0.284039		11.4536
1126		-6.70264		3.29651
1127		-8.8239		-9.49355
1128		-3.92242		-24.6942
1129		9.48834		-38.2604
1130		30.2889		-45.2309
1131		54.2507		-41.6447
1132		75.0444		-26.5888
1133		86.5735		-3.20093
1134		85.6062		22.1372
1135		73.3393		42.2565
1136		54.9764		52.1837
1137		37.422		51.1568
1138		26.2195		42.6183
1139		23.3147		32.1991
1140		26.7821		24.8067
1141		32.5725		22.4146
1142		37.1924		23.7437
1143		39.7125		25.9091
1144		41.9102		26.9497
1145		46.4827		27.615
1146		54.4617		31.2136
1147		63.5021		41.493
1148		68.2795		59.7545
1149		63.0036		82.9746
1150		44.7641		104.248
1151		15.81		115.58
1152		-16.67		111.69
1153		-43.3758		92.8128
1154		-56.9911		64.9134
1155		-55.4445		37.0875
1156		-42.6243		17.4408
1157		-26.1859		9.57129
1158		-13.6453		11.4561
1159		-8.8613		17.2249
1160		-10.7427		20.7238
1161		-14.7301		18.827
1162		-16.0378		12.6802
1163		-12.6755		6.30084
1164		-6.47212		3.52307
1165		-1.55743		5.22955
1166		-1.3075		8.61028
1167		-5.70325		8.93929
1168		-10.8348		2.8112
1169		-10.999		-9.18042
1170		-2.24869		-22.0832
1171		14.7239		-28.9845
1172		34.214		-24.9415
1173		48.1136		-10.212
1174		50.2281		9.19746
1175		39.9422		24.214
1176		23.0986		27.3343
1177		9.40848		16.7542
1178		7.6264		-2.30531
1179		21.0042		-19.9229
1180		45.4688		-26.3135
1181		71.538		-16.6625
1182		88.9808		6.59476
1183		91.7449		35.2217
1184		80.5509		59.5081
1185		61.8627		73.0851
1186		43.9414		75.6255
1187		32.2889		72.0626
1188		27.0506		68.9457
1189		23.7736		70.1574
1190		16.9501		74.5378
1191		4.15411		76.8135
1192		-11.7703		71.276
1193		-23.8853		56.0018
1194		-25.1432		35.0295
1195		-12.9279		17.0203
1196		8.5253		10.9344
1197		29.4173		21.0189
1198		38.9261		43.9069
1199		30.6962		69.5842
1200		6.35558		85.9066
1201		-24.8858		84.4256
1202		-50.4542		64.5195
1203		-60.3259		33.6916
1204		-51.6328		3.89795
1205		-29.6665		-14.1785
1206		-4.89706		-15.9736
1207		12.3198		-4.6344
1208		16.5667		11.2418
1209		9.34473		22.3054
1210		-2.54056		23.0205
1211		-11.0199		13.8022
1212		-10.8865		-0.104004
1213		-1.86218		-12.0193
1214		12.2198		-17.4081
1215		26.2607		-15.6698
1216		36.8781		-9.40762
1217		43.7634		-1.97766
1218		48.8093		4.93317
1219		53.8457		12.1328
1220		58.6486		21.7117
1221		60.6529		34.7216
1222		56.6379		49.415
1223		45.3269		61.3934
1224		29.157		65.7975
1225		13.8831		60.3355
1226		5.95889		47.2847
1227		9.02972		33.0702
1228		21.5418		25.3722
1229		36.9842		29.1845
1230		46.8644		43.9649
1231		44.9728		63.5376
1232		30.6894		78.9705
1233		9.51642		83.0171
1234		-9.54248		73.8235
1235		-18.4474		55.9408
1236		-14.1365		38.0872
1237		-0.0217896		28.8155
1238		15.7635		32.3099
1239		24.4135		46.4382
1240		20.6896		63.9481
1241		5.24695		76.0719
1242		-15.9718		76.6218
1243		-34.7468		64.5552
1244		-44.315		43.9326
1245		-41.9636		21.6093
1246		-29.4278		4.08453
1247		-11.2996		-4.84427
1248		7.3606		-4.68272
1249		22.8395		2.74481
1250		33.2553		14.8716
1251		37.9236		29.4465
1252		36.4919		44.5739
1253		28.7131		58.087
1254		15.0959		67.1307
1255		-2.13345		68.666
1256		-18.7154		60.8924
1257		-29.3399		44.7859
1258		-29.7388		24.6354
1259		-18.8654		6.90994
1260		0.138184		-2.26515
1261		20.943		0.182434
1262		36.6974		12.8374
1263		43.0421		30.5178
1264		39.8792		46.8512
1265		30.9212		57.352
1266		21.2803		61.305
1267		14.4963		61.4211
1268		10.7458		61.5182
1269		7.30153		63.6631
1270		0.966866		66.5794
1271		-9.03763		66.4126
1272		-19.6295		59.5222
1273		-25.0057		45.6567
1274		-19.984		29.4525
1275		-3.75092		19.0171
1276		18.2638		21.9714
1277		35.8275		40.9073
1278		38.3572		70.7937
1279		20.3403		100.058
1280		-15.0711		115.238
1281		-56.3713		107.169
1282		-88.1162		75.6957
1283		-97.5499		30.4822
1284		-80.3484		-12.6809
1285		-42.7285		-38.4705
1286		1.11407		-38.4794
1287		35.0204		-14.5648
1288		47.5254		22.3354
1289		36.1418		57.1718
1290		7.54321		77.069
1291		-26.0544		76.0466
1292		-52.2856		56.2983
1293		-63.1979		25.9667
1294		-57.1386		-5.00476
1295		-37.6873		-28.7196
1296		-10.8394		-41.2218
1297		17.7454		-42.1163
1298		44.0757		-32.8701
1299		65.5426		-15.2635
1300		79.8824		8.99915
1301		84.6265		37.5436
1302		77.7484		66.3819
1303		59.2198		89.9143
1304		32.3745		102.402
1305		3.8819		100.392
1306		-18.1213		84.7916
1307		-27.094		61.2649
1308		-20.882		38.4555
1309		-2.76678		24.6932
1310		19.8533		24.7377
1311		38.5449		38.1304
1312		47.1648		59.8973
1313		43.83		83.1135
1314		30.7225		101.901
1315		12.1289		113.323
1316		-7.97931		117.391
1317		-27.4031		115.539
1318		-45.5204		108.802
1319		-61.8517		96.9951
1320		-74.6108		79.444
1321		-80.4734		56.7383
1322		-75.9932		32.189
1323		-59.9749		11.7477
1324		-35.3464		2.01251
1325		-9.17279		7.13989
1326		9.59521		26.2866
1327		13.7695		53.1106
1328		1.21295		77.8636
1329		-23.9417		91.2547
1330		-52.8611		88.2755
1331		-75.6786		70.1422
1332		-85.5031		43.4467
1333		-80.8686		17.02
1334		-65.5794		-1.86768
1335		-46.2656		-10.1171
1336		-29.0959		-9.11385
1337		-17.3765		-2.93439
1338		-11.0961		4.29181
1339		-8.29132		10.2985
1340		-7.07953		14.9301
1341		-6.96069		18.8981
1342		-8.59314		22.1472
1343		-12.3372		23.1356
1344		-16.7253		19.6701
1345		-18.1375		10.8517
1346		-12.2343		-1.16174
1347		3.44446		-10.9223
1348		27.1738		-11.5446
1349		52.5386		2.03812
1350		70.3759		30.0337
1351		72.4922		66.6659
1352		55.4409		101.794
1353		22.4767		124.718
1354		-17.3651		128.458
1355		-52.704		112.512
1356		-74.1664		82.8262
1357		-77.6501		49.1191
1358		-65.1118		20.9406
1359		-42.7941		4.37738
1360		-18.0579		0.81366
1361		3.44965		7.95795
1362		18.9748		22.1582
1363		27.9458		40.471
1364		30.2585		61.3097
1365		24.9541		83.5146
1366		10.3247		104.745
1367		-14.5146		120.553
1368		-47.5776		125.115
1369		-82.9249		113.574
1370		-111.574		84.8968
1371		-124.374		43.6458
1372		-115.684		-0.503174
1373		-86.1583		-35.6297
1374		-43.1989		-51.7404
1375		1.26978		-44.4775
1376		34.8618		-16.7676
1377		48.9529		22.2727
1378		41.3784		60.6433
1379		16.6687		87.5655
1380		-16.0339		96.7746
1381		-46.3337		87.9139
1382		-65.8412		65.8354
1383		-70.2691		38.4387
1384		-59.9526		14.0425
1385		-39.0385		-0.818695
1386		-13.9216		-2.71655
1387		8.5022		8.2641
1388		22.4242		28.851
1389		24.3891		53.4591
1390		14.1329		75.5157
1391		-5.21387		89.1257
1392		-27.7797		90.7927
1393		-46.5343		80.6964
1394		-55.506		62.9586
1395		-51.9504		44.5524
1396		-37.6093		33.02
1397		-18.4124		33.7214
1398		-2.54163		47.66
1399		2.52454		70.8277
1400		-7.12488		95.4396
1401		-30.1951		112.677
1402		-60.4646		115.918
1403		-88.907		103.229
1404		-106.88		78.185
1405		-109.213		48.7162
1406		-96.1138		24.4134
1407		-73.2491		13.2187
1408		-49.9852		18.5988
1409		-36.3375		38.0948
1410		-39.5356		63.7393
1411		-61.2306		84.3082
1412		-96.2539		88.8835
1413		-133.502		70.7637
1414		-158.983		30.5188
1415		-160.384		-23.0031
1416		-131.825		-74.4581
1417		-77.1279		-106.488
1418		-10.0402		-105.75
1419		49.2338		-68.4664
1420		80.5244		-3.24188
1421		71.1497		70.434
1422		21.5141		128.063
1423		-53.6329		148.65
1424		-129.3		122.782
1425		-178.647		57.0154
1426		-182.706		-27.4717
1427		-137.733		-101.832
1428		-57.1754		-139.685
1429		32.653		-126.651
1430		101.673		-65.6432
1431		126.5		24.0492
1432		98.4083		113.435
1433		26.0238		173.654
1434		-67.8905		185.353
1435		-154.039		144.488
1436		-205.714		63.0043
1437		-206.479		-35.2288
1438		-154.408		-121.465
1439		-62.2501		-169.856
1440		45.934		-164.052
1441		140.577		-101.442
1442		193.656		5.55597
1443		185.843		131.417
1444		112.464		242.693
1445		-13.2754		306.024
1446		-161.387		297.644
1447		-291.402		211.938
1448		-363.254		65.9828
1449		-350.083		-102.54
1450		-248.78		-244.803
1451		-83.9252		-315.631
1452		97.482		-289.022
1453		239.841		-168.665
1454		297.155		11.0879
1455		249.208		195.084
1456		109.535		325.182
1457		-78.223		359.827
1458		-254.59		288.236
1459		-364.113		133.967
1460		-373.6		-53.362
1461		-282.318		-214.941
1462		-120.925		-301.963
1463		59.753		-290.416
1464		205.518		-186.89
1465		275.128		-24.4488
1466		251.115		148.911
1467		142.635		284.696
1468		-19.1111		346.718
1469		-190.391		319.226
1470		-326.196		209.37
1471		-390.653		44.5612
1472		-364.946		-134.027
1473		-251.809		-280.507
1474		-75.9238		-354.624
1475		120.36		-331.848
1476		286.023		-211.056
1477		373.958		-17.3087
1478		354.388		202.218
1479		225.157		389.379
1480		14.9808		491
1481		-222.541		475.064
1482		-423.303		341.747
1483		-531.445		125.052
1484		-516.477		-116.191
1485		-382.966		-315.434
1486		-169.415		-418.173
1487		63.3177		-397.932
1488		250.137		-263.421
1489		340.466		-55.0012
1490		311.885		167.869
1491		175.043		343.83
1492		-30.8012		426.206
1493		-249.46		394.556
1494		-423.012		258.761
1495		-506.484		55.4156
1496		-478.73		-161.991
1497		-347.41		-336.552
1498		-147.197		-422.154
1499		68.4751		-395.394
1500		240.62		-262.431
1501		320.15		-58.7247
1502		281.844		159.072
1503		132.844		327.747
1504		-87.4344		395.264
1505		-316.9		336.605
1506		-487.89		162.656
1507		-547.053		-81.2767
1508		-471.905		-327.554
1509		-278.607		-505.659
1510		-18.1688		-563.131
1511		238.032		-481.425
1512		419.005		-281.712
1513		474.811		-18.8514
1514		390.895		234.494
1515		191.986		408.71
1516		-65.2754		456.858
1517		-308.578		367.574
1518		-470.244		167.83
1519		-505.971		-84.8986
1520		-406.977		-318.785
1521		-202.354		-467.679
1522		49.0408		-489.652
1523		275.082		-378.965
1524		410.898		-167.978
1525		417.704		81.8866
1526		294.366		297.886
1527		77.9762		417.418
1528		-167.153		406.753
1529		-368.936		271.084
1530		-469.385		52.5349
1531		-441.891		-183.3
1532		-298.335		-367.859
1533		-83.9666		-450.31
1534		137.77		-411.719
1535		304.965		-268.529
1536		374.834		-65.113
1537		333.894		141.067
1538		198.597		296.181
1539		7.80142		363.382
1540		-189.215		329.697
1541		-345.032		206.165
1542		-423.748		23.0134
1543		-406.953		-177.726
1544		-296.372		-350.392
1545		-113.756		-453.972
1546		101.993		-460.286
1547		301.11		-361.369
1548		433.048		-174.197
1549		459.279		59.7881
1550		365.703		282.285
1551		170.213		432.553
1552		-78.607		465.269
1553		-313.055		366.058
1554		-465.656		158.646
1555		-490.24		-100.022
1556		-377.341		-336.042
1557		-158.085		-481.073
1558		105.129		-493.398
1559		337.926		-370.24
1560		476.424		-147.414
1561		485.264		112.864
1562		365.783		341.102
1563		152.915		479.898
1564		-96.6777		497.8
1565		-320.473		394.767
1566		-465.143		199.515
1567		-497.648		-38.8905
1568		-411.213		-262.377
1569		-226.33		-415.997
1570		12.8474		-459.525
1571		246.676		-377.268
1572		412.569		-184.164
1573		460.526		74.3348
1574		368.338		330.649
1575		151.539		511.575
1576		-136.641		559.457
1577		-417.545		451.612
1578		-609.396		210.704
1579		-653.042		-99.0288
1580		-532.141		-389.933
1581		-280.037		-578.085
1582		29.915		-610.137
1583		307.557		-480.245
1584		474.49		-231.067
1585		487.874		61.1322
1586		351.548		311.364
1587		111.667		451.658
1588		-160.105		449.121
1589		-388.865		311.578
1590		-516.523		81.0956
1591		-514.29		-180.394
1592		-386		-407.703
1593		-163.925		-546.741
1594		99.9331		-564.474
1595		344.578		-454.398
1596		511.574		-238.034
1597		556.94		37.6553
1598		462.305		307.847
1599		242.785		503.029
1600		-52.0164		566.486
1601		-346.774		472.021
1602		-558.956		235.866
1603		-622.944		-82.9875
1604		-512.174		-396.503
1605		-250.9		-612.678
1606		89.9417		-664.311
1607		412.784		-531.473
1608		623.228		-249.294
1609		659.495		102.169
1610		511.357		422.643
1611		222.299		622.323
1612		-125.116		648.116
1613		-434.899		497.278
1614		-625.319		215.269
1615		-650.097		-119.793
1616		-507.886		-419.874
1617		-239.286		-609.768
1618		85.8		-644.223
1619		385.987		-516.608
1620		587.055		-258.837
1621		638.203		66.2983
1622		523.598		378.724
1623		267.336		598.703
1624		-69.8211		665.84
1625		-402.743		555.676
1626		-642.061		289.233
1627		-718.112		-68.6341
1628		-602.222		-423.687
1629		-318.185		-677.137
1630		61.1271		-754.253
1631		432.556		-627.819
1632		691.988		-328.268
1633		765.24		63.6172
1634		630.486		439.712
1635		324.91		696.103
1636		-66.4536		763.149
1637		-435.781		624.774
1638		-683.254		321.626
1639		-744.234		-61.8982
1640		-605.372		-421.913
1641		-306.208		-663.081
1642		72.8898		-722.839
1643		432.271		-586.17
1644		678.233		-288.238
1645		746.061		94.9471
1646		615.922		465.347
1647		318.225		727.012
1648		-73.0461		810.268
1649		-458.075		690.268
1650		-736.454		394.913
1651		-833.867		-0.834351
1652		-722.992		-393.782
1653		-432.18		-680.061
1654		-38.6082		-783.816
1655		352.727		-678.49
1656		638.193		-394.07
1657		744.076		-8.01709
1658		645.9		377.076
1659		373.155		661.96
1660		-1.06378		776.609
1661		-381.219		696.412
1662		-674.363		445.316
1663		-812.02		86.8491
1664		-764.149		-292.948
1665		-543.458		-605.584
1666		-200.903		-778.821
1667		185.558		-771.186
1668		526.759		-580.696
1669		740.605		-246.723
1670		770.457		155.973
1671		600.318		531.48
1672		262.66		783.966
1673		-164.926		842.128
1674		-575.834		680.539
1675		-860.937		330.831
1676		-938.906		-122.542
1677		-781.16		-562.698
1678		-422.809		-872.053
1679		45.0576		-965.992
1680		500.242		-817.75
1681		823.968		-466.31
1682		934.221		-4.78122
1683		807.551		446.736
1684		483.204		774.875
1685		49.5009		902.882
1686		-382.132		808.373
1687		-706.973		525.29
1688		-852.304		131.451
1689		-792.464		-273.272
1690		-551.566		-591.722
1691		-195.004		-751.401
1692		187.17		-719.588
1693		501.178		-509.469
1694		670.843		-176.595
1695		655.4		193.784
1696		460.045		506.582
1697		136.129		680.278
1698		-230.31		668.555
1699		-540.113		474.2
1700		-707.792		150.402
1701		-686.178		-212.294
1702		-481.291		-510.688
1703		-152.132		-658.543
1704		205.325		-612.188
1705		485.565		-384.068
1706		604.186		-39.8513
1707		522.525		320.08
1708		259.032		589.107
1709		-115.596		684.385
1710		-497.65		569.951
1711		-778.302		266.94
1712		-872.59		-151.236
1713		-742.264		-577.081
1714		-407.107		-895.913
1715		57.8751		-1015.15
1716		539.042		-889.244
1717		911.245		-534.228
1718		1069.73		-27.5927
1719		959.253		507.803
1720		592.471		933.279
1721		51.4359		1130.77
1722		-530.142		1036.57
1723		-1000.64		662.337
1724		-1231.72		95.8722
1725		-1155.09		-520.045
1726		-783.481		-1025.68
1727		-208.687		-1288.36
1728		423.22		-1239.24
1729		952.1		-891.667
1730		1247.15		-336.031
1731		1240.65		286.656
1732		942.798		823.581
1733		434.967		1149.56
1734		-154.844		1196.3
1735		-685.915		964.931
1736		-1038.49		520.909
1737		-1139.43		-25.1998
1738		-975.378		-544.825
1739		-592.623		-920.01
1740		-85.0861		-1068.19
1741		426.631		-959.26
1742		821.514		-622.158
1743		1005.3		-139.442
1744		933.273		370.298
1745		623.055		779.723
1746		152.895		984.377
1747		-356.038		930.8
1748		-770.308		632.793
1749		-980.176		169.853
1750		-930.545		-333.218
1751		-637.19		-740.511
1752		-182.711		-943.117
1753		306.952		-889.618
1754		698.349		-599.709
1755		887.737		-157.198
1756		828.724		314.835
1757		542.88		688.654
1758		111.515		866.003
1759		-347.745		802.628
1760		-712.259		517.735
1761		-885.278		87.3896
1762		-819.36		-375.335
1763		-527.693		-748.242
1764		-81.4125		-929.794
1765		406.474		-864.607
1766		807.654		-559.137
1767		1010.46		-83.2951
1768		950.127		443.872
1769		629.365		882.759
1770		122.371		1110.09
1771		-441.058		1054.6
1772		-908.96		720.661
1773		-1149.79		191.321
1774		-1091.65		-392.09
1775		-745.577		-869.076
1776		-204.46		-1106.4
1777		382.835		-1037.33
1778		854.449		-681.111
1779		1082.06		-136.637
1780		1006.45		447.27
1781		651.626		914.865
1782		114.625		1146.13
1783		-464.177		1086.62
1784		-939.855		757.359
1785		-1199.24		244.429
1786		-1185.7		-326.289
1787		-908.176		-820.839
1788		-434.971		-1127.31
1789		123.937		-1178.63
1790		641.339		-964.951
1791		999.439		-535.019
1792		1114.71		13.532
1793		957.104		553.698
1794		559.533		956.269
1795		14.089		1120.17
1796		-546.555		999.354
1797		-980.339		618.457
1798		-1172.85		70.9538
1799		-1070.1		-502.223
1800		-696.534		-949.477
1801		-151.169		-1150.86
1802		418.516		-1053.12
1803		858.05		-686.005
1804		1050.28		-154.141
1805		948.757		393.397
1806		589.921		806.389
1807		80.7217		976.152
1808		-433.724		864.8
1809		-811.957		513.11
1810		-954.871		26.0304
1811		-830.672		-458.531
1812		-480.418		-807.862
1813		-4.3275		-929.016
1814		466.136		-791.445
1815		802.609		-433.184
1816		912.262		49.7914
1817		761.163		527.911
1818		383.539		870.438
1819		-125.286		978.848
1820		-631.333		813.519
1821		-995.441		406.891
1822		-1110.25		-141.383
1823		-931.21		-687.723
1824		-492.538		-1081.7
1825		97.9525		-1207.65
1826		685.373		-1019.03
1827		1109.41		-554.686
1828		1249.53		68.8622
1829		1060.15		688.141
1830		584.931		1137.76
1831		-54.6055		1296.53
1832		-692.711		1120.83
1833		-1165.04		655.557
1834		-1352.62		20.1303
1835		-1211.65		-625.216
1836		-781.677		-1122.3
1837		-171.684		-1354.56
1838		470.361		-1273.33
1839		994.954		-905.397
1840		1285.74		-342.355
1841		1283.78		283.81
1842		997.494		831.907
1843		497.754		1182.48
1844		-99.4576		1262.63
1845		-658.902		1060.49
1846		-1055.49		627.225
1847		-1201.77		65.7427
1848		-1067.98		-491.893
1849		-689.836		-914.51
1850		-161.311		-1102.95
1851		387.069		-1014.78
1852		820.046		-675.831
1853		1031.8		-174.48
1854		973.295		360.569
1855		665.062		793.685
1856		191.335		1017.79
1857		-322.887		982.08
1858		-745.499		704.253
1859		-972.151		264.115
1860		-952.725		-219.176
1861		-702.583		-619.481
1862		-296.292		-836.629
1863		153.681		-821.324
1864		527.075		-586.106
1865		726.777		-200.308
1866		703		228.988
1867		465.124		584.894
1868		78.6879		770.647
1869		-351.541		734.377
1870		-708.406		482.73
1871		-892.697		79.8574
1872		-849.514		-368.392
1873		-583.785		-741.569
1874		-160.422		-936.384
1875		311.562		-894.838
1876		707.301		-620.936
1877		919.336		-180.981
1878		886.812		313.067
1879		612.428		732.869
1880		162.336		967.61
1881		-350.94		953.21
1882		-797.719		688.974
1883		-1064.46		237.509
1884		-1082.28		-291.539
1885		-843.668		-769.178
1886		-403.683		-1078.84
1887		133.938		-1144.4
1888		641.892		-948.064
1889		999.541		-534.326
1890		1121.39		0.458466
1891		977.432		530.567
1892		600.871		930.465
1893		80.9711		1104.88
1894		-457.672		1012.38
1895		-885.164		676.435
1896		-1098.58		180.527
1897		-1048.22		-352.154
1898		-750.689		-789.853
1899		-284.658		-1026.11
1900		229.841		-1007.13
1901		663.127		-745.014
1902		909.697		-313.199
1903		914.779		174.349
1904		686.531		593.833
1905		291.322		843.495
1906		-165.608		868.131
1907		-568.005		670.505
1908		-817.393		307.999
1909		-855.91		-123.395
1910		-678.667		-513.019
1911		-333.837		-761.806
1912		88.8649		-805.479
1913		478.856		-630.273
1914		730.706		-277.9
1915		770.537		162.013
1916		576.95		571.746
1917		190.633		834.437
1918		-291.606		865.917
1919		-739.108		640.957
1920		-1021.76		205.334
1921		-1047.64		-331.851
1922		-792.523		-825.532
1923		-311.121		-1134.99
1924		275.066		-1165.28
1925		810.691		-896.537
1926		1150.63		-391.441
1927		1201.4		221.966
1928		946.974		786.561
1929		451.528		1159.81
1930		-160.635		1251.31
1931		-740.259		1043.56
1932		-1151.96		591.768
1933		-1305.63		5.37722
1934		-1173.39		-581.227
1935		-790.64		-1039.81
1936		-243.951		-1274.15
1937		348.994		-1236.76
1938		862.866		-935.872
1939		1188.11		-433.135
1940		1251.98		167.106
1941		1034.64		736.488
1942		576.929		1147.95
1943		-23.8827		1304.23
1944		-632.382		1163.38
1945		-1105.59		753.54
1946		-1329.28		170.552
1947		-1249.85		-443.714
1948		-891.2		-937.942
1949		-349.89		-1192.7
1950		231.28		-1153.64
1951		703.578		-845.777
1952		953.879		-364.179
1953		934.401		155.614
1954		671.898		577.328
1955		254.877		801.121
1956		-195.406		787.27
1957		-559.95		560.985
1958		-752.416		199.449
1959		-737.458		-192.797
1960		-534.322		-512
1961		-207.422		-679.68
1962		151.88		-658.896
1963		447.499		-460.469
1964		600.633		-139.242
1965		568.024		218.585
1966		353.238		515.166
1967		8.08192		664.711
1968		-377.654		616.407
1969		-697.444		370.588
1970		-856.114		-17.4976
1971		-797.418		-449.27
1972		-522.533		-808.083
1973		-92.733		-991.569
1974		385.698		-941.274
1975		790.312		-660.092
1976		1016.21		-211.831
1977		1004.09		296.688
1978		754.495		744.783
1979		324.911		1028.93
1980		-187.417		1086.63
1981		-670.503		907.805
1982		-1022.8		532.912
1983		-1172.83		41.0128
1984		-1090.72		-467.601
1985		-791.82		-890.254
1986		-333.557		-1139.86
1987		193.624		-1160.84
1988		681.133		-941.511
1989		1022.53		-520.369
1990		1137		17.0601
1991		990.957		553.208
1992		611.082		964.347
1993		82.6128		1152
1994		-469.404		1070.93
1995		-912.332		743.969
1996		-1142.53		257.526
1997		-1114.57		-262.416
1998		-853.043		-686.579
1999		-442.967		-919.243
2000		-2.00546		-923.563
2001		355.584		-727.533
2002		551.19		-409.852
2003		560.236		-71.9297
2004		412.376		193.649
2005		175.77		327.925
2006		-67.4472		317.092
2007		-245.744		189.535
2008		-315.834		1.93187
2009		-269.994		-179.646
2010		-133.419		-297.789
2011		45.6379		-317.021
2012		209.425		-230.548
2013		304.919		-60.4306
2014		296.351		148.106
2015		174.122		337.134
2016		-41.6402		449.668
2017		-304.188		444.034
2018		-550.083		305.669
2019		-714.247		52.9695
2020		-746.583		-265.093
2021		-625.589		-579.545
2022		-365.025		-817.574
2023		-11.7303		-919.861
2024		364.535		-854.42
2025		686.106		-623.756
2026		883.318		-264.42
2027		907.981		159.849
2028		742.57		569.245
2029		404.635		881.27
2030		-53.6679		1025.03
2031		-551.28		955.394
2032		-989.913		665.299
2033		-1271.75		193.215
2034		-1321.31		-377.906
2035		-1106.82		-933.035
2036		-654.503		-1348.65
2037		-49.4927		-1523.03
2038		579.957		-1405.08
2039		1092.57		-1012
2040		1370.66		-428.84
2041		1352.16		211.65
2042		1047.53		763.541
2043		536.053		1106.05
2044		-57.2044		1173.78
2045		-595.854		969.91
2046		-966.865		559.826
2047		-1105.34		49.0111
2048		-1003.75		-446.203
2049		-705.813		-825.819
2050		-289.96		-1024.7
2051		151.114		-1020.17
2052		529.282		-830.312
2053		775.485		-506.113
2054		849.545		-120.502
2055		745.85		244.544
2056		494.759		512.439
2057		158.424		627.263
2058		-180.416		567.476
2059		-436.526		353.974
2060		-544.015		48.2958
2061		-475.962		-261.033
2062		-254.891		-481.943
2063		50.8518		-545.776
2064		345.278		-429.124
2065		532.676		-162.833
2066		546.606		175.495
2067		370.596		483.566
2068		43.9672		664.097
2069		-348.748		652.915
2070		-701.059		437.176
2071		-913.155		59.1286
2072		-917.885		-394.609
2073		-697.793		-814.39
2074		-289.97		-1093.67
2075		221.378		-1153.96
2076		722.508		-963.79
2077		1094.39		-548.117
2078		1239.34		13.6156
2079		1105.04		601.485
2080		700.75		1079.56
2081		100.747		1326.86
2082		-567.772		1268.22
2083		-1151.56		896.919
2084		-1507.74		281.908
2085		-1540.71		-444.415
2086		-1229.19		-1116.2
2087		-634.898		-1574.82
2088		110.53		-1709.21
2089		837.363		-1484.47
2090		1379.71		-950.853
2091		1616		-230.736
2092		1497.37		512.124
2093		1057.18		1112.39
2094		400.457		1441.48
2095		-322.721		1435.47
2096		-952.669		1106.76
2097		-1355.8		538.436
2098		-1453.09		-136.61
2099		-1235.69		-766.416
2100		-765.093		-1214.11
2101		-157.803		-1388.26
2102		442.242		-1262.97
2103		897.699		-882.866
2104		1110.5		-351.243
2105		1045.01		196.228
2106		735.447		626.085
2107		275.097		840.826
2108		-209.849		802.636
2109		-594.525		540.531
2110		-787.915		139.282
2111		-754.624		-286.045
2112		-520.469		-622.004
2113		-161.593		-785.914
2114		218.436		-744.712
2115		516.336		-519.795
2116		654.273		-178.407
2117		597.08		184.717
2118		358.963		470.383
2119		-0.417969		597.75
2120		-389.011		523.044
2121		-702.325		251.158
2122		-847.278		-162.243
2123		-765.912		-619.715
2124		-453.784		-1002.14
2125		32.5801		-1197.26
2126		583.439		-1130.55
2127		1059.53		-790.198
2128		1327.4		-237.371
2129		1297.3		403.352
2130		952.282		973.18
2131		358.418		1320.81
2132		-348.421		1344.72
2133		-996.525		1023.2
2134		-1423.44		422.57
2135		-1518.95		-318.979
2136		-1253.56		-1026.9
2137		-684.944		-1534.54
2138		57.9972		-1723.64
2139		807.848		-1550.77
2140		1398.35		-1054.59
2141		1701.14		-344.184
2142		1651.97		426.961
2143		1262.2		1094.34
2144		614.925		1516.51
2145		-152.517		1603.88
2146		-876.583		1337.47
2147		-1401.37		774.224
2148		-1612.48		36.886
2149		-1463.97		-711.017
2150		-991.456		-1301.28
2151		-306.597		-1600.76
2152		427.771		-1544.83
2153		1036.99		-1155.16
2154		1378.7		-535.4
2155		1379.57		155.062
2156		1053.95		742.751
2157		498.795		1085.62
2158		-133.737		1109.46
2159		-677.846		825.12
2160		-997.852		322.397
2161		-1022.05		-256.653
2162		-758.235		-756.612
2163		-288.075		-1048.88
2164		256.611		-1062.95
2165		728.62		-801.773
2166		1002.22		-338.961
2167		1003.66		200.683
2168		728.987		672.096
2169		245.471		945.511
2170		-323.562		938.941
2171		-827.802		640.27
2172		-1126.9		113.333
2173		-1126.99		-514.626
2174		-807.694		-1082.48
2175		-231.629		-1435.55
2176		467.411		-1466.73
2177		1116.09		-1147.4
2178		1545.46		-538.696
2179		1635.65		220.915
2180		1348.76		949.272
2181		740.662		1466.58
2182		-51.833		1641.3
2183		-844.832		1423.5
2184		-1452.81		856.971
2185		-1733.44		67.7251
2186		-1620.6		-767.19
2187		-1137.94		-1461.74
2188		-391.296		-1863.2
2189		456.945		-1885.02
2190		1224.57		-1523.88
2191		1748.89		-858.279
2192		1920.54		-30.3838
2193		1705.58		784.694
2194		1151.76		1415.74
2195		378.247		1731.28
2196		-449.483		1667.34
2197		-1154.74		1241.48
2198		-1587.85		549.623
2199		-1659.28		-254.433
2200		-1360.15		-992.849
2201		-764.753		-1503.93
2202		-13.8168		-1679.33
2203		718.206		-1489.29
2204		1264.27		-989.439
2205		1504.36		-306.977
2206		1393.87		390.473
2207		973.371		935.941
2208		357.5		1203.81
2209		-294.509		1140
2210		-819.055		774.034
2211		-1089.07		210.108
2212		-1045.28		-400.528
2213		-709.929		-898.762
2214		-179.625		-1158.32
2215		400.712		-1117.62
2216		876.018		-794.598
2217		1121.42		-280.901
2218		1074.26		282.914
2219		749.709		744.558
2220		235.901		979.747
2221		-329.566		924.181
2222		-795.606		589.651
2223		-1036.5		60.4639
2224		-983.737		-528.434
2225		-642.949		-1025.67
2226		-92.3033		-1301.17
2227		536.844		-1278.05
2228		1091.77		-951.296
2229		1434.88		-389.126
2230		1476.27		282.738
2231		1195.17		909.981
2232		645.478		1345.08
2233		-55.4702		1481.32
2234		-752.646		1277.91
2235		-1287.88		770.617
2236		-1535.86		65.4491
2237		-1433.53		-683.857
2238		-996.165		-1309.77
2239		-315.907		-1669.12
2240		457.511		-1676.81
2241		1150.11		-1327.03
2242		1603.73		-696.481
2243		1713.52		71.8347
2244		1453.77		801.137
2245		885.364		1322.28
2246		142.518		1514.31
2247		-598.601		1334.14
2248		-1162.09		827.75
2249		-1415.13		119.66
2250		-1300.81		-617.213
2251		-852.322		-1204.11
2252		-184.732		-1500.88
2253		534.047		-1440.98
2254		1125.9		-1047.84
2255		1447.85		-428.201
2256		1428.22		256.144
2257		1084.06		830.777
2258		515.197		1154.03
2259		-123.441		1153.13
2260		-663.562		841.609
2261		-967.887		313.404
2262		-965.167		-284.031
2263		-666.721		-789.998
2264		-160.702		-1072.89
2265		413.491		-1063.31
2266		903.005		-769.705
2267		1181.08		-273.298
2268		1178.16		295.081
2269		897.219		789.501
2270		410.61		1085.47
2271		-159.783		1109.63
2272		-673.251		855.999
2273		-1004.2		385.821
2274		-1071.49		-188.103
2275		-856.8		-728.474
2276		-408.425		-1105.59
2277		170.066		-1227.36
2278		743.645		-1060.7
2279		1176.81		-639.507
2280		1364.91		-57.5117
2281		1258.66		552.756
2282		876.297		1050.12
2283		300.134		1317.32
2284		-341.633		1288.33
2285		-903.985		964.192
2286		-1258.23		413.394
2287		-1321.61		-243.225
2288		-1076.54		-859.637
2289		-575.054		-1297.65
2290		72.448		-1458.33
2291		721.806		-1304.74
2292		1227.5		-870.88
2293		1475.79		-254.698
2294		1411.13		403.599
2295		1049.79		953.36
2296		477.008		1268.45
2297		-172.13		1277.27
2298		-744.182		980.519
2299		-1104.07		451.773
2300		-1168		-179.768
2301		-924.194		-760.675
2302		-435.767		-1151.06
2303		175.31		-1259.08
2304		759.029		-1063.06
2305		1174.86		-615.685
2306		1326.07		-29.2757
2307		1182.04		553.299
2308		783.378		994.158
2309		229.577		1193.07
2310		-346.814		1109.45
2311		-812.175		769.184
2312		-1062.21		256.02
2313		-1044.14		-309.364
2314		-766.66		-797.18
2315		-296.508		-1097.09
2316		256.892		-1141.94
2317		765.482		-922.225
2318		1110.62		-488.597
2319		1209.76		58.3644
2320		1036.17		589.745
2321		626.993		977.301
2322		76.7749		1123.87
2323		-483.189		987.983
2324		-915.673		596.087
2325		-1111.35		38.2241
2326		-1016.9		-552.638
2327		-649.661		-1033.01
2328		-94.4055		-1284.73
2329		517.302		-1244.77
2330		1039.73		-921.027
2331		1349.01		-390.037
2332		1373.11		222.398
2333		1108.42		772.262
2334		619.338		1131.87
2335		21.859		1219.45
2336		-544.307		1017.14
2337		-948.058		573.899
2338		-1096.44		-6.60114
2339		-955.172		-589.824
2340		-556.023		-1040.74
2341		10.2657		-1254.22
2342		614.179		-1178.95
2343		1116.6		-829.727
2344		1400.75		-284.886
2345		1399.76		331.094
2346		1113.04		876.283
2347		607.227		1224.86
2348		0.695679		1297.41
2349		-564.791		1080.18
2350		-958.41		628.281
2351		-1091.85		51.8221
2352		-940.117		-511.461
2353		-546.334		-929.916
2354		-9.8508		-1109.43
2355		539		-1014.86
2356		970.709		-676.623
2357		1187.06		-181.525
2358		1143.16		349.311
2359		856.304		789.64
2360		400.339		1037.53
2361		-112.78		1038.43
2362		-559.674		796.952
2363		-834.441		374.956
2364		-873.314		-123.466
2365		-669.499		-576.802
2366		-274.689		-875.087
2367		213.296		-946.327
2368		674.076		-774.039
2369		993.985		-401.479
2370		1093.97		78.719
2371		949.17		547.129
2372		595.298		886.853
2373		120.049		1012.33
2374		-358.208		890.509
2375		-719.276		549.216
2376		-870.434		70.7785
2377		-769.19		-427.465
2378		-434.149		-821.101
2379		58.5265		-1008.48
2380		592.282		-935.531
2381		1037.18		-609.858
2382		1280.7		-100.524
2383		1255.25		476.707
2384		955.863		985.782
2385		443.371		1302.56
2386		-168.311		1345.22
2387		-738.298		1095.32
2388		-1132.27		603.799
2389		-1255.17		-19.9926
2390		-1074.74		-633.98
2391		-629.645		-1097.31
2392		-20.2874		-1304
2393		615.458		-1207.76
2394		1135		-831.981
2395		1424.04		-262.973
2396		1421.9		371.217
2397		1133.65		930.63
2398		627.125		1294.63
2399		16.4638		1387.7
2400		-563.631		1194.62
2401		-987.18		762.703
2402		-1163.9		190.892
2403		-1058.6		-391.82
2404		-699.158		-854.541
2405		-170.994		-1093.69
2406		401.489		-1057.09
2407		883.201		-757.21
2408		1160.47		-269.509
2409		1169.27		284.735
2410		912.08		767.883
2411		458.143		1060.62
2412		-73.7754		1092.75
2413		-546.029		861.533
2414		-838.028		432.187
2415		-877.579		-79.7397
2416		-659.02		-539.185
2417		-243.463		-826.94
2418		258.354		-869.943
2419		715.371		-658.756
2420		1009.53		-248.429
2421		1064.65		256.486
2422		864.204		728.233
2423		454.642		1046.75
2424		-65.8051		1128.13
2425		-569.873		944.676
2426		-930.663		532.463
2427		-1051.63		-15.2691
2428		-890.776		-568.03
2429		-473.47		-987.736
2430		110.137		-1162.05
2431		723.714		-1033.67
2432		1216.3		-617.897
2433		1459.74		-2.67387
2434		1382.47		670.213
2435		990.182		1239.1
2436		367.029		1563.09
2437		-343.921		1558.36
2438		-975.948		1220.16
2439		-1380.22		624.322
2440		-1462.3		-91.9371
2441		-1204.21		-764.077
2442		-666.88		-1239.9
2443		26.1909		-1414.47
2444		718.995		-1252.34
2445		1258.59		-793.046
2446		1528.05		-140.166
2447		1470.33		562.306
2448		1099.17		1160.85
2449		495.687		1524.49
2450		-208.221		1572.35
2451		-857.037		1291.72
2452		-1304.73		742.753
2453		-1447.67		47.6497
2454		-1250.11		-634.734
2455		-755.616		-1144.78
2456		-79.8178		-1360.66
2457		615.374		-1229.89
2458		1161		-784.757
2459		1423.94		-136.286
2460		1341.85		553.045
2461		939.933		1110.95
2462		324.358		1400.11
2463		-345.953		1353.59
2464		-901.359		990.965
2465		-1205.4		411.334
2466		-1188.63		-234.371
2467		-863.822		-783.246
2468		-319.664		-1101.47
2469		304.102		-1116
2470		852.557		-829.84
2471		1193.17		-318.353
2472		1246.23		291.004
2473		1001.86		849.927
2474		520.69		1224.05
2475		-81.1431		1323.69
2476		-659.194		1124.26
2477		-1074.15		672.004
2478		-1224.4		73.8103
2479		-1070.58		-527.202
2480		-646.012		-985.16
2481		-50.1866		-1186.54
2482		574.115		-1078.46
2483		1074.94		-682.8
2484		1328.44		-92.1528
2485		1269.86		552.057
2486		910.138		1093.98
2487		333.782		1401.65
2488		-321.694		1399.5
2489		-899.365		1086.81
2490		-1261.04		537.631
2491		-1320.5		-117.403
2492		-1063.8		-722.691
2493		-552.147		-1134.83
2494		92.9271		-1256.46
2495		718.464		-1059.1
2496		1176.11		-589.753
2497		1357.09		40.0043
2498		1218.12		680.127
2499		792.176		1177.48
2500		181.302		1412.44
2501		-467.247		1328.13
2502		-996.308		944.928
2503		-1277.21		356.286
2504		-1241.78		-293.654
2505		-899.648		-845.49
2506		-336.173		-1164.23
2507		308.926		-1173
2508		876.699		-872.096
2509		1228.84		-338.201
2510		1281.92		295.602
2511		1027.16		873.803
2512		531.179		1257.3
2513		-82.0715		1357.15
2514		-662.944		1155.03
2515		-1072.96		705.82
2516		-1217.82		122.508
2517		-1068.83		-452.298
2518		-668.14		-881.008
2519		-117.281		-1063.6
2520		448.033		-960.657
2521		890.631		-601.827
2522		1104.61		-77.9576
2523		1040.43		481.192
2524		716.513		938.488
2525		214.478		1182.76
2526		-341.111		1155.87
2527		-813.59		866.845
2528		-1088.1		389.166
2529		-1099.96		-157.969
2530		-850.186		-639.877
2531		-404.293		-940.158
2532		125.234		-989.281
2533		607.821		-780.725
2534		927.373		-370.921
2535		1010.13		136.339
2536		841.129		616.405
2537		465.841		954.135
2538		-22.4145		1070.66
2539		-505.56		940.638
2540		-868.481		596.688
2541		-1025.15		120.871
2542		-937.737		-374.478
2543		-625.002		-772.241
2544		-158.35		-977.077
2545		353.77		-937.577
2546		790.236		-659.172
2547		1045.48		-204.44
2548		1055.36		320.122
2549		814.195		788.679
2550		378.068		1086.72
2551		-147.509		1140.29
2552		-633.354		935.829
2553		-959.482		524.787
2554		-1046.32		10.9038
2555		-875.478		-476.675
2556		-494.083		-817.195
2557		-1.45216		-929.471
2558		477.872		-791.778
2559		826.81		-445.291
2560		964.93		19.0685
2561		866.487		485.769
2562		563.479		844.219
2563		134.355		1014.77
2564		-317.285		965.117
2565		-687.8		714.486
2566		-896.339		326.07
2567		-900.944		-109.073
2568		-705.564		-492.592
2569		-357.65		-739.667
2570		62.6433		-796.495
2571		459.561		-651.509
2572		742.253		-338.252
2573		844.966		71.1452
2574		742.674		481.304
2575		458.185		795.161
2576		58.1559		937.131
2577		-361.962		872.125
2578		-700.898		615.094
2579		-876.726		227.999
2580		-847.44		-195.448
2581		-621.246		-553.293
2582		-253.83		-760.677
2583		166.347		-770.183
2584		540.319		-582.065
2585		782.29		-242.407
2586		838.805		169.358
2587		699.345		559.653
2588		396.91		841.762
2589		-0.508682		954.121
2590		-405.066		872.675
2591		-727.659		615.486
2592		-896.664		239.077
2593		-873.553		-172.994
2594		-662.321		-527.665
2595		-310.19		-743.064
2596		101.61		-768.1
2597		475.97		-596.04
2598		723.307		-267.821
2599		784.388		136.879
2600		646.08		519.329
2601		345.042		787.19
2602		-42.2004		878.48
2603		-420.046		776.992
2604		-699.244		514.734
2605		-819.341		161.157
2606		-761.851		-196.849
2607		-551.281		-477.685
2608		-245.175		-623.886
2609		82.4964		-612.643
2610		359.228		-456.883
2611		528.681		-198.637
2612		559.916		102.028
2613		450.973		379.462
2614		227.756		574.298
2615		-60.8428		643.873
2616		-351.24		570.588
2617		-576.745		367.07
2618		-681.592		76.2545
2619		-635.023		-235.374
2620		-441.591		-491.678
2621		-143.57		-625.662
2622		187.008		-598.308
2623		465.938		-411.423
2624		619.611		-109.519
2625		606.083		230.934
2626		427.513		522.188
2627		129.748		689.538
2628		-210.837		691.59
2629		-508.803		530.343
2630		-692.45		248.585
2631		-721.137		-83.5216
2632		-592.83		-387.65
2633		-341.241		-596.27
2634		-25.0796		-666.584
2635		286.508		-587.175
2636		528.419		-377.61
2637		651.492		-82.6846
2638		630.73		236.752
2639		469.534		514.965
2640		199.622		693.46
2641		-123.893		732.759
2642		-432.54		621.802
2643		-658.719		382.324
2644		-751.453		65.924
2645		-689.601		-256.76
2646		-488.264		-512.805
2647		-195.746		-645.32
2648		118.646		-627.887
2649		382.55		-470.673
2650		538.823		-216.444
2651		558.743		71.8989
2652		446.746		327.985
2653		236.353		497.73
2654		-20.3006		550.105
2655		-265.497		481.18
2656		-448.007		312.018
2657		-532.065		82.4068
2658		-502.697		-157.494
2659		-367.704		-356.245
2660		-156.551		-470.342
2661		84.1081		-472.988
2662		298.698		-361.138
2663		434.48		-158.721
2664		454.877		86.2132
2665		350.845		311.408
2666		146.157		456.002
2667		-106.386		477.847
2668		-338.008		367.037
2669		-483.026		150.678
2670		-498.126		-113.427
2671		-375.535		-352.72
2672		-145.658		-500.515
2673		131.6		-514.765
2674		383.808		-389.221
2675		545.728		-154.055
2676		575.847		133.372
2677		465.527		404.01
2678		239.332		594.067
2679		-52.2314		659.137
2680		-344.78		582.875
2681		-573.846		379.449
2682		-687.869		90.2162
2683		-658.604		-224.365
2684		-487.523		-496.417
2685		-206.976		-664.44
2686		124.869		-687.038
2687		435.332		-553.67
2688		653.189		-289.277
2689		725.898		49.4379
2690		633.499		386.216
2691		394.895		643.397
2692		64.1263		761.267
2693		-282.735		713.104
2694		-566.491		511.589
2695		-724.137		204.93
2696		-723.358		-135.787
2697		-568.732		-434.111
2698		-298.885		-625.762
2699		23.7081		-672.105
2700		327.146		-567.165
2701		545.408		-337.644
2702		631.778		-36.7032
2703		568.403		267.054
2704		370.578		503.719
2705		84.678		617.238
2706		-220.693		578.918
2707		-469.612		396.056
2708		-597.257		112.658
2709		-567.495		-199.382
2710		-384.461		-457.682
2711		-93.7921		-591.336
2712		228.04		-561.264
2713		494.086		-372.44
2714		631.234		-73.675
2715		601.059		255.521
2716		410.701		527.157
2717		110.481		669.231
2718		-220.678		645.05
2719		-497.174		461.987
2720		-649.264		167.893
2721		-640.01		-162.767
2722		-472.786		-448.393
2723		-188.617		-619.892
2724		144.776		-635.976
2725		448.903		-491.455
2726		651.804		-217.693
2727		703.58		124.245
2728		587.555		456.365
2729		325.036		700.39
2730		-27.7594		795.44
2731		-390.87		713.15
2732		-678.342		466.357
2733		-818.975		108.301
2734		-774.898		-278.618
2735		-552.591		-602.498
2736		-202.616		-785.114
2737		192.493		-782.186
2738		539.088		-594.852
2739		756.135		-269.021
2740		795.122		116.962
2741		650.88		472.464
2742		361.049		716.688
2743		-4.66613		796.964
2744		-361.813		699.23
2745		-630.382		449.26
2746		-751.684		105.525
2747		-700		-254.011
2748		-487.473		-548.353
2749		-161.729		-710.412
2750		203.497		-701.665
2751		523.647		-521.765
2752		722.216		-210.535
2753		749.488		159.278
2754		596.404		498.137
2755		299.094		721.712
2756		-68.4608		773.261
2757		-412.796		639.868
2758		-645.802		357.109
2759		-708.899		0.00296783
2760		-589.133		-337.532
2761		-322.163		-568.634
2762		18.6886		-636.96
2763		343.622		-530.693
2764		571.009		-283.439
2765		648.133		37.2872
2766		562.536		349.599
2767		341.976		578.567
2768		44.4925		673.556
2769		-257.498		617.909
2770		-494.475		429.965
2771		-614.608		156.628
2772		-593.65		-138.135
2773		-438.869		-387.269
2774		-186.891		-534.652
2775		104.095		-546.96
2776		366.694		-421.269
2777		539.244		-186.51
2778		580.388		102.249
2779		479.691		376.188
2780		261.103		569.319
2781		-22.3253		635.124
2782		-301.602		558.586
2783		-509.417		360.003
2784		-597.274		89.3443
2785		-547.271		-187.161
2786		-375.402		-404.182
2787		-125.98		-513.267
2788		140.64		-493.48
2789		363.179		-354.52
2790		493.403		-132.467
2791		505.892		119.897
2792		402.153		345.404
2793		209.013		494.756
2794		-27.8098		536.587
2795		-253.619		463.811
2796		-416.494		295.229
2797		-478.907		71.833
2798		-426.841		-152.023
2799		-274.022		-321.235
2800		-59.5259		-393.7
2801		161.447		-351.624
2802		331.746		-206.891
2803		407.643		1.62514
2804		370.854		218.517
2805		233.377		387.182
2806		33.5626		465.41
2807		-175.304		436.425
2808		-340.184		312.175
2809		-422.417		128.305
2810		-406.708		-66.9939
2811		-302.907		-226.371
2812		-141.037		-314.886
2813		38.0231		-316.899
2814		193.004		-237.385
2815		291.127		-98.5091
2816		313.846		66.708
2817		259.117		221.768
2818		140.642		333.738
2819		-15.2874		379.18
2820		-174.85		348.455
2821		-303.168		247.844
2822		-371.451		98.8363
2823		-363.528		-65.8171
2824		-280.141		-208.996
2825		-139.495		-297.755
2826		26.5506		-311.39
2827		179.992		-246.711
2828		285.938		-118.876
2829		321.03		42.528
2830		278.676		200.967
2831		169.852		321.784
2832		19.6275		379.919
2833		-139.211		364.736
2834		-273.534		281.215
2835		-356.477		147.889
2836		-372.179		-7.50953
2837		-318.202		-153.581
2838		-205.65		-261.043
2839		-57.1318		-308.097
2840		97.2575		-284.719
2841		225.594		-195.113
2842		300.692		-57.5373
2843		306.282		98.9682
2844		241.219		240.699
2845		120.262		337.035
2846		-29.1456		367.839
2847		-173.514		328.36
2848		-281.558		230.135
2849		-331.703		97.6064
2850		-316.727		-38.4413
2851		-244.416		-148.571
2852		-134.469		-211.295
2853		-12.9706		-217.003
2854		93.7644		-168.689
2855		164.419		-79.9987
2856		186.141		28.3632
2857		156.141		132.805
2858		81.7319		210.959
2859		-20.8946		245.472
2860		-129.114		227.338
2861		-217.654		158.401
2862		-263.625		52.2877
2863		-252.126		-67.0868
2864		-181.1		-169.905
2865		-63.7351		-227.333
2866		72.9584		-219.412
2867		193.786		-141.701
2868		264.192		-8.35471
2869		259.982		149.827
2870		175.064		292.384
2871		24.6809		379.546
2872		-157.134		383.155
2873		-325.457		295.007
2874		-435.696		130.21
2875		-455.174		-75.504
2876		-372.002		-273.87
2877		-198.963		-415.562
2878		28.5744		-462.201
2879		260.223		-396.032
2880		441.878		-224.971
2881		528.212		18.1615
2882		493.549		282.158
2883		338.659		508.394
2884		91.7873		643.931
2885		-196.552		653.918
2886		-464.144		530.391
2887		-650.837		295.296
2888		-712.461		-3.32025
2889		-631.614		-301.376
2890		-422.601		-532.978
2891		-129.077		-645.581
2892		185.283		-612.453
2893		451.063		-439.374
2894		609.024		-163.822
2895		623.86		153.294
2896		492.501		441.47
2897		244.948		636.779
2898		-62.5915		696.567
2899		-360.669		609.229
2900		-582.634		396.779
2901		-680.014		109.598
2902		-633.648		-185.41
2903		-457.968		-420.517
2904		-197.397		-543.072
2905		84.346		-527.856
2906		319.559		-382.948
2907		452.891		-147.614
2908		454.776		117.365
2909		328.658		344.706
2910		110.13		477.368
2911		-141.963		482.942
2912		-360.389		362.002
2913		-486.743		148.215
2914		-486.697		-100.047
2915		-359.319		-314.62
2916		-137.898		-435.339
2917		118.159		-426.138
2918		338.501		-285.215
2919		460.293		-46.4277
2920		445.19		228.7
2921		290.308		466.517
2922		30.1256		600.422
2923		-271.413		588.713
2924		-536.756		426.369
2925		-694.553		147.548
2926		-698.336		-182.039
2927		-539.187		-481.041
2928		-249.074		-672.689
2929		106.094		-704.215
2930		441.992		-560.567
2931		676.183		-268.994
2932		748.194		106.656
2933		634.516		480.538
2934		354.928		764.828
2935		-31.369		890.431
2936		-438.923		823.505
2937		-775.489		573.96
2938		-963.316		193.879
2939		-957.362		-233.871
2940		-756.167		-614.337
2941		-402.751		-862.255
2942		24.846		-921.855
2943		431.34		-780.016
2944		726.202		-469.529
2945		844.694		-61.5598
2946		762.883		350.989
2947		502.966		675.259
2948		127.625		840.101
2949		-275.183		812.371
2950		-613.219		603.988
2951		-811.589		268.191
2952		-829.818		-113.888
2953		-670.405		-452.907
2954		-377.067		-672.422
2955		-23.356		-726.443
2956		305.431		-609.412
2957		532.699		-356.49
2958		608.564		-34.2416
2959		521.278		275.97
2960		299.433		497.966
2961		4.40929		579.385
2962		-285.208		504.5
2963		-493.564		297.981
2964		-566.964		18.5124
2965		-487.849		-256.401
2966		-279.583		-450.73
2967		-0.534439		-510.14
2968		271.248		-416.769
2969		458.872		-194.441
2970		507.429		97.2686
2971		399.147		378.706
2972		158.691		571.396
2973		-152.914		619.166
2974		-454.103		503.441
2975		-664.119		248.637
2976		-724.18		-83.7245
2977		-612.97		-410.521
2978		-352.521		-648.074
2979		-3.12302		-733.312
2980		351.317		-639.785
2981		623.765		-384.641
2982		745.361		-24.9489
2983		682.385		355.663
2984		444.866		666.863
2985		84.7412		833.226
2986		-316.034		812.468
2987		-664.681		605.917
2988		-879.549		258.647
2989		-909.584		-150.88
2990		-746.569		-529.206
2991		-427.14		-789.913
2992		-24.092		-873.937
2993		370.876		-763.262
2994		668.723		-484.749
2995		803.699		-103.343
2996		748.173		293.492
2997		518.34		616.256
2998		169.713		793.931
2999		-216.254		789.847
3000		-551.181		609.443
3001		-760.036		298.372
3002		-798.161		-68.494
3003		-661.25		-404.64
3004		-386.05		-632.161
3005		-41.4774		-700.09
3006		287.972		-596.493
3007		522.776		-351.275
3008		607.977		-28.7004
3009		526.837		288.809
3010		304.868		521.677
3011		2.91748		613.575
3012		-299.04		545.735
3013		-523.102		341.229
3014		-613.826		58.0439
3015		-552.242		-227.04
3016		-359.741		-439.161
3017		-91.154		-524.867
3018		180.69		-465.205
3019		384.334		-279.259
3020		467.733		-17.8361
3021		410.48		250.406
3022		227.693		456.402
3023		-34.6958		547.324
3024		-311.535		498.721
3025		-533.945		319.852
3026		-645.3		51.4568
3027		-614.437		-243.367
3028		-443.443		-493.312
3029		-168.253		-635.287
3030		148.438		-629.714
3031		430.96		-471.206
3032		608.476		-191.673
3033		632.802		145.593
3034		491.643		460.188
3035		213.388		674.126
3036		-138.454		731.757
3037		-480.257		614.675
3038		-729.034		347.318
3039		-823.429		-8.54395
3040		-739.247		-369.035
3041		-495.394		-649.023
3042		-148.835		-782.968
3043		219.755		-740.41
3044		525.65		-532.439
3045		699.939		-208.071
3046		704.933		158.021
3047		541.895		483.092
3048		249.831		695.059
3049		-103.926		748.36
3050		-439.12		633.733
3051		-680.651		379.99
3052		-775.572		47.3873
3053		-705.302		-286.176
3054		-490.14		-543.328
3055		-184.624		-665.712
3056		135.599		-628.296
3057		392.524		-445.631
3058		525.47		-168.077
3059		506.467		131.393
3060		346.997		376.404
3061		94.1425		507.168
3062		-182.778		495.666
3063		-411.182		351.876
3064		-534.375		119.574
3065		-525.59		-136.662
3066		-393.395		-349.21
3067		-177.631		-464.887
3068		62.328		-457.635
3069		263.391		-333.636
3070		374.439		-128.285
3071		368.276		103.545
3072		247.453		301.272
3073		43.1493		413.176
3074		-192.393		408.717
3075		-398.199		286.079
3076		-519.149		73.2728
3077		-519.745		-177.722
3078		-393.838		-402.907
3079		-167.64		-541.927
3080		105.345		-553.808
3081		356.853		-428.634
3082		521.061		-191.66
3083		552.06		101.826
3084		436.675		379.996
3085		198.844		572.912
3086		-105.948		630.828
3087		-404.744		537.239
3088		-625.773		313.063
3089		-716.502		10.9919
3090		-656.265		-298.159
3091		-460.417		-543.133
3092		-175.479		-669.197
3093		132.902		-650.261
3094		395.72		-493.65
3095		556.2		-237.055
3096		581.802		61.0086
3097		470.381		334.717
3098		249.636		525.389
3099		-29.6821		593.949
3100		-305.284		528.956
3101		-517.171		348.645
3102		-620.929		96.4889
3103		-597.607		-168.901
3104		-457.81		-387.418
3105		-238.883		-511.579
3106		4.37534		-517.681
3107		213.315		-411.141
3108		339.95		-224.543
3109		358.656		-8.81268
3110		271.966		180.153
3111		109.008		295.872
3112		-82.8881		312.859
3113		-251.054		232.456
3114		-351.34		81.5371
3115		-359.341		-95.3511
3116		-276.209		-248.179
3117		-127.72		-334.737
3118		42.9894		-331.656
3119		187.08		-240.408
3120		263.073		-86.8362
3121		248.028		85.6643
3122		143.971		227.641
3123		-22.1582		296.875
3124		-205.194		270.057
3125		-353.497		149.722
3126		-422.813		-35.5611
3127		-388.576		-238.022
3128		-253.278		-402.932
3129		-46.7539		-483.068
3130		180.848		-451.543
3131		371.651		-309.51
3132		474.873		-86.6208
3133		459.993		165.89
3134		324.833		387.677
3135		96.5748		524.073
3136		-174.449		539.476
3137		-426.52		426.111
3138		-600.969		206.187
3139		-655.886		-72.9222
3140		-576.002		-349.285
3141		-376.585		-560.394
3142		-100.47		-657.446
3143		191.221		-616.764
3144		432.736		-445.759
3145		568.795		-181.883
3146		567.693		115.467
3147		429.225		378.484
3148		185.272		546.917
3149		-107.43		582.609
3150		-380.802		478.899
3151		-571.98		262.308
3152		-638.689		-14.0978
3153		-569.423		-284.066
3154		-385.736		-484.755
3155		-136.106		-572.21
3156		116.912		-531.684
3157		312.698		-380.248
3158		407.519		-161.279
3159		384.636		67.4322
3160		257.218		248.641
3161		63.7201		339.785
3162		-142.756		322.86
3163		-308.213		207.846
3164		-391.174		29.1931
3165		-372.602		-163.514
3166		-260.101		-318.312
3167		-85.5681		-393.945
3168		103.074		-370.22
3169		254.089		-253.167
3170		325.202		-73.7288
3171		294.73		119.851
3172		167.747		274.219
3173		-24.4396		344.815
3174		-231.654		307.981
3175		-397.45		168.072
3176		-473.889		-42.5256
3177		-434.693		-270.802
3178		-283.199		-456.318
3179		-52.7932		-546.918
3180		200.612		-512.882
3181		412.336		-355.681
3182		525.483		-108.835
3183		506.001		169.588
3184		352.243		411.091
3185		96.4009		553.935
3186		-202.721		558.998
3187		-473.873		420.179
3188		-650.923		166.6
3189		-689.364		-144.04
3190		-577.572		-439.334
3191		-339.947		-649.789
3192		-31.1427		-725.79
3193		277.157		-649.66
3194		513.594		-439.843
3195		624.298		-146.252
3196		585.638		161.999
3197		409.488		413.356
3198		139.852		550.933
3199		-158.198		545.806
3200		-414.435		403.338
3201		-570.317		161.158
3202		-592.684		-120.564
3203		-481.066		-374.042
3204		-266.985		-540.32
3205		-5.5714		-583.249
3206		238.377		-497.676
3207		406.411		-309.946
3208		460.62		-70.7142
3209		392.563		158.108
3210		224.795		319.003
3211		4.66267		373.233
3212		-208.045		310.403
3213		-356.518		150.824
3214		-401.551		-59.9075
3215		-331.708		-262.782
3216		-166.421		-400.756
3217		48.8243		-433.771
3218		254.104		-349.592
3219		390.643		-167.64
3220		416.46		65.338
3221		318.066		286.842
3222		115.076		434.691
3223		-143.703		463.571
3224		-392.003		357.781
3225		-562.886		136.693
3226		-606.403		-148.806
3227		-503.487		-428.31
3228		-272.281		-629.515
3229		35.0879		-696.985
3230		344.732		-607.151
3231		579.278		-375.456
3232		677.518		-53.5689
3233		610.298		282.784
3234		388.476		552.303
3235		60.8432		688.193
3236		-297.423		654.693
3237		-602.809		455.949
3238		-783.446		135.135
3239		-796.129		-235.773
3240		-636.381		-572.935
3241		-339.36		-800.166
3242		28.4031		-866.477
3243		384.39		-757.714
3244		649.062		-499.723
3245		764.151		-152.397
3246		706.161		204.135
3247		491.953		488.139
3248		174.929		635.551
3249		-167.568		615.373
3250		-452.917		437.325
3251		-613.532		149.576
3252		-613.759		-173.254
3253		-458.848		-449.027
3254		-193.403		-609.176
3255		110.496		-616.351
3256		372.449		-473.805
3257		524.998		-223.92
3258		531.194		63.6922
3259		393.731		311.146
3260		153.356		453.029
3261		-122.71		453.324
3262		-358.941		314.186
3263		-491.264		74.6195
3264		-483.353		-200.144
3265		-335.559		-435.54
3266		-84.6697		-566.491
3267		205.141		-553.68
3268		457.843		-393.608
3269		603.998		-120.255
3270		598.009		202.06
3271		430.269		493.223
3272		131.253		676.244
3273		-233.847		696.388
3274		-579.252		535.964
3275		-818.662		220.849
3276		-886.634		-183.473
3277		-755.911		-586.051
3278		-445.979		-891.727
3279		-20.212		-1024.36
3280		428.105		-946.054
3281		797.508		-667.262
3282		1002.38		-245.22
3283		993.214		228.998
3284		768.22		651.344
3285		373.689		928.394
3286		-106.49		998.11
3287		-569.396		843.246
3288		-915.336		494.858
3289		-1069.07		25.5843
3290		-995.775		-465.617
3291		-708.683		-874.156
3292		-266.932		-1111.91
3293		236.259		-1126.38
3294		693.062		-912.934
3295		1004.51		-516.947
3296		1102.98		-24.8558
3297		968.382		454.753
3298		633.672		816.051
3299		177.688		981.021
3300		-293.533		918.249
3301		-672.486		650.327
3302		-876.378		247.685
3303		-866.842		-189.627
3304		-658.051		-557.28
3305		-311.382		-772.351
3306		81.4934		-792.688
3307		422.24		-625.348
3308		629.94		-322.65
3309		659.783		32.3988
3310		512.357		347.183
3311		232.03		541.888
3312		-104.614		568.242
3313		-407.441		420.758
3314		-594.478		138.219
3315		-612.118		-204.994
3316		-449.38		-516.233
3317		-142.64		-707.222
3318		231.075		-717.093
3319		571.665		-530.165
3320		781.014		-183.333
3321		789.591		239.981
3322		577.46		629.005
3323		183.352		873.779
3324		-301.766		895.112
3325		-755.886		668.038
3326		-1056.84		231.761
3327		-1114.71		-317.277
3328		-896.903		-847.908
3329		-438.953		-1226.59
3330		162.02		-1351.18
3331		769.55		-1177.34
3332		1240.16		-731.049
3333		1457.75		-104.081
3334		1361.86		566.21
3335		963.131		1128.08
3336		342.574		1450.38
3337		-365.459		1453.44
3338		-1002.94		1128.85
3339		-1424.13		543.352
3340		-1529.81		-174.657
3341		-1291.79		-863.515
3342		-761.282		-1365.6
3343		-58.4683		-1564.87
3344		655.023		-1415.37
3345		1214.53		-953.133
3346		1492.17		-288.028
3347		1427.82		422.934
3348		1043.28		1014.04
3349		435.862		1351.2
3350		-246.667		1363.8
3351		-842.99		1060.15
3352		-1217.39		523.142
3353		-1291.34		-111.981
3354		-1060.2		-691.525
3355		-591.865		-1080.33
3356		-8.47421		-1193.06
3357		543.815		-1013
3358		929.867		-594.561
3359		1057.55		-49.4475
3360		899.684		480.455
3361		500.917		857.456
3362		-32.3217		982.168
3363		-557.272		819.337
3364		-930.343		408.724
3365		-1044.46		-142.631
3366		-858.795		-686.042
3367		-412.474		-1069.15
3368		182.442		-1176.83
3369		768.084		-964.081
3370		1181.62		-471.245
3371		1299.15		183.265
3372		1070.66		831.783
3373		536.176		1300.38
3374		-181.732		1454.69
3375		-907.341		1236.31
3376		-1455.56		680.163
3377		-1678.77		-91.8444
3378		-1504.87		-899.058
3379		-957.065		-1545.28
3380		-150.739		-1866.33
3381		731.982		-1770.66
3382		1484.03		-1263.39
3383		1922.09		-447.994
3384		1930.91		495.18
3385		1493.01		1349.29
3386		696.022		1911.36
3387		-284.676		2041.18
3388		-1225.18		1696.82
3389		-1905.36		947.633
3390		-2162		-39.5179
3391		-1929.46		-1038.36
3392		-1257.3		-1816.85
3393		-299.817		-2193.21
3394		720.397		-2080.27
3395		1565.96		-1506.84
3396		2041.83		-610.594
3397		2041.89		395.486
3398		1573.57		1274.63
3399		754.949		1822.96
3400		-214.542		1917.56
3401		-1102.35		1544.74
3402		-1698.31		802.258
3403		-1864.47		-124.791
3404		-1567.7		-1008.6
3405		-887.57		-1633.47
3406		2.65199		-1848.24
3407		877.948		-1603.71
3408		1516.91		-965.923
3409		1757.46		-100.905
3410		1539		766.104
3411		919.599		1407.76
3412		62.9032		1653.78
3413		-803.118		1436.6
3414		-1445.38		810.918
3415		-1687.5		-58.9421
3416		-1457.52		-941.192
3417		-808.343		-1597.31
3418		94.7891		-1845.18
3419		1016.73		-1607.64
3420		1713.28		-933.668
3421		1994.38		13.2257
3422		1773.41		995.929
3423		1090.09		1763.25
3424		101.878		2112.82
3425		-953.703		1942.02
3426		-1816.36		1274.76
3427		-2266.26		257.877
3428		-2178.36		-871.961
3429		-1555.05		-1843.48
3430		-528.953		-2415.59
3431		665.429		-2436.78
3432		1745.7		-1884.63
3433		2449.04		-875.152
3434		2597.13		361.576
3435		2142.24		1534.97
3436		1181.97		2364.15
3437		-62.1268		2647.43
3438		-1297.63		2313.24
3439		-2232.86		1438.67
3440		-2648.63		230.741
3441		-2451.67		-1024.99
3442		-1695.91		-2034.95
3443		-567.02		-2568.76
3444		665.137		-2513.3
3445		1713.03		-1896.71
3446		2340.03		-877.635
3447		2414.54		295.932
3448		1937.46		1347.33
3449		1038.19		2036.39
3450		-58.8476		2214.25
3451		-1088.55		1855.88
3452		-1807.84		1063.72
3453		-2052.64		41.9221
3454		-1776.48		-953.14
3455		-1061.46		-1674.99
3456		-98.3776		-1947.75
3457		860.359		-1710.58
3458		1564.46		-1034.33
3459		1830.61		-104.616
3460		1591.55		825.451
3461		915.596		1501.84
3462		-9.92017		1738.03
3463		-927.93		1466.58
3464		-1580.95		759.133
3465		-1781.63		-191.548
3466		-1464.83		-1122.97
3467		-706.758		-1773.87
3468		294.329		-1955.21
3469		1270.46		-1601.91
3470		1954.91		-791.306
3471		2152.74		275.905
3472		1792.47		1326.97
3473		945.769		2086.73
3474		-189.097		2347.81
3475		-1335.66		2023.8
3476		-2207.04		1172.66
3477		-2576.77		-15.2068
3478		-2335.54		-1261.17
3479		-1520.31		-2264.57
3480		-308.623		-2775.44
3481		1021.31		-2656.3
3482		2155.67		-1918.17
3483		2820.39		-721.301
3484		2848.49		660.531
3485		2222.76		1904.3
3486		1082.39		2715.46
3487		-308.797		2899.95
3488		-1625.37		2412.41
3489		-2559.18		1367.91
3490		-2894.31		14.141
3491		-2559.21		-1329.31
3492		-1642.91		-2349.12
3493		-371.475		-2814.13
3494		948.929		-2630.16
3495		2007.82		-1860.15
3496		2565.77		-705.526
3497		2510.86		546.144
3498		1882.58		1593.36
3499		858.091		2194.78
3500		-295.193		2226.81
3501		-1288.28		1710.8
3502		-1883.2		803.588
3503		-1951.34		-245.784
3504		-1503.02		-1161.78
3505		-681.03		-1713.7
3506		279.847		-1774.22
3507		1116.62		-1350.01
3508		1608.22		-576.627
3509		1633.45		320.624
3510		1201.25		1089.28
3511		445.547		1518.57
3512		-413.696		1495.89
3513		-1132.05		1035.66
3514		-1507.87		273.284
3515		-1436.69		-573.79
3516		-938.375		-1266.5
3517		-150.119		-1609.42
3518		711.948		-1503.03
3519		1411.58		-969.483
3520		1755.49		-145.532
3521		1643.93		754.483
3522		1096.02		1495.25
3523		243.839		1881.47
3524		-702.261		1807.42
3525		-1507.51		1282.99
3526		-1971.71		430.053
3527		-1978.45		-548.881
3528		-1522.63		-1421.36
3529		-710.04		-1981.84
3530		269.985		-2100.72
3531		1191.34		-1753.65
3532		1845.47		-1024.88
3533		2089.66		-84.6208
3534		1878.23		853.103
3535		1269.67		1581.14
3536		409.403		1946.21
3537		-506.675		1881.27
3538		-1278.31		1416.77
3539		-1745.57		669.253
3540		-1822.17		-188.555
3541		-1510.57		-968.438
3542		-896.918		-1508.53
3543		-127.883		-1707.07
3544		624.291		-1541.4
3545		1200.57		-1068.7
3546		1489.13		-409.378
3547		1447.46		282.612
3548		1108.14		855.661
3549		567.515		1194.28
3550		-39.6076		1243.27
3551		-573.152		1016.86
3552		-920.634		591.118
3553		-1021.83		81.9702
3554		-879.409		-385.324
3555		-553.43		-707.103
3556		-141.922		-824.789
3557		246.655		-735.269
3558		521.3		-486.352
3559		629.389		-159.665
3560		565.728		153.383
3561		368.556		375.569
3562		105.008		461.5
3563		-148.931		405.157
3564		-328.151		236.762
3565		-392.983		11.2482
3566		-335.848		-207.631
3567		-179.679		-363.203
3568		30.2751		-418.271
3569		238.554		-361.909
3570		392.557		-210.088
3571		453.995		-0.72493
3572		406.768		215.451
3573		260.034		386.318
3574		45.9828		469.893
3575		-187.286		443.706
3576		-386.424		310.013
3577		-504.831		95.5647
3578		-513.262		-154.199
3579		-406.542		-385.29
3580		-204.719		-547.248
3581		51.5367		-604.25
3582		310.047		-542.642
3583		518.388		-373.333
3584		634.65		-128.889
3585		635.455		143.571
3586		519.944		391.868
3587		309.431		568.653
3588		43.2223		640.06
3589		-228.55		591.919
3590		-454.001		432.712
3591		-589.26		192.672
3592		-607.414		-81.218
3593		-504.839		-333.996
3594		-303.126		-514.029
3595		-45.4545		-584.569
3596		212.501		-532.666
3597		415.31		-372.72
3598		520.993		-143.207
3599		510.946		102.911
3600		393.646		311.48
3601		201.083		440.271
3602		-20.7373		468.096
3603		-223.999		397.561
3604		-370.124		251.389
3605		-436.66		64.3976
3606		-418.891		-125.669
3607		-327.163		-285.571
3608		-182.144		-390.807
3609		-10.2505		-427.01
3610		159.655		-389.956
3611		298.688		-285.662
3612		380.793		-130.958
3613		387.082		46.5255
3614		311.399		210.747
3615		165.226		323.388
3616		-20.9196		353.35
3617		-201.92		287.135
3618		-328.622		136.166
3619		-362.116		-62.6991
3620		-287.117		-255.123
3621		-119.327		-384.254
3622		96.6599		-408.207
3623		299.135		-314.117
3624		427.308		-123.682
3625		439.777		112.071
3626		327.335		327.238
3627		116.033		460.024
3628		-140.167		470.216
3629		-374.424		349.96
3630		-524.826		125.255
3631		-549.884		-151.378
3632		-438.003		-414.181
3633		-209.512		-599.514
3634		88.1794		-659.761
3635		390.486		-573.421
3636		628.529		-350.168
3637		743.038		-30.3851
3638		697.382		320.963
3639		487.588		625.887
3640		146.903		809.264
3641		-257.355		816.584
3642		-635.691		629.595
3643		-895.813		275.225
3644		-965.585		-176.039
3645		-813.553		-623.655
3646		-460.761		-960.187
3647		20.5969		-1098.5
3648		522.501		-995.516
3649		926.923		-665.421
3650		1135.34		-178.28
3651		1093.9		356.038
3652		807.404		814.276
3653		338.612		1089.56
3654		-206.579		1116.88
3655		-704.02		888.243
3656		-1039.98		454.358
3657		-1137		-87.0224
3658		-971.446		-613.037
3659		-579.191		-1003.14
3660		-48.4042		-1166.28
3661		499.393		-1062.22
3662		936.392		-712.176
3663		1158.25		-195.864
3664		1109.86		365.458
3665		800.656		837.043
3666		304.585		1103.7
3667		-256.467		1099.67
3668		-742.653		826.951
3669		-1032.23		356.479
3670		-1053.98		-189.412
3671		-806.684		-668.892
3672		-359.777		-958.398
3673		165.38		-985.631
3674		628.32		-748.441
3675		907.106		-314.433
3676		930.205		198.185
3677		694.1		652.686
3678		262.496		929.688
3679		-251.737		957.192
3680		-716.294		727.437
3681		-1012.71		297.183
3682		-1064.97		-227.608
3683		-856.932		-718.174
3684		-435.416		-1053.82
3685		101.318		-1150.21
3686		626.49		-978.986
3687		1014.09		-574.709
3688		1168.11		-27.5761
3689		1045.37		536.565
3690		666.685		984.78
3691		113.532		1207.95
3692		-489.583		1146.97
3693		-1003.32		807.819
3694		-1305.98		261.725
3695		-1322.46		-370.255
3696		-1042.81		-944.712
3697		-525.646		-1329.1
3698		114.627		-1432.82
3699		733.622		-1228.78
3700		1190.05		-760.372
3701		1378.34		-132.33
3702		1253.36		512.672
3703		841.619		1026.32
3704		236.302		1288.81
3705		-423.179		1237.08
3706		-982.793		880.689
3707		-1309.85		301.127
3708		-1325.07		-365.993
3709		-1022.8		-962.325
3710		-474.033		-1344.84
3711		189.626		-1421.29
3712		807.639		-1173.96
3713		1230.4		-665.004
3714		1357.08		-21.4145
3715		1161.35		597.051
3716		697.888		1038.65
3717		87.7731		1198.3
3718		-513.296		1043.88
3719		-955.36		623.035
3720		-1132.24		49.3499
3721		-1007.34		-528.157
3722		-620.941		-963.633
3723		-77.7942		-1150.9
3724		480.922		-1048.72
3725		913.68		-689.143
3726		1113.48		-167.535
3727		1033.19		382.361
3728		695.78		821.909
3729		187.462		1041.39
3730		-364.105		986.271
3731		-821.202		669.918
3732		-1069.57		169.973
3733		-1046.17		-390.693
3734		-754.522		-873.911
3735		-264.037		-1159.92
3736		306.79		-1176.67
3737		819.153		-917.625
3738		1147.77		-443.551
3739		1211.49		132.093
3740		993.092		670.611
3741		543.686		1041.65
3742		-29.525		1154.72
3743		-588.861		981.135
3744		-999.132		561.217
3745		-1160.14		-4.91898
3746		-1031.14		-580.868
3747		-641.418		-1026.4
3748		-84.3103		-1231.47
3749		504.41		-1143.69
3750		979.212		-782.6
3751		1220.98		-236.403
3752		1167.84		358.706
3753		832.35		852.352
3754		299.908		1118.72
3755		-292.329		1090.07
3756		-791.014		775.545
3757		-1067.44		259.513
3758		-1052.21		-320.778
3759		-753.875		-812.333
3760		-255.884		-1087.84
3761		307.07		-1079.54
3762		786.374		-796.063
3763		1059.48		-317.739
3764		1061.22		227.209
3765		798.184		698.114
3766		343.503		978.446
3767		-185.169		1003.71
3768		-657.1		774.254
3769		-960.586		351.268
3770		-1027.94		-161.123
3771		-848.403		-642.07
3772		-467.658		-981.828
3773		24.6848		-1105.33
3774		515.962		-987.312
3775		895.304		-656.623
3776		1077.66		-189.419
3777		1022.44		307.577
3778		742.896		720.62
3779		303.887		954.686
3780		-192.344		955.792
3781		-629.662		724.373
3782		-905.649		315.9
3783		-956.508		-172.09
3784		-772.706		-623.695
3785		-401.022		-933.123
3786		67.626		-1030.46
3787		521.262		-898.023
3788		854.602		-573.236
3789		994.184		-137.819
3790		914.709		303.352
3791		643.098		647.924
3792		250.082		819.901
3793		-167.916		786.232
3794		-511.937		562.897
3795		-703.352		209.708
3796		-701.507		-184.587
3797		-512.476		-523.478
3798		-187.053		-725.479
3799		191.686		-743.454
3800		528.637		-575.892
3801		740.09		-267.156
3802		774.562		103.755
3803		625.555		443.364
3804		332.662		667.655
3805		-29.4206		723.313
3806		-370.913		600.464
3807		-610.269		333.544
3808		-694.236		-9.47189
3809		-609.326		-345.815
3810		-382.314		-598.942
3811		-70.7594		-716.009
3812		252.725		-677.798
3813		517.671		-499.8
3814		670.19		-225.767
3815		682.159		83.4226
3816		554.546		362.535
3817		315.568		554.044
3818		14.8289		618.108
3819		-285.609		539.652
3820		-522.347		331.782
3821		-642.863		34.6079
3822		-616.921		-291.259
3823		-444.584		-576.327
3824		-158.197		-757.205
3825		183.242		-791.596
3826		506.827		-669.204
3827		742.741		-415.091
3828		841.001		-84.0475
3829		783.204		252.694
3830		586.033		524.679
3831		295.848		678.507
3832		-23.5924		688.866
3833		-306.408		561.981
3834		-498.7		331.581
3835		-568.34		49.5149
3836		-509.118		-225.965
3837		-339.581		-441.482
3838		-97.9124		-557.584
3839		165.684		-554.766
3840		397.905		-436.276
3841		551.7		-227.566
3842		595.085		27.803
3843		518.04		275.82
3844		335.806		462.583
3845		87.0636		545.997
3846		-173.49		505.963
3847		-387.114		350.14
3848		-504.852		113.229
3849		-499.623		-150.621
3850		-373.196		-380.604
3851		-155.976		-523.951
3852		100.353		-548.674
3853		335.376		-451.06
3854		494.358		-256.218
3855		540.993		-11.8129
3856		465.585		223.238
3857		287.099		392.356
3858		48.8488		454.227
3859		-191.128		392.4
3860		-373.082		219.633
3861		-449.416		-24.0764
3862		-396.514		-279.734
3863		-221.777		-482.585
3864		36.2885		-577.775
3865		315.741		-534.872
3866		545.573		-357.361
3867		663.695		-84.0113
3868		633.992		219.149
3869		457.562		474.9
3870		174.43		615.082
3871		-145.446		599.511
3872		-419.979		428.047
3873		-576.86		141.96
3874		-573.439		-186.181
3875		-408.818		-471.552
3876		-124.589		-639.766
3877		206.078		-646.847
3878		497.942		-490.891
3879		676.287		-212.26
3880		696.36		117.543
3881		554.423		415.031
3882		287.739		606.495
3883		-36.1239		646.501
3884		-337.36		528.386
3885		-544.31		284.417
3886		-610.776		-23.8503
3887		-526.077		-321.944
3888		-315.81		-541.043
3889		-33.8273		-633.995
3890		251.924		-585.116
3891		475.832		-412.013
3892		589.333		-159.709
3893		570.784		110.872
3894		428.833		337.048
3895		199.182		467.986
3896		-64.0308		475.083
3897		-300.194		357.39
3898		-455.096		141.317
3899		-492.316		-125.109
3900		-401.032		-382.353
3901		-198.704		-571.993
3902		72.1072		-649.46
3903		352.448		-594.274
3904		579.68		-415.389
3905		701.595		-150.127
3906		688.762		143.488
3907		542.053		399.549
3908		293.297		559.438
3909		-1.40048		585.766
3910		-274.294		471.65
3911		-461.722		242.985
3912		-519.219		-47.0088
3913		-432.428		-329.816
3914		-221.176		-537.548
3915		64.4048		-619.17
3916		355.069		-553.267
3917		578.679		-354.229
3918		677.876		-70.0405
3919		625.054		228.341
3920		430.698		464.032
3921		142.421		573.837
3922		-165.84		525.493
3923		-412.366		327.65
3924		-529.384		29.2196
3925		-482.025		-292.485
3926		-278.843		-552.078
3927		29.594		-679.358
3928		364.047		-638.725
3929		638.127		-438.938
3930		781.655		-130.341
3931		758.954		209.392
3932		576.988		496.391
3933		281.647		662.135
3934		-55.725		669.406
3935		-356.856		518.965
3936		-554.646		246.581
3937		-606.564		-87.2585
3938		-501.344		-411.215
3939		-259.214		-657.123
3940		72.8593		-771.983
3941		429.387		-727.064
3942		737.104		-523.801
3943		927.776		-195.835
3944		952.182		194.062
3945		793.104		563.506
3946		473.831		826.583
3947		58.2672		914.241
3948		-359.867		794.155
3949		-678.065		483.751
3950		-811.756		50.8661
3951		-719.121		-400.254
3952		-415.846		-755.109
3953		25.9489		-920.193
3954		495.48		-849.862
3955		873.069		-560.179
3956		1063.08		-125.071
3957		1019.96		344.174
3958		759.689		729.715
3959		353.627		938.888
3960		-92.5629		927.609
3961		-468.086		709.38
3962		-685.595		348.509
3963		-701.601		-59.2393
3964		-524.249		-412.308
3965		-207.852		-628.293
3966		163.067		-662.255
3967		495.448		-514.919
3968		709.735		-229.958
3969		757.531		118.13
3970		631.503		442.347
3971		365.813		663.627
3972		27.2766		729.002
3973		-300.792		623.589
3974		-538.44		373.699
3975		-628.1		40.2301
3976		-548.24		-296.191
3977		-318.239		-554.785
3978		6.72148		-674.074
3979		349.409		-626.357
3980		629.346		-423.71
3981		781.882		-114.268
3982		772.875		229.897
3983		605.714		530.007
3984		319.498		718.621
3985		-20.7003		754.404
3986		-338.871		630.571
3987		-564.943		375.597
3988		-649.916		46.3715
3989		-576.219		-284.557
3990		-361.248		-544.947
3991		-53.3346		-678.718
3992		279.074		-658.318
3993		562.798		-490.808
3994		736.512		-216.136
3995		764.688		102.192
3996		645.548		391.967
3997		411.04		589.139
3998		118.819		652.606
3999		-161.747		573.352
4000		-366.087		375.82
4001		-449.452		111.371
4002		-396.945		-154.436
4003		-226.36		-357.619
4004		16.6705		-450.917
4005		270.027		-414.851
4006		470.342		-262.158
4007		568.636		-34.471
4008		542.612		208.207
4009		402.407		402.896
4010		187.994		500.179
4011		-41.5314		477.473
4012		-224.181		345.127
4013		-312.359		143.262
4014		-286.059		-70.0549
4015		-157.831		-235.84
4016		32.0721		-311.128
4017		228.699		-280.447
4018		379.072		-158.324
4019		446.925		17.4189
4020		420.892		198.608
4021		314.275		340.943
4022		157.766		414.685
4023		-11.0873		409.047
4024		-157.457		330.468
4025		-255.03		197.311
4026		-287.714		34.2743
4027		-249.031		-131.321
4028		-141.609		-271.316
4029		21.9218		-358.321
4030		217.424		-369.221
4031		409.55		-291.239
4032		556.348		-128.861
4033		618.859		91.927
4034		573.433		325.701
4035		422.162		517.409
4036		196.361		617.893
4037		-49.7694		599.899
4038		-254.276		468.264
4039		-366.387		259.717
4040		-362.265		31.7204
4041		-251.577		-155.682
4042		-72.5851		-258.213
4043		121.902		-259.145
4044		281.829		-170.768
4045		373.767		-26.2462
4046		386.89		133.659
4047		330.435		273.137
4048		225.742		368.68
4049		97.5786		410.056
4050		-31.4574		396.995
4051		-142.403		335.206
4052		-219.011		234.623
4053		-247.472		110.267
4054		-218.899		-16.3349
4055		-134.196		-118.232
4056		-8.49898		-168.499
4057		128.466		-149.156
4058		238.362		-59.9701
4059		285.693		77.4286
4060		250.725		223.302
4061		138.446		331.217
4062		-20.7522		363.342
4063		-179.649		303.748
4064		-289.095		164.455
4065		-313.658		-18.1272
4066		-242.266		-194.764
4067		-90.4489		-318.346
4068		105.705		-356.791
4069		300.669		-300.018
4070		451.272		-160.01
4071		525.637		34.3123
4072		507.878		244.452
4073		399.247		429.505
4074		217.254		552.23
4075		-6.29092		584.477
4076		-228.641		512.628
4077		-402.031		342.635
4078		-482.818		102.809
4079		-442.788		-158.227
4080		-279.464		-380.071
4081		-21.2192		-504.817
4082		276.107		-493.451
4083		541.667		-338.946
4084		708.12		-71.0071
4085		730.501		250.003
4086		599.227		548.521
4087		342.95		753.81
4088		20.6029		818.236
4089		-294.37		728.417
4090		-532.374		506.719
4091		-643.346		203.934
4092		-606.281		-113.668
4093		-431.611		-378.929
4094		-157.451		-536.909
4095		158.475		-554.747

 
--------------------------------------


