Compute Correlation 
 
0		-601.984		572.063
1		-759.22		328.182
2		-791.394		36.6186
3		-690.403		-239.786
4		-478.1		-442.818
5		-199.263		-531.685
6		89.5953		-489.992
7		331.844		-326.703
8		480.321		-72.7891
9		504.291		224.432
10		394.308		508.195
11		165.304		720.578
12		-142.929		812.612
13		-469.706		755.591
14		-743.439		551.079
15		-897.294		235.698
16		-887.286		-122.927
17		-707.246		-440.265
18		-394.731		-636.412
19		-24.3095		-658.938
20		311.125		-499.482
21		525.817		-197.998
22		565.403		167.377
23		422.177		501.889
24		136.667		720.336
25		-214.481		769.773
26		-539.956		642.312
27		-757.828		375.246
28		-815.568		39.7333
29		-701.527		-277.859
30		-446.296		-496.825
31		-114.797		-560.615
32		208.557		-449.691
33		438.719		-186.757
34		509.692		166.623
35		391.491		522.122
36		100.522		784.131
37		-300.143		873.388
38		-712.547		749.434
39		-1026.58		425.509
40		-1148.94		-29.6949
41		-1030.52		-505.879
42		-683.861		-878.321
43		-184.218		-1041.53
44		347.297		-939.642
45		774.573		-584.344
46		982.729		-54.4076
47		909.341		523.266
48		561.841		1005.83
49		16.4841		1270.9
50		-600.358		1247.36
51		-1143.13		932.936
52		-1482.15		394.672
53		-1534.23		-246.934
54		-1282.1		-845.983
55		-778.706		-1264.74
56		-135.563		-1405.32
57		502.128		-1232.72
58		988.492		-783.837
59		1210.95		-160.25
60		1117.33		494.508
61		729.363		1028.31
62		138.579		1316.86
63		-515.12		1294.06
64		-1077.27		968.475
65		-1416.61		421.138
66		-1457.02		-214.742
67		-1195.39		-786.975
68		-701.084		-1161.73
69		-97.5666		-1255.48
70		468.545		-1053.88
71		863.044		-613.466
72		995.738		-46.6703
73		841.004		505.909
74		443.04		909.231
75		-95.0885		1066.05
76		-636.22		940.489
77		-1042.41		567.486
78		-1209.44		45.2756
79		-1094.21		-488.23
80		-727.706		-890.362
81		-208.931		-1051.57
82		319.917		-926.164
83		711.358		-546.693
84		853.549		-16.9409
85		702.398		515.629
86		295.069		900.547
87		-259.538		1026.45
88		-810.728		852.208
89		-1207.47		418.178
90		-1339.24		-165.331
91		-1164.82		-748.105
92		-721.867		-1179.52
93		-116.068		-1346.51
94		505.895		-1200.59
95		991.797		-768.63
96		1219.27		-146.176
97		1123.84		523.996
98		714.555		1083.19
99		74.3606		1392.02
100		-655.169		1363.15
101		-1303.1		984.697
102		-1707.67		328.523
103		-1756.49		-460.795
104		-1418.68		-1196.38
105		-759.083		-1693.62
106		71.6322		-1818.57
107		871.308		-1526.73
108		1437.52		-879.989
109		1622.09		-34.7537
110		1372.91		796.985
111		750.26		1403.52
112		-88.0428		1630.26
113		-928.449		1421.03
114		-1558.46		832.198
115		-1822.02		16.3101
116		-1658.49		-819.223
117		-1115.61		-1466.09
118		-334.612		-1767.15
119		487.004		-1653.78
120		1144.87		-1160.57
121		1477.15		-415.153
122		1403.12		393.286
123		942.582		1059.57
124		212.17		1412.13
125		-601.28		1355.88
126		-1285.31		898.233
127		-1654.94		151.032
128		-1601.76		-694.025
129		-1125.95		-1412.34
130		-341.201		-1805.03
131		551.055		-1753.9
132		1313.02		-1257.02
133		1734.39		-433.587
134		1690.88		504.951
135		1180.58		1310.32
136		326.892		1764.2
137		-652.819		1737.57
138		-1504.32		1225.93
139		-2003.19		351.16
140		-2013.02		-669.843
141		-1520.21		-1580.56
142		-637.243		-2149.29
143		425.194		-2226.51
144		1409.47		-1781.53
145		2073.04		-910.616
146		2246.92		184.844
147		1877.34		1245.04
148		1040.99		2012.98
149		-70.3083		2296.68
150		-1193.15		2017.67
151		-2055.3		1233.67
152		-2443.09		128.106
153		-2256.66		-1032.61
154		-1537.87		-1964.64
155		-462.113		-2438.87
156		705.085		-2340.28
157		1676		-1698.09
158		2214.84		-677.754
159		2197.77		463
160		1642.6		1441.88
161		700.593		2024.51
162		-386		2082.12
163		-1348.01		1619.84
164		-1957.16		769.851
165		-2080.2		-246.63
166		-1706.98		-1176.95
167		-947.502		-1799.04
168		-0.887123		-1973.08
169		894.877		-1671.69
170		1520.31		-983.335
171		1726.14		-89.0183
172		1468.21		781.885
173		818.073		1407.14
174		-53.6931		1626.21
175		-918.48		1381.32
176		-1546.43		734.392
177		-1765.85		-145.638
178		-1510.11		-1023.84
179		-839.06		-1659.71
180		72.7314		-1871.83
181		979.38		-1589.42
182		1628.59		-875.6
183		1830.86		85.3395
184		1513.82		1034.79
185		745.79		1708.74
186		-278.882		1910.15
187		-1289.54		1564.7
188		-2010.97		744.079
189		-2237.68		-350.073
190		-1890.45		-1437.55
191		-1039.75		-2232.74
192		110.411		-2519.88
193		1274.06		-2210.59
194		2156.51		-1368.31
195		2530.23		-193.394
196		2293.51		1027
197		1497.01		1991.37
198		331.533		2459.85
199		-919.537		2314.42
200		-1950.83		1588.38
201		-2510.73		457.913
202		-2463.47		-801.736
203		-1822.19		-1884.3
204		-745.262		-2527.87
205		503.021		-2579.11
206		1617.76		-2030.7
207		2328.73		-1022.84
208		2467.25		191.658
209		2008.3		1310.4
210		1076.87		2057.44
211		-83.622		2253.42
212		-1173.61		1861.67
213		-1915.17		998.011
214		-2125.17		-99.7239
215		-1763.98		-1135.1
216		-945.794		-1833.18
217		93.2068		-2015.48
218		1060.87		-1648.5
219		1690.97		-851.612
220		1817.54		138.357
221		1420.18		1035.81
222		627.14		1588.22
223		-324.246		1647.14
224		-1157.48		1207.89
225		-1636.17		407.214
226		-1629.6		-519
227		-1146.4		-1304.51
228		-328.296		-1727.42
229		592.288		-1669.94
230		1357.62		-1147.89
231		1754.4		-303.572
232		1669.72		634.157
233		1119.61		1411.14
234		244.113		1814.47
235		-728.954		1727.95
236		-1542.53		1162.97
237		-1976.8		257.412
238		-1907.32		-758.067
239		-1339.96		-1618.55
240		-412.476		-2094.23
241		639.035		-2052.68
242		1541.55		-1496.54
243		2058.34		-565.196
244		2053.74		501.615
245		1530.43		1428.79
246		627.81		1981.02
247		-418.118		2026.13
248		-1341.35		1567.92
249		-1918.51		739.669
250		-2025.99		-238.036
251		-1665.93		-1120.89
252		-955.988		-1705.79
253		-89.2888		-1878.63
254		720.827		-1633.78
255		1294.45		-1063.8
256		1523.44		-326.645
257		1387.66		397.771
258		949.288		949.574
259		330.744		1220.87
260		-316.651		1173.22
261		-846.203		840.049
262		-1146.02		315.307
263		-1161.34		-269.037
264		-905.169		-773.048
265		-454.392		-1081.23
266		69.2374		-1130.31
267		530.177		-925.026
268		814.965		-536.229
269		862.853		-80.528
270		681.519		313.659
271		342.336		543.44
272		-43.6333		560.265
273		-360.944		380.916
274		-524.475		77.6141
275		-502.153		-248.373
276		-319.173		-499.706
277		-44.1891		-611.136
278		235.844		-564.413
279		442.581		-387.189
280		526.374		-139.063
281		475.026		108.533
282		311.383		291.603
283		83.2955		367.321
284		-149.637		320.773
285		-329.241		165.558
286		-410.245		-60.1989
287		-369.439		-301.481
288		-211.657		-497.319
289		29.0663		-594.345
290		295.053		-560.816
291		517.798		-397.28
292		635.953		-139.574
293		613.548		148.511
294		452.158		392.119
295		192.034		526.988
296		-99.0838		518.674
297		-346.065		372.524
298		-488.482		130.899
299		-497.077		-140.999
300		-379.44		-375.179
301		-174.112		-519.586
302		63.385		-549.658
303		276.811		-470.386
304		422.417		-310.37
305		476.229		-111.671
306		435.486		80.6054
307		316.149		226.71
308		148.519		298.261
309		-28.1718		282.546
310		-172.441		185.364
311		-248.877		31.4734
312		-237.212		-139.006
313		-139.573		-279.279
314		17.5008		-348.52
315		188.66		-324.896
316		322.577		-213.992
317		378.223		-48.5841
318		338.703		121.191
319		217.099		244.205
320		51.7826		285.214
321		-107.072		235.825
322		-214.407		115.59
323		-244.136		-36.5605
324		-195.109		-176.465
325		-88.0798		-268.601
326		43.7406		-294.792
327		165.868		-255.802
328		251.224		-167.17
329		284.29		-52.5439
330		261.326		62.3867
331		188.708		153.937
332		81.2033		202.979
333		-39.5096		197.376
334		-147.166		134.978
335		-215.423		26.286
336		-224.607		-105.334
337		-168.782		-227.783
338		-59.8963		-308.749
339		73.8469		-326.151
340		195.972		-276.328
341		273.622		-176.109
342		288.723		-57.2897
343		243.732		44.5662
344		159.566		102.429
345		66.8052		106.143
346		-5.77847		63.6927
347		-40.4421		-4.35016
348		-34.0272		-73.9563
349		4.51059		-125.942
350		60.1439		-150.24
351		117.776		-145.541
352		165.579		-116.217
353		195.312		-69.3262
354		201.356		-13.5391
355		180.697		40.3251
356		134.864		79.1228
357		72.6552		89.6367
358		11.0098		63.6226
359		-28.2956		3.59149
360		-26.2291		-74.2403
361		24.41		-142.816
362		112.953		-173.206
363		211.796		-146.55
364		285.229		-63.5798
365		303.09		53.2255
366		253.412		166.698
367		148.189		238.746
368		19.3776		244.965
369		-93.2236		183.659
370		-156.823		75.5068
371		-156.705		-45.5361
372		-99.1568		-145.466
373		-6.00397		-201.516
374		95.5824		-207.032
375		182.67		-169.176
376		241.481		-102.303
377		266.852		-21.4897
378		258.634		60.5207
379		218.765		132.581
380		151.421		183.099
381		65.804		200.027
382		-21.4614		174.576
383		-87.7674		107.285
384		-111.147		12.5453
385		-79.9295		-82.4762
386		-0.529999		-145.974
387		101.611		-154.14
388		190.012		-102.522
389		231.515		-10.0528
390		210.725		87.2542
391		137.488		150.9
392		43.3257		156.362
393		-31.9646		103.7
394		-57.4588		17.2099
395		-23.9855		-65.6912
396		53.1362		-110.928
397		142.304		-101.698
398		210.226		-43.5942
399		235.516		40.6639
400		215.009		123.189
401		160.791		182.884
402		90.9937		211.455
403		20.3442		211.473
404		-44.1113		189.208
405		-100.436		147.776
406		-145.2		85.4978
407		-168.314		0.653442
408		-153.925		-100.605
409		-88.1834		-198.985
410		29.9172		-264.246
411		181.086		-265.581
412		327.081		-186.008
413		422.034		-33.6052
414		429.579		156.722
415		338.206		333.026
416		167.589		444.053
417		-37.2935		457.427
418		-221.754		370.479
419		-339.843		209.476
420		-367.906		18.5005
421		-308.419		-156.343
422		-184.204		-280.322
423		-27.4421		-336.301
424		130.606		-323.31
425		265.101		-250.839
426		357.995		-133.538
427		396.183		10.7219
428		371.224		159.818
429		282.496		286.583
430		142.252		361.77
431		-21.4618		361.937
432		-168.076		279.711
433		-255.058		131.207
434		-252.7		-44.4625
435		-156.886		-195.428
436		6.46399		-274.127
437		188.365		-254.508
438		333.104		-141.984
439		397.523		28.2969
440		365.408		204.241
441		251.388		335.184
442		93.5151		388.31
443		-61.4799		356.984
444		-173.677		258.985
445		-220.319		127.085
446		-198.421		-2.86169
447		-120.866		-101.368
448		-9.6825		-149.857
449		109.915		-140.959
450		213.107		-77.0818
451		277.504		30.5272
452		285.617		161.873
453		228.959		289.085
454		112.886		380.277
455		-40.6262		407.196
456		-195.319		354.902
457		-309.253		229.533
458		-347.695		59.9348
459		-295.632		-108.943
460		-164.596		-229.434
461		9.53387		-266.625
462		177.427		-209.979
463		291.889		-76.6463
464		322.324		94.5595
465		263.002		255.832
466		132.903		364.718
467		-31.6988		395.237
468		-188.374		342.902
469		-299.476		223.487
470		-340.135		67.3885
471		-302.426		-88.0134
472		-196.107		-206.244
473		-46.5576		-259.057
474		109.904		-232.743
475		233.427		-132.495
476		290.277		16.8055
477		262.849		175.006
478		156.795		296.659
479		1.84174		344.529
480		-155.494		302.349
481		-265.968		181.789
482		-293.955		20.1219
483		-229.945		-131.442
484		-94.1316		-224.828
485		70.579		-231.188
486		213.442		-149.873
487		292.77		-7.15607
488		288.423		154.165
489		205.749		289.543
490		70.7404		365.922
491		-80.3375		369.046
492		-212.013		303.677
493		-297.509		188.675
494		-322.122		50.3755
495		-283.221		-82.982
496		-189.036		-184.995
497		-57.6317		-234.036
498		84.296		-216.824
499		204.474		-132.803
500		271.354		2.40387
501		263.144		157.32
502		176.656		290.813
503		31.7058		363.678
504		-132.218		352.005
505		-267.276		256.913
506		-333.026		105.945
507		-310.535		-55.3206
508		-208.978		-178.656
509		-61.9039		-229.508
510		85.2256		-197.791
511		190.906		-99.1578
512		230.426		32.9279
513		201.095		160.19
514		119.094		251.83
515		10.8345		291.609
516		-96.4997		278.39
517		-181.406		222.037
518		-230.252		138.133
519		-236.615		44.324
520		-200.303		-41.1526
521		-127.728		-100.272
522		-33.1825		-117.461
523		61.1704		-84.0664
524		128.86		-3.52252
525		146.607		105.965
526		103.401		214.161
527		6.93674		287.511
528		-116.525		301.098
529		-230.048		248.799
530		-299.114		146.731
531		-304.483		27.8472
532		-249.166		-70.3598
533		-156.395		-119.758
534		-59.704		-111.061
535		10.1842		-55.0918
536		35.7367		23.9701
537		16.1572		99.4101
538		-36.3212		151.505
539		-104.251		171.771
540		-172.234		161.284
541		-230.173		125.681
542		-272.063		70.8174
543		-292.776		1.82043
544		-286.366		-74.5175
545		-248.02		-146.771
546		-178.852		-198.784
547		-90.2028		-214.188
548		-3.64145		-184.079
549		55.0519		-113.79
550		66.0986		-24.2732
551		25.3544		53.9917
552		-51.8949		92.7166
553		-135.745		77.933
554		-193.58		16.5397
555		-203.762		-66.3096
556		-164.588		-138.089
557		-94.1808		-172.98
558		-21.4455		-162.424
559		27.3389		-117.231
560		39.6621		-60.6608
561		20.4348		-16.4022
562		-13.0205		2.25293
563		-41.3322		-3.23111
564		-52.9657		-20.2731
565		-48.5311		-34.0164
566		-37.8417		-36.0196
567		-32.1795		-27.9806
568		-36.729		-18.869
569		-47.6832		-17.7684
570		-55.4937		-27.1326
571		-51.9653		-40.7069
572		-36.5952		-47.4036
573		-18.0517		-38.7382
574		-9.64274		-15.2022
575		-21.2927		12.5149
576		-52.7569		28.5518
577		-92.2585		20.5448
578		-121.7		-12.9261
579		-125.842		-60.4621
580		-100.468		-102.86
581		-55.0219		-122.489
582		-8.14404		-112.042
583		21.5195		-77.9564
584		24.3271		-36.7352
585		3.68038		-6.2713
586		-26.8854		3.0408
587		-51.6959		-7.37894
588		-61.4104		-26.6674
589		-57.2521		-41.9126
590		-48.8097		-46.1332
591		-46.9425		-42.1967
592		-56.1086		-40.4591
593		-70.7238		-51.5765
594		-77.8184		-78.7518
595		-64.6182		-114.058
596		-26.8052		-141.223
597		27.283		-143.636
598		79.1145		-113.376
599		108.09		-56.3973
600		101.279		9.01788
601		59.8281		59.9325
602		-1.17291		78.7772
603		-59.2224		60.8564
604		-94.044		15.8685
605		-95.7018		-36.9271
606		-67.6381		-77.2034
607		-23.8137		-91.5549
608		18.0088		-77.5503
609		43.3082		-42.7495
610		45.1104		-0.117798
611		24.4124		37.3534
612		-12.292		60.3305
613		-56.2722		64.2029
614		-98.816		48.3026
615		-132.014		14.8357
616		-148.917		-31.3923
617		-144.288		-82.6013
618		-116.459		-128.175
619		-69.4814		-156.492
620		-13.9273		-158.575
621		35.0542		-132.206
622		62.4425		-84.3106
623		59.1109		-29.8242
624		25.9764		13.1199
625		-25.6989		29.8768
626		-78.3352		14.8841
627		-114.723		-26.4486
628		-124.349		-80.4153
629		-106.519		-130.876
630		-69.1395		-165.436
631		-24.1581		-179.115
632		17.7244		-174.186
633		50.4542		-156.96
634		72.8536		-133.767
635		86.3354		-108.466
636		92.1092		-82.5571
637		89.8919		-57.1689
638		78.8837		-35.035
639		60.093		-20.6855
640		38.064		-18.4018
641		20.3538		-29.1299
642		14.537		-48.4714
643		24.2141		-67.4314
644		46.3724		-76.0261
645		71.9159		-68.0717
646		89.47		-44.5736
647		90.6857		-13.7208
648		74.3013		12.7275
649		46.7926		24.8992
650		19.2493		19.3064
651		2.14465		0.112114
652		0.743652		-23.3365
653		13.4339		-41.1815
654		33.5378		-47.3304
655		53.2094		-41.1652
656		67.0003		-26.1744
657		73.1297		-6.85657
658		72.142		13.8484
659		64.379		34.9067
660		48.4552		55.3
661		22.1805		71.5648
662		-14.4096		77.0349
663		-55.9809		64.096
664		-91.3169		28.7588
665		-106.575		-24.975
666		-91.4571		-83.9207
667		-45.3119		-129.293
668		20.3214		-144.091
669		84.7742		-120.982
670		126.119		-66.6407
671		130.414		0.0193481
672		97.8587		55.3382
673		42.754		80.7646
674		-12.8708		70.4115
675		-48.8857		32.7253
676		-55.2889		-14.3581
677		-35.1758		-52.1349
678		-1.38886		-69.2571
679		30.9492		-65.3347
680		51.8557		-48.6836
681		60.0358		-30.0571
682		61.1276		-16.2016
683		62.2557		-6.86514
684		66.4771		3.36005
685		70.5337		19.8854
686		67.1756		43.1078
687		50.4985		66.7816
688		20.8821		80.932
689		-13.6742		77.6652
690		-40.9048		56.4085
691		-50.6046		25.3387
692		-40.3813		-2.11386
693		-17.4804		-13.9565
694		4.52399		-5.91146
695		12.5217		16.1897
696		0.534027		39.2587
697		-27.2985		49.5471
698		-58.9323		39.4636
699		-80.5354		11.0488
700		-83.1482		-25.5409
701		-66.407		-57.4364
702		-37.6422		-75.219
703		-7.2984		-76.5355
704		16.4311		-65.5425
705		30.6865		-49.0646
706		37.2961		-32.1776
707		39.3468		-16.0264
708		37.6049		0.925232
709		29.4034		19.3518
710		10.9114		35.9218
711		-18.6122		43.0966
712		-53.4985		32.5829
713		-81.8968		0.738064
714		-90.194		-47.2818
715		-69.7023		-97.4962
716		-22.082		-131.932
717		39.7044		-136.321
718		95.9086		-106.881
719		128.1		-52.6277
720		126.987		8.16054
721		96.1217		55.7176
722		49.7396		77.0291
723		5.94458		70.5932
724		-21.2465		45.6379
725		-27.1246		16.617
726		-16.5554		-3.88402
727		0.211502		-10.1839
728		13.457		-4.29169
729		18.3233		7.25565
730		15.5469		18.1014
731		8.87314		25.3873
732		1.33734		29.9547
733		-6.97141		33.8316
734		-18.2646		37.126
735		-34.1569		36.7207
736		-52.7123		27.878
737		-67.7409		7.85506
738		-71.2589		-20.8418
739		-57.96		-49.9155
740		-29.116		-68.2782
741		6.58171		-67.2826
742		36.1105		-45.4113
743		47.7766		-9.76505
744		36.5675		26.6431
745		6.40088		50.4931
746		-31.8633		53.7925
747		-65.489		36.7019
748		-85.2541		6.32822
749		-88.4008		-27.4969
750		-77.9449		-56.8644
751		-59.2936		-78.2895
752		-36.6045		-92.0048
753		-11.2329		-99.0631
754		16.9281		-98.6176
755		46.4332		-87.5319
756		72.0461		-62.8362
757		85.3484		-25.5013
758		78.4701		17.1559
759		49.0679		52.577
760		3.53344		67.7345
761		-43.944		55.4144
762		-76.6609		18.6232
763		-82.7098		-29.5884
764		-60.6281		-71.2763
765		-20.3219		-91.4142
766		21.42		-84.4903
767		48.6459		-56.5313
768		53.2884		-21.5573
769		37.9944		5.58256
770		13.4952		16.1804
771		-7.78452		10.8536
772		-18.2234		-2.45166
773		-18.0783		-14.1231
774		-13.7144		-18.7303
775		-12.4086		-17.6519
776		-17.0923		-17.123
777		-24.3159		-23.1336
778		-26.6859		-36.5169
779		-18.2416		-51.4427
780		0.62915		-58.4644
781		21.9763		-50.4521
782		33.8793		-27.8683
783		27.056		-0.0286255
784		0.771526		18.795
785		-35.4963		16.5897
786		-65.9117		-9.74232
787		-75.8522		-52.0397
788		-59.2274		-94.3324
789		-21.6042		-120.406
790		22.5737		-121.517
791		57.1811		-100.185
792		72.1483		-68.1689
793		67.6462		-39.8755
794		52.6652		-24.9475
795		39.0869		-24.0549
796		34.7914		-29.9955
797		39.7371		-33.1297
798		47.0791		-27.7415
799		48.3933		-15.5159
800		39.6786		-4.13997
801		24.4155		-1.9884
802		11.7716		-12.2188
803		10.9855		-29.9583
804		25.2967		-44.4472
805		49.1428		-45.0365
806		70.4835		-27.5941
807		77.1195		2.47992
808		63.4795		32.5449
809		33.9854		49.1949
810		0.980843		45.3532
811		-21.7071		23.9997
812		-26.008		-3.58049
813		-13.6027		-24.045
814		5.5271		-29.2043
815		19.0999		-20.1237
816		19.5959		-5.8544
817		8.31215		2.37366
818		-5.88409		-1.94809
819		-12.3116		-16.6796
820		-5.30219		-32.3944
821		11.9767		-38.2432
822		29.0487		-28.8696
823		34.223		-8.24825
824		21.7641		11.9548
825		-4.07765		18.7404
826		-30.678		5.31671
827		-43.5924		-24.5036
828		-34.4977		-57.6974
829		-6.0775		-78.6312
830		28.97		-77.3369
831		54.3847		-54.9244
832		58.8098		-23.1274
833		41.6833		1.81056
834		13.3832		7.6037
835		-10.3947		-7.828
836		-16.9109		-35.6313
837		-2.81729		-61.0551
838		24.6221		-71.358
839		51.9533		-62.2352
840		66.9437		-39.3851
841		64.8034		-14.6491
842		49.9071		0.833038
843		32.3672		2.47623
844		21.7396		-6.08923
845		21.6401		-16.2006
846		28.3353		-20.0216
847		33.9082		-15.4519
848		31.8742		-7.16568
849		21.7232		-3.26178
850		9.58105		-9.65904
851		4.55057		-25.7254
852		12.9183		-43.8862
853		33.7235		-53.5936
854		58.4389		-47.4242
855		75.1331		-25.765
856		74.8666		2.71191
857		56.7372		25.2042
858		28.6997		31.3508
859		3.64301		18.6217
860		-7.15363		-6.41779
861		0.370602		-31.6101
862		21.3622		-45.496
863		45.0337		-42.9413
864		60.5065		-27.1454
865		62.2296		-7.1837
866		52.1052		7.26776
867		37.4543		10.9362
868		26.3329		4.96634
869		23.0906		-4.87337
870		26.6919		-12.3554
871		32.4996		-14.6118
872		36.0842		-13.2984
873		36.4608		-12.5787
874		36.6406		-15.4408
875		41.1743		-20.8979
876		52.3374		-24.0397
877		67.5464		-19.0594
878		79.889		-3.42493
879		81.7354		19.4918
880		69.4144		41.2152
881		46.1172		52.2594
882		21.0726		47.3408
883		5.15891		28.7053
884		5.23471		5.49748
885		20.3458		-10.7057
886		42.0213		-11.8636
887		58.6263		2.3252
888		61.4479		24.3373
889		49.1853		42.9358
890		28.3819		49.2133
891		9.60425		41.2219
892		1.55417		24.659
893		6.43158		9.31665
894		19.1152		3.39507
895		30.5168		8.95752
896		33.0804		21.091
897		25.1948		31.1729
898		11.9623		32.2527
899		1.90953		23.3544
900		1.60739		10.1386
901		11.3932		1.50328
902		24.7736		4.0775
903		31.9616		17.8253
904		25.6083		35.3879
905		5.48001		45.69
906		-20.6283		39.9127
907		-40.3849		16.575
908		-43.0282		-17.0814
909		-24.8594		-48.2054
910		8.74841		-64.3223
911		45.8036		-59.0866
912		73.2181		-34.9143
913		82.4933		-1.37981
914		72.7825		29.4966
915		50.1361		48.4453
916		23.8287		52.0538
917		2.05987		42.6349
918		-10.7091		25.6047
919		-13.8181		6.34842
920		-8.59824		-11.5359
921		3.56296		-25.9614
922		21.7619		-34.9053
923		44.4595		-35.4411
924		67.8359		-24.4783
925		85.3409		-1.06808
926		89.4968		31.221
927		75.4866		63.804
928		44.625		85.5105
929		5.44521		87.264
930		-28.8051		66.7605
931		-45.5203		30.5162
932		-38.4548		-8.18879
933		-10.8471		-34.8158
934		25.8309		-39.939
935		57.0422		-23.2902
936		71.7206		6.58258
937		66.8765		36.8269
938		48.0081		56.5464
939		25.3222		61.5229
940		8.01596		55.0378
941		-0.174614		44.6585
942		-1.80414		37.0919
943		-2.73267		34.2114
944		-7.35837		32.5496
945		-15.0973		26.4278
946		-20.3439		12.6831
947		-16.0228		-6.0307
948		1.37286		-21.5878
949		28.3461		-24.4458
950		54.846		-9.23288
951		68.6841		21.3455
952		61.6957		56.687
953		34.3172		82.7441
954		-3.98897		88.5603
955		-38.827		71.4979
956		-57.41		38.4391
957		-54.1949		2.38446
958		-32.7973		-23.6809
959		-3.43387		-32.4277
960		22.4764		-24.5338
961		37.5307		-6.88065
962		40.7102		11.9763
963		36.0303		26.2822
964		28.7767		35.0393
965		21.8929		40.6876
966		14.7478		45.7981
967		4.84605		50.2139
968		-8.91115		50.6543
969		-23.8194		43.1139
970		-33.7064		26.4849
971		-32.1306		4.90409
972		-16.6527		-13.0319
973		8.49316		-18.1705
974		33.261		-5.83411
975		46.1448		20.9051
976		39.8875		51.8036
977		15.4701		73.8969
978		-17.9179		77.651
979		-47.0877		61.5943
980		-61.1231		32.9452
981		-56.4352		3.88853
982		-37.9809		-14.4988
983		-16.1223		-17.4293
984		-0.970886		-8.00875
985		2.63271		5.38914
986		-3.16544		14.2796
987		-11.536		14.7313
988		-15.6969		8.93648
989		-13.1631		2.97692
990		-6.99988		2.33181
991		-3.42659		7.96428
992		-7.32505		15.422
993		-18.4715		17.544
994		-30.8979		9.17068
995		-35.9284		-8.99832
996		-27.2382		-29.8242
997		-5.01419		-42.9782
998		23.276		-40.3472
999		46.1228		-20.6146
1000		53.5814		9.56656
1001		42.2455		38.538
1002		16.9301		55.1893
1003		-11.7999		54.1509
1004		-32.846		37.9319
1005		-39.7086		15.0381
1006		-32.8779		-4.69019
1007		-18.4668		-14.8515
1008		-4.18738		-14.8311
1009		4.84689		-8.72751
1010		8.12286		-1.88007
1011		8.64368		2.677
1012		9.7807		5.65823
1013		12.2845		10.133
1014		13.4695		18.3992
1015		9.12369		29.3248
1016		-3.09424		38.0669
1017		-21.0333		38.5619
1018		-38.0807		27.3932
1019		-46.1409		6.65894
1020		-40.0331		-16.0813
1021		-20.8004		-31.0536
1022		4.08701		-31.1038
1023		23.9585		-15.5048
1024		29.9869		9.39369
1025		19.3898		33.0854
1026		-3.42183		45.8597
1027		-29.2658		43.1512
1028		-48.7486		27.0645
1029		-56.4354		4.48908
1030		-52.471		-16.8717
1031		-41.0766		-32.1697
1032		-27.1885		-40.7627
1033		-13.4843		-44.771
1034		0.35524		-46.1247
1035		15.8582		-44.2783
1036		32.8476		-36.268
1037		47.5968		-19.195
1038		53.6328		6.46614
1039		45.0759		35.0548
1040		20.6809		56.9817
1041		-13.9389		62.8294
1042		-47.5932		48.2492
1043		-68.0482		16.9041
1044		-67.6398		-20.4106
1045		-47.0078		-50.3017
1046		-14.8798		-62.7597
1047		16.0783		-55.5042
1048		35.1964		-34.4487
1049		38.4031		-10.1389
1050		29.1598		7.80014
1051		15.4504		15.1431
1052		4.74911		14.1177
1053		-0.0578918		10.7098
1054		-1.50159		10.0697
1055		-4.81728		12.917
1056		-13.5373		15.154
1057		-26.2594		10.9035
1058		-36.7413		-2.95657
1059		-37.4338		-23.6689
1060		-24.414		-43.0298
1061		-0.697662		-51.4237
1062		24.2807		-43.2958
1063		39.0542		-20.8928
1064		36.1229		6.06607
1065		16.2464		24.8841
1066		-11.4703		26.2672
1067		-33.9198		9.15233
1068		-40.5205		-18.6765
1069		-28.4419		-44.5648
1070		-3.73777		-57.4115
1071		22.1483		-53.0692
1072		38.4935		-35.8609
1073		40.6224		-15.5587
1074		31.589		-1.70319
1075		19.4994		1.43935
1076		12.2539		-3.51968
1077		12.9025		-9.6445
1078		18.3314		-10.6408
1079		21.9388		-5.11165
1080		18.5306		2.53473
1081		8.32181		5.09218
1082		-2.54622		-2.3667
1083		-5.45966		-18.5178
1084		5.20068		-35.5196
1085		27.8621		-42.8948
1086		53.515		-33.4993
1087		69.8801		-8.15405
1088		67.8575		23.8799
1089		46.7012		49.1245
1090		14.9265		56.674
1091		-13.7242		43.8873
1092		-27.1925		17.8334
1093		-21.1832		-8.36469
1094		-1.1282		-22.3354
1095		20.9923		-18.7275
1096		33.1743		-1.57996
1097		29.6477		18.3903
1098		13.4805		29.9339
1099		-5.75262		27.3556
1100		-17.7338		13.1775
1101		-17.2193		-3.95477
1102		-6.61244		-14.7186
1103		6.04942		-14.6433
1104		12.3469		-6.49426
1105		8.77219		1.80185
1106		-1.10138		2.36349
1107		-8.85245		-7.47235
1108		-6.5116		-23.1417
1109		8.23822		-35.2658
1110		30.0934		-35.1316
1111		48.6538		-20.054
1112		54.0898		4.54437
1113		42.7372		27.6387
1114		19.4159		38.3654
1115		-4.90334		31.8358
1116		-18.8126		11.7427
1117		-16.3901		-11.6795
1118		-0.0561523		-27.1693
1119		21.1442		-28.3109
1120		36.7499		-16.5139
1121		40.5557		0.445435
1122		33.5516		13.3122
1123		22.5829		16.7379
1124		15.6972		12.0332
1125		17.041		5.78049
1126		24.3633		5.26566
1127		30.5824		13.5542
1128		28.4339		27.2226
1129		15.3719		38.1532
1130		-4.27129		38.3781
1131		-21.2594		25.113
1132		-26.5162		2.96832
1133		-16.39		-18.0732
1134		4.93983		-27.8704
1135		27.3729		-21.6246
1136		40.1137		-2.55919
1137		37.321		19.7443
1138		21.0502		34.4252
1139		-0.100388		34.9998
1140		-15.7985		22.4694
1141		-19.4837		4.25421
1142		-11.4979		-10.2908
1143		1.79266		-15.1151
1144		12.1865		-10.476
1145		14.5723		-2.1048
1146		9.69467		2.78406
1147		3.22398		0.135757
1148		1.83025		-8.45835
1149		8.72911		-16.8859
1150		21.4468		-18.5051
1151		33.1775		-10.5266
1152		36.9258		3.92056
1153		29.9276		17.3548
1154		15.6458		22.2683
1155		2.06009		15.6593
1156		-2.82469		1.04582
1157		4.34764		-13.3095
1158		20.1953		-19.0126
1159		36.3727		-12.3394
1160		44.2465		3.57269
1161		39.7955		20.4555
1162		25.8966		29.6025
1163		10.6561		26.8292
1164		2.72807		14.8345
1165		6.32108		1.5885
1166		18.7829		-4.33107
1167		32.1695		1.24557
1168		37.8976		15.6219
1169		31.7884		30.7687
1170		16.576		37.9762
1171		0.414032		32.9397
1172		-7.77414		18.3387
1173		-3.43661		2.40891
1174		10.9334		-5.69052
1175		27.1243		-1.06491
1176		35.7806		14.1268
1177		31.6129		31.8607
1178		16.2962		42.7086
1179		-2.5519		41.0191
1180		-15.6638		27.8903
1181		-17.2026		10.3167
1182		-7.74706		-2.89792
1183		6.43046		-6.04964
1184		17.2398		0.552063
1185		19.46		11.2453
1186		13.5014		18.7162
1187		4.7157		18.4551
1188		-0.201767		11.3094
1189		2.53184		2.68121
1190		11.4548		-1.05403
1191		20.8326		3.32809
1192		24.3005		13.7644
1193		18.9319		24.0584
1194		7.23602		27.6337
1195		-4.16016		21.6083
1196		-8.38451		8.7104
1197		-2.4348		-4.1606
1198		10.9479		-9.91235
1199		24.807		-5.4137
1200		32.0269		6.66283
1201		29.5133		19.4481
1202		19.9871		26.004
1203		10.282		23.5204
1204		7.11928		15.0438
1205		12.876		7.64281
1206		23.9161		8.0381
1207		32.5783		18.2763
1208		31.7464		34.0758
1209		19.348		46.9522
1210		0.0789185		49.017
1211		-16.7939		37.7179
1212		-22.4354		17.7386
1213		-13.4621		-1.16887
1214		5.90379		-9.31448
1215		25.8501		-2.34531
1216		36.1246		16.3011
1217		31.4853		37.1694
1218		14.4416		49.827
1219		-6.22235		48.3836
1220		-20.2762		34.4496
1221		-21.5055		15.9583
1222		-10.7854		2.61911
1223		4.84503		0.625046
1224		16.4273		9.58618
1225		18.1144		23.2921
1226		10.1095		33.6758
1227		-2.05206		35.5328
1228		-11.2545		29.2213
1229		-13.2055		19.8536
1230		-8.81342		13.6453
1231		-3.15518		13.7749
1232		-1.77756		18.3667
1233		-6.71747		21.8596
1234		-14.8105		18.9113
1235		-19.4616		8.37665
1236		-14.8973		-5.22763
1237		-0.319962		-13.8823
1238		18.6902		-10.7528
1239		32.6289		5.31789
1240		33.193		28.2778
1241		18.2191		47.4514
1242		-6.48315		53.0213
1243		-29.6551		41.4278
1244		-40.2718		17.6225
1245		-33.3376		-7.21945
1246		-12.5893		-21.4017
1247		11.434		-18.7613
1248		26.9448		-1.77589
1249		27.0616		19.9637
1250		13.2137		35.0415
1251		-6.00829		36.3203
1252		-19.815		24.5127
1253		-21.1582		7.34067
1254		-10.3455		-5.09846
1255		5.58943		-6.03922
1256		17.2225		4.40498
1257		18.1791		19.7535
1258		8.53418		31.2571
1259		-5.68397		33.0649
1260		-16.4279		25.416
1261		-18.5504		14.0643
1262		-12.7533		6.41665
1263		-4.85034		6.80103
1264		-1.87288		13.7614
1265		-7.44043		21.01
1266		-19.2495		21.4472
1267		-30.2511		11.7946
1268		-32.8569		-5.00543
1269		-23.6683		-21.1517
1270		-5.86067		-28.3868
1271		12.2876		-22.8766
1272		21.9587		-7.66022
1273		18.8331		8.85077
1274		5.64423		17.5347
1275		-9.28812		13.723
1276		-16.7599		-0.132706
1277		-11.9271		-15.87
1278		2.94121		-24.3143
1279		19.8122		-20.5651
1280		29.5704		-6.80449
1281		27.3206		9.00771
1282		15.2298		17.7987
1283		1.24957		14.6943
1284		-5.53986		1.88228
1285		-0.249992		-12.6491
1286		14.9365		-19.7624
1287		32.0146		-14.4998
1288		41.8067		1.02515
1289		39.296		18.8726
1290		26.5176		29.9272
1291		11.3044		29.2329
1292		2.61904		18.8727
1293		5.20714		6.68268
1294		16.7315		1.53638
1295		29.1066		7.95652
1296		33.2947		23.2396
1297		24.7827		38.8329
1298		6.5163		45.2297
1299		-12.4784		37.5751
1300		-22.071		18.7232
1301		-16.7751		-2.07537
1302		1.02216		-14.1683
1303		22.2325		-11.3647
1304		35.9931		4.65892
1305		35.5686		25.3334
1306		21.8941		39.9732
1307		2.80211		41.6148
1308		-11.5415		30.6128
1309		-14.3192		14.0243
1310		-5.60148		1.26681
1311		8.19968		-1.33798
1312		18.4913		6.05796
1313		19.7074		17.4191
1314		12.4448		24.8895
1315		2.71474		23.7813
1316		-2.13645		15.4282
1317		1.7317		6.18291
1318		12.0723		3.20238
1319		21.8666		9.64539
1320		23.7858		22.3065
1321		15.076		33.2591
1322		-0.195755		34.6401
1323		-13.0744		23.7363
1324		-14.8589		5.22858
1325		-2.48062		-10.9524
1326		19.1383		-15.1088
1327		39.3346		-3.49516
1328		47.4701		19.1174
1329		38.9895		41.6923
1330		18.2471		52.8929
1331		-3.66654		47.4437
1332		-15.0077		29.2283
1333		-9.99007		9.24265
1334		7.86353		-0.547058
1335		27.6236		5.98608
1336		37.1239		25.5472
1337		29.9382		47.1793
1338		9.17751		58.445
1339		-14.1247		52.5587
1340		-27.196		32.397
1341		-22.8069		9.04265
1342		-3.50233		-4.38097
1343		19.6679		-0.126549
1344		33.2589		19.7159
1345		28.95		44.2715
1346		8.22491		59.8817
1347		-18.4436		57.6699
1348		-37.4331		38.3965
1349		-39.507		11.8716
1350		-24.7692		-8.69061
1351		-2.24895		-14.1088
1352		15.5682		-4.19041
1353		20.0434		12.6097
1354		11.2605		24.5569
1355		-2.3567		23.8379
1356		-9.43507		11.3288
1357		-2.85287		-3.9151
1358		15.5458		-10.2052
1359		35.6036		-0.566956
1360		44.6359		22.4661
1361		35.0716		47.5712
1362		9.49361		60.6616
1363		-19.9893		52.9027
1364		-37.9088		26.152
1365		-33.8159		-7.39481
1366		-8.19878		-31.3425
1367		27.4459		-33.7281
1368		56.5389		-13.394
1369		66.1324		19.4446
1370		53.6293		48.7711
1371		27.8194		61.3949
1372		3.71933		53.8605
1373		-5.84892		33.8531
1374		2.78267		15.4214
1375		22.4788		10.8002
1376		39.779		23.4861
1377		42.8581		46.4473
1378		28.3966		66.3893
1379		3.46402		71.5627
1380		-18.5983		58.6061
1381		-25.8875		34.5226
1382		-14.8011		12.6891
1383		7.86682		5.21174
1384		28.7762		16.0047
1385		35.6296		38.5358
1386		24.1757		59.5078
1387		0.661747		66.3736
1388		-21.6323		54.4334
1389		-29.8012		29.5227
1390		-18.4948		4.81986
1391		7.12897		-6.39379
1392		34.2572		2.04085
1393		49.409		25.936
1394		45.6307		53.2111
1395		25.96		70.5249
1396		1.40446		70.3281
1397		-15.2349		54.4858
1398		-16.1357		32.6774
1399		-2.10345		16.7473
1400		18.6822		14.3588
1401		35.7684		25.4909
1402		42.23		43.4869
1403		37.837		59.6652
1404		28.0078		68.5148
1405		19.5445		70.3594
1406		16.0056		70.0832
1407		15.6401		72.9867
1408		13.0965		80.5807
1409		3.70805		89.0994
1410		-12.483		91.766
1411		-29.6692		83.4491
1412		-39.0899		64.7873
1413		-34.1931		43.0611
1414		-15.1004		28.9876
1415		10.4161		31.0612
1416		30.2808		50.615
1417		34.1151		80.4983
1418		18.6344		108.278
1419		-10.5587		122.327
1420		-41.7981		117.516
1421		-63.245		97.4521
1422		-68.6217		72.1462
1423		-59.7282		52.5439
1424		-44.5662		45.0236
1425		-32.3901		48.8566
1426		-28.6529		57.7951
1427		-32.707		64.5417
1428		-39.3515		65.2621
1429		-42.9858		61.443
1430		-41.6236		58.1339
1431		-38.222		59.8758
1432		-38.5247		67.0314
1433		-46.8409		74.9467
1434		-62.5063		76.5848
1435		-79.3947		67.065
1436		-88.9926		47.2789
1437		-85.3231		24.2152
1438		-68.7784		7.57047
1439		-46.458		4.47844
1440		-28.6218		15.4133
1441		-23.1849		33.7314
1442		-31.3985		49.2363
1443		-47.2494		53.79
1444		-60.9683		45.753
1445		-64.6422		30.679
1446		-56.6687		17.8649
1447		-42.4558		14.7853
1448		-30.9719		22.7041
1449		-29.2208		36.0654
1450		-37.9502		46.0236
1451		-51.2068		45.9935
1452		-60.039		35.8474
1453		-58.1499		22.1654
1454		-46.06		14.2815
1455		-31.1602		18.4333
1456		-23.4588		33.5538
1457		-29.4453		51.373
1458		-47.7402		60.9856
1459		-69.2766		55.3393
1460		-82.1581		35.8274
1461		-78.5368		12.12
1462		-59.5279		-2.9241
1463		-35.1579		-0.520546
1464		-19.1288		18.7481
1465		-21.2099		44.7821
1466		-41.5571		63.2513
1467		-70.2985		63.4798
1468		-92.792		44.4894
1469		-97.7087		15.6945
1470		-83.3839		-8.27989
1471		-58.7695		-15.819
1472		-38.3281		-4.92387
1473		-33.6892		15.6267
1474		-46.8149		31.3427
1475		-68.6584		30.5252
1476		-84.241		11.3622
1477		-81.3809		-16.5372
1478		-58.1349		-37.2442
1479		-24.6071		-37.5307
1480		2.1299		-14.7675
1481		7.3626		20.8547
1482		-12.8111		51.2598
1483		-48.6894		60.0632
1484		-81.5724		41.6156
1485		-93.4443		4.51311
1486		-76.5646		-32.4672
1487		-37.7803		-49.9375
1488		4.79405		-37.8912
1489		30.9672		-0.810905
1490		28.6289		44.7608
1491		-0.475994		78.7681
1492		-42.2427		87.6543
1493		-77.8963		70.5586
1494		-93.5349		38.6577
1495		-86.4099		8.43273
1496		-64.8647		-7.13109
1497		-42.501		-4.53479
1498		-30.2766		10.0537
1499		-31.1354		25.9598
1500		-39.9955		35.0213
1501		-48.6027		36.1313
1502		-51.8762		34.6992
1503		-51.6016		37.659
1504		-55.0877		47.4174
1505		-69.6091		58.8111
1506		-96.1689		61.3025
1507		-126.707		45.3919
1508		-146.943		9.50633
1509		-143.708		-36.9458
1510		-112.792		-76.6432
1511		-62.7557		-92.3813
1512		-12.1791		-75.9425
1513		18.6225		-32.9845
1514		17.2572		18.8932
1515		-14.7283		58.1268
1516		-62.6429		69.1781
1517		-105.819		49.4354
1518		-127.378		9.60268
1519		-121.556		-32.3472
1520		-95.0414		-60.2146
1521		-62.0925		-66.7895
1522		-36.5173		-55.687
1523		-25.0537		-37.4047
1524		-25.5479		-22.3769
1525		-30.3754		-15.2435
1526		-32.5194		-13.5027
1527		-30.3545		-10.8988
1528		-28.2313		-3.01591
1529		-32.6824		8.70454
1530		-46.858		17.2151
1531		-66.9262		14.3467
1532		-83.0111		-3.2345
1533		-84.4573		-30.4197
1534		-66.472		-54.9677
1535		-34.1486		-63.4376
1536		-1.18516		-48.6306
1537		16.4368		-14.3365
1538		8.61682		25.5143
1539		-23.2443		53.177
1540		-66.3317		55.7384
1541		-102.343		31.5747
1542		-116.252		-8.78625
1543		-103.403		-47.8386
1544		-71.3355		-69.5785
1545		-35.596		-66.8962
1546		-11.917		-44.217
1547		-8.92049		-14.3657
1548		-24.9577		8.31329
1549		-50.2785		14.7656
1550		-72.8352		4.52766
1551		-84.2778		-15.719
1552		-82.9905		-36.8961
1553		-73.0162		-52.5082
1554		-60.176		-61.0484
1555		-48.1482		-64.8832
1556		-36.9485		-66.9162
1557		-24.4745		-67.588
1558		-9.69933		-64.3336
1559		4.95625		-53.8414
1560		13.9617		-35.4973
1561		11.7681		-13.5041
1562		-3.2112		4.07547
1563		-26.3595		9.17202
1564		-48.0937		-1.64825
1565		-58.2541		-24.5567
1566		-51.3499		-49.6455
1567		-29.6847		-65.5551
1568		-2.45599		-65.1285
1569		18.8258		-48.9819
1570		26.1453		-24.9752
1571		18.8268		-3.86502
1572		3.32166		6.42406
1573		-10.8442		4.70348
1574		-16.5753		-3.52217
1575		-12.9851		-9.87215
1576		-5.34665		-8.32944
1577		-1.39178		1.21271
1578		-6.28568		13.1487
1579		-19.341		19.8765
1580		-34.4472		16.6996
1581		-43.9084		4.8725
1582		-43.3042		-9.09109
1583		-34.3459		-17.4498
1584		-23.9063		-16.1315
1585		-19.7416		-7.44234
1586		-25.4891		1.18195
1587		-38.0531		1.75107
1588		-49.124		-9.09779
1589		-50.0903		-27.5115
1590		-37.4793		-44.1814
1591		-15.5986		-49.6126
1592		5.40908		-39.8875
1593		15.191		-19.4434
1594		9.31461		0.994629
1595		-7.7459		10.375
1596		-24.7365		3.85179
1597		-29.901		-13.953
1598		-17.9499		-31.0698
1599		6.31981		-34.7494
1600		30.0487		-18.9104
1601		39.1215		11.7849
1602		26.1103		43.7254
1603		-5.08458		61.2879
1604		-40.6394		55.2416
1605		-63.697		28.0168
1606		-63.1107		-7.14628
1607		-39.3205		-32.8224
1608		-4.16101		-36.2769
1609		25.2933		-15.818
1610		35.4753		18.743
1611		22.9223		51.6423
1612		-4.7492		69.5434
1613		-33.7871		68.0954
1614		-52.1672		53.1705
1615		-55.8498		36.3845
1616		-49.9802		27.7563
1617		-44.6081		29.911
1618		-47.7207		37.1917
1619		-59.9128		40.0573
1620		-73.9796		31.9503
1621		-79.7188		14.3131
1622		-71.0321		-3.49809
1623		-50.912		-9.60455
1624		-31.0152		2.75276
1625		-25.6584		29.9031
1626		-43.4268		58.2151
1627		-81.2028		70.5636
1628		-124.3		55.5118
1629		-153.081		14.1771
1630		-152.776		-39.1979
1631		-121.297		-83.6073
1632		-70.7743		-101.413
1633		-21.83		-86.9527
1634		6.43668		-49.0825
1635		5.51144		-6.36243
1636		-19.1445		22.4634
1637		-51.9645		27.5598
1638		-76.0555		11.8953
1639		-81.9515		-11.8633
1640		-71.6088		-29.3687
1641		-55.7258		-32.8007
1642		-46.2909		-24.6249
1643		-48.9062		-14.9546
1644		-59.4341		-14.3263
1645		-66.892		-26.3404
1646		-60.8127		-44.6602
1647		-38.6307		-56.2888
1648		-8.57166		-49.3353
1649		13.917		-20.7778
1650		14.4251		20.4036
1651		-12.0341		56.821
1652		-57.303		71.3102
1653		-103.339		56.0023
1654		-130.936		16.8595
1655		-129.346		-28.9119
1656		-101.685		-61.3211
1657		-63.2354		-67.4953
1658		-33.5656		-47.8318
1659		-26.673		-15.2523
1660		-44.3152		11.8792
1661		-75.8814		19.2793
1662		-104.589		3.65543
1663		-116.455		-26.4616
1664		-107.186		-56.0455
1665		-83.5037		-71.8639
1666		-58.5895		-69.1363
1667		-44.5199		-53.1231
1668		-46.0097		-35.1899
1669		-58.7734		-25.9405
1670		-73.0368		-29.4598
1671		-79.8095		-41.8178
1672		-76.1239		-54.3727
1673		-66.2527		-59.6237
1674		-58.4094		-56.0066
1675		-59.094		-48.7958
1676		-68.5679		-46.6572
1677		-80.1923		-55.9796
1678		-84.0535		-76.3901
1679		-72.7861		-100.138
1680		-46.2372		-115.791
1681		-12.2869		-114.215
1682		16.6842		-93.5337
1683		29.772		-60.3814
1684		22.7672		-26.8085
1685		-0.0756989		-4.59184
1686		-28.4587		0.0259552
1687		-51.1341		-11.4588
1688		-60.8766		-31.4823
1689		-56.865		-50.673
1690		-43.6439		-62.1891
1691		-27.7747		-63.9057
1692		-14.3888		-57.7217
1693		-5.57125		-46.9921
1694		-1.11373		-34.056
1695		-0.609192		-19.4702
1696		-5.08449		-3.22802
1697		-16.8246		13.1918
1698		-37.3957		25.7028
1699		-65.2156		28.582
1700		-94.4976		17.2881
1701		-116.663		-8.43999
1702		-123.827		-43.1674
1703		-112.616		-77.1599
1704		-86.2015		-100.159
1705		-53.3196		-105.697
1706		-24.6688		-93.7393
1707		-8.50734		-70.3247
1708		-7.6765		-44.5
1709		-19.423		-24.2803
1710		-37.797		-13.7798
1711		-57.0116		-12.8351
1712		-73.7623		-18.8957
1713		-87.3338		-29.6461
1714		-97.8157		-44.5067
1715		-103.982		-64.0379
1716		-102.598		-87.7616
1717		-89.9481		-112.084
1718		-64.8337		-130.101
1719		-31.145		-133.994
1720		1.9362		-119.041
1721		22.8209		-87.1159
1722		22.4369		-47.4661
1723		-1.18205		-13.904
1724		-41.0876		0.603935
1725		-83.5529		-10.524
1726		-113.352		-44.4826
1727		-119.787		-90.0737
1728		-100.714		-132.208
1729		-62.8718		-157.759
1730		-18.6567		-160.127
1731		18.8712		-140.713
1732		40.3875		-107.175
1733		42.4245		-69.8391
1734		26.9532		-38.1932
1735		-0.556061		-18.8393
1736		-33.1527		-15.0755
1737		-63.6201		-27.2965
1738		-85.0117		-53.2216
1739		-91.3426		-87.6322
1740		-79.1109		-122.247
1741		-49.4202		-146.818
1742		-9.45282		-152.033
1743		28.2538		-133.548
1744		49.4567		-95.2775
1745		43.8796		-49.771
1746		10.4767		-14.5774
1747		-40.5386		-5.4899
1748		-90.5644		-29.4759
1749		-119.718		-80.7416
1750		-115.238		-142.229
1751		-77.2433		-192.317
1752		-18.9474		-213.875
1753		39.0143		-201.45
1754		77.5472		-163.174
1755		87.1032		-116.496
1756		70.9502		-79.9177
1757		42.3419		-64.8533
1758		17.3252		-71.5404
1759		7.04355		-90.6964
1760		13.4338		-109.573
1761		30.1819		-118.854
1762		47.8521		-116.635
1763		59.8932		-107.625
1764		65.9538		-98.5301
1765		70.7353		-92.7602
1766		79.3748		-87.8902
1767		92.493		-77.5014
1768		104.271		-56.2896
1769		105.112		-25.1876
1770		87.5989		6.95765
1771		52.303		26.717
1772		9.73281		23.0356
1773		-23.2835		-5.89653
1774		-31.4064		-49.8698
1775		-8.88871		-90.0086
1776		36.4017		-107.033
1777		85.4821		-90.4586
1778		116.383		-44.064
1779		114.033		15.2897
1780		77.0382		65.0204
1781		18.0484		86.7767
1782		-42.3412		74.1018
1783		-84.9422		34.2136
1784		-99.8815		-16.5985
1785		-89.3479		-61.2206
1786		-64.3357		-89.2001
1787		-37.7013		-99.8091
1788		-17.5787		-99.6657
1789		-4.63345		-96.91
1790		5.80174		-95.6534
1791		18.5324		-93.9546
1792		33.7442		-86.2836
1793		45.7447		-68.6871
1794		46.0553		-43.2596
1795		29.0306		-18.947
1796		-3.39893		-7.8905
1797		-40.8588		-19.1711
1798		-68.363		-53.4128
1799		-73.0256		-101.336
1800		-50.1672		-147.233
1801		-5.62148		-175.663
1802		46.917		-177.975
1803		92.0299		-155.395
1804		118.956		-117.37
1805		125.049		-76.3979
1806		114.906		-42.3395
1807		96.2238		-19.2046
1808		75.1252		-5.76785
1809		53.7367		0.966179
1810		31.2037		2.03851
1811		7.10943		-4.86637
1812		-15.2752		-23.4976
1813		-28.4064		-54.9864
1814		-23.4252		-94.3506
1815		4.70641		-130.132
1816		52.7763		-148.055
1817		108.397		-137.265
1818		153.659		-96.0783
1819		172.021		-34.159
1820		155.296		30.2976
1821		107.403		77.3134
1822		43.0586		92.8005
1823		-17.9662		73.7127
1824		-58.3559		28.5147
1825		-69.1846		-26.9155
1826		-51.9252		-75.7683
1827		-16.2122		-106.153
1828		25.01		-113.996
1829		60.4221		-102.398
1830		83.277		-78.5766
1831		91.7056		-50.3966
1832		87.1807		-24.1494
1833		72.6477		-4.07624
1834		51.5091		7.01762
1835		27.6725		7.22221
1836		5.9436		-4.18201
1837		-8.22195		-25.7407
1838		-10.0662		-53.053
1839		2.48405		-79.1915
1840		27.3291		-96.6189
1841		58.2797		-99.9258
1842		87.0048		-88.0605
1843		106.078		-64.8443
1844		111.698		-37.4182
1845		104.781		-13.3589
1846		90.0025		2.11495
1847		73.4413		7.55962
1848		60.1397		4.89178
1849		52.7601		-2.27662
1850		51.7119		-10.389
1851		56.1825		-16.7983
1852		65.0332		-19.5378
1853		76.8185		-16.6762
1854		89.025		-6.24196
1855		97.4167		12.7618
1856		96.5448		38.6713
1857		81.8038		66.0327
1858		52.2984		86.2868
1859		12.8988		90.6487
1860		-26.1106		74.2067
1861		-52.3149		39.214
1862		-56.2936		-4.42981
1863		-36.2393		-42.3293
1864		0.384171		-61.3266
1865		39.3415		-55.2592
1866		65.4344		-27.9002
1867		68.9951		8.54027
1868		49.9398		38.801
1869		17.3705		51.299
1870		-15.0671		42.9239
1871		-35.7078		19.5782
1872		-39.9565		-7.65198
1873		-31.4325		-28.5584
1874		-18.7827		-38.8379
1875		-10.0961		-41.468
1876		-8.10226		-43.8593
1877		-8.82236		-52.5573
1878		-4.36751		-68.6044
1879		11.7773		-86.2755
1880		40.0668		-95.9766
1881		73.5824		-89.7252
1882		100.993		-66.1218
1883		112.291		-31.9378
1884		104.187		0.730698
1885		82.1818		20.3525
1886		58.0465		21.7941
1887		43.9672		8.96564
1888		46.3804		-7.18088
1889		62.743		-14.2853
1890		82.9119		-4.91463
1891		94.3759		19.6834
1892		88.5851		50.2816
1893		65.1164		74.3458
1894		31.6583		82.1494
1895		0.0389938		71.1763
1896		-19.4353		46.715
1897		-22.3526		18.6705
1898		-11.1996		-3.41679
1899		7.10504		-14.378
1900		25.3764		-14.4877
1901		39.4993		-7.4677
1902		49.146		2.93462
1903		55.8245		15.4583
1904		59.883		31.3312
1905		58.7143		51.8714
1906		47.6135		75.4108
1907		23.0114		95.8251
1908		-13.8263		104.089
1909		-55.0821		92.4593
1910		-88.176		59.1802
1911		-100.67		11.0185
1912		-86.0516		-38.1431
1913		-47.4358		-72.4106
1914		2.88717		-80.4425
1915		48.1221		-60.3352
1916		73.754		-20.4186
1917		73.2604		24.4468
1918		50.0936		59.2529
1919		15.17		74.8062
1920		-18.6532		70.4934
1921		-42.2073		52.8116
1922		-52.985		30.8313
1923		-54.2559		11.2586
1924		-51.2697		-4.22681
1925		-47.0065		-18.1109
1926		-40.0635		-33.473
1927		-25.9284		-50.0652
1928		-0.875259		-62.5974
1929		33.8694		-62.5224
1930		70.3223		-42.5984
1931		95.7371		-1.8325
1932		97.7879		51.9958
1933		70.5349		103.93
1934		18.1732		137.192
1935		-45.4968		140.002
1936		-101.91		110.69
1937		-134.844		58.7074
1938		-136.642		0.962601
1939		-110.809		-44.8529
1940		-69.9469		-66.9905
1941		-30.1292		-63.5109
1942		-4.3656		-41.8185
1943		1.95732		-14.4197
1944		-8.12405		6.88153
1945		-26.0334		15.6334
1946		-42.4801		12.2987
1947		-51.7693		2.43167
1948		-53.6556		-7.21591
1949		-52.1826		-12.5034
1950		-52.4781		-13.7475
1951		-57.3811		-14.8969
1952		-65.6811		-20.739
1953		-72.7681		-33.7818
1954		-73.1971		-52.4921
1955		-63.7173		-71.7645
1956		-45.1585		-85.2896
1957		-22.2486		-88.542
1958		-1.52703		-80.8577
1959		11.5229		-65.619
1960		14.682		-48.5684
1961		9.52531		-35.2133
1962		0.187881		-28.6619
1963		-8.82539		-28.8951
1964		-14.5501		-33.6367
1965		-16.2374		-40.11
1966		-14.6236		-46.5396
1967		-10.4727		-52.5071
1968		-3.49702		-58.0349
1969		7.48897		-62.1315
1970		23.1351		-61.9603
1971		41.6966		-53.514
1972		58.0795		-33.7986
1973		64.8172		-3.50922
1974		55.0233		31.3937
1975		26.166		60.5145
1976		-17.2368		72.4835
1977		-63.7123		59.8532
1978		-98.2803		23.2451
1979		-108.178		-27.4409
1980		-88.4861		-75.795
1981		-45.019		-104.879
1982		7.15056		-104.021
1983		49.2235		-73.4196
1984		66.0452		-24.3579
1985		52.113		25.2446
1986		13.529		58.0807
1987		-34.9818		64.2939
1988		-76.585		44.876
1989		-99.3578		10.2071
1990		-100.613		-25.3684
1991		-86.7106		-50.1994
1992		-68.7745		-60.0191
1993		-56.7094		-58.5966
1994		-54.5922		-54.4061
1995		-59.6229		-55.374
1996		-64.8201		-64.6136
1997		-63.6542		-79.3282
1998		-53.8799		-93.1864
1999		-38.4534		-100.518
2000		-23.2118		-99.7239
2001		-12.918		-93.8577
2002		-8.2314		-88.1275
2003		-5.57529		-85.966
2004		-0.0700302		-86.2841
2005		10.2804		-83.88
2006		21.9261		-73.0721
2007		26.7062		-52.5174
2008		16.3987		-28.1546
2009		-11.4038		-11.9471
2010		-49.5586		-16.362
2011		-82.5028		-47.088
2012		-92.5352		-97.9306
2013		-68.6335		-151.167
2014		-13.4106		-184.074
2015		55.746		-179.076
2016		112.686		-132.776
2017		133.426		-59.1922
2018		107.081		14.8905
2019		41.5197		60.8007
2020		-39.2115		60.2493
2021		-104.784		13.2934
2022		-131.334		-61.7697
2023		-111.195		-136.523
2024		-55.2079		-184.695
2025		13.1725		-192.805
2026		68.845		-164.401
2027		95.6851		-116.378
2028		91.9075		-69.7706
2029		68.1522		-39.9291
2030		40.0364		-30.9011
2031		19.5507		-36.3018
2032		9.87092		-45.4079
2033		5.94433		-50.5645
2034		-0.129761		-51.6134
2035		-12.5071		-55.0329
2036		-27.8558		-68.6405
2037		-36.6984		-95.2588
2038		-29.0347		-129.284
2039		-0.910999		-158.368
2040		41.987		-169.448
2041		85.9935		-155.81
2042		115.696		-121.208
2043		121.467		-78.6086
2044		104.236		-44.0958
2045		74.8866		-29.0956
2046		48.5791		-35.0543
2047		37.0185		-53.358
2048		42.7933		-70.4626
2049		58.7434		-75.4022
2050		72.5814		-65.6014
2051		74.1551		-47.8989
2052		61.3538		-34.3108
2053		41.4502		-34.9198
2054		27.1705		-51.792
2055		29.6278		-77.2391
2056		51.9184		-97.3856
2057		86.7896		-99.1844
2058		119.628		-77.2367
2059		135.243		-36.926
2060		125.024		7.67126
2061		90.9845		39.979
2062		44.8621		48.134
2063		2.95984		29.8153
2064		-20.6365		-7.32059
2065		-19.3076		-49.3743
2066		4.45927		-81.9883
2067		41.1832		-95.4283
2068		78.6791		-87.0038
2069		106.297		-60.461
2070		117.45		-23.4463
2071		110.054		15.3022
2072		85.6406		47.8293
2073		48.2846		67.7157
2074		4.02502		70.347
2075		-39.3802		53.4669
2076		-73.1062		18.2087
2077		-88.907		-29.9942
2078		-81.6049		-81.6081
2079		-51.4194		-124.938
2080		-4.82189		-149.488
2081		46.8953		-149.478
2082		91.0443		-125.904
2083		117.594		-86.1139
2084		122.092		-41.046
2085		106.249		-1.43097
2086		76.1873		25.2781
2087		39.5186		36.0162
2088		2.88727		31.1949
2089		-28.9031		12.8306
2090		-52.2024		-16.8097
2091		-63.3462		-55.1349
2092		-58.3973		-97.9655
2093		-34.5191		-138.341
2094		7.5441		-166.85
2095		61.4387		-174.13
2096		115.311		-154.77
2097		154.791		-110.733
2098		168.001		-52.2525
2099		150.44		4.77994
2100		107.346		44.2017
2101		52.1818		55.4862
2102		1.73096		37.5184
2103		-30.0634		-1.46814
2104		-36.7669		-47.664
2105		-20.6865		-87.2787
2106		9.52393		-111.325
2107		43.3281		-117.587
2108		72.4603		-109.38
2109		92.8853		-92.3672
2110		104.143		-71.5103
2111		107.183		-49.7836
2112		102.506		-28.9263
2113		89.9318		-11.125
2114		70.0162		0.0381317
2115		45.8575		0.447998
2116		23.6046		-12.1562
2117		10.7589		-35.7928
2118		12.8108		-63.6679
2119		30.0395		-86.3205
2120		56.5308		-95.7521
2121		82.4024		-89.4331
2122		98.4204		-71.8519
2123		100.674		-52.442
2124		92.6907		-40.698
2125		83.6105		-40.9754
2126		83.1409		-49.8485
2127		95.899		-57.6652
2128		118.234		-53.6983
2129		139.434		-32.26
2130		146.901		3.50806
2131		132.681		42.3354
2132		97.933		69.8137
2133		52.9325		75.1785
2134		12.55		56.3889
2135		-10.4435		20.9212
2136		-10.7897		-18.0129
2137		7.81073		-47.6745
2138		35.6734		-61.0851
2139		62.5605		-58.7166
2140		82.3575		-46.0744
2141		94.4261		-29.0472
2142		101.188		-10.1243
2143		103.864		12.0703
2144		99.4917		39.6533
2145		81.6013		70.8923
2146		44.6523		97.4699
2147		-10.2062		106.088
2148		-71.753		84.4396
2149		-120.51		28.7935
2150		-135.91		-51.0033
2151		-105.898		-132.487
2152		-34.2599		-188.068
2153		58.3957		-196.2
2154		141.23		-151.194
2155		184.906		-66.9099
2156		173.361		27.7577
2157		110.342		99.8363
2158		17.7686		124.905
2159		-73.1985		95.8833
2160		-134.238		24.3955
2161		-149.755		-65.334
2162		-120.619		-146.739
2163		-60.9847		-200.479
2164		9.37372		-219.382
2165		73.0764		-207.54
2166		119.91		-175.289
2167		147.06		-133.442
2168		156.07		-89.816
2169		149.312		-49.1421
2170		128.378		-15.1848
2171		95.0836		7.29407
2172		53.7921		12.6846
2173		12.769		-2.97223
2174		-17.0801		-38.7264
2175		-25.9806		-87.0741
2176		-9.66785		-135.505
2177		28.2046		-170.932
2178		77.2663		-184.849
2179		124.862		-176.451
2180		161.414		-151.941
2181		183.786		-120.44
2182		194.794		-88.8627
2183		199.284		-58.8432
2184		199.267		-27.5946
2185		191.351		7.74927
2186		168.442		45.0312
2187		125.175		74.6795
2188		64.1112		82.2365
2189		-1.22888		55.2703
2190		-49.0711		-8.58325
2191		-57.5356		-96.8678
2192		-14.8184		-184.078
2193		73.5223		-240.121
2194		184.181		-242.194
2195		283.543		-184.8
2196		340.153		-83.1172
2197		336.847		32.1245
2198		277.233		126.251
2199		183.663		173.708
2200		87.7544		166.964
2201		17.8046		117.623
2202		-11.3541		49.7712
2203		-1.95619		-10.979
2204		30.5293		-47.6382
2205		66.1532		-56.9084
2206		89.7098		-47.6231
2207		96.3003		-34.1923
2208		91.3033		-28.7368
2209		85.6634		-35.6832
2210		89.427		-50.8801
2211		106.8		-64.8516
2212		134.706		-67.9474
2213		164.8		-54.6862
2214		187.29		-25.5548
2215		194.448		13.8383
2216		182.496		55.058
2217		151.793		89.092
2218		106.264		107.739
2219		52.998		104.388
2220		2.24042		75.0687
2221		-33.0497		20.3558
2222		-39.2135		-52.2974
2223		-6.02789		-127.317
2224		67.9269		-182.68
2225		170.966		-195.401
2226		277.821		-149.872
2227		354.753		-46.1606
2228		369.754		95.5486
2229		304.8		237.386
2230		165.466		333.713
2231		-16.5549		345.977
2232		-190.251		257.501
2233		-300.176		82.4566
2234		-304.84		-135.062
2235		-192.206		-332.611
2236		13.5443		-448.403
2237		257.038		-441.592
2238		467.516		-306.896
2239		580.581		-78.2616
2240		558.827		180.067
2241		404.509		392.53
2242		159.955		495.322
2243		-104.604		456.196
2244		-312.012		284.696
2245		-401.415		29.5795
2246		-346.515		-235.725
2247		-163.277		-435.061
2248		95.1487		-512.089
2249		354.525		-446.621
2250		541.604		-259.942
2251		605.451		-7.80554
2252		531.75		236.5
2253		346.075		403.765
2254		105.544		448.719
2255		-118.393		362.467
2256		-260.804		174.198
2257		-281.785		-57.995
2258		-177.484		-264.311
2259		19.2424		-383.491
2260		248.57		-380.473
2261		441.101		-256.627
2262		538.147		-49.6713
2263		509.337		176.863
2264		362.511		352.014
2265		142.73		418.718
2266		-79.9338		352.07
2267		-230.989		168.852
2268		-254.87		-75.2369
2269		-134.025		-300.823
2270		102.687		-428.85
2271		385.964		-406.344
2272		625.689		-225.682
2273		738.89		69.5694
2274		677.375		395.26
2275		445.752		651.361
2276		103.166		753.404
2277		-252.755		660.485
2278		-515.203		390.353
2279		-601.527		16.0786
2280		-479.717		-355.042
2281		-179.339		-613.741
2282		216.61		-681.866
2283		596.189		-535.84
2284		851.393		-213.427
2285		909.169		197.698
2286		751.494		585.4
2287		419.303		844.514
2288		0.162338		905.11
2289		-395.925		750.246
2290		-665.531		419.309
2291		-738.126		-2.93198
2292		-593.565		-408.136
2293		-267.09		-691.573
2294		159.027		-778.402
2295		575.369		-643.093
2296		872.539		-317.314
2297		969.548		116.233
2298		836.424		543.54
2299		504.644		848.625
2300		61.3837		945.355
2301		-372.302		802.986
2302		-674.437		457.361
2303		-757.253		3.26343
2304		-593.941		-431.12
2305		-228.277		-720.805
2306		236.69		-780.855
2307		668.077		-592.012
2308		941.983		-206.894
2309		979.757		265.318
2310		770.605		690.912
2311		373.897		950.436
2312		-98.9431		972.441
2313		-516.879		752.495
2314		-766.02		352.694
2315		-780.156		-117.09
2316		-557.156		-530.005
2317		-157.779		-776.117
2318		311.618		-790.578
2319		727.268		-569.396
2320		979.703		-169.679
2321		1001.42		305.149
2322		784.102		731.417
2323		381.429		996.471
2324		-103.597		1027.83
2325		-544.212		813.021
2326		-822.644		404.58
2327		-861.889		-92.0132
2328		-647.844		-545.331
2329		-234.982		-833.376
2330		267.084		-877.727
2331		723.262		-666.416
2332		1010.84		-258.249
2333		1054.5		233.409
2334		847.857		673.007
2335		454.857		941.792
2336		-9.51896		971.656
2337		-413.213		763.666
2338		-645.323		386.004
2339		-647.088		-47.5187
2340		-426.784		-411.337
2341		-54.8836		-604.017
2342		358.133		-575.737
2343		694.091		-340.1
2344		860.013		32.0874
2345		812.625		434.28
2346		568.447		754.287
2347		197.648		904.646
2348		-195.943		845.494
2349		-503.04		594.459
2350		-638.022		221.516
2351		-561.705		-169.636
2352		-292.123		-468.942
2353		99.4462		-589.299
2354		506.482		-490.4
2355		814.976		-190.805
2356		934.021		235.292
2357		821.218		676.352
2358		495.858		1012.5
2359		35.8192		1147.87
2360		-441.62		1037.4
2361		-810.331		700.82
2362		-969.21		219.156
2363		-870.128		-285.359
2364		-532.165		-681.116
2365		-37.969		-862.078
2366		487.006		-776.45
2367		906.975		-441.241
2368		1111.39		61.255
2369		1044.15		604.235
2370		718.793		1048.97
2371		215.559		1280.73
2372		-338.841		1238.63
2373		-803.614		931.755
2374		-1060.09		437.272
2375		-1042.45		-118.986
2376		-755.053		-594.653
2377		-271.771		-867.463
2378		282.629		-867.008
2379		764.479		-593.353
2380		1048.44		-117.527
2381		1060.32		436.507
2382		796.937		923.937
2383		327.385		1217.05
2384		-224.651		1239.05
2385		-713.343		984.821
2386		-1009.4		522.677
2387		-1034.72		-23.4064
2388		-783.606		-506.755
2389		-324.617		-797.342
2390		217.603		-816.908
2391		695.865		-560.254
2392		980.204		-96.7661
2393		993.055		448.335
2394		730.181		927.925
2395		261.619		1212.78
2396		-287.503		1226.31
2397		-770.906		964.875
2398		-1060.44		498.164
2399		-1080.04		-49.9384
2400		-825.341		-534.669
2401		-364.114		-828.653
2402		182.188		-854.984
2403		670.433		-606.668
2404		972.843		-147.838
2405		1009.6		403.106
2406		769.018		903.832
2407		310.479		1224.19
2408		-250.273		1279.21
2409		-769.991		1051.05
2410		-1113.95		594.375
2411		-1190.5		23.7055
2412		-975.524		-514.787
2413		-520.321		-880.397
2414		59.868		-974.854
2415		614.636		-769.419
2416		997.667		-314.36
2417		1106.29		272.723
2418		910.34		837.493
2419		461.633		1230.61
2420		-119.367		1349.08
2421		-676.612		1165.13
2422		-1062.03		734.005
2423		-1176.94		178.002
2424		-999.114		-348.701
2425		-587.585		-703.862
2426		-64.0888		-796.703
2427		422.786		-611.675
2428		739.772		-210.11
2429		805.032		289.695
2430		608.304		747.207
2431		210.482		1038.59
2432		-275.849		1089
2433		-718.337		890.101
2434		-1000.06		499.506
2435		-1048.95		23.5566
2436		-854.669		-411.087
2437		-469.921		-689.709
2438		3.51034		-738.066
2439		440.207		-540.891
2440		722.321		-146.312
2441		769.502		344.988
2442		560.562		803.912
2443		141.199		1105.29
2444		-385.091		1160.94
2445		-881.861		944.834
2446		-1214.92		503.135
2447		-1288.98		-55.0019
2448		-1075.6		-584.611
2449		-623.74		-943.545
2450		-48.9001		-1032.02
2451		496.976		-821.618
2452		866.881		-364.817
2453		959.562		218.149
2454		747.936		771.79
2455		286.831		1147.87
2456		-302.097		1245.76
2457		-863.698		1039.31
2458		-1251.24		582.949
2459		-1365.13		-4.00291
2460		-1178.14		-569.786
2461		-740.977		-970.22
2462		-167.581		-1105.51
2463		395.151		-944.624
2464		804.995		-531.71
2465		959.826		26.3248
2466		822.332		587.318
2467		428.444		1009.42
2468		-122.152		1186.06
2469		-690.885		1072.08
2470		-1134.53		694.771
2471		-1340.61		147.346
2472		-1255.49		-433.839
2473		-898.181		-902.879
2474		-356.348		-1140.67
2475		234.883		-1085.06
2476		726.258		-747.192
2477		991.776		-209.691
2478		960.768		393.189
2479		636.497		908.664
2480		96.4079		1203.68
2481		-526.306		1198.73
2482		-1075.42		888.687
2483		-1410.63		345.194
2484		-1443.12		-300.154
2485		-1158.63		-887.981
2486		-622.284		-1270.77
2487		36.6641		-1350.15
2488		656.35		-1102.41
2489		1082.68		-585.531
2490		1208.33		74.3865
2491		1000.47		714.245
2492		509.757		1174.94
2493		-141.88		1341.8
2494		-791.968		1173.96
2495		-1278.82		714.918
2496		-1482.76		81.2622
2497		-1356.52		-567.415
2498		-936.67		-1069.65
2499		-333.358		-1303.38
2500		298.911		-1216.56
2501		801.496		-839.234
2502		1052.2		-274.246
2503		995.681		330.587
2504		655.991		821.267
2505		128.509		1077.09
2506		-446.234		1040.67
2507		-919.677		731.016
2508		-1173.54		236.792
2509		-1149.57		-308.197
2510		-863.213		-760.6
2511		-398.087		-1004.95
2512		117.168		-983.285
2513		543.425		-709.389
2514		767.982		-264.121
2515		734.211		226.88
2516		456.185		627.221
2517		14.4391		826.502
2518		-466.034		770.077
2519		-849.742		473.862
2520		-1027.58		20.1889
2521		-946.805		-464.284
2522		-625.959		-842.813
2523		-150.744		-1005.87
2524		348.356		-901.559
2525		730.847		-550.952
2526		884.325		-44.029
2527		755.817		482.974
2528		367.916		883.168
2529		-184.884		1038.41
2530		-759.171		892.134
2531		-1199.37		466.834
2532		-1378.95		-139.017
2533		-1235.3		-774.329
2534		-788.844		-1273.59
2535		-140.685		-1500.23
2536		551.209		-1383.75
2537		1111.74		-940.515
2538		1394.1		-272.135
2539		1319.03		458.773
2540		897.008		1069.53
2541		227.382		1404.4
2542		-525.961		1375.33
2543		-1176.02		985.306
2544		-1560.44		328.275
2545		-1582.9		-434.561
2546		-1237.48		-1115.7
2547		-609.711		-1548.76
2548		145.737		-1630.04
2549		844.438		-1343.7
2550		1318.52		-764.414
2551		1457.95		-37.3635
2552		1236.67		658.913
2553		717.302		1157.19
2554		33.9183		1342.5
2555		-642.551		1179.28
2556		-1147.24		718.399
2557		-1361.94		82.6855
2558		-1243.36		-565.141
2559		-832.199		-1063.81
2560		-241.164		-1293.78
2561		374.93		-1206.35
2562		859.146		-834.408
2563		1092.29		-282.385
2564		1022.56		301.877
2565		677.432		765.885
2566		155.131		991.859
2567		-402.076		926.559
2568		-845.505		594.057
2569		-1058.87		88.352
2570		-988.262		-452.015
2571		-655.703		-880.651
2572		-152.907		-1081.79
2573		383.008		-1000.69
2574		805.608		-658.155
2575		997.807		-145.505
2576		903.169		398.955
2577		541.75		825.979
2578		6.11816		1014.89
2579		-561.772		906.379
2580		-1007.29		519.768
2581		-1204.1		-50.04
2582		-1088.73		-655.859
2583		-679.312		-1136.06
2584		-73.0218		-1357.32
2585		577.653		-1250.88
2586		1104.02		-832.474
2587		1365.48		-200.084
2588		1287.08		490.26
2589		880.273		1064.41
2590		240.957		1375.21
2591		-474.596		1340.84
2592		-1089.63		965.999
2593		-1451.91		340.8
2594		-1472.11		-382.399
2595		-1145.64		-1027.6
2596		-552.918		-1439.14
2597		161.661		-1519.69
2598		825.993		-1253.12
2599		1282.45		-706.853
2600		1425.52		-14.1054
2601		1225.94		659.318
2602		736.149		1155.1
2603		76.2222		1359.77
2604		-595.851		1230.73
2605		-1122.23		804.983
2606		-1382.64		189.029
2607		-1322.38		-467.6
2608		-964.444		-1008.77
2609		-402.868		-1309.47
2610		221.09		-1305.76
2611		754.248		-1009.69
2612		1069.66		-505.287
2613		1098.13		73.5072
2614		844.964		577.526
2615		387.494		880.934
2616		-146.123		913.573
2617		-611.453		678.478
2618		-886.447		249.793
2619		-903.784		-248.435
2620		-668.051		-676.798
2621		-253.087		-918.867
2622		219.68		-912.716
2623		615.685		-666.922
2624		824.741		-256.825
2625		791.135		197.622
2626		528.11		565.877
2627		113.1		743.078
2628		-334.483		678.551
2629		-686.396		389.064
2630		-840.464		-46.2851
2631		-747.95		-507.637
2632		-426.502		-866.323
2633		44.2193		-1018.74
2634		542.755		-913.601
2635		936.616		-565.959
2636		1116.01		-54.6732
2637		1022.35		496.019
2638		664.738		946.589
2639		119.99		1176.96
2640		-484.076		1117.64
2641		-998.91		769.412
2642		-1292.07		206.181
2643		-1281.69		-440.765
2644		-959.464		-1013.99
2645		-395.628		-1369.37
2646		276.549		-1413.64
2647		893.363		-1129.88
2648		1302.27		-583.533
2649		1401.37		93.3083
2650		1165.91		735.402
2651		654.516		1186.68
2652		-6.54183		1339.8
2653		-656.326		1162.36
2654		-1140.25		703.036
2655		-1347.96		77.0209
2656		-1238.47		-564.53
2657		-846.987		-1072.25
2658		-273.101		-1333.71
2659		345.435		-1297.77
2660		866.05		-983.439
2661		1173.86		-472.41
2662		1206.36		111.735
2663		965.709		632.602
2664		516.59		971.933
2665		-29.5083		1056.08
2666		-540.312		872.513
2667		-893.746		472.663
2668		-1007.15		-40.1221
2669		-857.823		-535.412
2670		-489.271		-888.006
2671		-0.870937		-1009.92
2672		477.418		-873.601
2673		819.075		-519.639
2674		934.778		-46.2519
2675		796.456		417.084
2676		444.682		744.709
2677		-22.7776		848.747
2678		-477.969		702.429
2679		-797.529		346.434
2680		-895.48		-123.052
2681		-745.226		-580.696
2682		-385.376		-905.2
2683		91.334		-1010.39
2684		562.387		-866.498
2685		906.465		-506.914
2686		1033.4		-19.4879
2687		906.217		475.027
2688		550.387		852.155
2689		48.4701		1013.84
2690		-478.85		912.763
2691		-901.246		565.138
2692		-1110.45		48.5723
2693		-1047.69		-515.201
2694		-719.92		-989.252
2695		-200.055		-1255.35
2696		389.677		-1244.3
2697		907.594		-954.543
2698		1228.2		-453.659
2699		1274.18		138.122
2700		1036.1		678.214
2701		574.502		1037.71
2702		3.94528		1133.54
2703		-536.378		948.343
2704		-917.507		533.306
2705		-1051.95		-6.07896
2706		-913.732		-537.077
2707		-542.83		-932.354
2708		-33.859		-1100.19
2709		487.8		-1005.36
2710		896.406		-676.284
2711		1095.78		-197.132
2712		1041.96		312.976
2713		753.45		729.081
2714		306.447		951.024
2715		-184.157		928.353
2716		-593.779		673.132
2717		-820.136		256.939
2718		-809.944		-207.768
2719		-572.947		-597.433
2720		-179.055		-810.502
2721		260.97		-794.666
2722		626.05		-560.536
2723		817.956		-177.82
2724		787.683		244.768
2725		547.741		589.92
2726		167.312		763.687
2727		-247.747		720.122
2728		-583.98		472.262
2729		-750.303		87.2445
2730		-701.092		-332.311
2731		-446.984		-675.197
2732		-51.4099		-849.791
2733		385.632		-806.773
2734		752.332		-551.319
2735		952.521		-142.233
2736		929.567		321.714
2737		681.202		725.272
2738		261.557		964.822
2739		-230.611		974.57
2740		-675.288		744.273
2741		-960.855		323.559
2742		-1012.66		-188.981
2743		-812.876		-669.72
2744		-406.037		-1001.03
2745		111.637		-1101.17
2746		616.402		-945.052
2747		988.137		-570.152
2748		1140.05		-66.3938
2749		1039.2		446.939
2750		712.967		850.725
2751		240.644		1054.22
2752		-266.818		1015.2
2753		-693.347		747.944
2754		-944.143		318.132
2755		-966.254		-173.334
2756		-759.416		-613.566
2757		-375.339		-903.014
2758		94.2337		-977.761
2759		538.378		-824.172
2760		852.635		-482.513
2761		963.978		-38.1008
2762		849.158		398.771
2763		541.348		719.981
2764		122.514		847.229
2765		-297.367		752.761
2766		-609.221		467.032
2767		-734.079		70.5868
2768		-644.231		-327.995
2769		-370.108		-621.916
2770		9.0749		-735.154
2771		388.004		-642.324
2772		664.432		-374.023
2773		766.392		-6.78282
2774		670.107		358.782
2775		404.396		625.023
2776		41.4368		722.117
2777		-322.758		624.701
2778		-592.656		356.956
2779		-696.398		-14.186
2780		-602.823		-395.451
2781		-329.004		-689.345
2782		63.0927		-817.243
2783		480.197		-738.603
2784		818.986		-462.074
2785		990.7		-45.53
2786		943.593		415.739
2787		677.6		810.771
2788		246.859		1039.89
2789		-251.46		1040.22
2790		-699.938		803.018
2791		-989.804		377.515
2792		-1048.38		-139.993
2793		-857.716		-629.417
2794		-459.323		-976.281
2795		55.993		-1099.57
2796		570.358		-970.85
2797		967.073		-620.234
2798		1157.74		-128.26
2799		1101.94		393.64
2800		815.307		829.035
2801		364.939		1082.72
2802		-146.523		1101.57
2803		-604.27		885.849
2804		-907.208		488.621
2805		-990.796		3.39723
2806		-841.758		-457.501
2807		-501.051		-789.261
2808		-53.9081		-919.508
2809		391.118		-825.619
2810		729.185		-539.724
2811		885.324		-139.666
2812		832.659		271.909
2813		597.629		594.683
2814		250.839		756.435
2815		-113.559		730.28
2816		-403.764		538.852
2817		-553.978		244.991
2818		-539.42		-67.5753
2819		-379.334		-317.441
2820		-128.349		-446.031
2821		140.28		-430.372
2822		354.386		-285.834
2823		460.448		-59.431
2824		435.26		183.63
2825		289.866		376.471
2826		65.7368		466.482
2827		-175.56		427.613
2828		-367.028		266.776
2829		-452.437		23.0137
2830		-400.779		-240.814
2831		-215.609		-452.607
2832		63.51		-549.08
2833		368.754		-493.079
2834		619.954		-285.484
2835		745.182		32.1869
2836		700.666		386.062
2837		484.341		687.629
2838		138.766		856.466
2839		-257.915		841.828
2840		-610.884		637.027
2841		-832.4		282.54
2842		-864.074		-143.069
2843		-691.801		-541.944
2844		-349.685		-820.502
2845		87.7883		-911.811
2846		523.107		-791.415
2847		858.29		-483.086
2848		1017.36		-53.4455
2849		963.657		403.132
2850		708.275		785.848
2851		307.673		1010.32
2852		-149.005		1027.81
2853		-560.211		836.494
2854		-835.342		481.886
2855		-915.717		46.2594
2856		-788.094		-370.769
2857		-487.311		-675.791
2858		-87.3299		-803.544
2859		317.106		-731.747
2860		633.486		-485.224
2861		793.391		-128.479
2862		767.798		251.06
2863		572.303		564.653
2864		261.49		743.225
2865		-85.6815		752.72
2866		-385.517		600.531
2867		-569.454		331.965
2868		-599.608		18.0651
2869		-476.655		-262.12
2870		-238.515		-440.643
2871		49.6903		-476.789
2872		312.056		-366.539
2873		480.858		-143.106
2874		513.549		131.706
2875		403.537		383.387
2876		181.888		543.999
2877		-90.7272		569.937
2878		-339.886		453.479
2879		-497.002		224.958
2880		-517.426		-55.081
2881		-392.249		-311.652
2882		-150.746		-474.789
2883		147.014		-497.545
2884		425.263		-367.986
2885		611.325		-112.354
2886		653.446		211.042
2887		533.507		525.489
2888		271.91		753.755
2889		-76.3039		836.197
2890		-433.211		745.187
2891		-715.248		492.739
2892		-852.413		129.471
2893		-805.347		-265.345
2894		-576.258		-601.003
2895		-210.648		-796.417
2896		211.383		-800.194
2897		592.928		-604.633
2898		843.325		-249.533
2899		900.748		185.861
2900		748.315		601.331
2901		419.136		900.042
2902		-11.3618		1012.43
2903		-443.904		913.241
2904		-779.697		627.244
2905		-944.161		222.377
2906		-903.997		-207.48
2907		-673.659		-565.302
2908		-310.277		-773.405
2909		101		-790.331
2910		467.189		-618.713
2911		708.398		-303.024
2912		774.964		81.6311
2913		657.512		446.894
2914		388.143		710.925
2915		32.6682		816.518
2916		-324.53		743.808
2917		-599.933		514.715
2918		-730.452		187.854
2919		-688.564		-155.362
2920		-489.144		-430.454
2921		-185.9		-570.799
2922		142.096		-544.367
2923		410.544		-361.784
2924		551.526		-73.3741
2925		530.817		244.134
2926		356.293		507.671
2927		75.3065		649.272
2928		-238.065		633.229
2929		-502.302		464.656
2930		-649.14		187.562
2931		-640.499		-126.669
2932		-477.669		-397.282
2933		-200.836		-554.124
2934		120.724		-554.911
2935		405.368		-395.843
2936		578.929		-113.139
2937		593.128		224.99
2938		438.23		534.328
2939		146.671		735.106
2940		-213.647		772.118
2941		-555.256		629.446
2942		-792.605		335.734
2943		-863.784		-41.8027
2944		-746.739		-413.498
2945		-465.524		-689.485
2946		-84.7073		-802.248
2947		306.611		-723.473
2948		616.872		-470.789
2949		774.334		-102.872
2950		743.824		295.422
2951		534.05		633.698
2952		194.235		837.065
2953		-198.409		862.59
2954		-556.843		707.749
2955		-803.613		409.634
2956		-887.337		35.7239
2957		-793.096		-331.385
2958		-544.951		-611.993
2959		-200.28		-746.436
2960		162.886		-707.965
2961		463.096		-508.654
2962		633.763		-196.86
2963		638.516		153.611
2964		479.909		460.542
2965		199.061		652.786
2966		-134.118		687.497
2967		-438.032		560.646
2968		-639.655		307.904
2969		-692.753		-4.5522
2970		-589.262		-297.054
2971		-360.819		-496.825
2972		-70.08		-556.417
2973		205.814		-465.412
2974		395.255		-252.47
2975		450.468		22.6499
2976		359.489		284.881
2977		148.888		463.368
2978		-123.336		509.763
2979		-382.836		410.729
2980		-558.205		191.526
2981		-599.621		-90.2737
2982		-492.143		-359.453
2983		-260.159		-542.588
2984		38.3063		-587.334
2985		326.157		-476.533
2986		526.996		-233.375
2987		584.996		83.8946
2988		479.655		396.433
2989		231.525		624.676
2990		-102.523		708.449
2991		-443.215		622.144
2992		-708.255		381.19
2993		-832.25		38.4153
2994		-782.309		-328.517
2995		-565.749		-635.335
2996		-228.401		-810.653
2997		155.818		-812.282
2998		501.541		-636.873
2999		731.076		-320.892
3000		791.908		67.2138
3001		668.777		442.035
3002		387.617		720.248
3003		10.2346		839.574
3004		-379.37		773.339
3005		-694.161		537.032
3006		-864.332		185.039
3007		-853.746		-202.005
3008		-668.38		-536.311
3009		-354.545		-743.805
3010		12.7326		-781.491
3011		348.135		-646.978
3012		576.542		-377.909
3013		650.406		-41.7597
3014		559.894		281.1
3015		333.691		516.673
3016		30.7988		614.266
3017		-274.293		557.303
3018		-509.353		365.939
3019		-621.041		91.2649
3020		-586.835		-197.325
3021		-419.776		-428.729
3022		-165.005		-547.048
3023		111.245		-525.036
3024		337.874		-370.871
3025		456.683		-126.362
3026		437.341		143.356
3027		285.561		366.416
3028		42.0257		482.983
3029		-228.03		461.211
3030		-451.985		305.935
3031		-569.147		57.5376
3032		-546.882		-218.759
3033		-389.117		-450.186
3034		-135.045		-575.462
3035		151.334		-560.418
3036		397.695		-406.262
3037		541.398		-148.771
3038		544.518		150.844
3039		402.558		420.724
3040		145.277		595.117
3041		-170.083		629.417
3042		-471.502		510.445
3043		-688.128		260.003
3044		-766.322		-69.0834
3045		-682.493		-403.886
3046		-449.802		-667.374
3047		-116.724		-796.281
3048		242.901		-756.781
3049		546.618		-553.886
3050		723.171		-231.642
3051		730.358		136.589
3052		566.03		465.697
3053		268.974		679.783
3054		-90.7456		730.866
3055		-429.391		610.282
3056		-670.22		349.838
3057		-761.657		12.8086
3058		-688.41		-322.348
3059		-473.231		-580.947
3060		-169.711		-708.893
3061		151.4		-683.649
3062		418.663		-517.521
3063		575.501		-253.314
3064		591.829		46.14
3065		469.766		312.189
3066		242.553		485.513
3067		-33.1278		529.294
3068		-290.141		437.691
3069		-466.686		237.454
3070		-521.426		-18.2181
3071		-444.129		-262.691
3072		-258.655		-432.924
3073		-16.9304		-486.108
3074		214.906		-411.196
3075		374.512		-231.779
3076		420.354		0.728073
3077		342.727		221.687
3078		165.616		371.24
3079		-60.8734		410.413
3080		-274.94		330.79
3081		-419.879		155.444
3082		-458.509		-68.4622
3083		-381.628		-282.696
3084		-209.004		-432.756
3085		16.5509		-480.742
3086		239.924		-413.616
3087		406.555		-245.602
3088		474.694		-14.7161
3089		424.804		225.615
3090		264.391		418.258
3091		27.1878		515.252
3092		-233.539		489.316
3093		-456.616		341.308
3094		-587.298		101.452
3095		-590.977		-176.622
3096		-462.631		-428.144
3097		-229.12		-592.956
3098		56.7049		-630.66
3099		328.783		-530.974
3100		524.146		-316.377
3101		598.288		-36.3661
3102		535.568		244.962
3103		352.138		464.467
3104		91.1262		574.586
3105		-188.178		553.541
3106		-424.15		409.17
3107		-566.372		176.104
3108		-586.134		-92.5659
3109		-482.033		-337.112
3110		-279.86		-504.078
3111		-26.857		-557.849
3112		218.645		-488.588
3113		400.321		-314.757
3114		477.011		-79.2568
3115		432.84		160.433
3116		281.516		346.164
3117		63.2267		433.739
3118		-165.512		404.318
3119		-346.578		269.286
3120		-435.526		66.9702
3121		-413.089		-147.962
3122		-289.63		-319.389
3123		-101.427		-404.595
3124		99.8616		-384.946
3125		261.288		-269.669
3126		342.249		-92.1681
3127		324.135		99.5565
3128		213.94		255.492
3129		41.4859		335.888
3130		-148.508		320.45
3131		-307.391		212.685
3132		-394.093		38.7893
3133		-384.793		-158.503
3134		-278.798		-329.809
3135		-99.2787		-430.738
3136		111.539		-432.829
3137		302.003		-331.169
3138		423.505		-146.605
3139		442.83		78.4369
3140		351.148		289.879
3141		167.034		435.331
3142		-67.5439		477.395
3143		-297.377		403.315
3144		-467.63		228.374
3145		-537.292		-7.828
3146		-488.983		-251.059
3147		-332.806		-445.447
3148		-103.615		-546.459
3149		147.284		-530.856
3150		363.821		-401.612
3151		497.586		-187.02
3152		518.43		65.5844
3153		421.168		300.127
3154		227.024		464.112
3155		-20.6579		520.47
3156		-265.847		456.39
3157		-452.621		286.881
3158		-538.516		51.7903
3159		-505.089		-193.459
3160		-362.719		-391.421
3161		-148.031		-497.014
3162		85.6131		-488.792
3163		282.024		-373.887
3164		396.557		-185.237
3165		406.884		27.9173
3166		317.341		213.326
3167		156.061		328.891
3168		-33.6827		352.169
3169		-205.051		284.133
3170		-318.859		146.968
3171		-351.846		-22.7225
3172		-300.604		-183.125
3173		-181.034		-296.619
3174		-24.0059		-337.629
3175		131.661		-297.776
3176		247.694		-187.614
3177		294.944		-34.5778
3178		260.489		122.815
3179		151.531		243.754
3180		-5.28564		295.273
3181		-169.667		261.267
3182		-297.628		147.733
3183		-353.225		-17.7336
3184		-318.726		-192.56
3185		-200.069		-330.371
3186		-25.7627		-393.552
3187		160.567		-363.487
3188		311.76		-245.483
3189		389.392		-67.1129
3190		373.291		129.201
3191		265.956		296.976
3192		91.23		396.774
3193		-111.82		404.945
3194		-297.944		318.378
3195		-425.491		154.749
3196		-465.12		-51.3324
3197		-406.021		-255.387
3198		-258.661		-412.168
3199		-53.3975		-485.361
3200		165.22		-456.096
3201		347.852		-328.272
3202		451.762		-128.952
3203		451.579		96.999
3204		346.362		297.299
3205		160.622		425.236
3206		-61.5098		451.696
3207		-267.57		372.66
3208		-410.345		209.852
3209		-459.73		4.38329
3210		-409.498		-194.548
3211		-277.318		-342.377
3212		-98.6101		-409.65
3213		83.4363		-387.644
3214		228.545		-288.35
3215		308.001		-139.684
3216		309.632		22.0927
3217		238.788		160.667
3218		115.887		247.011
3219		-28.5395		264.775
3220		-160.358		213.176
3221		-248.991		107.053
3222		-274.189		-26.1581
3223		-231.053		-152.385
3224		-131.887		-239.001
3225		-3.8175		-263.303
3226		117.82		-219.048
3227		198.944		-118.85
3228		216.422		8.77672
3229		164.977		127.221
3230		58.9734		202.237
3231		-71.6474		211.833
3232		-190.019		152.489
3233		-262.849		39.8609
3234		-269.51		-96.0168
3235		-207.161		-219.257
3236		-90.7941		-297.665
3237		51.266		-310.636
3238		184.729		-253.61
3239		277.468		-138.521
3240		306.598		9.32253
3241		263.288		156.897
3242		154.698		270.457
3243		2.82867		322.714
3244		-159.615		299.023
3245		-295.902		201.37
3246		-373.456		49.0134
3247		-371.891		-124.881
3248		-288.805		-280.421
3249		-141.461		-380.548
3250		36.6327		-400.589
3251		203.729		-335.028
3252		320.411		-199.327
3253		359.729		-26.0865
3254		313.972		143.439
3255		196.15		269.971
3256		35.9757		325.905
3257		-128.228		301.478
3258		-259.21		206.031
3259		-329.416		64.54
3260		-326.569		-89.1946
3261		-255.285		-220.693
3262		-134.908		-302.343
3263		5.54929		-318.886
3264		134.078		-270.024
3265		222.632		-169.891
3266		253.104		-43.592
3267		221.188		78.5533
3268		137.253		167.982
3269		23.8661		204.623
3270		-89.6939		181.762
3271		-174.737		107.707
3272		-210.45		3.61523
3273		-189.207		-102.061
3274		-118.392		-181.059
3275		-18.2284		-212.675
3276		83.7195		-188.99
3277		159.803		-116.643
3278		189.321		-14.8402
3279		163.573		89.6744
3280		87.8659		169.29
3281		-19.8214		202.224
3282		-133.03		177.797
3283		-222.948		99.224
3284		-265.212		-16.6363
3285		-246.025		-142.675
3286		-166.195		-247.559
3287		-41.9407		-303.284
3288		98.1333		-292.564
3289		219.578		-214.083
3290		290.784		-83.908
3291		291.549		67.7859
3292		219.001		204.107
3293		88.9405		291.072
3294		-68.0104		306.683
3295		-214.412		246.735
3296		-315.789		125.676
3297		-349.287		-27.6015
3298		-308.823		-177.539
3299		-205.581		-290.822
3300		-64.2592		-343.938
3301		83.4368		-327.668
3302		206.073		-247.942
3303		278.871		-123.525
3304		288.152		18.4582
3305		233.471		148.094
3306		127.419		238.457
3307		-6.80201		270.884
3308		-139.85		238.98
3309		-242.313		150.482
3310		-291.396		26.1695
3311		-276.697		-104.496
3312		-203.316		-210.392
3313		-90.9944		-266.752
3314		30.9232		-261.857
3315		131.465		-200.2
3316		186.574		-100.936
3317		185.506		7.95271
3318		133.062		97.8909
3319		47.1331		147.615
3320		-47.3429		148.296
3321		-125.786		104.58
3322		-170.317		31.763
3323		-173.355		-49.4353
3324		-138.011		-118.574
3325		-75.9082		-160.063
3326		-3.62215		-165.823
3327		61.1261		-136.072
3328		102.887		-78.6683
3329		111.287		-7.44475
3330		83.1425		60.3224
3331		23.5981		107.267
3332		-54.2217		119.858
3333		-131.536		92.1516
3334		-188.173		28.2072
3335		-207.941		-57.9778
3336		-183.529		-145.531
3337		-119.187		-212.199
3338		-30.0105		-240.653
3339		62.1513		-223.513
3340		134.88		-165.343
3341		171.365		-80.9959
3342		164.552		8.97741
3343		118.098		84.0913
3344		44.2769		128.915
3345		-39.9912		135.904
3346		-117.398		105.758
3347		-173.536		45.9361
3348		-198.767		-31.6152
3349		-188.948		-112.667
3350		-145.599		-182.594
3351		-75.8463		-228.181
3352		8.01489		-239.701
3353		89.8758		-213.195
3354		152.512		-152.334
3355		181.44		-68.8468
3356		168.99		19.2719
3357		117.123		91.7958
3358		37.7195		131.578
3359		-50.1699		129.436
3360		-125.425		86.8671
3361		-170.682		15.573
3362		-176.947		-66.0737
3363		-145.521		-138.357
3364		-86.8137		-185.523
3365		-16.7382		-199.42
3366		47.9169		-180.615
3367		93.6347		-137.094
3368		112.817		-81.3722
3369		104.616		-27.1025
3370		74.2181		13.9517
3371		31.1023		34.1019
3372		-13.2434		30.9481
3373		-47.81		7.61186
3374		-64.4821		-28.0404
3375		-59.9997		-65.2077
3376		-36.9526		-92.8376
3377		-3.32006		-102.674
3378		29.6147		-91.8192
3379		50.5787		-63.8826
3380		51.8905		-28.1197
3381		32.0796		3.34836
3382		-3.4541		19.3971
3383		-44.0584		13.518
3384		-77.1903		-14.0745
3385		-92.3263		-56.5533
3386		-84.0861		-102.669
3387		-53.5996		-140.145
3388		-7.87839		-159.091
3389		42.3464		-154.402
3390		85.4574		-126.665
3391		111.603		-81.6393
3392		114.633		-28.7585
3393		93.1451		20.8436
3394		50.706		56.4265
3395		-4.67735		69.6606
3396		-61.8369		56.395
3397		-108.472		17.8814
3398		-133.752		-38.9619
3399		-130.986		-102.604
3400		-99.6218		-159.308
3401		-45.8031		-196.428
3402		18.8963		-205.676
3403		80.3269		-185.326
3404		125.385		-140.594
3405		145.254		-82.0854
3406		137.288		-22.8658
3407		105.097		24.8373
3408		57.0406		52.2952
3409		3.85051		55.6819
3410		-43.8134		36.1501
3411		-77.2775		-1.06046
3412		-91.0487		-47.9837
3413		-83.3872		-95.4004
3414		-56.4188		-134.303
3415		-15.8205		-157.364
3416		30.0483		-160.341
3417		71.6735		-143.129
3418		100.446		-110.042
3419		110.776		-68.9732
3420		101.561		-29.466
3421		76.4179		-0.20665
3422		42.4981		13.2242
3423		8.29908		9.54726
3424		-18.6934		-8.43645
3425		-33.6769		-35.2323
3426		-35.0513		-64.4834
3427		-23.9139		-90.4586
3428		-3.12175		-108.76
3429		23.4367		-116.38
3430		51.0804		-111.633
3431		74.3524		-94.4728
3432		87.424		-67.2684
3433		85.3675		-35.5019
3434		66.1897		-7.54534
3435		32.7982		7.10699
3436		-6.32056		1.00046
3437		-38.6479		-27.7993
3438		-51.4099		-73.5341
3439		-36.4186		-123.285
3440		5.98897		-160.567
3441		65.8075		-170.963
3442		125.895		-147.652
3443		167.5		-94.5292
3444		176.747		-25.4661
3445		149.508		40.1346
3446		92.772		83.7748
3447		22.0507		93.7646
3448		-43.9473		68.4003
3449		-89.1467		15.5032
3450		-104.249		-51.0219
3451		-88.0047		-115.832
3452		-45.8395		-166.064
3453		12.8807		-193.36
3454		77.4245		-194.012
3455		137.211		-168.182
3456		182.361		-119.279
3457		204.138		-54.0307
3458		196.13		17.1709
3459		156.363		80.6828
3460		89.5313		121.684
3461		7.91895		127.956
3462		-70.2067		94.2557
3463		-124.938		25.4356
3464		-140.655		-63.4176
3465		-111.383		-150.466
3466		-43.3885		-213.338
3467		46.2392		-235.935
3468		134.646		-213.317
3469		200.098		-152.887
3470		228.202		-71.5961
3471		215.349		9.60767
3472		168.533		71.9082
3473		102.123		103.261
3474		33.1493		100.346
3475		-23.1208		67.8384
3476		-56.1437		15.9578
3477		-61.2988		-42.5236
3478		-39.7395		-94.9093
3479		2.47102		-130.581
3480		55.5654		-142.515
3481		107.629		-128.496
3482		146.707		-91.8902
3483		163.437		-41.496
3484		153.684		10.0139
3485		120.255		49.1287
3486		72.7392		65.3586
3487		25.1037		54.6582
3488		-8.4424		21.0483
3489		-17.9678		-24.3871
3490		-1.06933		-66.9602
3491		36.3968		-93.113
3492		82.3793		-94.7069
3493		122.68		-71.3418
3494		145.443		-29.9958
3495		144.485		17.6549
3496		120.488		59.0527
3497		79.9752		84.2838
3498		32.8112		88.2363
3499		-10.6626		71.0457
3500		-41.931		37.1591
3501		-55.6056		-6.27045
3502		-49.8013		-51.0136
3503		-25.9465		-89.0865
3504		11.6499		-113.774
3505		56.379		-120.508
3506		100.17		-107.666
3507		134.714		-77.1326
3508		153.029		-34.3228
3509		151.045		12.5815
3510		128.738		54.1889
3511		90.3826		81.9294
3512		43.7528		90.0149
3513		-1.55562		76.7858
3514		-36.2339		45.0837
3515		-53.2692		1.59709
3516		-49.3978		-44.6086
3517		-25.7373		-84.0185
3518		12.4825		-108.656
3519		57.0251		-113.762
3520		98.4076		-98.8463
3521		128.013		-67.8448
3522		140.119		-28.2437
3523		133.305		10.741
3524		110.78		40.5334
3525		79.4019		55.4626
3526		47.604		54.1807
3527		22.8745		39.7185
3528		9.65436		18.137
3529		8.40688		-3.72422
3530		16.1488		-20.5195
3531		28.1294		-29.8242
3532		39.8687		-32.2442
3533		48.6792		-30.341
3534		54.1093		-27.025
3535		57.3189		-24.2284
3536		59.9145		-22.4162
3537		62.9534		-20.9715
3538		66.6079		-19.0084
3539		70.4976		-16.0019
3540		74.2611		-11.8423
3541		77.8132		-6.4003
3542		81.011		0.915405
3543		82.9402		11.0574
3544		81.4363		24.5003
3545		73.459		40.0254
3546		56.501		53.9301
3547		30.5317		60.4447
3548		-0.541016		53.6076
3549		-28.9177		30.0387
3550		-44.9022		-8.60542
3551		-40.3382		-54.8161
3552		-12.1499		-96.7847
3553		35.6027		-122.014
3554		92.2338		-121.671
3555		143.52		-93.922
3556		176.233		-44.845
3557		182.356		13.4783
3558		161.359		66.881
3559		119.809		103.451
3560		68.7171		116.648
3561		19.9164		106.256
3562		-17.067		77.2389
3563		-36.6693		37.4323
3564		-37.3712		-4.76852
3565		-20.8193		-41.9108
3566		9.16341		-68.0813
3567		47.1685		-79.0748
3568		86.4755		-72.7221
3569		119.535		-49.5946
3570		139.159		-13.7089
3571		140.409		27.5007
3572		122.538		64.522
3573		89.9469		88.3576
3574		51.3556		93.5135
3575		17.1455		80.0764
3576		-4.20393		53.7819
3577		-9.08743		23.8206
3578		0.226574		-0.782036
3579		17.087		-14.6189
3580		33.7758		-17.6002
3581		45.0685		-14.1153
3582		50.3197		-10.1229
3583		53.0717		-9.66348
3584		58.4393		-12.5929
3585		69.6651		-14.7158
3586		85.6789		-10.2655
3587		101.004		4.54136
3588		108.165		28.7419
3589		101.461		56.1586
3590		80.2295		77.6112
3591		49.9411		84.8584
3592		20.4577		74.4392
3593		2.16371		49.5972
3594		1.67265		19.3436
3595		19.0124		-4.96526
3596		47.5064		-14.0558
3597		76.3477		-4.2875
3598		94.7148		21.0946
3599		95.7001		53.3723
3600		78.5502		81.6844
3601		48.5429		96.8324
3602		14.8365		94.1342
3603		-12.6614		74.4768
3604		-26.205		43.5483
3605		-22.0568		9.86665
3606		-1.02443		-17.5424
3607		32.064		-31.1673
3608		69.5059		-26.446
3609		102.168		-2.64108
3610		121.121		36.7762
3611		119.456		84.2987
3612		94.1573		129.35
3613		47.6016		160.241
3614		-11.9636		166.995
3615		-71.5334		144.436
3616		-116.203		94.5338
3617		-133.212		26.9631
3618		-115.997		-42.7124
3619		-66.8087		-97.0047
3620		3.21924		-121.511
3621		76.8311		-109.327
3622		135.494		-63.3058
3623		164.749		4.7061
3624		158.271		77.4345
3625		119.276		137.308
3626		58.9208		171.373
3627		-7.57328		174.362
3628		-65.5645		149.067
3629		-104.736		104.228
3630		-120.812		51.035
3631		-115.038		-0.261734
3632		-92.1251		-42.448
3633		-57.8628		-71.7013
3634		-17.5093		-86.6224
3635		24.5536		-86.9013
3636		64.1825		-72.5803
3637		96.6826		-44.3599
3638		116.75		-4.66363
3639		119.544		41.3778
3640		102.559		85.931
3641		67.3834		119.895
3642		20.3006		135.439
3643		-28.8484		128.656
3644		-69.3148		101.133
3645		-92.6229		59.663
3646		-94.9898		14.1216
3647		-78.0214		-25.5964
3648		-47.5148		-52.3125
3649		-11.0783		-62.9083
3650		24.2434		-57.9762
3651		53.3108		-40.3403
3652		72.8737		-13.5155
3653		80.7268		18.9652
3654		75.0534		53.1417
3655		54.7919		83.7692
3656		21.0782		104.125
3657		-21.1077		107.329
3658		-62.4694		89.1125
3659		-91.144		50.869
3660		-96.6253		1.21249
3661		-74.4708		-45.405
3662		-29.5576		-73.1976
3663		24.107		-71.2142
3664		67.6598		-38.5479
3665		84.4467		14.0284
3666		67.0314		67.273
3667		20.9595		100.65
3668		-36.7189		100.636
3669		-83.905		66.5428
3670		-102.323		11.1639
3671		-85.0091		-44.249
3672		-39.1324		-78.6147
3673		17.116		-79.5327
3674		62.1541		-48.0013
3675		79.7672		2.59201
3676		65.1809		52.5388
3677		26.005		84.0422
3678		-21.9734		87.9257
3679		-61.864		66.089
3680		-82.254		29.1317
3681		-80.5191		-9.18112
3682		-61.9353		-37.7072
3683		-35.7439		-51.3617
3684		-10.587		-51.1365
3685		8.39098		-41.5047
3686		19.7871		-27.2064
3687		24.183		-11.3385
3688		22.0944		4.48059
3689		13.2203		18.5709
3690		-2.52536		27.8778
3691		-23.0923		28.2588
3692		-43.1559		16.5929
3693		-55.0835		-6.45703
3694		-52.0562		-34.9039
3695		-31.9274		-58.5675
3696		0.358513		-66.9045
3697		33.4859		-53.9523
3698		53.8097		-21.9295
3699		51.1153		18.5543
3700		23.4356		52.149
3701		-21.454		64.8287
3702		-68.7143		49.6595
3703		-102.152		9.6429
3704		-110.376		-43.5913
3705		-90.6886		-94.4878
3706		-49.2099		-129.371
3707		2.39435		-140.741
3708		51.6574		-128.453
3709		89.1836		-97.8873
3710		110.132		-56.6765
3711		113.344		-11.9996
3712		99.4553		30.3002
3713		69.7127		64.9297
3714		26.4268		86.0254
3715		-25.3682		87.267
3716		-76.5819		63.9174
3717		-114.707		16.0394
3718		-127.062		-48.9768
3719		-105.674		-116.512
3720		-51.5959		-168.251
3721		23.7		-188.174
3722		101.014		-168.602
3723		159.496		-113.561
3724		183.702		-37.8071
3725		168.695		38.1975
3726		121.104		95.2507
3727		55.9311		121.397
3728		-9.24086		114.633
3729		-59.9888		81.6823
3730		-88.4633		34.0238
3731		-93.6043		-16.6276
3732		-78.9512		-61.3309
3733		-49.8302		-94.5955
3734		-11.595		-113.329
3735		30.4679		-115.544
3736		70.2376		-100.155
3737		100.253		-68.1744
3738		112.743		-24.4149
3739		102.258		21.8105
3740		68.7551		58.1592
3741		19.3509		72.8878
3742		-32.6099		59.3248
3743		-71.3338		19.1578
3744		-83.9046		-37.161
3745		-65.0094		-93.361
3746		-19.0791		-132.626
3747		41.0408		-143.142
3748		98.3059		-121.806
3749		136.866		-74.8676
3750		146.66		-15.5659
3751		125.805		40.0613
3752		80.4269		77.6118
3753		22.4934		87.7082
3754		-33.3525		67.7612
3755		-73.0697		22.1592
3756		-86.0985		-38.7776
3757		-67.6112		-100.8
3758		-19.903		-148.553
3759		47.4762		-169.006
3760		119.293		-154.925
3761		178.013		-107.415
3762		208.416		-36.4302
3763		202.103		41.3768
3764		160.283		107.154
3765		93.5902		145.326
3766		18.8329		148.096
3767		-46.2121		117.304
3768		-87.9664		63.0031
3769		-100.268		-0.457344
3770		-84.6685		-59.0855
3771		-48.204		-102.743
3772		-0.0863724		-126.383
3773		50.999		-129.189
3774		97.9941		-112.798
3775		135.113		-80.0104
3776		157.097		-34.7401
3777		159.282		17.1177
3778		138.99		67.0539
3779		97.6322		104.73
3780		42.1448		120.543
3781		-15.6022		109.121
3782		-61.8016		72.0699
3783		-85.1666		18.3488
3784		-80.9334		-38.3135
3785		-52.5039		-84.0686
3786		-9.86523		-109.672
3787		34.5201		-113.174
3788		70.4347		-99.4587
3789		93.0779		-77.0822
3790		103.419		-54.1342
3791		105.956		-35.2013
3792		105.415		-20.7254
3793		104.258		-8.63574
3794		102.232		3.08794
3795		97.8025		14.6248
3796		90.227		24.3148
3797		80.7253		30.2191
3798		71.9242		31.963
3799		65.9924		31.4158
3800		62.8487		31.5722
3801		59.8746		34.2689
3802		53.6274		38.3103
3803		42.6769		39.5049
3804		29.7456		33.0281
3805		21.4815		17.0104
3806		25.4388		-4.76885
3807		45.5515		-23.0193
3808		78.5323		-26.4484
3809		113.481		-7.2711
3810		135.486		33.9949
3811		131.899		87.124
3812		98.3655		135.305
3813		41.5886		161.66
3814		-22.7377		156.224
3815		-76.0193		120.07
3816		-104.062		64.6453
3817		-102.182		6.73178
3818		-75.891		-38.4447
3819		-37.1973		-62.6092
3820		1.26363		-65.9944
3821		31.1598		-54.8451
3822		50.1519		-36.7831
3823		60.0501		-16.8805
3824		63.1725		3.43994
3825		59.539		24.4634
3826		46.807		44.9321
3827		22.972		60.0306
3828		-10.0394		62.3666
3829		-44.5111		45.7724
3830		-68.5611		9.82373
3831		-70.9531		-37.7633
3832		-46.7753		-82.7508
3833		-0.869896		-109.738
3834		53.1379		-108.814
3835		98.101		-80.1425
3836		120.465		-34.0318
3837		115.729		13.6586
3838		89.5559		48.4679
3839		54.117		63.1155
3840		21.7893		59.2706
3841		-0.356373		44.7051
3842		-12.3955		27.7579
3843		-19.0183		12.4618
3844		-24.4746		-2.82151
3845		-28.3005		-22.559
3846		-24.6654		-48.8673
3847		-6.01482		-77.3749
3848		30.9565		-97.0635
3849		80.5699		-94.8099
3850		127.849		-62.5881
3851		153.554		-3.51588
3852		142.565		66.8049
3853		91.6219		124.971
3854		12.4533		148.742
3855		-71.5445		126.278
3856		-133.818		61.3775
3857		-154.594		-27.6836
3858		-127.875		-115.074
3859		-62.6804		-176.826
3860		21.4701		-198.6
3861		102.231		-178.806
3862		161.577		-126.628
3863		189.63		-56.8876
3864		184.509		15.1933
3865		149.728		76.9973
3866		91.5835		118.813
3867		18.2907		132.841
3868		-59.1293		113.008
3869		-125.879		56.8286
3870		-164.449		-31.2153
3871		-158.771		-136.997
3872		-100.476		-237.268
3873		5.48522		-304.645
3874		139.037		-316.014
3875		268.806		-261.25
3876		360.947		-148.442
3877		389.877		-3.01954
3878		346.818		139.337
3879		242.766		243.48
3880		104.871		285.249
3881		-32.1664		257.873
3882		-136.285		172.475
3883		-186.253		53.2581
3884		-175.593		-70.2264
3885		-111.94		-170.776
3886		-13.1852		-229.049
3887		97.6472		-236.151
3888		197.231		-193.77
3889		265.829		-112.794
3890		290.277		-11.0411
3891		266.206		89.7624
3892		199.214		167.881
3893		104.35		206.107
3894		3.29508		196.009
3895		-80.593		140.491
3896		-128.215		53.4114
3897		-129.765		-44.0006
3898		-87.0741		-128.943
3899		-12.4502		-183.092
3900		75.407		-196.856
3901		156.735		-170.645
3902		215.354		-113.27
3903		241.362		-38.7006
3904		231.779		37.3109
3905		189.911		99.7945
3906		124.427		136.289
3907		48.5007		138.362
3908		-21.3959		103.452
3909		-67.9049		36.7628
3910		-76.767		-47.9311
3911		-41.6284		-129.959
3912		32.2151		-186.548
3913		127.322		-199.808
3914		218.095		-163.463
3915		278.563		-86.3426
3916		291.309		9.42027
3917		253.934		95.3982
3918		180.18		146.608
3919		95.0196		150.126
3920		25.6293		109.071
3921		-8.024		40.4775
3922		0.788254		-31.7677
3923		45.0009		-85.6686
3924		108.206		-107.881
3925		171.53		-96.1538
3926		219.706		-57.3829
3927		244.131		-3.22034
3928		242.643		54.1535
3929		217.507		104.31
3930		173.641		138.823
3931		118.255		150.856
3932		61.5152		135.738
3933		16.5999		93.1207
3934		-2.42364		29.7085
3935		14.8233		-39.6298
3936		69.6396		-94.2632
3937		150.901		-113.966
3938		236.299		-86.8475
3939		298.771		-15.5243
3940		316.097		81.7557
3941		279.734		176.316
3942		198.894		238.922
3943		97.7804		250.341
3944		6.98161		208.146
3945		-47.3491		126.942
3946		-51.9845		32.2377
3947		-9.53619		-49.0513
3948		64.7117		-97.2361
3949		149.783		-104.308
3950		226.177		-73.3054
3951		280.213		-14.2484
3952		304.669		60.4048
3953		297.058		138.362
3954		258.001		207.656
3955		191.47		255.853
3956		106.788		270.621
3957		20.3386		243.003
3958		-45.6233		172.637
3959		-68.4021		72.1187
3960		-33.3745		-32.8294
3961		57.9522		-109.207
3962		184.607		-127.512
3963		310.298		-73.4707
3964		394.536		44.4248
3965		406.854		195.463
3966		338.43		335.903
3967		206.179		423.589
3968		47.4762		432.306
3969		-92.4143		360.305
3970		-175.154		229.955
3971		-180.756		79.2731
3972		-111.828		-50.7692
3973		9.82161		-128.096
3974		151.669		-136.644
3975		280.038		-77.5124
3976		367.411		34.4416
3977		396.148		175.807
3978		359.401		319.294
3979		260.945		437.138
3980		115.137		504.037
3981		-53.2562		500.933
3982		-210.895		420.011
3983		-320.943		269.617
3984		-351.616		76.4815
3985		-286.234		-117.282
3986		-131.157		-263.217
3987		82.1835		-319.759
3988		303.221		-265.498
3989		475.206		-107.621
3990		551.353		118.016
3991		508.849		355.783
3992		355.985		545.483
3993		130.09		638.996
3994		-112.832		613.157
3995		-313.277		475.222
3996		-423.508		259.911
3997		-418.79		19.6392
3998		-302.157		-188.838
3999		-102.361		-317.725
4000		133.724		-338.519
4001		352.067		-247.584
4002		503.435		-66.3232
4003		554.073		163.806
4004		493.157		390.468
4005		335.441		562.15
4006		118.235		640.091
4007		-107.047		607.688
4008		-287.13		474.886
4009		-380.027		276.032
4010		-365.62		61.394
4011		-250.696		-115.588
4012		-66.9298		-211.896
4013		137.612		-205.638
4014		311.004		-101.013
4015		410.543		73.5552
4016		412.952		273.271
4017		319.35		448.432
4018		154.176		556.505
4019		-41.2376		572
4020		-218.692		492.13
4021		-334.459		337.288
4022		-359.585		146.358
4023		-287.027		-32.2005
4024		-133.994		-151.764
4025		61.3448		-179.083
4026		248.459		-103.22
4027		376.733		60.5546
4028		408.539		273.399
4029		329.686		481.9
4030		154.16		631.44
4031		-78.468		680.458
4032		-312.577		611.701
4033		-490.499		437.247
4034		-567.213		195.88
4035		-521.781		-56.4322
4036		-362.586		-260.347
4037		-125.211		-367.59
4038		136.238		-352.421
4039		362.039		-217.51
4040		500.797		6.95462
4041		521.232		270.491
4042		419.188		514.107
4043		218.355		683.951
4044		-35.4772		743.7
4045		-285.344		682.805
4046		-476.663		518.528
4047		-570.082		291.192
4048		-550.344		53.8212
4049		-428.85		-141.085
4050		-239.396		-254.052
4051		-28.526		-267.049
4052		156.505		-185.835
4053		278.698		-36.158
4054		318.391		144.387
4055		275.251		316.063
4056		165.633		445.534
4057		16.9826		511.506
4058		-138.778		507.057
4059		-271.429		439.16
4060		-357.536		326.255
4061		-384.231		194.417
4062		-351.513		72.3429
4063		-272.479		-14.5734
4064		-170.754		-50.2574
4065		-74.8566		-32.4933
4066		-10.3263		25.9049
4067		8.17115		100.543
4068		-18.1251		163.175
4069		-72.3016		191.438
4070		-127.819		177.01
4071		-158.504		128.776
4072		-148.679		69.3924
4073		-99.307		26.3669
4074		-27.5175		21.2277
4075		40.2494		61.2573
4076		78.4914		137.131
4077		71.8854		227.127
4078		19.8005		305.64
4079		-65.2273		352.008
4080		-163.5		355.942
4081		-255.212		317.968
4082		-325.184		245.95
4083		-363.752		150.642
4084		-364.821		43.1772
4085		-323.8		-64.354
4086		-238.016		-156.55
4087		-110.342		-213.501
4088		45.8306		-213.423
4089		203.808		-139.681
4090		326.273		10.1373
4091		374.293		217.453
4092		320.261		442.442
4093		159.816		632.115
4094		-82.5363		734.868
4095		-357.194		716.547

 
--------------------------------------


