Compute Correlation 
 
0		-904.495		-452.934
1		-750.631		-740.586
2		-478.087		-915.037
3		-156.742		-931.088
4		128.957		-783.617
5		301.992		-510.218
6		313.354		-182.274
7		155.493		113.246
8		-135.108		296.413
9		-486.999		315.353
10		-812.145		160.044
11		-1028.85		-134.793
12		-1083.2		-498.627
13		-963.331		-843.672
14		-702.471		-1088.25
15		-369.762		-1178.64
16		-51.1299		-1103.42
17		174.576		-895.88
18		257.385		-623.968
19		189.611		-370.261
20		6.90269		-208.025
21		-223.294		-180.37
22		-422.281		-288.62
23		-523.393		-493.144
24		-491.139		-726.008
25		-330.82		-911.365
26		-86.3133		-987.456
27		172.816		-924.071
28		370.885		-730.968
29		446.953		-455.484
30		371.638		-170.326
31		155.891		45.1867
32		-150.34		125.906
33		-469.378		38.7021
34		-714.66		-207.009
35		-812.981		-559.116
36		-724.688		-933.85
37		-456.281		-1236.06
38		-61.268		-1383.92
39		371.962		-1331.47
40		742.66		-1082.01
41		964.449		-688.046
42		988.274		-237.092
43		814.386		172.487
44		489.699		457.867
45		91.8649		572.076
46		-294.039		512.12
47		-598.068		313.504
48		-780.044		34.6257
49		-832.838		-262.182
50		-775.575		-526.064
51		-641.633		-725.246
52		-467.225		-846.676
53		-284.53		-890.996
54		-119.87		-867.251
55		5.51321		-790.325
56		75.5229		-681.115
57		82.07		-566.858
58		29.7906		-478.429
59		-60.7738		-443.208
60		-155.283		-475.336
61		-214.534		-567.858
62		-208.019		-691.605
63		-126.696		-803.228
64		11.2265		-860.47
65		165.23		-838.817
66		287.183		-742.186
67		340.124		-602.415
68		313.114		-467.112
69		225.572		-380.726
70		119.045		-366.939
71		40.0239		-419.916
72		21.3669		-507.936
73		70.2596		-587.291
74		167.345		-619.914
75		276.361		-587.015
76		359.018		-493.516
77		388.128		-362.86
78		353.835		-226.191
79		261.958		-111.888
80		127.558		-39.9973
81		-31.279		-22.4613
82		-195.771		-66.3035
83		-344.653		-175.357
84		-451.551		-347.625
85		-486.075		-568.975
86		-421.303		-807.478
87		-246.234		-1013.87
88		22.3073		-1131.42
89		335.339		-1113.8
90		619.753		-944.484
91		798.212		-649.091
92		814.507		-293.717
93		654.565		32.0803
94		354.097		242.415
95		-10.96		282.301
96		-348.032		144.539
97		-576.562		-129.993
98		-650.917		-468.056
99		-569.655		-788.772
100		-369.376		-1027.44
101		-107.709		-1150.05
102		156.355		-1155.09
103		377.107		-1065.25
104		527.978		-914.998
105		599.855		-740.345
106		596.322		-573.753
107		530.336		-443.11
108		423.935		-370.994
109		308.872		-371.001
110		224.077		-441.06
111		206.99		-557.48
112		279.772		-675.232
113		435.84		-738.247
114		634.298		-698.622
115		807.931		-538.076
116		884.734		-281.876
117		816.057		3.0148
118		599.873		227.787
119		288.083		313.676
120		-27.4005		223.652
121		-246.085		-19.5985
122		-296.157		-338.056
123		-162.563		-624.646
124		105.807		-781.629
125		413.108		-755.997
126		650.947		-557.952
127		736.464		-255.71
128		639.374		50.3286
129		388.538		262.864
130		57.5739		318.476
131		-262.658		203.204
132		-492.766		-50.3063
133		-584.354		-379.505
134		-525.757		-713.366
135		-336.145		-989.783
136		-54.3525		-1164.54
137		271.139		-1212.91
138		588.185		-1128.41
139		844.432		-922.735
140		992.199		-627.846
141		997.565		-296.795
142		852.501		1.45037
143		584.615		196.09
144		257.524		235.253
145		-42.4031		106.09
146		-231.151		-155.306
147		-255.652		-470.957
148		-114.189		-744.955
149		141.08		-896.378
150		422.136		-888.236
151		637.412		-740.224
152		725.505		-519.526
153		676.441		-313.291
154		531.909		-194.392
155		365.114		-194.8
156		249.627		-297.165
157		230.956		-446.81
158		312.397		-577.307
159		459.557		-637.508
160		619.28		-608.462
161		742.826		-504.537
162		802.625		-360.938
163		796.512		-215.749
164		740.332		-95.7893
165		655.31		-12.0035
166		558.032		35.9809
167		457.863		51.4466
168		361.24		34.9522
169		277.919		-14.7321
170		223.225		-94.299
171		213.329		-189.408
172		255.496		-273.877
173		339.191		-317.229
174		434.412		-298.091
175		500.192		-216.796
176		500.661		-99.96
177		421.526		6.68295
178		278.842		55.095
179		115.268		14.2271
180		-15.0993		-116.919
181		-66.7133		-308.334
182		-18.6651		-510.299
183		119.721		-671.444
184		315.076		-755.415
185		523.791		-749.499
186		706.361		-663.199
187		836.244		-519.772
188		901.167		-346.521
189		899.281		-168.768
190		834.881		-8.91119
191		717.381		111.958
192		563.773		174.092
193		401.231		163.512
194		265.356		79.766
195		191.674		-57.6012
196		202.405		-209.391
197		294.489		-326.72
198		435.869		-368.296
199		573.989		-317.966
200		654.678		-193.998
201		643.967		-44.5461
202		543.139		70.0911
203		389.72		101.36
204		243.398		32.2299
205		162.726		-115.793
206		182.64		-291.237
207		302.149		-432.637
208		486.53		-490.951
209		681.683		-445.189
210		833.361		-306.118
211		903.086		-108.769
212		875.679		100.827
213		758.288		278.245
214		574.67		388.609
215		359.125		409.912
216		152.198		334.527
217		-3.14278		171.538
218		-67.8472		-50.3196
219		-17.2192		-282.536
220		146.841		-463.931
221		387.875		-536.677
222		638.015		-467.642
223		815.379		-266.429
224		851.966		9.69299
225		721.693		269.667
226		455.821		418.816
227		136.863		394.39
228		-128.901		191.477
229		-250.175		-132.797
230		-184.601		-479.774
231		46.7844		-746.327
232		370.701		-862.578
233		692.893		-814.123
234		934.941		-640.003
235		1060.11		-409.229
236		1077.85		-188.484
237		1027.51		-16.8931
238		951.968		101.146
239		875.867		184.221
240		799.353		252.429
241		708.706		309.79
242		595.495		340.926
243		471.286		323.361
244		367.945		247.212
245		322.371		129.377
246		354.197		12.1739
247		449.854		-54.6449
248		563.615		-39.6195
249		637.098		51.1647
250		628.192		172.995
251		534.324		262.005
252		397.025		266.435
253		284.004		173.974
254		256.734		20.6878
255		339.474		-123.943
256		505.495		-189.178
257		687.827		-136.715
258		809.534		20.7389
259		818.671		225.082
260		710.906		399.572
261		529.258		483.176
262		342.102		455.687
263		211.348		342.097
264		166.903		195.733
265		199.304		70.3363
266		272.213		-3.84703
267		346.078		-28.2805
268		399.075		-26.2831
269		434.149		-22.7851
270		469.66		-26.5811
271		520.785		-25.6679
272		583.998		2.00885
273		634.828		69.488
274		641.044		165.663
275		583.975		254.347
276		475.377		289.736
277		359.048		240.889
278		294.407		112.107
279		329.199		-52.5313
280		474.812		-184.324
281		696.988		-218.447
282		927.263		-122.379
283		1090.16		89.3591
284		1133.45		361.058
285		1047.5		619.084
286		865.6		801.206
287		646.452		878.456
288		448.394		860.557
289		307.862		784.582
290		231.018		694.437
291		199.997		622.091
292		187.877		578.842
293		173.195		558.454
294		146.865		547.476
295		109.986		535.156
296		66.5997		517.208
297		17.8165		492.692
298		-38.2729		458.09
299		-101.216		404.354
300		-161.935		320.298
301		-201.236		200.964
302		-195.852		55.5883
303		-129.801		-90.7902
304		-4.86063		-204.706
305		156.407		-257.866
306		317.877		-240.088
307		444.421		-164.369
308		516.451		-60.8954
309		536.75		37.1968
310		525.927		108.758
311		509.162		152.208
312		501.814		181.803
313		502.165		215.096
314		495.434		259.243
315		466.559		304.602
316		413.909		329.904
317		355.147		316.407
318		320.724		262.819
319		337.665		191.664
320		412.294		142.111
321		522		151.749
322		621.819		236.367
323		663.798		378.677
324		619.987		532.799
325		497.375		643.353
326		336.751		670.262
327		195.517		607.132
328		122.616		484.118
329		137.748		354.007
330		224.722		268.619
331		341.436		257.284
332		440.562		317.552
333		489.991		421.536
334		482.993		533.092
335		434.212		625.79
336		365.516		692.118
337		290.88		739.985
338		209.325		780.13
339		109.59		813.11
340		-17.0372		824.431
341		-164.25		791.198
342		-307.016		696.546
343		-409.875		543.158
344		-443.309		357.309
345		-399.188		180.064
346		-296.335		49.5948
347		-172.434		-16.1212
348		-66.0417		-26.7666
349		1.89865		-12.9658
350		37.138		-8.73141
351		66.7929		-32.4124
352		122.415		-76.4372
353		220.586		-111.474
354		351.605		-102.848
355		482.493		-30.4012
356		572.856		98.9394
357		595.205		252.689
358		548.964		387.708
359		460.816		470.617
360		371.364		493.071
361		315.281		474.101
362		305.364		448.778
363		328.5		449.622
364		354.941		490.752
365		355.203		562.815
366		315.105		640.546
367		241.1		697.897
368		153.762		721.819
369		74.1039		717.077
370		11.1619		699.967
371		-41.7752		685.357
372		-100.261		675.282
373		-175.491		656.3
374		-263.044		607.583
375		-340.832		515.305
376		-378.349		384.891
377		-352.722		243.548
378		-262.932		130.652
379		-134.078		80.2828
380		-8.68073		104.724
381		71.1616		187.551
382		82.0586		290.128
383		29.0104		368.449
384		-58.1155		392.016
385		-139.184		355.621
386		-181.878		278.784
387		-174.363		194.037
388		-126.942		130.77
389		-63.1473		103.01
390		-6.08716		106.706
391		32.287		126.526
392		53.7393		147.087
393		68.0041		161.653
394		83.3817		173.558
395		100.061		190.396
396		110.394		215.51
397		105.71		242.846
398		84.9693		259.002
399		59.197		251.639
400		48.0482		219.204
401		69.6415		175.616
402		129.155		146.188
403		212.976		156.006
404		292.542		216.651
405		336.746		318.593
406		326.844		433.972
407		265.997		529.022
408		178.052		580.074
409		95.7267		584.855
410		44.0488		562.976
411		27.6105		545.063
412		28.4142		555.979
413		15.6553		600.824
414		-37.4446		661.08
415		-138.384		703.118
416		-269.615		694.891
417		-395.343		622.408
418		-477.6		497.701
419		-493.629		354.328
420		-446.103		232.699
421		-361.415		162.498
422		-277.268		150.622
423		-225.908		179.99
424		-221.045		219.058
425		-254.158		236.774
426		-300.898		215.594
427		-333.462		156.888
428		-332.455		77.3982
429		-292.96		-0.151093
430		-223.18		-56.8304
431		-138.006		-83.0658
432		-51.9446		-78.4595
433		24.8272		-47.7792
434		86.2131		3.25024
435		127.62		69.4629
436		144.193		144.716
437		131.996		219.473
438		91.7314		280.534
439		32.2226		314.584
440		-29.6271		314.414
441		-73.9141		284.344
442		-86.2493		241.002
443		-65.5071		207.697
444		-26.2309		204.217
445		6.56796		236.775
446		8.57257		293.47
447		-31.78		348.261
448		-106.372		372.277
449		-189.465		347.393
450		-248.275		275.559
451		-257.323		179.209
452		-209.851		92.3529
453		-120.962		46.4715
454		-21.1905		57.7923
455		56.1805		121.674
456		87.9524		216.159
457		68.2105		312.263
458		7.33572		385.562
459		-75.4939		423.608
460		-161.629		426.46
461		-239.161		401.542
462		-303.516		356.85
463		-353.486		296.878
464		-386.399		223.331
465		-396.294		139.358
466		-376.709		53.6254
467		-326.395		-19.4471
468		-253.953		-64.5546
469		-177.585		-73.3214
470		-118.746		-50.5511
471		-92.2115		-14.6191
472		-97.6222		9.44305
473		-117.497		1.60201
474		-123.74		-42.3247
475		-90.3283		-106.355
476		-6.44104		-159.431
477		116.411		-168.214
478		247.06		-111.948
479		346.366		7.46283
480		382.811		164.917
481		345.019		321.391
482		245.788		438.787
483		116.247		493.726
484		-6.6947		484.532
485		-93.7432		429.145
486		-131.819		356.006
487		-125.136		292.747
488		-89.832		257.755
489		-45.9348		257.337
490		-10.8167		287.958
491		3.58612		340.676
492		-9.73988		404.589
493		-54.3223		467.817
494		-130.193		516.896
495		-231.828		536.952
496		-345.683		514.59
497		-450.146		443.381
498		-519.905		329.445
499		-534.268		193.511
500		-486.219		66.9334
501		-387.739		-18.0096
502		-267.97		-39.995
503		-164.015		2.50462
504		-107.731		89.7462
505		-114.121		187.732
506		-176.41		260.896
507		-269.871		284.97
508		-362.442		254.522
509		-427.111		182.311
510		-450.584		91.5668
511		-434.949		5.45007
512		-392.723		-61.1751
513		-338.781		-104.332
514		-283.728		-127.865
515		-231.743		-137.65
516		-182.971		-137.013
517		-137.829		-125.948
518		-99.7519		-103.954
519		-74.2469		-73.8632
520		-64.8736		-43.3649
521		-69.0223		-22.4945
522		-76.8518		-18.1022
523		-74.9727		-28.6332
524		-53.4856		-42.8694
525		-12.556		-44.297
526		35.6038		-19.4932
527		71.3074		33.7526
528		76.8927		103.303
529		46.4823		166.976
530		-9.34422		202.851
531		-67.0781		200.681
532		-100.988		168.455
533		-96.0852		130.226
534		-56.8774		115.569
535		-7.1933		145.382
536		19.3834		220.806
537		-5.71039		320.778
538		-92.8622		409.627
539		-228.858		451.348
540		-381.585		423.997
541		-512.447		327.824
542		-590.621		183.923
543		-602.798		24.793
544		-554.761		-118.158
545		-465.315		-224.315
546		-356.672		-286.996
547		-246.466		-310.067
548		-144.846		-301.354
549		-56.7266		-267.318
550		13.7227		-211.884
551		60.2314		-139.288
552		75.6097		-58.0517
553		56.3781		17.5694
554		7.70105		70.6802
555		-55.1236		88.4194
556		-110.585		68.6646
557		-139.104		22.6913
558		-131.508		-28.4055
559		-93.3393		-62.371
560		-42.4072		-65.4672
561		-0.473297		-38.295
562		16.8801		5.27599
563		7.10867		45.566
564		-19.1483		67.0826
565		-44.5529		65.8901
566		-54.6221		50.6193
567		-45.2283		36.8137
568		-24.1251		37.8686
569		-5.88257		57.5758
570		-3.19809		88.3101
571		-19.481		115.733
572		-46.8292		127.289
573		-70.4974		119.709
574		-77.356		101.31
575		-63.6454		87.7738
576		-37.7139		93.6748
577		-16.1817		124.368
578		-15.5501		172.643
579		-43.7438		221.983
580		-96.0974		254.681
581		-157.884		260.495
582		-211.979		241.271
583		-247.542		209.154
584		-265.119		179.452
585		-275.535		162.011
586		-293.261		155.672
587		-327.813		148.686
588		-377.661		124.798
589		-429.742		71.8381
590		-464.733		-11.514
591		-465.361		-114.025
592		-423.738		-215.846
593		-344.444		-295.947
594		-242.403		-339.471
595		-137.103		-341.892
596		-46.1415		-308.801
597		19.1772		-252.338
598		55.0332		-186.573
599		63.7257		-123.976
600		51.4321		-73.8405
601		26.5375		-42.0909
602		-1.13623		-31.2312
603		-21.0028		-39.6404
604		-23.3789		-60.5603
605		-2.47385		-82.0675
606		40.2923		-89.3085
607		94.5854		-69.1489
608		142.806		-15.7653
609		165.398		65.405
610		148.162		157.726
611		88.4759		238.191
612		-2.55927		285.469
613		-103.442		287.893
614		-189.92		247.85
615		-243.763		180.581
616		-258.881		107.93
617		-242.272		49.887
618		-209.713		17.6773
619		-178.538		11.2043
620		-160.944		21.4249
621		-160.695		35.8844
622		-174.056		44.3804
623		-193.673		42.1247
624		-212.809		29.4776
625		-227.663		9.31283
626		-236.995		-15.7927
627		-240.085		-44.6294
628		-235.028		-76.2084
629		-218.992		-107.583
630		-190.604		-132.675
631		-152.975		-143.627
632		-115.094		-134.626
633		-89.9272		-106.355
634		-89.3327		-68.4378
635		-117.86		-37.8257
636		-168.521		-33.0453
637		-223.102		-66.3799
638		-257.604		-137.429
639		-251		-231.204
640		-193.752		-322.067
641		-92.437		-382.258
642		31.6254		-391.711
643		149.322		-345.224
644		233.547		-254.202
645		268.05		-142.421
646		252.078		-37.6844
647		199.408		37.3433
648		132.593		71.7856
649		74.9075		68.652
650		42.9916		42.2217
651		42.5004		12.2082
652		67.6994		-2.9754
653		104.5		8.34756
654		135.484		48.34
655		145.209		109.857
656		124.35		179.101
657		71.8483		239.695
658		-5.1899		277.048
659		-93.5877		281.966
660		-177.568		252.765
661		-242.725		195.419
662		-279.517		121.792
663		-285.397		46.3947
664		-265.008		-17.434
665		-228.457		-60.8602
666		-188.172		-81.4874
667		-155.32		-83.395
668		-136.797		-75.374
669		-133.61		-67.9638
670		-140.982		-70.1646
671		-150.071		-86.708
672		-150.802		-116.561
673		-135.101		-153.033
674		-99.7344		-185.535
675		-47.9647		-202.679
676		10.6313		-196.034
677		62.4536		-163.49
678		93.9574		-111.028
679		96.442		-51.8938
680		69.8904		-2.93668
681		24.1539		21.0324
682		-23.5105		12.9688
683		-54.1644		-22.9485
684		-54.2835		-71.9333
685		-21.3943		-113.572
686		34.3383		-129.543
687		93.6562		-110.998
688		135.757		-62.3613
689		146.775		0.371155
690		125.479		56.3379
691		83.5143		88.7003
692		39.9717		91.7308
693		12.6938		72.8352
694		10.343		48.5674
695		28.9417		36.5488
696		54.4491		47.1903
697		70.0041		79.1917
698		64.1735		120.898
699		36.1121		156.652
700		-4.83911		174.785
701		-44.7044		173.127
702		-72.528		159.293
703		-86.0629		145.753
704		-92.5372		142.463
705		-104.199		151.022
706		-131.113		163.476
707		-175.095		166.354
708		-228.017		147.733
709		-275.31		103.554
710		-302.75		39.916
711		-302.906		-29.7299
712		-277.958		-90.8249
713		-237.641		-133.965
714		-193.761		-157.944
715		-154.463		-168.261
716		-121.394		-172.347
717		-91.0683		-174.547
718		-59.238		-173.838
719		-25.3496		-165.522
720		5.81064		-145.689
721		26.4341		-115.5
722		30.6596		-82.4204
723		19.164		-57.2798
724		0.380219		-48.5741
725		-12.8171		-57.2033
726		-9.51132		-74.8343
727		13.1332		-87.2245
728		47.4768		-81.1068
729		78.3366		-51.1709
730		90.0281		-3.42801
731		74.0374		46.9793
732		33.4024		82.5807
733		-18.4801		91.6315
734		-64.0392		73.3788
735		-89.5681		37.9503
736		-91.0779		1.06274
737		-75.1537		-23.6181
738		-54.6483		-30.5458
739		-41.6912		-23.8515
740		-41.7328		-13.9265
741		-51.5813		-11.1544
742		-62.1241		-20.2538
743		-63.9304		-38.1275
744		-52.5576		-56.0555
745		-30.7906		-64.7093
746		-6.90134		-59.1007
747		9.78539		-40.8665
748		13.4199		-16.9656
749		3.86765		4.11233
750		-14.209		16.3036
751		-34.4499		17.9653
752		-52.009		11.1678
753		-65.0285		-0.787659
754		-73.8351		-15.7515
755		-78.8326		-33.4395
756		-78.8507		-54.1808
757		-71.2876		-76.8244
758		-54.073		-97.5436
759		-28.1208		-110.731
760		1.5672		-111.77
761		27.285		-100.109
762		42.1187		-80.6267
763		43.7564		-62.0955
764		36.3858		-53.1701
765		29.3279		-57.8736
766		32.8104		-73.0164
767		52.9067		-89.0892
768		88.2362		-94.3696
769		130.17		-80.2484
770		166.464		-45.1172
771		186.468		5.0758
772		185.285		59.7209
773		164.938		108.226
774		132.282		144.004
775		95.1294		165.884
776		58.8549		176.609
777		25.2401		179.783
778		-6.21017		177.308
779		-35.7536		168.865
780		-61.6244		153.517
781		-80.307		132.106
782		-88.7481		108.551
783		-87.0199		88.8874
784		-79.511		78.3655
785		-73.5421		78.2837
786		-75.8831		84.6065
787		-89.0445		89.479
788		-109.537		85.0775
789		-129.292		67.7681
790		-139.652		40.234
791		-135.819		10.275
792		-119.287		-13.1471
793		-96.8764		-24.4527
794		-76.9187		-24.0325
795		-64.7661		-17.432
796		-60.2289		-11.6539
797		-58.4132		-10.7918
798		-53.4252		-13.6273
799		-42.6749		-14.6719
800		-29.0933		-8.07372
801		-19.774		7.97287
802		-21.6844		29.0938
803		-36.9404		46.4053
804		-60.5732		51.2809
805		-82.4005		40.5628
806		-92.2671		19.095
807		-85.8443		-2.18831
808		-67.6309		-11.9067
809		-49.172		-4.66513
810		-43.1154		15.3353
811		-56.1329		35.7679
812		-84.5646		42.2843
813		-115.363		26.2132
814		-132.143		-10.2177
815		-123.386		-54.0465
816		-88.5733		-87.2717
817		-39.02		-95.2952
818		7.09845		-73.8578
819		33.0431		-30.9727
820		30.9417		17.0392
821		4.69814		53.2681
822		-32.848		67.696
823		-66.7419		60.7476
824		-87.002		41.4421
825		-92.3649		21.5696
826		-89.0975		9.29559
827		-86.0354		5.62693
828		-88.957		5.33913
829		-97.5079		1.36458
830		-106.2		-10.2313
831		-108.546		-27.6938
832		-101.606		-44.8432
833		-88.1094		-55.2101
834		-74.8647		-56.3909
835		-68.4652		-51.8877
836		-70.9223		-49.2398
837		-77.9237		-55.5002
838		-80.8635		-72.7119
839		-71.5676		-96.0807
840		-47.0398		-115.995
841		-11.5164		-122.829
842		25.3596		-111.864
843		53.2271		-85.6064
844		65.9426		-52.2765
845		64.0603		-21.4098
846		53.6096		0.881134
847		42.0575		14.3434
848		33.9115		23.4879
849		28.5294		33.8188
850		21.3095		47.7773
851		7.39784		62.8842
852		-14.4508		73.1897
853		-40.2878		73.1187
854		-62.7079		61.3419
855		-74.9466		42.2515
856		-74.9243		24.0269
857		-66.7932		14.2894
858		-58.9551		15.8049
859		-59.5528		24.7299
860		-71.9207		32.4868
861		-92.5422		30.3067
862		-112.677		13.9699
863		-122.783		-13.8341
864		-117.327		-44.7734
865		-97.418		-69.0014
866		-69.9579		-79.8534
867		-43.9631		-76.6125
868		-26.1974		-64.0388
869		-18.4917		-49.208
870		-18.0047		-37.6511
871		-19.9241		-31.0002
872		-20.7564		-27.2791
873		-20.1861		-23.3233
874		-20.5251		-17.5746
875		-24.3473		-11.4006
876		-32.0242		-8.14911
877		-40.8683		-10.6546
878		-46.495		-18.9292
879		-45.5271		-29.6467
880		-37.859		-37.8592
881		-26.9283		-39.9139
882		-17.7061		-35.6976
883		-13.5977		-28.6928
884		-14.2353		-23.6814
885		-15.6649		-23.4615
886		-12.9774		-26.6733
887		-3.84435		-28.2581
888		9.28154		-22.4924
889		19.8714		-6.88281
890		20.791		15.4906
891		8.64613		36.8311
892		-13.5966		48.4956
893		-37.4843		45.8279
894		-53.2498		31.1538
895		-55.0989		13.0213
896		-44.6197		1.84992
897		-30.2275		4.27042
898		-22.7502		19.3211
899		-29.4912		38.7567
900		-50.0915		51.4502
901		-76.6019		49.5134
902		-97.8377		32.6924
903		-105.622		8.47992
904		-99.3635		-12.2126
905		-86.2787		-21.4112
906		-77.0209		-18.8049
907		-79.1543		-12.0159
908		-92.2434		-12.1037
909		-107.528		-26.762
910		-112.585		-55.1133
911		-98.4961		-87.2298
912		-65.4865		-108.903
913		-23.7148		-109.185
914		11.456		-86.5336
915		27.2651		-50.0521
916		20.1767		-14.9744
917		-2.38594		5.24555
918		-26.242		5.91049
919		-38.3288		-6.75349
920		-33.9012		-19.4788
921		-19.0343		-19.7519
922		-7.00257		-3.17255
923		-10.5419		23.7671
924		-34.3231		47.0752
925		-71.8801		52.9646
926		-108.749		35.5644
927		-130.095		0.324478
928		-128.579		-38.8032
929		-108.082		-66.8223
930		-81.2474		-75.6118
931		-62.2728		-67.8932
932		-59.0488		-55.0872
933		-69.0756		-50.3687
934		-81.3907		-60.935
935		-83.3083		-83.9011
936		-68.0304		-108.123
937		-38.7256		-120.818
938		-6.73961		-115.11
939		14.9898		-94.0768
940		19.4591		-68.9667
941		9.65853		-52.5868
942		-3.24097		-51.7321
943		-6.56582		-63.0872
944		6.17522		-75.0586
945		31.0933		-74.5639
946		55.7358		-54.8997
947		65.9899		-20.1254
948		54.1796		16.6598
949		23.7125		40.2819
950		-12.4532		41.8056
951		-38.7455		23.474
952		-45.4394		-2.57516
953		-33.8529		-21.1368
954		-15.3116		-22.4673
955		-4.45355		-7.6682
956		-10.6748		12.1482
957		-32.6018		22.4516
958		-58.7695		13.888
959		-74.1487		-12.0437
960		-68.8192		-43.5133
961		-43.83		-64.8285
962		-10.8688		-65.1982
963		14.1173		-44.7988
964		19.7525		-14.6639
965		5.48989		9.57437
966		-18.2857		16.5537
967		-36.3995		5.60508
968		-37.7994		-12.9559
969		-22.1563		-23.886
970		-0.353226		-16.0183
971		11.4932		10.8938
972		1.16615		45.4123
973		-32.485		70.2419
974		-78.3813		71.4505
975		-118.742		45.977
976		-138.252		3.27745
977		-131.805		-39.7501
978		-106.614		-67.6866
979		-77.6454		-74.3856
980		-59.0884		-65.3919
981		-56.7019		-53.8243
982		-65.2804		-52.2515
983		-72.4829		-65.2811
984		-66.6377		-87.0532
985		-43.9289		-104.935
986		-10.8261		-107.133
987		19.5544		-89.7255
988		34.9506		-59.0475
989		30.9039		-28.095
990		13.1277		-9.1104
991		-6.03246		-6.70036
992		-14.9244		-15.4754
993		-9.40504		-23.5401
994		4.82309		-19.7456
995		15.6749		-0.44054
996		11.8838		28.2172
997		-10.2927		53.7106
998		-44.7815		64.3253
999		-79.1292		55.8122
1000		-101.621		33.6516
1001		-107.883		9.61517
1002		-103.074		-5.31733
1003		-98.395		-7.48317
1004		-103.986		-2.61768
1005		-122.444		-2.22605
1006		-146.864		-16.3671
1007		-164.657		-47.1309
1008		-164.965		-86.752
1009		-145.332		-121.609
1010		-113.6		-139.89
1011		-83.7728		-138.474
1012		-68.1018		-124.922
1013		-69.9557		-113.242
1014		-81.6994		-115.741
1015		-88.9914		-135.615
1016		-79.1887		-164.664
1017		-49.0764		-187.638
1018		-7.3815		-190.92
1019		29.5852		-170.648
1020		46.8954		-135.55
1021		39.5833		-102.656
1022		15.9073		-88.0804
1023		-6.75145		-97.9525
1024		-11.2809		-124.627
1025		9.6011		-150.475
1026		48.9604		-157.346
1027		89.0007		-136.574
1028		110.463		-94.0084
1029		103		-47.2145
1030		70.8522		-16.2827
1031		30.6956		-13.2144
1032		2.81657		-35.6493
1033		0.412651		-68.3245
1034		22.8334		-91.4142
1035		56.3702		-91.1476
1036		82.0421		-66.9095
1037		86.0048		-31.0357
1038		66.8496		-1.58083
1039		35.8744		7.81445
1040		10.3523		-4.68173
1041		3.68702		-28.4437
1042		17.9708		-46.6761
1043		43.0115		-45.9888
1044		62.2092		-23.872
1045		61.8634		10.0194
1046		38.6666		39.3272
1047		1.28953		49.9929
1048		-34.643		37.7175
1049		-55.1901		9.80494
1050		-55.4314		-19.4316
1051		-41.4769		-36.8989
1052		-26.2395		-37.846
1053		-21.6053		-27.9231
1054		-31.5713		-19.217
1055		-50.2251		-22.7482
1056		-65.5532		-41.8537
1057		-66.7037		-70.2337
1058		-50.4165		-95.662
1059		-22.9266		-107.068
1060		3.65066		-100.828
1061		18.2397		-82.6431
1062		16.9566		-64.0274
1063		4.95723		-55.5669
1064		-6.98347		-60.9278
1065		-9.0434		-75.0827
1066		1.83525		-87.693
1067		20.2931		-89.5555
1068		35.9669		-78.2542
1069		39.8831		-59.6775
1070		30.011		-44.5237
1071		12.6662		-41.8881
1072		-1.07513		-53.743
1073		-1.85294		-73.5951
1074		12.4339		-90.1537
1075		35.3056		-93.886
1076		55.4326		-82.6201
1077		63.2869		-62.8794
1078		56.842		-46.0963
1079		42.9606		-41.8396
1080		33.573		-51.9577
1081		38.7616		-69.0659
1082		60.6841		-80.3402
1083		91.8312		-74.5474
1084		118.678		-48.3705
1085		128.73		-8.4619
1086		117.034		31.9368
1087		88.5523		59.9052
1088		55.1165		69.4123
1089		28.7739		63.9029
1090		15.314		53.5556
1091		11.6137		48.9025
1092		8.20177		54.5288
1093		-4.55809		66.4612
1094		-30.3125		74.6768
1095		-64.1664		69.1984
1096		-95.1848		46.1906
1097		-112.465		10.5064
1098		-111.238		-26.7829
1099		-95.4585		-54.4294
1100		-75.4125		-67.1138
1101		-61.7338		-68.0889
1102		-59.3226		-66.8523
1103		-64.6872		-73.2231
1104		-68.2443		-91.2833
1105		-60.2358		-116.718
1106		-36.8155		-139.123
1107		-2.74927		-147.972
1108		30.8829		-138.8
1109		52.7173		-116.019
1110		57.436		-90.6925
1111		48.7624		-74.4688
1112		37.3696		-73.1054
1113		34.8363		-83.2557
1114		47.0341		-94.3689
1115		70.6763		-94.6715
1116		94.9746		-77.8929
1117		107.5		-46.9852
1118		100.993		-12.7754
1119		77.3628		11.6852
1120		46.7304		17.9368
1121		22.1034		6.36708
1122		12.6907		-14.3269
1123		19.4984		-32.0137
1124		35.4771		-37.5226
1125		49.8981		-29.0254
1126		54.3148		-12.1562
1127		46.7332		3.90106
1128		31.8106		11.8717
1129		17.2844		10.1907
1130		8.99033		3.07955
1131		7.51942		-2.8704
1132		8.43492		-3.3123
1133		5.73865		0.967525
1134		-3.70702		4.66789
1135		-17.6568		1.67161
1136		-29.5221		-10.5248
1137		-32.4275		-28.4951
1138		-23.8342		-44.2768
1139		-7.84222		-49.8212
1140		6.41103		-41.9414
1141		9.53818		-24.7811
1142		-2.78759		-8.1842
1143		-27.0806		-2.70362
1144		-53.5464		-13.9879
1145		-71.1196		-39.7296
1146		-73.2591		-70.9644
1147		-61.227		-97.0485
1148		-42.972		-111.522
1149		-28.226		-115.518
1150		-22.6084		-116.748
1151		-24.1312		-124.613
1152		-24.1605		-144.22
1153		-12.3546		-172.755
1154		17.1924		-200.359
1155		62.1003		-215.086
1156		112.38		-209.226
1157		155.323		-183.416
1158		181.898		-146.244
1159		191.079		-109.543
1160		189.701		-82.0325
1161		187.96		-64.9057
1162		193.152		-51.8255
1163		205.259		-33.3065
1164		216.899		-2.92859
1165		217.707		38.2148
1166		200.624		81.4494
1167		166.478		114.942
1168		124.158		130.158
1169		86.1902		126.679
1170		62.1091		112.618
1171		53.3309		100.277
1172		52.4201		99.41
1173		47.2241		111.784
1174		27.643		130.054
1175		-8.65582		141.587
1176		-54.6766		135.146
1177		-97.4902		106.799
1178		-124.667		61.9107
1179		-130.226		12.269
1180		-116.939		-29.9232
1181		-93.9627		-57.7918
1182		-71.3618		-72.1804
1183		-54.7871		-79.5992
1184		-43.2979		-87.2228
1185		-31.3966		-98.0564
1186		-13.8162		-109.184
1187		10.0046		-114.095
1188		34.6078		-107.596
1189		51.3044		-90.2379
1190		53.5041		-69.3718
1191		41.4209		-55.9478
1192		23.2078		-58.6465
1193		11.5491		-78.64
1194		17.3363		-108.07
1195		43.8146		-133.348
1196		84.4646		-141.714
1197		125.915		-127.608
1198		154.447		-95.4301
1199		162.673		-57.1966
1200		152.842		-26.3181
1201		135.073		-10.8702
1202		121.559		-9.93523
1203		119.971		-14.8906
1204		129.652		-14.7805
1205		142.585		-2.68882
1206		148.437		20.447
1207		140.71		46.6357
1208		120.511		65.6627
1209		95.8159		71.1016
1210		76.737		64.0278
1211		69.5719		52.2999
1212		73.0966		45.8365
1213		79.2877		50.6238
1214		78.1074		64.9431
1215		63.6435		80.0717
1216		38.0594		85.1716
1217		10.9975		73.6746
1218		-5.39221		47.5528
1219		-3.14149		16.9658
1220		16.8192		-4.69122
1221		44.5971		-7.75659
1222		66.1043		8.46681
1223		70.1903		35.0852
1224		54.3657		58.009
1225		26.0642		65.0789
1226		-1.22785		52.1717
1227		-14.9109		25.0891
1228		-9.61077		-3.70599
1229		10.3832		-21.6979
1230		33.7555		-22.7395
1231		48.3462		-9.9398
1232		47.5283		6.36406
1233		33.4447		14.2946
1234		15.5626		6.6479
1235		5.54668		-15.633
1236		11.3501		-44.3671
1237		33.6671		-68.6446
1238		66.4269		-80.2678
1239		100.699		-77.1365
1240		129.54		-62.9316
1241		150.969		-43.6498
1242		167.49		-23.3213
1243		182.735		-1.60253
1244		197.504		25.2886
1245		207.839		60.9076
1246		206.543		104.52
1247		187.469		149.321
1248		150.132		184.382
1249		101.835		199.622
1250		55.6961		191.271
1251		25.2127		164.774
1252		17.94		133.317
1253		31.5251		112.342
1254		54.2659		112.613
1255		70.1241		135.174
1256		65.8775		170.718
1257		37.0148		203.701
1258		-10.385		219.211
1259		-62.5536		209.349
1260		-104.169		176.201
1261		-124.737		130.265
1262		-122.315		85.4189
1263		-103.186		53.0266
1264		-78.1109		37.9175
1265		-57.3205		37.7711
1266		-46.7061		45.61
1267		-46.6859		53.68
1268		-53.6813		56.6408
1269		-62.8528		52.7417
1270		-70.4048		42.9909
1271		-74.4042		29.3945
1272		-74.1809		13.6052
1273		-69.2451		-3.27519
1274		-58.7851		-19.9688
1275		-42.1843		-34.2845
1276		-20.1072		-43.2484
1277		4.82942		-44.2809
1278		28.5921		-36.7265
1279		47.4403		-22.6142
1280		59.8818		-5.87231
1281		67.5697		9.82392
1282		74.3141		23.4144
1283		83.4838		37.5166
1284		95.159		57.248
1285		104.783		87.1214
1286		104.423		127.554
1287		86.355		172.985
1288		47.3183		212.945
1289		-8.8131		235.906
1290		-71.5374		234.199
1291		-127.435		207.568
1292		-165.412		163.493
1293		-180.937		114.025
1294		-177.173		70.6701
1295		-162.545		39.917
1296		-146.109		21.5909
1297		-133.265		10.7108
1298		-124.076		1.57919
1299		-114.924		-8.35603
1300		-102.317		-17.1389
1301		-86.4002		-20.1969
1302		-71.875		-14.2739
1303		-65.6035		-0.887939
1304		-72.1769		13.0381
1305		-90.1264		18.1327
1306		-111.294		7.71599
1307		-124.205		-17.7678
1308		-119.957		-49.8017
1309		-97.4955		-75.356
1310		-65.1461		-83.4606
1311		-37.1089		-71.4149
1312		-26.3234		-47.1239
1313		-37.2744		-25.8816
1314		-62.6577		-22.8226
1315		-86.0506		-44.7297
1316		-89.6636		-85.5146
1317		-63.4768		-128.037
1318		-11.0938		-151.754
1319		50.9021		-142.626
1320		100.104		-100.339
1321		118.619		-39.1044
1322		101.533		18.5862
1323		59.2586		52.2883
1324		12.5633		52.9884
1325		-17.2925		26.9384
1326		-18.425		-7.86666
1327		6.60993		-30.6807
1328		42.8731		-27.9047
1329		70.9072		0.990524
1330		76.2415		44.209
1331		55.7505		84.2498
1332		17.9438		106.686
1333		-22.4439		106.521
1334		-52.2754		89.1393
1335		-65.9613		65.9219
1336		-66.6136		47.4682
1337		-62.364		38.3896
1338		-60.5313		36.4299
1339		-63.3601		35.9215
1340		-67.8607		32.9672
1341		-69.6023		28.7701
1342		-67.7525		28.7675
1343		-67.7639		37.9437
1344		-79.4371		55.2679
1345		-110.938		71.0739
1346		-162.042		69.7534
1347		-220.802		37.0994
1348		-266.324		-31.2853
1349		-277.093		-125.19
1350		-241.061		-221.785
1351		-162.373		-294.156
1352		-60.9333		-322.628
1353		35.4456		-303.36
1354		102.786		-249.876
1355		130.929		-186.599
1356		126.92		-137.516
1357		110.234		-115.55
1358		102.457		-117.785
1359		116.7		-128.619
1360		152.035		-128.83
1361		195.372		-105.585
1362		229.245		-58.2526
1363		240.967		2.64249
1364		228.17		62.0991
1365		198.121		108.772
1366		161.811		139.844
1367		126.808		160.116
1368		93.3573		176.357
1369		56.0718		190.837
1370		10.0017		198.429
1371		-42.9694		189.461
1372		-91.8828		156.887
1373		-120.758		103.388
1374		-117.276		43.6465
1375		-81.3216		-0.506409
1376		-28.1331		-10.3162
1377		16.6425		19.4728
1378		28.3157		75.8567
1379		-4.50073		131.767
1380		-73.0545		157.904
1381		-151.163		136.67
1382		-206.728		71.2019
1383		-216.687		-15.3512
1384		-178.024		-90.309
1385		-109.257		-126.729
1386		-41.5423		-115.966
1387		-3.76703		-71.3261
1388		-8.99975		-21.0989
1389		-48.9298		5.40753
1390		-98.7685		-8.22031
1391		-129.793		-58.4384
1392		-123.005		-124.633
1393		-77.1482		-179.913
1394		-7.57899		-203.914
1395		62.6447		-191.105
1396		114.201		-150.915
1397		139.377		-100.569
1398		142.74		-55.2833
1399		135.226		-21.459
1400		125.872		3.71208
1401		116.417		26.8103
1402		101.87		50.9433
1403		76.3543		71.6271
1404		40.1564		78.6566
1405		3.14503		63.0274
1406		-18.2141		24.6937
1407		-9.12362		-23.8544
1408		34.4476		-61.036
1409		101.156		-65.5199
1410		167.304		-26.8276
1411		206.548		48.4664
1412		201.659		138.512
1413		152.385		215.392
1414		75.388		257.314
1415		-3.72313		257.743
1416		-62.2113		227.07
1417		-89.9502		186.264
1418		-92.4479		156.077
1419		-86.149		147.382
1420		-88.9895		157.328
1421		-111.366		172.642
1422		-152.004		177.619
1423		-200.213		162.163
1424		-242.477		125.726
1425		-269.261		75.7112
1426		-278.326		22.1129
1427		-273.315		-27.902
1428		-259.355		-72.273
1429		-239.005		-112.307
1430		-211.322		-148.767
1431		-174.44		-178.982
1432		-129.553		-197.342
1433		-83.071		-199.108
1434		-44.837		-185.005
1435		-22.9171		-163.157
1436		-17.9964		-146.343
1437		-21.1613		-145.427
1438		-17.2014		-162.493
1439		7.64072		-187.933
1440		57.4494		-203.874
1441		122.703		-192.825
1442		183.402		-147.203
1443		218.229		-74.4977
1444		215.196		5.18382
1445		178.054		68.3712
1446		124.767		99.6515
1447		78.5202		99.1797
1448		55.9054		82.1074
1449		58.5931		70.0647
1450		73.0914		79.2197
1451		78.7902		111.428
1452		59.9045		153.394
1453		14.6785		184.362
1454		-43.3592		188.097
1455		-92.8961		162.393
1456		-116.95		120.644
1457		-112.728		84.4091
1458		-93.4883		71.0305
1459		-81.0658		83.3184
1460		-93.0684		107.373
1461		-131.938		120.15
1462		-182.317		102.873
1463		-218.702		52.8582
1464		-219.602		-13.1357
1465		-180.565		-66.4612
1466		-118.67		-81.5109
1467		-65.4615		-50.2074
1468		-51.4784		11.8773
1469		-90.2372		71.5054
1470		-170.086		93.2541
1471		-258.435		56.797
1472		-316.48		-32.8059
1473		-317.101		-147.054
1474		-256.99		-247.143
1475		-157.15		-301.564
1476		-51.9652		-299.323
1477		27.1537		-252.54
1478		65.0831		-187.897
1479		66.8812		-132.176
1480		51.2405		-99.8186
1481		38.067		-88.7501
1482		37.5428		-85.718
1483		46.582		-77.0376
1484		53.909		-57.8924
1485		49.8531		-34.6677
1486		34.3237		-19.301
1487		17.7785		-19.6024
1488		14.4585		-31.9974
1489		32.0715		-41.706
1490		64.531		-30.833
1491		92.8052		10.137
1492		94.2242		74.3835
1493		55.4324		139.65
1494		-18.4101		178.411
1495		-103.943		172.286
1496		-170.122		122.823
1497		-193.862		52.3134
1498		-172.515		-6.52028
1499		-126.21		-27.0135
1500		-88.2617		-2.66647
1501		-88.2747		48.7612
1502		-136.622		93.6629
1503		-218.479		99.407
1504		-300.667		50.9483
1505		-347.876		-41.3573
1506		-339.895		-146.729
1507		-281.055		-229.02
1508		-197.255		-263.968
1509		-122.526		-249.775
1510		-82.4738		-205.978
1511		-83.2458		-161.88
1512		-111.337		-141.261
1513		-143.438		-151.716
1514		-160.152		-183.909
1515		-155.646		-220.272
1516		-138.031		-247.327
1517		-120.952		-264.01
1518		-112		-281.009
1519		-105.478		-311.657
1520		-84.3665		-360.113
1521		-30.832		-414.445
1522		60.7105		-449.557
1523		175.916		-439.274
1524		283.534		-371.334
1525		348.61		-256.841
1526		349.489		-128.27
1527		289.656		-26.0732
1528		197.738		19.815
1529		114.992		4.23155
1530		76.2122		-50.6832
1531		93.5461		-106.231
1532		151.403		-125.908
1533		214.944		-92.7529
1534		247.722		-16.6525
1535		229.426		71.7911
1536		164.841		137.301
1537		79.9171		157.402
1538		7.55258		132.46
1539		-29.1197		83.6223
1540		-27.291		40.4773
1541		-3.90509		25.4546
1542		14.8952		43.258
1543		7.9904		80.3924
1544		-30.6235		114.117
1545		-90.8452		125.134
1546		-154.167		106.717
1547		-204.824		65.5766
1548		-237.569		14.8266
1549		-257.68		-35.9357
1550		-273.741		-86.908
1551		-288.236		-146.639
1552		-292.407		-223.676
1553		-269.324		-316.599
1554		-204.067		-409.117
1555		-95.3542		-474.283
1556		38.5737		-486.622
1557		164.257		-436.1
1558		246.504		-336.117
1559		264.716		-220.352
1560		223.587		-128.985
1561		152.101		-90.6143
1562		90.566		-108.876
1563		71.661		-160.784
1564		104.814		-208.079
1565		171.821		-216.227
1566		236.096		-171.744
1567		261.131		-89.1949
1568		229.063		-4.31143
1569		150.192		43.4079
1570		58.8141		30.0959
1571		-2.53746		-40.5115
1572		-2.71464		-138.148
1573		63.8918		-219.321
1574		175.053		-246.234
1575		290.714		-202.397
1576		369.981		-98.1338
1577		386.957		35.5839
1578		338.615		160.986
1579		242.388		248.004
1580		126.191		283.05
1581		16.7122		269.433
1582		-68.5245		221.212
1583		-122.825		155.113
1584		-147.066		84.9969
1585		-145.23		20.7533
1586		-122.175		-29.7632
1587		-84.6638		-59.0098
1588		-43.7371		-60.8967
1589		-15.1543		-34.8893
1590		-15.6203		9.62125
1591		-55.4245		52.4927
1592		-131.065		67.9219
1593		-222.502		34.4862
1594		-297.979		-54.1713
1595		-325.557		-183.602
1596		-286.654		-321.593
1597		-185.154		-429.684
1598		-47.2155		-478.485
1599		88.8126		-459.752
1600		188.088		-389.411
1601		233.374		-299.867
1602		230.913		-225.133
1603		205.407		-185.877
1604		186.727		-181.45
1605		194.987		-192.509
1606		231.279		-192.543
1607		278.369		-162.28
1608		310.563		-99.7205
1609		307.425		-21.0185
1610		264.338		47.8308
1611		194.787		83.9006
1612		123.664		78.1964
1613		75.4599		39.2332
1614		63.4838		-11.9016
1615		85.3047		-51.8478
1616		125.987		-65.0314
1617		166.547		-48.5462
1618		192.592		-10.1633
1619		198.606		38.3363
1620		186.288		87.9544
1621		159.038		135.268
1622		116.867		179.942
1623		55.5371		219.208
1624		-29.1395		243.623
1625		-134.45		237.835
1626		-246.033		187.027
1627		-339.183		86.0522
1628		-386.912		-53.9471
1629		-371.514		-205.92
1630		-293.838		-335.357
1631		-175.078		-413.54
1632		-49.3391		-429.386
1633		50.0597		-393.933
1634		104.176		-334.896
1635		115.341		-283.678
1636		103.949		-261.1
1637		96.8		-268.844
1638		112.909		-290.785
1639		154.025		-303.328
1640		204.623		-289.262
1641		241.238		-247.838
1642		246.138		-195.813
1643		218.101		-158.881
1644		174.574		-157.967
1645		143.995		-197.519
1646		152.14		-261.864
1647		209.423		-321.54
1648		305.502		-346.396
1649		413.707		-318.887
1650		502.836		-241.111
1651		550.242		-132.529
1652		549.855		-20.1293
1653		511.756		73.5201
1654		454.463		138.26
1655		394.788		176.904
1656		340.871		199.198
1657		291.741		213.518
1658		242.656		221.513
1659		192.136		218.744
1660		145.762		200.434
1661		113.981		168.205
1662		105.068		132.933
1663		117.637		111.08
1664		137.827		115.939
1665		143.858		148.577
1666		116.464		194.067
1667		49.9674		226.106
1668		-42.1844		218.625
1669		-131.146		158.909
1670		-184.676		55.4113
1671		-181.889		-64.2429
1672		-123.446		-164.725
1673		-31.8358		-218.666
1674		58.7356		-218.884
1675		118.063		-181.096
1676		133.597		-135.713
1677		115.363		-112.809
1678		89.8727		-127.744
1679		86.3081		-174.463
1680		122.037		-229.518
1681		194.634		-264.364
1682		284.023		-259.435
1683		363.108		-212.907
1684		411.012		-140.121
1685		422.094		-64.6568
1686		406.54		-6.25081
1687		382.971		27.9591
1688		367.701		44.6543
1689		366.677		58.1472
1690		374.176		80.9313
1691		378.266		116.574
1692		369.217		158.797
1693		345.595		196.737
1694		314.459		222.685
1695		285.834		237.285
1696		265.169		248.816
1697		248.791		266.964
1698		225.573		294.96
1699		184.235		325.265
1700		122.074		342.041
1701		49.6596		329.721
1702		-12.0366		283.148
1703		-41.4025		213.348
1704		-28.0748		144.964
1705		19.5118		105.713
1706		75.5513		112.756
1707		107.407		162.908
1708		90.5604		232.092
1709		20.6991		284.904
1710		-83.1788		290.054
1711		-186.424		234.321
1712		-253.603		128.324
1713		-263.463		1.42085
1714		-216.94		-111.603
1715		-134.743		-185.441
1716		-46.2312		-213.672
1717		24.4983		-208.626
1718		68.4697		-192.576
1719		93.2569		-185.353
1720		116.183		-194.802
1721		153.592		-214.507
1722		212.066		-229.054
1723		285.834		-223.205
1724		360.918		-189.709
1725		422.9		-131.804
1726		463.59		-59.8224
1727		483.036		15.3233
1728		486.421		87.5084
1729		478.482		156.47
1730		459.423		224.37
1731		425.113		290.539
1732		371.512		348.285
1733		300.388		386.349
1734		222.379		394.684
1735		154.778		371.366
1736		114.499		326.398
1737		109.651		279.573
1738		134.311		252.776
1739		169.701		260.223
1740		191.725		301.551
1741		181.468		361.429
1742		133.59		416.133
1743		58.4879		444.033
1744		-22.7826		434.94
1745		-88.2888		393.895
1746		-124.918		337.794
1747		-133.422		286.768
1748		-126.712		254.659
1749		-122.629		243.107
1750		-134.968		241.716
1751		-167		233.727
1752		-210.164		204.142
1753		-247.971		146.496
1754		-262.839		65.5862
1755		-242.701		-24.3362
1756		-184.967		-104.472
1757		-97.0028		-157.138
1758		6.11674		-170.297
1759		105.255		-140.141
1760		181.148		-71.8999
1761		218.213		20.7307
1762		208.161		117.477
1763		153.039		195.033
1764		66.6494		232.404
1765		-27.0233		217.213
1766		-99.1715		151.025
1767		-124.537		51.099
1768		-90.2092		-53.1673
1769		-1.2778		-128.884
1770		119.597		-150.675
1771		239.314		-109.756
1772		325.815		-17.1153
1773		359.354		100.905
1774		338.797		212.972
1775		280.26		294.684
1776		208.839		336.888
1777		147.318		346.922
1778		107.045		342.64
1779		84.9412		342.446
1780		67.5249		356.242
1781		39.4471		381.491
1782		-7.9592		405.802
1783		-72.2726		414.198
1784		-141.499		397.065
1785		-200.21		354.81
1786		-236.831		297.259
1787		-248.398		238.658
1788		-240.775		191.228
1789		-224.87		160.582
1790		-211.313		144.906
1791		-206.468		137.561
1792		-211.436		131.044
1793		-223.735		119.913
1794		-239.885		101.375
1795		-256.902		73.9865
1796		-271.852		36.1631
1797		-280.195		-13.8333
1798		-274.716		-75.9441
1799		-246.627		-145.521
1800		-189.056		-211.751
1801		-101.492		-259.007
1802		7.22867		-271.313
1803		119.384		-238.334
1804		212.681		-160.209
1805		266.905		-48.9197
1806		270.207		74.57
1807		222.507		186.218
1808		134.922		265.394
1809		25.9489		299.523
1810		-83.6146		285.651
1811		-174.98		229.286
1812		-233.864		141.968
1813		-251.437		38.9533
1814		-224.748		-62.4399
1815		-157.396		-144.373
1816		-60.2644		-190.845
1817		48.8253		-191.211
1818		147.765		-143.947
1819		215.353		-58.8011
1820		237.668		44.5168
1821		213.046		141.623
1822		153.081		211.231
1823		78.5906		242.365
1824		11.8224		237.767
1825		-31.9143		211.809
1826		-49.5061		183.691
1827		-49.8911		168.994
1828		-48.7643		173.395
1829		-60.8135		191.258
1830		-93.199		209.328
1831		-143.109		213.322
1832		-199.971		194.024
1833		-250.553		150.176
1834		-284		87.4837
1835		-294.465		15.1837
1836		-280.799		-57.3212
1837		-244.708		-121.936
1838		-189.508		-171.388
1839		-120.74		-198.416
1840		-48.0228		-196.683
1841		14.0974		-164.184
1842		48.6201		-107.727
1843		42.4626		-45.3157
1844		-5.44696		-3.38165
1845		-78.6362		-8.05429
1846		-144.341		-73.0962
1847		-163.144		-189.885
1848		-104.439		-325.127
1849		38.4661		-429.257
1850		240.815		-453.668
1851		451.106		-370.353
1852		607.606		-185.524
1853		660.716		59.3547
1854		592.131		300.56
1855		422.585		474.454
1856		204.619		540.243
1857		3.22879		493.871
1858		-127.657		367.562
1859		-163.268		215.711
1860		-113.758		93.5104
1861		-16.3025		37.3614
1862		82.0275		54.695
1863		142.705		126.155
1864		147.945		217.597
1865		102.7		295.527
1866		27.4084		339.073
1867		-53.6869		344.149
1868		-122.713		319.704
1869		-172.683		279.517
1870		-205.622		234.429
1871		-226.832		188.712
1872		-239.257		141.512
1873		-241.179		91.4133
1874		-228.127		40.7997
1875		-197.403		-2.84091
1876		-152.225		-29.5154
1877		-102.837		-31.8308
1878		-63.6244		-9.80292
1879		-47.3917		27.3163
1880		-59.4526		63.4457
1881		-94.3613		81.557
1882		-137.004		70.6467
1883		-167.922		30.8275
1884		-170.937		-25.7549
1885		-140.102		-78.8927
1886		-83.1059		-107.96
1887		-19.4255		-100.492
1888		26.5642		-58.3512
1889		35.3161		1.27612
1890		1.09647		51.0836
1891		-63.5241		63.7461
1892		-130.118		23.4451
1893		-163.724		-65.726
1894		-136.127		-178.37
1895		-38.0734		-274.875
1896		114.739		-315.033
1897		285.05		-273.221
1898		426.2		-148.968
1899		498.631		31.7837
1900		484.051		225.724
1901		391.268		388.003
1902		251.173		488.212
1903		103.193		519.648
1904		-20.5612		498.055
1905		-106.199		450.997
1906		-159.282		403.458
1907		-196.586		366.979
1908		-233.4		337.6
1909		-273.612		303.038
1910		-308.144		254.462
1911		-322.542		195.602
1912		-309.187		143.314
1913		-276.569		118.558
1914		-249.294		132.42
1915		-257.409		175.255
1916		-319.8		216.075
1917		-430.422		214.222
1918		-555.544		138.649
1919		-645.042		-14.5832
1920		-653.521		-215.989
1921		-561.466		-411.865
1922		-385.913		-545.656
1923		-174.822		-581.737
1924		12.7203		-520.223
1925		131.169		-395.603
1926		166.277		-259.943
1927		137.596		-159.125
1928		85.175		-113.89
1929		47.9067		-114.735
1930		44.9767		-132.283
1931		69.7781		-136.569
1932		98.5796		-114.251
1933		108.078		-74.349
1934		91.1924		-39.8596
1935		61.7254		-30.8069
1936		45.1229		-49.2609
1937		60.872		-75.8146
1938		107.312		-80.3724
1939		158.756		-41.5457
1940		178.04		36.7
1941		138.626		121.838
1942		44.0845		166.777
1943		-66.9277		135.183
1944		-135.085		25.1548
1945		-108.799		-122.171
1946		26.9783		-235.638
1947		236.58		-244.374
1948		442.755		-111.719
1949		556.527		143.675
1950		514.794		450.523
1951		308.381		711.187
1952		-12.5414		840.033
1953		-358.105		796.623
1954		-634.19		599.145
1955		-777.373		313.126
1956		-774.181		22.1383
1957		-657.809		-204.958
1958		-486.552		-335.436
1959		-316.36		-374.956
1960		-181.133		-353.053
1961		-88.6025		-302.241
1962		-30.3561		-242.796
1963		2.89978		-180.322
1964		11.4964		-114.736
1965		-11.6014		-52.3633
1966		-69.738		-11.4006
1967		-150.556		-15.6225
1968		-222.71		-79.2334
1969		-245.987		-192.202
1970		-191.221		-316.453
1971		-59.5096		-397.967
1972		110.923		-390.897
1973		256.43		-282.258
1974		314.823		-103.862
1975		255.448		76.5034
1976		97.5507		182.603
1977		-93.3059		164.227
1978		-230.843		22.5311
1979		-245.051		-186.33
1980		-114.034		-372.053
1981		123.88		-446.933
1982		383.515		-362.525
1983		565.957		-130.322
1984		597.077		182.123
1985		455.236		477.197
1986		177.502		663.616
1987		-156.542		687.96
1988		-454.916		549.531
1989		-644.135		294.913
1990		-689.261		-2.71771
1991		-597.781		-269.278
1992		-409.398		-450.269
1993		-178.886		-520.343
1994		40.1736		-482.093
1995		205.86		-358.403
1996		292.039		-183.604
1997		288.608		3.45171
1998		200.792		164.259
1999		48.5566		265.274
2000		-135.036		283.622
2001		-308.624		213.249
2002		-431.371		68.7382
2003		-474.07		-116.303
2004		-428.467		-297.576
2005		-310.46		-433.155
2006		-154.951		-496.551
2007		-3.81908		-484.449
2008		108.293		-415.827
2009		164.573		-322.978
2010		168.939		-238.544
2011		140.73		-184.203
2012		104.407		-165.509
2013		79.3441		-174.13
2014		74.1148		-195.211
2015		86.955		-215.552
2016		110.858		-228.57
2017		139.737		-234.288
2018		172.137		-235.398
2019		210.823		-232.378
2020		259.028		-220.702
2021		315.839		-191.69
2022		373.424		-136.491
2023		417.597		-51.0983
2024		431.529		59.9292
2025		401.067		182.577
2026		319.767		295.559
2027		192.197		374.818
2028		34.7625		399.185
2029		-126.149		356.116
2030		-258.671		246.446
2031		-332.343		86.9584
2032		-326.461		-90.6227
2033		-237.918		-245.296
2034		-85.6837		-336.942
2035		90.9326		-338.804
2036		241.463		-248.215
2037		319.293		-90.8975
2038		297.82		84.3413
2039		181.51		220.172
2040		6.59723		270.114
2041		-170.086		215.475
2042		-290.731		72.7862
2043		-317.211		-111.904
2044		-244.433		-280.045
2045		-100.835		-382.175
2046		64.0645		-395.185
2047		199.54		-328.32
2048		272.326		-215.983
2049		276.335		-101.366
2050		230.138		-18.7102
2051		164.695		17.947
2052		108.084		15.4138
2053		74.6637		-7.31586
2054		63.081		-31.3624
2055		62.5393		-47.1254
2056		62.5065		-56.0543
2057		59.7643		-65.3471
2058		58.9204		-79.9295
2059		66.8176		-97.3295
2060		85.1228		-108.918
2061		106.553		-106.758
2062		117.964		-91.4946
2063		109.189		-75.6075
2064		82.5351		-78.7153
2065		56.657		-116.259
2066		60.9977		-187.231
2067		121.966		-268.121
2068		246.938		-317.88
2069		414.254		-293.379
2070		575.376		-169.303
2071		669.941		46.5167
2072		648.336		310.018
2073		492.467		552.586
2074		225.755		703.523
2075		-92.1698		714.502
2076		-384.135		576.339
2077		-580.068		321.796
2078		-638.178		14.038
2079		-555.36		-273.982
2080		-364.38		-481.085
2081		-120.671		-573.016
2082		115.205		-547.488
2083		293.181		-429.743
2084		383.502		-262.302
2085		379.99		-93.1553
2086		298.229		34.6237
2087		170.634		90.8468
2088		39.5129		63.808
2089		-51.7087		-36.64
2090		-68.8334		-179.679
2091		2.77893		-319.369
2092		151.168		-406.269
2093		337.835		-402.811
2094		507.131		-297.642
2095		603.608		-112.9
2096		591.932		100.041
2097		471.589		276.58
2098		279.599		361.656
2099		78.8004		330.602
2100		-64.6374		199.282
2101		-105.828		18.7131
2102		-37.829		-144.211
2103		106.649		-232.19
2104		269.174		-218.663
2105		389.094		-116.026
2106		426.545		31.9855
2107		375.481		169.686
2108		262.076		251.662
2109		130.537		258.285
2110		23.7632		198.724
2111		-32.2033		101.859
2112		-33.7042		0.927307
2113		5.74833		-80.074
2114		66.905		-132.184
2115		135.436		-158.183
2116		206.217		-163.874
2117		279.894		-150.149
2118		355.01		-110.927
2119		421.458		-38.1624
2120		460.1		69.3031
2121		449.612		198.772
2122		377.273		323.463
2123		247.816		410.225
2124		85.1922		431.935
2125		-74.3344		378.597
2126		-194.803		261.595
2127		-252.952		109.025
2128		-244.641		-45.4418
2129		-182.762		-174.529
2130		-88.5981		-264.454
2131		18.1755		-314.414
2132		125.362		-330.119
2133		227.387		-316.281
2134		319.408		-273.264
2135		391.358		-200.228
2136		427.14		-102.669
2137		411.079		1.11731
2138		339.049		80.3224
2139		227.914		101.012
2140		116.573		41.658
2141		55.4753		-92.4986
2142		87.3583		-264.393
2143		227.261		-413.999
2144		451.483		-479.197
2145		701.993		-420.509
2146		905.993		-238.72
2147		1003.09		23.11
2148		968.492		295.068
2149		821.901		507.07
2150		618.05		615.334
2151		423.11		617.097
2152		287.602		547.441
2153		227.855		460.288
2154		223.807		402.813
2155		233.145		395.136
2156		214.244		424.151
2157		146.756		453.266
2158		40.5149		442.276
2159		-70.3564		367.281
2160		-143.989		231.39
2161		-149.143		62.2455
2162		-76.6557		-100.835
2163		60.3275		-222.549
2164		235.434		-282.203
2165		420.992		-275.104
2166		595.798		-206.337
2167		745.228		-82.75
2168		855.549		90.5697
2169		908.273		306.59
2170		880.611		547.966
2171		754.31		780.561
2172		529.455		955.475
2173		235.515		1022.04
2174		-68.3139		947.904
2175		-307		737.285
2176		-414.3		437.651
2177		-358.498		129.349
2178		-157.749		-99.6984
2179		122.846		-184.876
2180		392.641		-108.684
2181		567.35		92.7225
2182		598.733		343.281
2183		490.171		555.471
2184		292.419		661.819
2185		82.1711		637.011
2186		-67.0118		502.778
2187		-109.595		315.328
2188		-39.8851		142.14
2189		111.769		38.289
2190		294.353		31.0896
2191		455.259		116.961
2192		555.414		268.776
2193		576.279		448.249
2194		518.983		617.514
2195		398.996		746.402
2196		240.186		815.211
2197		70.4524		815.03
2198		-81.2893		747.787
2199		-188.345		626.706
2200		-230.851		475.99
2201		-201.182		327.852
2202		-107.914		216.048
2203		24.2684		167.122
2204		159.909		192.406
2205		262.132		284.091
2206		302.783		417.186
2207		269.663		556.622
2208		168.605		666.627
2209		20.5282		718.944
2210		-144.364		697.673
2211		-292.61		600.628
2212		-392.24		438.707
2213		-416.525		234.885
2214		-348.093		23.0811
2215		-184.209		-154.512
2216		57.8962		-253.69
2217		338.789		-238.762
2218		601.199		-95.196
2219		782.535		160.511
2220		833.161		479.311
2221		734.293		789.695
2222		507.816		1017.86
2223		212.53		1111.4
2224		-73.4202		1057.33
2225		-278.076		886.629
2226		-359.336		662.823
2227		-317.308		458.896
2228		-190.593		331.798
2229		-38.6565		304.867
2230		81.6379		364.577
2231		135.349		471.487
2232		117.326		579.09
2233		47.2535		651.564
2234		-43.5352		673.223
2235		-125.907		647.577
2236		-181.048		589.344
2237		-200.891		515.622
2238		-183.725		441.406
2239		-130.255		380.552
2240		-44.1086		349.009
2241		63.3085		365.221
2242		167.862		444.457
2243		233.375		588.372
2244		221.195		775.517
2245		106.582		959.93
2246		-105.258		1081.93
2247		-372.477		1089.13
2248		-625.069		959.415
2249		-787.512		715.17
2250		-807.237		420.572
2251		-676.723		161.17
2252		-438.899		13.1748
2253		-172.566		15.1631
2254		36.4982		154.264
2255		126.671		372.587
2256		80.9048		590.649
2257		-71.3073		737.244
2258		-269.633		773.051
2259		-447.871		699.158
2260		-556.689		549.293
2261		-575.292		371.951
2262		-509.718		212.125
2263		-382.232		100.543
2264		-219.665		52.734
2265		-47.112		74.3203
2266		111.563		166.009
2267		230.231		323.39
2268		280.071		531.491
2269		236.15		758.973
2270		89.6905		958.635
2271		-140.415		1078.09
2272		-404.955		1078.52
2273		-635.479		953.617
2274		-767.185		738.645
2275		-764.824		502.933
2276		-639.785		326.488
2277		-449.326		269.406
2278		-276.512		347.121
2279		-198.367		522.8
2280		-255.501		720.924
2281		-436.216		856.686
2282		-681.734		868.802
2283		-909.893		742.001
2284		-1046.73		510.415
2285		-1052.59		241.767
2286		-932.728		10.4439
2287		-729.975		-128.535
2288		-504.9		-154.495
2289		-313.396		-81.0126
2290		-191.049		56.0915
2291		-148.777		215.04
2292		-178.205		360.861
2293		-261.113		470.561
2294		-376.965		531.636
2295		-505.572		538.228
2296		-626.056		489.356
2297		-715.96		390.832
2298		-753.953		258.817
2299		-726.633		120.886
2300		-636.323		11.3125
2301		-504.885		-39.3433
2302		-369.764		-16.4141
2303		-272.192		70.8764
2304		-241.787		190.374
2305		-284.273		297.749
2306		-378.151		353.145
2307		-482.373		336.775
2308		-552.056		256.745
2309		-555.669		145.775
2310		-486.587		48.4174
2311		-364.628		4.37007
2312		-227.657		34.7363
2313		-117.468		136.257
2314		-65.962		284.703
2315		-86.6185		444.804
2316		-173.351		581.998
2317		-305.531		671.592
2318		-455.987		703.007
2319		-598.658		679.226
2320		-713.887		613.252
2321		-791.006		523.525
2322		-828.85		429.511
2323		-834.857		347.765
2324		-822.873		288.465
2325		-809.409		252.87
2326		-808.535		232.768
2327		-826.609		212.961
2328		-858.933		176.912
2329		-890.399		113.981
2330		-900.81		25.3804
2331		-873.401		-74.2277
2332		-803.141		-160.987
2333		-700.904		-210.887
2334		-591.051		-210.009
2335		-502.799		-161.434
2336		-458.735		-85.3687
2337		-465.377		-11.9958
2338		-510.017		30.2188
2339		-565.399		25.8676
2340		-600.365		-21.1836
2341		-592.044		-89.2351
2342		-534.656		-147.08
2343		-441.653		-165.657
2344		-340.822		-128.422
2345		-264.768		-36.8137
2346		-240.556		90.5015
2347		-281.949		223.453
2348		-386.068		328.9
2349		-534.449		378.812
2350		-697.326		356.567
2351		-839.75		260.705
2352		-928.581		106.062
2353		-939.706		-77.8628
2354		-864.594		-251.681
2355		-714.644		-374.143
2356		-521.321		-412.484
2357		-330.53		-352.628
2358		-191.425		-205.688
2359		-142.242		-7.50299
2360		-197.75		190.07
2361		-343.245		334.214
2362		-538.148		387.715
2363		-728.734		340.932
2364		-865.698		214.395
2365		-920.067		50.7696
2366		-891.385		-100.796
2367		-805.227		-201.77
2368		-701.475		-236.15
2369		-618.541		-212.901
2370		-580.108		-158.833
2371		-589.372		-105.815
2372		-632.113		-78.2608
2373		-685.955		-86.0274
2374		-730.771		-124.786
2375		-755.391		-182.229
2376		-758.27		-245.941
2377		-743.172		-308.583
2378		-713.38		-368.138
2379		-668.319		-424.02
2380		-604.671		-472.272
2381		-521.105		-503.489
2382		-423.453		-505.415
2383		-326.579		-469.268
2384		-250.92		-396.418
2385		-214.555		-301.354
2386		-224.408		-208.451
2387		-271.112		-143.11
2388		-330.749		-120.844
2389		-373.569		-139.338
2390		-376.43		-177.567
2391		-333.667		-203.067
2392		-261.474		-184.837
2393		-193.451		-106.724
2394		-168.733		24.3045
2395		-217.238		178.512
2396		-347.803		312.431
2397		-543.754		383.096
2398		-767.387		362.115
2399		-971.377		244.488
2400		-1112.63		49.5001
2401		-1163.69		-185.856
2402		-1118.26		-417.779
2403		-990.133		-606.705
2404		-807.234		-725.105
2405		-603.894		-760.645
2406		-414.062		-715.403
2407		-266.837		-603.129
2408		-183.953		-446.352
2409		-177.953		-274.039
2410		-250.019		-119.126
2411		-387.611		-14.5893
2412		-563.468		12.7194
2413		-738.044		-50.2828
2414		-866.705		-196.235
2415		-911.039		-394.937
2416		-851.312		-597.809
2417		-695.609		-749.555
2418		-481.403		-804.369
2419		-267.493		-741.623
2420		-117.632		-575.281
2421		-80.5752		-352.816
2422		-173.129		-142.868
2423		-372.353		-14.867
2424		-620.221		-16.9961
2425		-839.889		-159.754
2426		-958.703		-410.792
2427		-930.715		-703.005
2428		-751.556		-953.562
2429		-461.009		-1088.04
2430		-132.509		-1062.35
2431		147.18		-875.989
2432		302.121		-572.925
2433		288.334		-230.116
2434		106.188		62.957
2435		-199.085		228.103
2436		-548.69		219.325
2437		-850.384		35.5008
2438		-1022.32		-278.368
2439		-1014.68		-641.724
2440		-823.563		-958.427
2441		-493.539		-1141.33
2442		-107.688		-1135.33
2443		232.683		-932.946
2444		433.798		-577.99
2445		434.038		-155.93
2446		220.848		226.878
2447		-164.775		469.877
2448		-637.604		503.866
2449		-1088.91		308.652
2450		-1413.03		-81.7892
2451		-1532.89		-587.724
2452		-1417.81		-1103.09
2453		-1089.82		-1520.62
2454		-617.206		-1756.37
2455		-97.8348		-1767.82
2456		363.568		-1561.98
2457		678.69		-1192.09
2458		794.515		-744.437
2459		703.952		-318.171
2460		446.128		-2.73193
2461		96.2803		142.406
2462		-252.722		101.06
2463		-513.215		-96.5785
2464		-624.581		-382.303
2465		-568.458		-668.138
2466		-372.953		-870.061
2467		-104.224		-930.9
2468		152.606		-835.872
2469		317.914		-616.072
2470		340.298		-338.765
2471		210.808		-87.3975
2472		-35.3587		62.6052
2473		-329.804		64.9853
2474		-590.768		-85.2146
2475		-745.682		-351.419
2476		-750.072		-666.341
2477		-598.149		-950.042
2478		-323.299		-1130.01
2479		10.6339		-1158.38
2480		324.449		-1022.92
2481		541.586		-749.993
2482		605.528		-399.471
2483		493.477		-52.4805
2484		223.568		206.194
2485		-146.54		308.011
2486		-530.649		218.778
2487		-833.429		-49.8156
2488		-974.472		-439.457
2489		-910.866		-857.147
2490		-651.384		-1198.09
2491		-256.986		-1373.83
2492		173.857		-1337.48
2493		531.478		-1097.88
2494		725.288		-717.814
2495		708.634		-296.478
2496		490.573		58.2646
2497		131.355		259.089
2498		-276.118		260.961
2499		-632.217		69.655
2500		-855.667		-263.949
2501		-900.961		-660.246
2502		-764.805		-1031.86
2503		-482.146		-1303.13
2504		-115.017		-1424.03
2505		261.89		-1377.22
2506		575.819		-1178.68
2507		768.932		-873.295
2508		808.729		-526.197
2509		694.782		-210.468
2510		460.178		7.78183
2511		165.928		84.7877
2512		-112.157		11.211
2513		-302.262		-183.285
2514		-356.511		-435.919
2515		-265.891		-667.052
2516		-64.68		-802.96
2517		178.189		-798.345
2518		379.003		-651.227
2519		464.534		-404.96
2520		394.761		-136.336
2521		175.908		66.656
2522		-140.162		130.561
2523		-469.715		17.985
2524		-719.75		-261.076
2525		-812.889		-650.783
2526		-707.99		-1062.88
2527		-411.584		-1398.16
2528		22.2294		-1570.64
2529		503.167		-1528.88
2530		924.931		-1269.82
2531		1189.93		-841.698
2532		1233.17		-334.972
2533		1039.59		137.538
2534		650.059		467.261
2535		153.539		576.906
2536		-333.6		440.736
2537		-696.147		92.1132
2538		-848.958		-384.344
2539		-758.063		-874.123
2540		-448.103		-1261.64
2541		5.54554		-1458.35
2542		496.902		-1422.46
2543		915.384		-1165.97
2544		1170.46		-748.582
2545		1209.39		-262.119
2546		1025.48		189.823
2547		657.225		512.174
2548		180.081		635.749
2549		-307.128		530.099
2550		-699.906		210.777
2551		-908.461		-260.515
2552		-878.213		-784.798
2553		-605.987		-1244.58
2554		-146.224		-1530.6
2555		397.41		-1570.85
2556		895.801		-1353.02
2557		1228.69		-931.935
2558		1319.47		-416.821
2559		1158.61		59.3416
2560		806.498		379.386
2561		373.72		476.999
2562		-14.9688		354.805
2563		-260.143		79.1271
2564		-316.624		-246.065
2565		-202.127		-515.69
2566		15.8417		-656.812
2567		247.94		-647.203
2568		414.021		-514.634
2569		465.92		-320.235
2570		395.766		-134.791
2571		230.44		-17.6556
2572		18.0202		-4.46993
2573		-186.641		-104.411
2574		-332.488		-303.426
2575		-378.516		-568.863
2576		-298.333		-853.164
2577		-85.7491		-1097.75
2578		238.611		-1240.42
2579		623.265		-1228.42
2580		989.696		-1035.81
2581		1247.45		-678.918
2582		1318.82		-222.024
2583		1165.77		232.716
2584		808.444		571.026
2585		326.128		700.672
2586		-162.031		581.935
2587		-531.316		242.508
2588		-688.783		-229.51
2589		-600.227		-712.312
2590		-297.454		-1086.87
2591		135.473		-1269.96
2592		590.323		-1232.93
2593		965.807		-1001.75
2594		1191.07		-641.929
2595		1235.93		-236.363
2596		1108.47		134.993
2597		845.468		408.352
2598		501.497		541.938
2599		140.269		517.632
2600		-172.19		341.951
2601		-375.254		47.2898
2602		-424.349		-308.886
2603		-303.369		-650.739
2604		-34.1753		-898.787
2605		322.839		-990.555
2606		680.808		-900.653
2607		949.581		-651.872
2608		1062.92		-311.191
2609		999.637		29.7328
2610		790.039		283.365
2611		504.67		393.838
2612		229.423		352.904
2613		36.6691		198.652
2614		-36.7742		-1.59135
2615		2.65128		-176.675
2616		113.091		-275.29
2617		235.818		-279.772
2618		316.337		-206.87
2619		320.537		-97.7183
2620		241.897		-2.62041
2621		99.997		33.5346
2622		-66.5971		-18.3202
2623		-209.66		-165.866
2624		-280.869		-393.61
2625		-241.314		-663.943
2626		-71.087		-921.43
2627		222.067		-1101.64
2628		597.963		-1145.06
2629		986.786		-1014.34
2630		1301.87		-709.745
2631		1461.17		-276.77
2632		1411.77		199.388
2633		1149.24		613.078
2634		723.781		866.468
2635		229.814		897.867
2636		-218.771		700.324
2637		-519.665		323.943
2638		-609.265		-138.713
2639		-477.374		-578.709
2640		-165.903		-899.289
2641		246.144		-1038.05
2642		664.965		-977.378
2643		1004.08		-742.561
2644		1200.72		-391.026
2645		1224.46		2.47764
2646		1078.82		360.692
2647		797.963		616.684
2648		439.917		724.302
2649		76.7552		666.109
2650		-218.309		457.67
2651		-385.905		146.181
2652		-394.647		-198.326
2653		-250.056		-498.829
2654		5.79784		-690.831
2655		305.369		-739.649
2656		574.868		-649.317
2657		755.498		-459.463
2658		819.284		-230.959
2659		773.939		-25.5993
2660		655.549		112.62
2661		512.693		167.957
2662		388.776		152.205
2663		309.368		94.6199
2664		278.476		27.8805
2665		283.384		-23.7659
2666		304.183		-50.0527
2667		322.93		-53.4283
2668		328.798		-43.6311
2669		318.471		-31.9772
2670		293.748		-28.1601
2671		259.255		-39.9333
2672		222.128		-73.8836
2673		193.357		-134.9
2674		188.619		-223.195
2675		226.187		-329.976
2676		321.066		-434.619
2677		477		-506.281
2678		679.931		-511.077
2679		896.682		-423.094
2680		1080.74		-235.255
2681		1183.99		34.5343
2682		1170.58		344.863
2683		1027.98		639.845
2684		771.428		862.681
2685		440.737		969.235
2686		90.9995		937.592
2687		-219.292		771.547
2688		-439.292		498.392
2689		-533.881		162.906
2690		-488.33		-180.325
2691		-310.12		-474.935
2692		-28.4974		-670.873
2693		308.446		-732.551
2694		639.958		-646.43
2695		902.553		-426.282
2696		1042.81		-113.694
2697		1030.3		228.046
2698		866.779		526.65
2699		587.996		717.53
2700		256.477		759.893
2701		-53.2682		647.247
2702		-273.048		408.905
2703		-357.398		101.981
2704		-293.426		-203.497
2705		-101.788		-441.743
2706		170.577		-565.817
2707		463.074		-556.268
2708		715.563		-422.668
2709		880.622		-198.902
2710		931.834		65.7333
2711		867.33		317.38
2712		708.618		508.5
2713		495.146		607.186
2714		275.364		603.41
2715		95.5914		510.748
2716		-11.0891		362.602
2717		-33.0539		203.082
2718		17.3244		74.4684
2719		108.286		4.78468
2720		199.603		-0.380539
2721		256.503		41.3629
2722		261.772		96.5466
2723		221.55		128.921
2724		162.489		113.55
2725		121.264		46.6629
2726		130.344		-52.4195
2727		205.385		-147.886
2728		338.768		-199.908
2729		501.328		-178.275
2730		651.136		-72.4405
2731		745.824		105.032
2732		754.205		321.936
2733		663.915		534.797
2734		483.735		699.071
2735		241.173		778.366
2736		-23.0938		751.142
2737		-262.339		614.474
2738		-431.469		385.14
2739		-494.808		98.0902
2740		-433.418		-197.985
2741		-250.754		-448.332
2742		25.168		-602.62
2743		344.857		-626.486
2744		646.33		-511.146
2745		868.656		-277.741
2746		966.746		25.8017
2747		923.033		335.393
2748		752.256		586.271
2749		497.612		728.919
2750		219.395		740.702
2751		-20.3825		630.005
2752		-172.791		432.174
2753		-212.234		199.14
2754		-140.049		-13.776
2755		18.4325		-160.204
2756		221.526		-211.534
2757		421.077		-161.074
2758		572.371		-23.6935
2759		642.583		168.207
2760		616.86		371.505
2761		501.298		541.083
2762		322.09		639.406
2763		120.332		645.32
2764		-57.2537		559.896
2765		-170.028		407.163
2766		-194.643		228.536
2767		-132.167		71.6924
2768		-8.27808		-23.2652
2769		134.247		-36.0243
2770		248.832		27.6007
2771		299.954		137.705
2772		274.498		250.284
2773		185.671		321.857
2774		68.1607		323.679
2775		-33.5668		250.745
2776		-79.6281		122.794
2777		-46.8393		-22.4621
2778		65.0705		-141.034
2779		234.374		-195.086
2780		424.08		-162.343
2781		591.563		-40.4073
2782		698.008		153.988
2783		715.583		389.273
2784		631.753		625.013
2785		451.159		818.237
2786		195.702		929.771
2787		-97.13		930.708
2788		-378.304		808.837
2789		-594.437		573.938
2790		-698.051		259.917
2791		-659.274		-78.3264
2792		-475.828		-374.316
2793		-177.613		-564.553
2794		176.898		-604.765
2795		512.797		-482.995
2796		756.82		-224.913
2797		856.306		111.102
2798		793.245		448.32
2799		588.917		711.473
2800		297.592		846.088
2801		-8.70843		831.597
2802		-259.569		684.591
2803		-403.829		451.843
2804		-420.619		195.908
2805		-321.369		-21.9256
2806		-143.321		-156.376
2807		62.5602		-186.979
2808		245.3		-119.646
2809		365.595		18.2243
2810		403.085		186.745
2811		358.411		343.942
2812		250.571		455.139
2813		110.839		499.71
2814		-25.204		474.316
2815		-125.956		392.357
2816		-170.871		279.884
2817		-154.916		168.75
2818		-89.3036		88.3684
2819		1.89766		58.0222
2820		88.6581		81.7691
2821		143.668		147.555
2822		150.332		231.01
2823		107.617		302.953
2824		30.1791		338.354
2825		-56.3023		323.964
2826		-123.057		262.238
2827		-146.885		170.453
2828		-116.877		75.5278
2829		-37.3597		6.36289
2830		73.4025		-13.9225
2831		187.954		26.2023
2832		276.215		123.984
2833		312.173		262.932
2834		279.427		416.023
2835		174.857		550.701
2836		10.0898		634.893
2837		-189.447		643.336
2838		-388.072		563.393
2839		-545.938		399.265
2840		-627.051		173.305
2841		-607.742		-76.6452
2842		-483.467		-304.083
2843		-271.714		-463.758
2844		-9.57359		-522.316
2845		253.905		-466.69
2846		468.783		-307.659
2847		595.684		-77.4138
2848		614.428		178.195
2849		527.605		410.366
2850		358.543		577.978
2851		144.813		655.448
2852		-70.4991		636.36
2853		-247.447		532.863
2854		-356.133		371.823
2855		-381.167		189.083
2856		-323.612		22.9102
2857		-200.551		-92.7272
2858		-42.2104		-134.486
2859		113.466		-94.7595
2860		228.555		15.7117
2861		274.024		169.101
2862		237.577		326.328
2863		127.848		446.73
2864		-27.0835		499.189
2865		-187.19		471.211
2866		-312.089		372.675
2867		-373.055		232.559
2868		-361.269		89.4938
2869		-289.381		-20.6276
2870		-185.904		-75.5717
2871		-84.7093		-72.4179
2872		-13.6412		-26.2572
2873		13.6294		37.0048
2874		-0.0013504		90.5587
2875		-38.5093		115.483
2876		-79.8928		105.556
2877		-103.922		67.2162
2878		-97.8304		15.7645
2879		-58.7396		-30.0285
2880		6.81749		-52.8971
2881		85.0645		-40.6218
2882		157.723		11.7938
2883		204.97		100.776
2884		208.909		213.476
2885		157.889		328.279
2886		51.1652		417.584
2887		-97.6203		453.514
2888		-260.276		415.899
2889		-398.742		300.3
2890		-474.433		122.874
2891		-459.872		-80.6926
2892		-348.654		-263.022
2893		-159.766		-377.852
2894		65.9747		-393.705
2895		276.682		-303.639
2896		423.89		-127.528
2897		475.831		93.9113
2898		425.117		311.065
2899		288.702		479.017
2900		100.956		568.272
2901		-96.973		569.677
2902		-267.602		493.131
2903		-384.331		361.898
2904		-434.329		205.395
2905		-417.836		52.8815
2906		-345.601		-70.8133
2907		-235.936		-147.796
2908		-111.943		-168.694
2909		1.46024		-133.908
2910		81.2919		-54.2252
2911		111.043		50.1287
2912		84.9869		152.879
2913		10.592		227.456
2914		-92.4248		253.796
2915		-196.766		223.984
2916		-274.772		144.629
2917		-305.873		34.9756
2918		-281.802		-78.6249
2919		-207.992		-169.916
2920		-101.105		-219.187
2921		15.9697		-217.172
2922		119.742		-165.84
2923		190.779		-76.7011
2924		216.719		32.1914
2925		193.822		139.583
2926		127.502		224.396
2927		31.9797		269.295
2928		-71.3944		264.468
2929		-157.771		211.012
2930		-204.482		122.543
2931		-197.732		23.5343
2932		-138.115		-56.2612
2933		-42.4576		-90.3761
2934		59.631		-64.5554
2935		134.163		17.3337
2936		153.618		133.107
2937		106.363		248.444
2938		1.03791		327.556
2939		-135.883		344.543
2940		-268.447		291.326
2941		-362.307		179.441
2942		-394.481		35.5165
2943		-358.577		-107.353
2944		-264.443		-218.829
2945		-133.447		-278.053
2946		8.01147		-276.409
2947		134.234		-216.795
2948		223.917		-111.123
2949		262.039		22.3142
2950		241.065		160.924
2951		162.355		279.913
2952		37.6093		355.484
2953		-110.962		369.616
2954		-253.301		315.557
2955		-357.658		201.88
2956		-399.095		52.6592
2957		-367.534		-97.5425
2958		-272.017		-213.036
2959		-138.865		-267.729
2960		-3.84103		-253.22
2961		99.0958		-181.009
2962		148.246		-77.8817
2963		139.95		23.7033
2964		87.7692		96.4178
2965		15.8795		125.944
2966		-50.2108		113.349
2967		-91.8263		71.8621
2968		-101.346		20.2396
2969		-81.7664		-24.1009
2970		-42.9741		-49.5599
2971		2.85012		-51.5165
2972		44.6008		-30.9866
2973		73.6115		7.47281
2974		83.6588		57.1496
2975		70.9199		109.508
2976		34.8076		154.275
2977		-20.5065		180.509
2978		-85.0966		179.249
2979		-144.262		147.133
2980		-182.083		89.2571
2981		-186.721		19.4244
2982		-155.352		-43.136
2983		-96.3952		-79.8108
2984		-27.6344		-79.1617
2985		29.3593		-41.2727
2986		56.4005		22.0031
2987		44.6189		91.0247
2988		-3.11065		144.878
2989		-73.8754		167.768
2990		-149.426		152.957
2991		-211.662		103.28
2992		-246.802		28.8682
2993		-247.26		-56.2451
2994		-211.577		-137.042
2995		-143.633		-199.277
2996		-52.1628		-230.534
2997		49.2877		-221.588
2998		142.858		-168.718
2999		208.538		-76.4897
3000		228.558		40.5217
3001		193.127		158.861
3002		105.355		251.055
3003		-17.2161		293.329
3004		-146.04		273.58
3005		-249.48		196.335
3006		-302.625		82.2559
3007		-295.281		-38.111
3008		-234.914		-134.17
3009		-143.341		-184.949
3010		-48.5945		-184.885
3011		24.6902		-143.735
3012		62.5381		-81.1505
3013		64.0582		-18.6198
3014		38.8154		27.7023
3015		1.1157		50.6493
3016		-35.8314		51.5059
3017		-63.4406		36.6124
3018		-78.1741		13.4798
3019		-79.8219		-11.5769
3020		-69.5299		-33.6609
3021		-49.1259		-48.2758
3022		-22.0129		-50.7229
3023		5.48465		-37.1253
3024		24.0266		-6.96291
3025		23.5228		34.3609
3026		-2.61088		74.9377
3027		-53.0792		99.0408
3028		-116.688		92.6914
3029		-174.396		49.9824
3030		-205.327		-22.7826
3031		-194.625		-107.441
3032		-139.886		-179.249
3033		-53.2851		-215.28
3034		41.7613		-202.674
3035		118.199		-143.397
3036		154.246		-53.6984
3037		140.197		41.3653
3038		80.7741		115.984
3039		-7.34557		151.114
3040		-101.295		138.963
3041		-178.573		83.534
3042		-222.158		-2.02314
3043		-223.108		-99.519
3044		-180.89		-189.667
3045		-102.45		-255.056
3046		-0.899952		-282.298
3047		105.975		-263.91
3048		197.842		-200.187
3049		255.146		-100.532
3050		263.542		16.8098
3051		218.356		127.598
3052		127.301		207.016
3053		9.83971		236.367
3054		-107.299		208.759
3055		-197.329		131.513
3056		-240.914		24.119
3057		-231.26		-87.6504
3058		-175.006		-179.291
3059		-88.8572		-233.993
3060		6.36246		-245.792
3061		91.7384		-218.849
3062		154.203		-163.956
3063		187.544		-94.2927
3064		191.154		-22.2999
3065		168.083		41.5635
3066		123.81		88.7399
3067		66.1756		112.451
3068		5.72376		108.59
3069		-44.8685		77.6369
3070		-73.1696		26.4596
3071		-70.8944		-31.6253
3072		-37.7575		-79.5955
3073		16.8249		-101.911
3074		75.6521		-90.2881
3075		119.143		-47.4846
3076		132.329		12.9187
3077		110.53		71.063
3078		61.1981		108.021
3079		1.00852		112.695
3080		-50.5764		85.5178
3081		-78.4912		37.4986
3082		-76.9854		-14.7111
3083		-50.4412		-55.3558
3084		-10.2371		-74.8265
3085		30.4473		-71.6393
3086		61.318		-50.9194
3087		77.2461		-20.8411
3088		77.778		10.8189
3089		65.0279		38.3788
3090		41.7537		57.9335
3091		10.9052		66.0915
3092		-23.3408		59.3665
3093		-54.2832		35.2281
3094		-72.7475		-5.4923
3095		-69.3774		-56.3651
3096		-38.6153		-105.14
3097		17.4887		-136.543
3098		87.8624		-137.469
3099		154.709		-102.483
3100		199.074		-37.0024
3101		207.542		43.5834
3102		177.175		118.8
3103		116.522		170.019
3104		42.2844		186.51
3105		-26.7708		168.16
3106		-75.9356		124.024
3107		-98.1937		67.8322
3108		-94.2875		12.851
3109		-69.9734		-31.5815
3110		-32.4625		-60.7288
3111		11.9245		-72.9157
3112		57.9664		-67.4902
3113		100.228		-44.0081
3114		131.863		-3.28
3115		145.069		50.5512
3116		133.596		108.668
3117		96.196		158.542
3118		38.9604		187.489
3119		-25.2227		187.502
3120		-80.4912		159.001
3121		-113.721		111.395
3122		-119.564		59.8045
3123		-102.363		19.1951
3124		-73.9349		-1.43368
3125		-48.2216		-2.13001
3126		-35.3176		9.0192
3127		-37.6667		20.3384
3128		-50.0316		22.1641
3129		-62.9209		10.8873
3130		-67.4917		-10.2975
3131		-59.4043		-33.8741
3132		-39.9206		-52.0337
3133		-14.1813		-59.9973
3134		11.9013		-57.0727
3135		34.1476		-45.395
3136		50.7087		-27.6648
3137		60.85		-5.63633
3138		63.2574		19.6096
3139		55.5047		45.9639
3140		35.4728		68.6723
3141		4.05742		80.4744
3142		-32.6477		74.167
3143		-63.5752		46.6474
3144		-76.019		2.26147
3145		-60.9749		-46.7728
3146		-17.9786		-83.7854
3147		43.1936		-93.8303
3148		105.246		-69.8943
3149		149.606		-16.1352
3150		163.442		53.549
3151		144.193		121.047
3152		99.572		171.046
3153		43.2282		196.201
3154		-11.5421		198.178
3155		-56.8067		184.48
3156		-91.358		163.182
3157		-118.186		138.655
3158		-140.014		110.607
3159		-155.865		76.7054
3160		-160.897		36.8393
3161		-149.715		-3.9036
3162		-121.123		-35.7888
3163		-81.2856		-48.6382
3164		-42.9319		-37.5395
3165		-20.48		-6.77993
3166		-23.3055		30.5588
3167		-50.6972		57.6625
3168		-91.3752		61.4454
3169		-128.171		38.6981
3170		-145.753		-2.29747
3171		-137.594		-45.6472
3172		-108.684		-75.3492
3173		-72.6564		-82.6677
3174		-44.8691		-69.7079
3175		-35.0337		-47.5309
3176		-43.1241		-30.0106
3177		-60.4546		-26.7976
3178		-75.0258		-39.0724
3179		-78.0241		-60.1037
3180		-67.9035		-79.9342
3181		-50.0037		-91.29
3182		-32.2562		-93.2758
3183		-19.7391		-90.8343
3184		-11.4267		-90.4764
3185		-1.12605		-94.9952
3186		17.9083		-100.49
3187		47.4139		-97.7195
3188		81.0171		-77.2818
3189		105.715		-35.8625
3190		107.553		20.0077
3191		78.7204		75.0171
3192		22.3992		110.788
3193		-47.255		113.595
3194		-110.148		80.3762
3195		-147.937		20.1678
3196		-150.765		-49.5384
3197		-120.1		-109.575
3198		-66.8339		-145.712
3199		-6.15758		-152.253
3200		47.9176		-131.649
3201		85.8831		-91.3002
3202		103.027		-39.9469
3203		97.7559		14.2947
3204		69.9963		63.7311
3205		21.2805		99.9227
3206		-43.4553		113.515
3207		-113.943		96.3627
3208		-174.696		45.507
3209		-208.412		-33.0752
3210		-201.945		-123.572
3211		-152.299		-203.774
3212		-69.4861		-252.13
3213		25.6985		-255.602
3214		108.538		-214.697
3215		159.073		-143.223
3216		168.751		-62.7341
3217		142.119		5.74294
3218		93.1087		48.8671
3219		38.0792		63.9009
3220		-10.7501		56.5636
3221		-48.3595		35.6306
3222		-75.5199		7.61699
3223		-94.4949		-25.5182
3224		-104.948		-64.726
3225		-102.79		-109.822
3226		-82.728		-156.038
3227		-42.8652		-193.787
3228		11.7256		-212.247
3229		69.0779		-204.933
3230		114.615		-173.993
3231		137.66		-130.449
3232		136.68		-89.7374
3233		120.227		-64.5938
3234		102.747		-58.9628
3235		97.2466		-66.2486
3236		108.593		-72.9921
3237		131.013		-66.1533
3238		151.177		-40.1992
3239		155.246		-0.249384
3240		136.182		40.3651
3241		97.4276		66.7815
3242		51.1343		69.9229
3243		11.998		50.5773
3244		-9.83614		18.207
3245		-12.9705		-14.6159
3246		-3.93256		-38.8807
3247		7.91725		-53.1417
3248		16.6029		-62.7059
3249		23.1564		-74.6787
3250		34.49		-91.9582
3251		58.1616		-109.896
3252		96.1347		-117.828
3253		141.331		-104.861
3254		179.304		-66.7826
3255		194.523		-10.1366
3256		178.112		49.0688
3257		132.955		91.7144
3258		73.3422		103.931
3259		19.1545		83.2747
3260		-12.5673		39.64
3261		-14.5323		-9.46987
3262		8.69032		-46.7976
3263		44.0551		-62.3564
3264		76.8094		-56.3213
3265		96.9814		-36.8532
3266		102.42		-14.619
3267		97.3745		2.68438
3268		88.1473		12.8832
3269		78.807		18.0418
3270		69.5877		20.7987
3271		58.6628		21.1295
3272		45.7299		15.8913
3273		34.6203		1.5697
3274		32.7134		-21.5789
3275		46.9705		-46.9416
3276		78.7007		-62.7826
3277		120.318		-57.3728
3278		156.601		-25.6364
3279		170.608		26.3368
3280		151.733		81.8277
3281		101.884		119.526
3282		36.3793		122.613
3283		-21.3826		86.6527
3284		-49.3194		22.379
3285		-35.8579		-48.1318
3286		15.3212		-100.258
3287		87.1066		-116.553
3288		156.313		-93.0111
3289		202.976		-39.2756
3290		217.301		26.7805
3291		201.433		87.0961
3292		165.935		130.12
3293		123.402		153.301
3294		82.7475		160.941
3295		46.827		159.342
3296		13.985		152.323
3297		-18.1021		139.499
3298		-48.9485		117.87
3299		-74.2658		85.2718
3300		-87.8715		43.3067
3301		-85.1298		-2.11535
3302		-65.7114		-42.9135
3303		-33.9953		-72.2874
3304		3.05209		-87.3856
3305		39.1469		-89.6638
3306		71.0883		-82.8779
3307		98.8892		-70.1246
3308		123.705		-51.9014
3309		145.046		-26.4792
3310		159.257		7.60863
3311		160.492		48.5686
3312		143.889		89.8994
3313		109.183		121.757
3314		62.5497		134.767
3315		15.3251		124.421
3316		-20.1054		93.6646
3317		-35.2995		52.1376
3318		-29.1132		12.2429
3319		-7.65817		-16.0519
3320		19.1405		-29.0639
3321		42.5953		-29.9497
3322		59.2656		-25.7538
3323		71.83		-22.5973
3324		86.4007		-21.6445
3325		107.761		-18.0735
3326		135.135		-3.6922
3327		160.839		28.0904
3328		172.732		77.4798
3329		159.403		136.197
3330		115.72		189.26
3331		46.1305		219.976
3332		-35.7973		215.994
3333		-111.355		173.868
3334		-162.486		100.375
3335		-177.043		10.3339
3336		-151.703		-77.865
3337		-91.9238		-147.128
3338		-9.59463		-185.269
3339		80.2458		-186.617
3340		162.384		-151.9
3341		223.49		-87.2222
3342		253.397		-2.91925
3343		246.123		87.4796
3344		200.981		168.47
3345		123.611		224.465
3346		26.3102		242.54
3347		-73.0939		215.618
3348		-154.141		145.126
3349		-198.045		42.0226
3350		-192.336		-74.5458
3351		-134.469		-180.932
3352		-33.2045		-254.217
3353		92.7887		-277.615
3354		218.865		-244.609
3355		319.913		-160.693
3356		376.073		-42.2535
3357		377.241		87.1711
3358		325.238		202.339
3359		233.073		282.133
3360		121.474		314.276
3361		13.5583		297.692
3362		-70.8858		241.864
3363		-119.874		163.398
3364		-131.15		80.9004
3365		-111.08		9.86136
3366		-71.0913		-40.7759
3367		-23.1307		-69.3196
3368		24.0478		-79.373
3369		66.413		-76.3702
3370		103.669		-64.3353
3371		136.608		-44.3759
3372		164.413		-15.4788
3373		183.467		23.0402
3374		188.393		68.9525
3375		174.777		115.998
3376		142.141		155.061
3377		95.4435		177.241
3378		44.1854		177.351
3379		-0.646484		156.115
3380		-30.3895		119.91
3381		-41.4759		78.1705
3382		-35.8909		39.7074
3383		-19.2281		9.74239
3384		2.53297		-10.9825
3385		25.8066		-24.7827
3386		50.3455		-34.2697
3387		78.0121		-39.8802
3388		110.227		-39.0773
3389		145.639		-27.6251
3390		179.372		-2.17819
3391		204.294		37.2725
3392		213.65		86.4267
3393		203.669		137.659
3394		174.9		182.382
3395		131.769		213.543
3396		80.8601		227.091
3397		29.0389		221.996
3398		-17.5945		199.302
3399		-53.6557		161.241
3400		-73.932		111.214
3401		-73.3862		54.6936
3402		-48.4319		0.173409
3403		0.706909		-41.042
3404		67.7127		-57.023
3405		139.546		-39.0967
3406		198.564		14.0054
3407		227.25		93.7191
3408		214.029		182.489
3409		157.879		258.129
3410		69.672		300.358
3411		-30.5466		297.134
3412		-119.455		248.343
3413		-177.346		165.485
3414		-193.477		67.63
3415		-168.089		-24.6539
3416		-110.763		-95.0503
3417		-36.204		-134.999
3418		40.65		-144.169
3419		108.416		-128.406
3420		160.98		-96.4577
3421		197.187		-56.9185
3422		219.282		-16.2667
3423		231.05		21.8048
3424		236.294		56.128
3425		237.874		87.3505
3426		237.202		117.094
3427		234.09		147.067
3428		226.976		178.16
3429		213.637		209.681
3430		192.355		239.068
3431		163.193		262.411
3432		128.795		275.815
3433		94.1443		277.161
3434		65.1335		267.479
3435		46.4163		251.137
3436		39.4793		234.579
3437		41.8958		224.009
3438		48.2182		223.075
3439		52.155		231.611
3440		49.0078		246.068
3441		37.1981		261.349
3442		18.1978		273.066
3443		-4.94395		279.03
3444		-29.5235		279.257
3445		-54.3785		274.669
3446		-79.6543		265.429
3447		-105.34		250.101
3448		-129.581		226.322
3449		-148.006		192.724
3450		-154.766		151.008
3451		-145.016		106.834
3452		-117.618		68.715
3453		-76.5911		45.1905
3454		-30.3731		41.5374
3455		10.9438		57.6226
3456		39.1564		87.9967
3457		50.595		124.198
3458		46.6515		158.105
3459		32.0791		184.665
3460		12.1181		202.713
3461		-9.92989		213.678
3462		-33.392		219.149
3463		-58.9322		218.852
3464		-86.2034		210.335
3465		-111.995		190.603
3466		-130.176		158.789
3467		-133.716		118.283
3468		-117.887		76.9367
3469		-83.0108		44.9726
3470		-35.2843		31.4248
3471		14.8719		40.7295
3472		56.2681		71.041
3473		80.6946		115.01
3474		85.3691		162.612
3475		73.1765		204.729
3476		50.8302		235.998
3477		25.9253		255.944
3478		4.11711		268.267
3479		-12.6534		278.855
3480		-26.5775		293.38
3481		-43.2249		315.152
3482		-69.9711		343.578
3483		-113.851		373.358
3484		-178.997		394.636
3485		-263.977		394.473
3486		-359.767		359.933
3487		-449.476		282.562
3488		-510.84		163.169
3489		-521.713		15.0481
3490		-467.449		-136.292
3491		-347.772		-257.959
3492		-180.262		-318.383
3493		1.6991		-297.373
3494		156.692		-193.959
3495		246.671		-28.7977
3496		248.232		160.211
3497		159.774		327.947
3498		2.04999		434.367
3499		-187.91		454.925
3500		-367.08		385.867
3501		-497.247		243.313
3502		-552.981		57.4014
3503		-525.077		-135.78
3504		-419.791		-301.642
3505		-255.56		-412.302
3506		-59.0511		-449.477
3507		138.485		-406
3508		304.786		-286.849
3509		410.857		-109.668
3510		436.296		96.2422
3511		374.802		293.797
3512		237.797		445.286
3513		53.8762		521.573
3514		-137.058		510.491
3515		-294.021		421.075
3516		-386.414		281.415
3517		-402.639		130.233
3518		-352.539		4.93906
3519		-262.645		-69.5418
3520		-166.113		-87.0803
3521		-91.2583		-59.7046
3522		-53.0266		-10.7531
3523		-50.2632		35.0595
3524		-69.1033		60.6277
3525		-90.3998		61.3052
3526		-97.8419		44.4817
3527		-83.7127		24.9445
3528		-50.7124		18.4531
3529		-10.0573		36.055
3530		22.7003		80.7505
3531		32.3883		146.849
3532		8.21571		221.454
3533		-53.4763		287.269
3534		-147.798		326.118
3535		-261.32		322.885
3536		-373.773		269.46
3537		-461.702		167.919
3538		-503.775		31.7727
3539		-486.632		-115.754
3540		-409.409		-246.632
3541		-285.079		-335.061
3542		-137.684		-364.44
3543		3.93586		-331.815
3544		113.805		-248.154
3545		175.18		-134.433
3546		183.486		-15.2315
3547		145.273		87.6414
3548		74.3129		159.252
3549		-13.0088		192.543
3550		-101.061		186.956
3551		-176.308		146.383
3552		-227.272		77.9598
3553		-244.566		-7.8557
3554		-222.154		-96.8201
3555		-159.837		-171.564
3556		-65.6249		-214.426
3557		43.8509		-212.15
3558		146.154		-160.695
3559		218.731		-67.8175
3560		245.512		48.2062
3561		221.714		163.656
3562		154.776		256.319
3563		61.1243		311.495
3564		-39.6243		324.732
3565		-130.317		300.667
3566		-199.503		249.267
3567		-241.548		181.846
3568		-254.737		108.881
3569		-239.497		40.0984
3570		-198.368		-14.4046
3571		-137.782		-44.0909
3572		-69.9468		-40.3569
3573		-12.4691		-0.912476
3574		15.7479		66.1664
3575		1.55501		141.737
3576		-55.4223		200.107
3577		-139.67		218.037
3578		-223.222		184.766
3579		-275.354		108.343
3580		-274.964		14.5966
3581		-220.272		-61.7762
3582		-131.105		-90.7929
3583		-42.1776		-59.7437
3584		10.2092		20.8341
3585		2.52721		120.565
3586		-66.6241		200.673
3587		-175.988		228.598
3588		-289.816		189.704
3589		-370.904		91.6199
3590		-392.956		-39.764
3591		-347.665		-170.027
3592		-244.839		-267.087
3593		-107.068		-309.078
3594		37.6278		-287.368
3595		161.986		-205.576
3596		243.146		-76.9306
3597		264.524		77.9786
3598		217.672		232.681
3599		105.156		356.927
3600		-56.3815		421.249
3601		-235.524		404.505
3602		-390.378		302.55
3603		-478.655		134.149
3604		-471.206		-59.8704
3605		-364.042		-226.009
3606		-183.305		-314.064
3607		20.1462		-294.246
3608		185.739		-168.671
3609		262.718		27.8021
3610		226.921		238.281
3611		88.3959		402.271
3612		-112.842		474.89
3613		-320.835		439.835
3614		-481.747		311.978
3615		-559.238		129.82
3616		-542.328		-58.1756
3617		-444.566		-207.76
3618		-296.725		-289.035
3619		-136.989		-290.679
3620		-2.10769		-219.131
3621		78.8741		-94.9867
3622		88.5845		51.4788
3623		23.9782		185.142
3624		-102.037		271.802
3625		-261.033		285.371
3626		-413.245		215.58
3627		-516.381		73.5729
3628		-537.688		-107.87
3629		-465.473		-281.507
3630		-315.219		-399.22
3631		-126.681		-427.765
3632		48.1642		-360.555
3633		162.359		-220.316
3634		189.736		-50.9325
3635		132.746		98.511
3636		19.1651		190.925
3637		-110.6		212.514
3638		-219.741		173.76
3639		-287.509		100.512
3640		-312.748		20.1696
3641		-307.896		-50.0428
3642		-287.551		-107.168
3643		-258.248		-157.686
3644		-215.096		-207.226
3645		-147.051		-251.169
3646		-47.788		-271.976
3647		74.075		-245.478
3648		191.614		-153.498
3649		265.996		3.42249
3650		260.643		199.944
3651		157.099		390.355
3652		-34.6244		522.516
3653		-276.224		555.866
3654		-512.176		476.102
3655		-687.404		300.568
3656		-764.58		72.4225
3657		-734.597		-153.683
3658		-616.968		-328.545
3659		-451.148		-421.732
3660		-283.072		-427.283
3661		-152.211		-361.34
3662		-83.1041		-254.283
3663		-82.643		-141.236
3664		-141.927		-54.1083
3665		-240.365		-16.4479
3666		-350.164		-40.6462
3667		-440.667		-126.391
3668		-483.115		-259.861
3669		-456.41		-414.359
3670		-353.408		-553.796
3671		-185.775		-639.96
3672		15.3212		-642.792
3673		204.675		-550.877
3674		334.495		-378.088
3675		368.924		-162.902
3676		296.755		40.8243
3677		137.296		179.478
3678		-63.5618		216.789
3679		-246.577		146.344
3680		-357.628		-5.21271
3681		-365.221		-185.88
3682		-270.978		-334.572
3683		-109.488		-400.608
3684		62.4817		-359.967
3685		183.79		-223.088
3686		208.007		-31.8831
3687		117.835		152.822
3688		-69.2967		269.356
3689		-305.801		273.324
3690		-526.995		150.666
3691		-668.794		-77.767
3692		-685.157		-361.049
3693		-560.779		-630.942
3694		-315.877		-819.182
3695		-1.95851		-874.9
3696		310.359		-777.825
3697		548.455		-543.967
3698		655.494		-222.27
3699		604.385		116.982
3700		404.313		399.111
3701		98.1337		562.929
3702		-248.577		574.911
3703		-563.772		435.971
3704		-785.975		179.379
3705		-877.568		-139.161
3706		-831.122		-456.034
3707		-667.806		-714.594
3708		-429.275		-876.517
3709		-166.055		-927.281
3710		74.0948		-875.473
3711		255.082		-747.353
3712		357.332		-579
3713		378.669		-408.259
3714		332.189		-267.924
3715		242.243		-180.74
3716		139.29		-156.276
3717		54.0498		-189.731
3718		11.3452		-262.982
3719		24.4727		-348.281
3720		91.457		-414.583
3721		194.704		-435.545
3722		304.969		-397.237
3723		389.239		-303.021
3724		420.542		-173.557
3725		386.603		-41.2992
3726		294.287		59.126
3727		168.042		101.65
3728		42.6451		76.9737
3729		-47.3373		-4.50494
3730		-77.8611		-115.916
3731		-42.1902		-221.951
3732		47.6302		-288.863
3733		164.434		-293.309
3734		272.976		-227.862
3735		338.062		-102.514
3736		331.949		57.2155
3737		240.181		214.53
3738		65.7109		327.26
3739		-168.905		355.294
3740		-422.078		269.459
3741		-637.961		60.9592
3742		-756.493		-250.972
3743		-728.149		-616.641
3744		-530.286		-961.885
3745		-179.79		-1203.47
3746		263.729		-1271.25
3747		707.847		-1130.96
3748		1049.62		-799.359
3749		1204.51		-345.258
3750		1132.69		126.147
3751		853.199		501.773
3752		440.311		693.179
3753		2.40108		662.148
3754		-349.667		430.602
3755		-533.973		71.7397
3756		-518.417		-313.84
3757		-324.983		-628.185
3758		-17.7379		-801.896
3759		319.432		-808.293
3760		606.743		-663.478
3761		786.569		-415.269
3762		831.999		-127.045
3763		746.592		137.56
3764		558.8		325.812
3765		314.604		402.729
3766		70.019		355.34
3767		-117.147		195.634
3768		-197.606		-38.4911
3769		-142.926		-286.882
3770		42.9617		-477.892
3771		318.214		-546.301
3772		608.408		-454.356
3773		824.407		-208.575
3774		889.05		135.546
3775		764.116		485.339
3776		467.144		737.51
3777		70.4216		811.183
3778		-319.186		675.657
3779		-593.289		362.258
3780		-676.337		-44.5654
3781		-548.981		-433.842
3782		-252.462		-702.668
3783		126.583		-786.477
3784		484.294		-675.116
3785		730.128		-410.947
3786		809.735		-71.9995
3787		714.453		252.124
3788		477.42		483.088
3789		160.682		569.527
3790		-160.928		493.861
3791		-414.722		271.852
3792		-542.152		-52.3357
3793		-508.084		-413.738
3794		-307.758		-736.678
3795		29.5026		-947.86
3796		442.173		-991.88
3797		846.314		-846.261
3798		1153.35		-531.069
3799		1292.4		-108.28
3800		1230.48		331.258
3801		983.534		690.807
3802		613.254		893.932
3803		210.17		905.248
3804		-131.764		738.722
3805		-340.464		451.111
3806		-382.825		123.604
3807		-269.128		-161.396
3808		-45.2562		-340.621
3809		222.758		-382.11
3810		465.897		-287.838
3811		626.411		-88.9124
3812		667.292		163.228
3813		577.465		406.918
3814		373.814		580.875
3815		100.111		635.589
3816		-178.571		545.274
3817		-387.652		318.085
3818		-460.93		0.427315
3819		-361.06		-328.967
3820		-95.9819		-576.806
3821		276.076		-661.738
3822		657.629		-541.714
3823		937.967		-232.212
3824		1026.82		192.728
3825		884.401		618.955
3826		536.776		925.123
3827		70.6519		1019.34
3828		-391.179		867.164
3829		-725.405		501.756
3830		-842.991		13.5178
3831		-712.436		-476.354
3832		-365.527		-849.164
3833		114.198		-1018.68
3834		614.984		-950.124
3835		1024.8		-665.068
3836		1256.64		-233.228
3837		1266.45		245.217
3838		1061.23		662.366
3839		696.83		926.249
3840		265.696		981.447
3841		-123.677		822.777
3842		-372.504		498.324
3843		-417.196		99.472
3844		-247.7		-261.445
3845		87.693		-481.144
3846		494.222		-494.771
3847		857.046		-295.23
3848		1074.58		64.5361
3849		1088.01		487.77
3850		897.247		863.489
3851		558.024		1099.4
3852		162.151		1147.12
3853		-191.555		1011.94
3854		-425.227		745.665
3855		-500.12		426.973
3856		-421.059		137.494
3857		-228.71		-58.4602
3858		15.156		-125.853
3859		243.64		-62.0454
3860		398.19		106.492
3861		438.591		330.983
3862		350.122		549.185
3863		148.159		696.452
3864		-121.181		719.484
3865		-387.039		591.464
3866		-568.369		324.555
3867		-595.773		-25.9953
3868		-435.071		-370.828
3869		-104.098		-608.98
3870		325.32		-658.513
3871		743.709		-485.163
3872		1035.14		-118.016
3873		1113.3		354.97
3874		949.809		811.364
3875		584.26		1130.7
3876		112.57		1230.32
3877		-342.032		1088.5
3878		-664.723		747.873
3879		-779.5		299.784
3880		-665.501		-143.257
3881		-356.603		-477.045
3882		72.3403		-628.468
3883		525.968		-567.296
3884		909.05		-307.324
3885		1143.37		100.057
3886		1179.8		576.557
3887		1006.08		1030.2
3888		650.207		1370.66
3889		178.123		1526.32
3890		-316.234		1460.78
3891		-729.171		1184.49
3892		-971.07		756.523
3893		-989.758		273.417
3894		-785.758		-153.73
3895		-413.391		-427.822
3896		33.6331		-491.066
3897		447.829		-338.688
3898		736.249		-16.8929
3899		842.325		393.257
3900		755.126		799.435
3901		505.197		1120.76
3902		151		1303.09
3903		-237.692		1324.44
3904		-593.963		1192.54
3905		-863.11		938.278
3906		-1007.9		608.59
3907		-1011.88		259.803
3908		-881.872		-49.5849
3909		-648.851		-268.167
3910		-364.427		-362.6
3911		-91.038		-327.321
3912		113.533		-188.382
3913		213.037		2.24245
3914		204.534		181.989
3915		119.41		298.187
3916		11.9032		326.048
3917		-61.1955		276.692
3918		-61.8372		191.556
3919		15.5794		125.299
3920		143.467		124.275
3921		272.997		209.379
3922		353.071		369.756
3923		348.19		568.697
3924		248.476		757.797
3925		69.479		892.517
3926		-155.776		943.069
3927		-387.261		898.08
3928		-586.13		762.598
3929		-718.805		554.358
3930		-758.596		301.569
3931		-688.131		42.6239
3932		-504.642		-174.901
3933		-226.95		-299.619
3934		100.134		-287.785
3935		409.065		-118.564
3936		622.93		192.882
3937		676.601		591.491
3938		538.613		991.865
3939		224.92		1300.05
3940		-201.982		1440.67
3941		-649.43		1379.43
3942		-1020.92		1132.74
3943		-1242.81		761.001
3944		-1282.06		349.078
3945		-1149.86		-18.1862
3946		-892.213		-276.358
3947		-573.26		-391.993
3948		-258.586		-362.762
3949		-3.70624		-210.861
3950		151.387		25.1639
3951		184.114		296.795
3952		90.968		550.225
3953		-109.791		732
3954		-376.463		798.174
3955		-647.388		726.628
3956		-852.748		528.294
3957		-933.837		250.845
3958		-863.927		-30.2274
3959		-661.821		-233.212
3960		-390.276		-298.094
3961		-137.07		-209.966
3962		15.8542		-7.27229
3963		23.5374		230.415
3964		-103.631		411.825
3965		-302.907		469.508
3966		-483.407		386.975
3967		-562.263		205.883
3968		-498.042		9.87235
3969		-307.729		-108.518
3970		-60.4158		-84.323
3971		149.338		94.7292
3972		237.219		384.119
3973		159.457		700.075
3974		-73.758		950.548
3975		-405.485		1066.59
3976		-755.004		1022.1
3977		-1045.82		836.02
3978		-1227.32		558.72
3979		-1283.04		250.79
3980		-1225.14		-35.9404
3981		-1080.92		-268.031
3982		-879.474		-429.267
3983		-644.955		-512.809
3984		-398.101		-513.46
3985		-162.682		-425.742
3986		29.3392		-249.309
3987		139.376		1.61537
3988		132.062		291.078
3989		-9.92009		562.463
3990		-272.854		750.088
3991		-607.885		798.502
3992		-939.655		682.434
3993		-1186.2		419.127
3994		-1283.63		67.1577
3995		-1206.6		-288.958
3996		-976.783		-563.484
3997		-656.024		-694.797
3998		-326.731		-662.38
3999		-66.7494		-489.837
4000		72.1926		-233.781
4001		75.3913		36.2646
4002		-37.0273		258.894
4003		-222.566		395.32
4004		-432.661		433.497
4005		-625.966		382.881
4006		-774.415		264.578
4007		-862.117		102.705
4008		-880.772		-79.2659
4009		-826.521		-257.219
4010		-701.324		-403.66
4011		-518.256		-488.199
4012		-306.573		-484.037
4013		-111.232		-379.186
4014		16.3642		-187.227
4015		35.03		49.1554
4016		-68.3101		266.472
4017		-268.028		399.985
4018		-503.269		408.021
4019		-696.726		290.929
4020		-782.907		95.4087
4021		-734.91		-99.6647
4022		-578.122		-211.931
4023		-383.887		-187.991
4024		-244.357		-26.4366
4025		-237.816		218.448
4026		-398.071		454.448
4027		-700.103		583.947
4028		-1067.43		538.543
4029		-1397.84		302.515
4030		-1596.9		-83.0214
4031		-1606.59		-535.272
4032		-1419.23		-956.768
4033		-1074.15		-1263.17
4034		-641.31		-1402.31
4035		-200.286		-1360.37
4036		177.26		-1156.89
4037		437.652		-834.495
4038		548.49		-448.909
4039		498.94		-61.9222
4040		300.46		263.864
4041		-11.5851		471.77
4042		-378.303		521.285
4043		-723.853		400.361
4044		-970.32		134.623
4045		-1058.47		-212.727
4046		-967.47		-553.917
4047		-724.87		-800.591
4048		-400.973		-891.065
4049		-87.6147		-810.372
4050		131.477		-594.502
4051		207.478		-316.459
4052		139.822		-59.4428
4053		-28.8764		111.96
4054		-233.389		170.987
4055		-412.461		131.263
4056		-529.851		33.2773
4057		-581.563		-77.6223
4058		-587.916		-170.951
4059		-576.222		-239.843
4060		-563.695		-296.219
4061		-549.177		-356.614
4062		-517.046		-427.233
4063		-450.154		-496.482
4064		-344.118		-538.857
4065		-214.929		-527.83
4066		-95.6143		-450.797
4067		-23.4564		-318.163
4068		-24.0897		-161.791
4069		-100.221		-23.4519
4070		-230.3		61.2661
4071		-377.542		76.0999
4072		-504.839		28.552
4073		-588.671		-55.8092
4074		-626.041		-145.951
4075		-632.083		-218.829
4076		-630.309		-267.863
4077		-640.432		-303.391
4078		-669.115		-345.855
4079		-707.068		-415.364
4080		-732.784		-522.2
4081		-720.622		-661.637
4082		-649.817		-814.164
4083		-511.501		-950.145
4084		-312.288		-1036.85
4085		-74.2956		-1045.94
4086		167.781		-960.12
4087		372.012		-778.31
4088		496.636		-518.654
4089		508.977		-218.341
4090		394.562		70.8635
4091		164.115		291.826
4092		-144.36		394.968
4093		-470.558		351.982
4094		-744.104		166.228
4095		-901.684		-124.2

 
--------------------------------------


