Compute Correlation 
 
0		109.859		-970.755
1		555.597		-941.391
2		936.195		-692.575
3		1145.25		-288.765
4		1128.1		158.155
5		898.728		525.929
6		532.506		720.953
7		139.163		705.226
8		-172.855		503.051
9		-327.619		187.669
10		-299.075		-144.88
11		-111.581		-404.351
12		173.149		-528.433
13		475.972		-493.878
14		720.439		-316.692
15		848.776		-44.3703
16		832.156		256.381
17		675.265		513.942
18		415.28		666.645
19		114.854		676.704
20		-151.096		540.679
21		-313.478		293.055
22		-328.173		0.0892029
23		-190.527		-256.435
24		60.5173		-402.074
25		351.558		-392.456
26		595.481		-228.062
27		717.585		44.6001
28		678.431		346.42
29		485.706		589.414
30		191.352		702.808
31		-124.54		652.999
32		-377.157		451.604
33		-500.087		150.272
34		-461.582		-174.765
35		-270.578		-442.886
36		27.4481		-588.373
37		362.257		-574.718
38		654.848		-401.918
39		834.516		-106.386
40		854.332		246.136
41		702.616		573.804
42		407.895		796.453
43		35.1464		854.953
44		-327.482		727.725
45		-589.692		439.335
46		-683.013		57.2723
47		-580.829		-323.848
48		-307.758		-607.219
49		65.5597		-720.845
50		441.485		-638.169
51		722.688		-385.625
52		839.28		-34.6161
53		767.414		319.342
54		534.075		583.541
55		207.493		692.771
56		-122.965		624.962
57		-370.899		404.357
58		-474.29		92.7843
59		-409.271		-227.432
60		-194.041		-474.012
61		116.854		-583.966
62		445.912		-527.818
63		710.792		-316.317
64		843.648		1.63543
65		807.805		349.816
66		607.862		642.572
67		290.126		806.181
68		-67.8031		798.517
69		-376.569		621.433
70		-558.978		321.612
71		-571.6		-21.2445
72		-417.454		-316.151
73		-145.589		-486.38
74		162.662		-491.261
75		416.816		-337.732
76		542.982		-78.2806
77		504.827		203.958
78		314.011		418.583
79		27.4581		493.302
80		-267.638		394.6
81		-477.212		138.429
82		-526.382		-211.964
83		-381.68		-561.035
84		-63.5127		-805.777
85		355.342		-864.711
86		766.363		-703.497
87		1054.12		-349.316
88		1130.19		111.772
89		962.301		555.908
90		588.511		856.414
91		110.277		922.696
92		-335.509		730.354
93		-617.618		331.536
94		-651.454		-159.266
95		-425.75		-600.151
96		-5.42097		-865.854
97		490.437		-885.662
98		927.283		-662.245
99		1196.49		-265.737
100		1244.99		193.172
101		1084.12		599.953
102		777.326		869.08
103		414.084		962.546
104		81.4038		890.593
105		-157.168		698.536
106		-270.279		447.863
107		-256.696		199.632
108		-137.699		4.35827
109		50.6272		-102.18
110		262.817		-100.657
111		448.43		9.46229
112		558.52		206.856
113		555.911		447.632
114		427.464		671.034
115		193.066		813.33
116		-94.612		827.056
117		-362.593		698.594
118		-539.675		455.959
119		-580.252		161.861
120		-480.048		-106.64
121		-276.708		-284.242
122		-34.7243		-338.602
123		178.84		-277.975
124		317.287		-142.824
125		366.417		13.7166
126		341.97		146.909
127		275.699		233.586
128		198.47		272.889
129		129.127		276.829
130		73.5874		257.994
131		32.2324		222.248
132		8.85738		170.31
133		13.9635		105.943
134		59.2058		43.9031
135		145.994		10.508
136		255.845		34.0384
137		350.228		128.709
138		382.945		280.919
139		320.896		446.763
140		163.472		564.807
141		-50.0154		580.324
142		-250.529		470.537
143		-364.446		258.777
144		-343.328		9.79268
145		-185.129		-192.96
146		62.9223		-278.816
147		321.321		-216.727
148		507.809		-26.1494
149		566.764		231.94
150		486.551		478.97
151		299.057		646.716
152		63.8615		697.831
153		-154.38		632.284
154		-305.407		480.178
155		-363.259		287.097
156		-326.075		99.7573
157		-210.019		-42.98
158		-42.798		-113.381
159		140.239		-95.682
160		298.378		11.8641
161		389.774		192.946
162		380.425		410.244
163		256.902		608.578
164		37.4413		727.329
165		-225.836		720.341
166		-458.375		576.028
167		-586.909		327.923
168		-567.213		48.452
169		-404		-174.307
170		-152.937		-268.902
171		97.945		-208.622
172		260.973		-22.9666
173		282.348		213.211
174		162.297		408.806
175		-46.6046		491.583
176		-261.709		434.55
177		-403.049		263.1
178		-422.398		41.3079
179		-317.127		-155.104
180		-125.057		-266.554
181		94.8082		-266.789
182		285.288		-164.437
183		407.558		8.29544
184		446.036		211.639
185		403.249		410.52
186		291.051		578.752
187		124.824		696.682
188		-76.4526		747.764
189		-286.632		719.338
190		-470.937		608.987
191		-591.394		432.684
192		-619.427		228.097
193		-550.41		47.754
194		-411.899		-57.9484
195		-258.9		-61.6553
196		-155.402		26.0755
197		-148.671		156.525
198		-247.545		259.579
199		-415.389		271.735
200		-582.345		163.549
201		-672.717		-45.903
202		-636.08		-294.652
203		-468.56		-501.686
204		-214.95		-598.938
205		49.1647		-557.631
206		247.213		-397.94
207		330.342		-178.582
208		293.086		28.1348
209		170.469		164.284
210		19.5399		205.39
211		-105.188		163.663
212		-171.28		76.169
213		-175.371		-14.7694
214		-136.746		-79.1546
215		-82.8556		-107.492
216		-35.0251		-107.749
217		-1.1218		-94.9736
218		22.6963		-80.4202
219		44.0855		-66.1257
220		66.282		-46.9574
221		84.7075		-17.6293
222		90.1618		20.4962
223		76.186		57.5007
224		45.6539		79.407
225		12.0696		76.6125
226		-5.8979		51.2775
227		5.8328		18.9919
228		47.8579		3.00295
229		104.314		23.3124
230		148.078		85.905
231		152.279		177.684
232		102.887		270.137
233		6.34854		330.596
234		-111.698		336.17
235		-216.444		283.97
236		-278.376		192.75
237		-285.705		94.9629
238		-249.022		22.6376
239		-195.96		-6.61214
240		-158.102		2.93202
241		-156.011		27.637
242		-189.186		36.1216
243		-235.671		4.81938
244		-261.8		-69.5048
245		-238.023		-166.119
246		-153.894		-247.605
247		-25.4898		-275.332
248		108.421		-226.698
249		200.331		-106.76
250		212.612		50.9616
251		133.198		195.239
252		-18.1354		275.413
253		-195.591		259.986
254		-343.002		148.234
255		-413.152		-29.55
256		-383.315		-222.921
257		-261.405		-378.619
258		-81.1443		-457.522
259		110.902		-445.075
260		270.762		-352.25
261		369.068		-208.173
262		396.039		-48.6037
263		359.334		94.7199
264		277.536		200.378
265		173.097		258.541
266		67.4951		268.997
267		-20.882		238.636
268		-77.6115		180.09
269		-93.8068		111.284
270		-69.1179		54.0307
271		-14.808		29.8412
272		45.8934		52.8393
273		82.5902		122.193
274		67.7496		218.165
275		-11.1887		305.39
276		-143.056		344.123
277		-292.746		306.119
278		-411.594		188.677
279		-455.573		19.9013
280		-404.238		-148.642
281		-271.99		-260.353
282		-105.74		-276.227
283		31.3611		-192.17
284		84.1897		-43.0728
285		28.0508		108.928
286		-120.344		197.783
287		-308.241		179.045
288		-466.535		47.0652
289		-535.692		-163.098
290		-487.306		-389.505
291		-332.85		-566.732
292		-116.909		-649.029
293		101.225		-624.174
294		269.313		-513.536
295		358.439		-359.988
296		368.309		-210.037
297		321.365		-98.0072
298		250.12		-37.9683
299		184.085		-24.8111
300		141.473		-41.7496
301		127.548		-69.4549
302		138.075		-92.6299
303		164.478		-102.304
304		197.663		-94.8131
305		229.398		-69.8459
306		252.149		-29.5018
307		259.184		21.3032
308		246.077		74.3416
309		213.124		119.146
310		166.871		146.257
311		118.907		151.494
312		81.5244		138.794
313		61.9044		119.391
314		57.8721		106.862
315		58.0321		109.968
316		47.0481		126.93
317		14.0511		144.559
318		-39.892		143.547
319		-99.4019		108.064
320		-139.508		35.293
321		-136.08		-59.9288
322		-77.5741		-148.291
323		27.3303		-196.391
324		150.128		-180.26
325		251.378		-96.2857
326		294.792		35.3136
327		260.903		176.204
328		154.796		282.729
329		4.93126		320.807
330		-146.337		277.271
331		-256.707		163.655
332		-297.148		11.5748
333		-259.931		-138.047
334		-159.324		-247.736
335		-25.6131		-293.923
336		104.896		-272.226
337		200.417		-196.765
338		241.816		-94.5441
339		226.563		2.94145
340		168.084		68.4871
341		91.091		86.256
342		24.2417		55.6307
343		-8.13364		-9.0152
344		6.82314		-82.6741
345		66.4619		-137.266
346		153.129		-150.464
347		239.467		-113.143
348		297.208		-32.8804
349		306.734		68.0331
350		264.099		159.788
351		182.819		215.194
352		89.509		219.22
353		14.7404		174.429
354		-17.6501		100.214
355		1.06422		26.0611
356		61.4506		-18.7323
357		139.191		-15.182
358		203.375		38.9196
359		226.809		128.248
360		194.885		224.874
361		110.271		296.998
362		-7.72264		318.632
363		-128.605		277.367
364		-219.224		178.221
365		-252.975		42.7011
366		-217.364		-96.5485
367		-118.006		-204.23
368		22.0588		-251.964
369		167.9		-226.536
370		281.987		-134.408
371		334.951		-0.797148
372		314.661		137.038
373		230.514		240.765
374		110.986		282.969
375		-5.30377		256.083
376		-82.3207		174.851
377		-98.7165		71.0369
378		-54.7608		-17.9947
379		28.6568		-62.6339
380		118.656		-51.2083
381		183.211		6.98897
382		203.032		86.8982
383		177.703		158.759
384		123.821		200.257
385		66.3204		204.63
386		27.0791		181.558
387		15.8909		150.936
388		27.5615		132.787
389		45.9366		138.061
390		52.4976		164.362
391		35.262		198.127
392		-6.0732		221.678
393		-60.7421		221.513
394		-112.427		193.915
395		-146.642		145.615
396		-156.386		89.7953
397		-143.709		39.8679
398		-117.064		4.24089
399		-86.3869		-15.6394
400		-58.6776		-23.6186
401		-36.2102		-25.0854
402		-17.78		-23.5562
403		-1.67928		-19.4842
404		11.7498		-11.6652
405		19.6795		-0.0153046
406		18.772		12.302
407		8.32582		19.0075
408		-7.4299		13.344
409		-19.5438		-8.04096
410		-17.3749		-42.0736
411		6.7692		-78.8977
412		53.5555		-104.724
413		115.124		-106.844
414		177.027		-78.6929
415		222.909		-22.7875
416		240.029		49.6844
417		223.453		122.371
418		177.413		178.875
419		113.624		207.507
420		47.5024		204.103
421		-6.12673		172.321
422		-36.4602		121.87
423		-38.5588		65.6595
424		-13.6501		16.8854
425		31.6386		-13.3977
426		86.6706		-18.1142
427		138.653		4.50888
428		175.01		50.2321
429		186.209		109.103
430		168.551		167.243
431		125.945		210.226
432		69.6084		227.405
433		15.1338		215.762
434		-22.5703		181.573
435		-34.8107		138.706
436		-22.8383		103.618
437		2.15441		88.6795
438		23.3442		96.5119
439		25.5899		118.004
440		2.86994		135.423
441		-37.5017		129.879
442		-76.2148		90.3699
443		-88.9798		20.5142
444		-56.8145		-60.3074
445		24.5349		-122.601
446		140.228		-137.53
447		259.428		-88.7491
448		345.276		19.5607
449		368.198		162.092
450		317.368		300.005
451		205.648		394.125
452		65.7884		418.743
453		-60.8031		370.651
454		-138.445		269.891
455		-149.15		152.021
456		-97.6788		55.097
457		-8.08936		6.5462
458		86.3936		14.9299
459		155.798		69.3142
460		183.185		145.741
461		168.386		217.51
462		125.095		264.847
463		73.4745		280.354
464		31.9006		268.934
465		11.1944		243.344
466		12.9532		218.124
467		31.5005		204.673
468		57.5233		208.997
469		81.3284		231.939
470		94.6126		270.563
471		90.9948		319.3
472		66.3592		370.359
473		19.874		414.017
474		-44.4667		439.905
475		-116.98		439.868
476		-183.599		411.693
477		-229.948		361.823
478		-247.14		304.934
479		-236.724		259.435
480		-211.913		240.032
481		-193.515		250.442
482		-201.486		279.939
483		-245.473		306.147
484		-318.781		303.695
485		-399.091		255.369
486		-456.348		160.805
487		-464.809		38.4697
488		-414.028		-80.446
489		-313.771		-163.848
490		-190.513		-191.149
491		-77.0123		-160.774
492		0.290611		-89.5233
493		30.4165		-4.42179
494		19.6768		68.8811
495		-14.0185		115.639
496		-50.9852		135.316
497		-78.5851		137.864
498		-94.8505		135.74
499		-105.784		136.373
500		-118.681		139.135
501		-135.846		138.013
502		-152.556		127.832
503		-160.449		109.819
504		-154.137		92.7253
505		-136.798		88.4168
506		-120.87		104.217
507		-122.691		136.51
508		-153.473		169.766
509		-211.432		182.415
510		-279.732		157.203
511		-332.126		90.9364
512		-344.209		-1.6108
513		-305.058		-92.2081
514		-223.477		-150.516
515		-125.492		-157.163
516		-43.9152		-112.395
517		-4.68176		-36.1536
518		-16.2394		40.4982
519		-66.776		88.5696
520		-130.279		92.8681
521		-178.268		57.0919
522		-191.607		0.485001
523		-167.149		-51.7186
524		-116.86		-79.1787
525		-60.7707		-73.6897
526		-17.8214		-40.1383
527		0.9589		8.11546
528		-5.64377		56.1825
529		-31.7045		93.1397
530		-68.8021		113.848
531		-109.547		117.39
532		-148.309		104.365
533		-179.7		75.5582
534		-197.01		33.0866
535		-192.802		-17.0355
536		-162.264		-63.3676
537		-107.709		-90.7789
538		-41.2485		-85.7922
539		16.955		-43.4484
540		45.2555		27.9227
541		29.5881		107.214
542		-29.1542		167.188
543		-113.365		185.003
544		-194.172		152.103
545		-242.268		78.8207
546		-239.631		-8.75737
547		-186.957		-78.6278
548		-103.507		-105.273
549		-19.429		-79.3052
550		36.0139		-10.3488
551		45.1891		77.7512
552		7.43958		156.881
553		-62.709		205.217
554		-142.953		213.987
555		-212.447		188.153
556		-258.781		141.657
557		-280.182		90.1722
558		-282.941		44.9083
559		-276.217		9.92291
560		-267.149		-16.6784
561		-258.465		-39.1846
562		-249.118		-60.7104
563		-236.827		-81.4673
564		-220.66		-99.3775
565		-202.127		-112.164
566		-184.373		-119.379
567		-170.2		-123.117
568		-160.225		-127.047
569		-152.269		-134.443
570		-142.278		-146.31
571		-126.263		-160.629
572		-102.234		-173.022
573		-71.279		-178.471
574		-37.3556		-173.269
575		-6.02619		-156.429
576		17.3154		-130.108
577		29.0879		-99.0085
578		28.5797		-69.068
579		18.1969		-45.8192
580		2.87554		-32.8338
581		-11.2319		-30.6202
582		-18.5337		-36.3072
583		-15.7979		-44.3292
584		-3.39275		-48.0752
585		14.5728		-42.0876
586		31.4398		-24.0701
587		40.2308		4.1112
588		36.1207		36.9415
589		18.144		67.1686
590		-10.5942		88.35
591		-44.2727		96.9509
592		-76.6067		93.1203
593		-102.93		79.9408
594		-121.2		61.7179
595		-131.684		42.3024
596		-135.837		24.2833
597		-135.299		9.21849
598		-131.698		-1.66711
599		-127.267		-7.22354
600		-125.474		-7.1263
601		-130.686		-3.35668
602		-146.315		-1.31244
603		-172.028		-9.25079
604		-201.525		-35.4595
605		-222.65		-83.8844
606		-220.728		-150.182
607		-184.419		-220.536
608		-111.755		-274.659
609		-13.4102		-292.51
610		88.8814		-262.27
611		168.841		-186.129
612		204.775		-81.0306
613		187.606		26.3687
614		124.362		108.716
615		35.5648		147.29
616		-52.3079		137.835
617		-116.065		90.718
618		-142.921		25.8038
619		-132.941		-35.3454
620		-96.5719		-76.4755
621		-49.1697		-90.2904
622		-5.38901		-78.1449
623		24.3435		-47.1076
624		34.6756		-6.56852
625		24.491		33.9728
626		-4.02585		65.7046
627		-45.4878		80.8943
628		-90.953		74.1066
629		-128.494		44.5408
630		-145.884		-1.66092
631		-135.237		-51.1435
632		-97.7146		-86.6044
633		-45.4591		-93.262
634		1.32129		-66.0157
635		21.9379		-13.6098
636		4.57634		43.0953
637		-47.0571		79.0012
638		-113.611		75.8033
639		-167.434		31.0712
640		-184.587		-39.3467
641		-156.028		-107.397
642		-92.4454		-145.027
643		-20.0154		-136.915
644		31.2268		-87.5801
645		40.9469		-19.2606
646		7.45418		38.4947
647		-52.3064		62.4566
648		-111.57		45.8572
649		-146.799		0.157593
650		-148.315		-52.1142
651		-123.292		-89.426
652		-89.9873		-101.768
653		-66.739		-94.2462
654		-61.9116		-82.2399
655		-70.211		-81.2558
656		-77.1108		-97.4082
657		-68.5291		-123.943
658		-39.9728		-145.668
659		0.260284		-148.57
660		35.7692		-128.884
661		51.9657		-96.133
662		45.4181		-68.0899
663		26.9664		-60.2936
664		16.3803		-76.0757
665		31.1565		-103.032
666		75.5849		-118.459
667		136.397		-101.277
668		187.923		-44.1481
669		204.53		40.9401
670		173.95		127.083
671		104.366		184.997
672		21.2017		197.345
673		-45.0239		167.361
674		-73.6213		117.113
675		-63.6939		76.1785
676		-33.9286		66.5556
677		-12.3365		91.6821
678		-21.3604		135.24
679		-66.1866		170.265
680		-132.339		173.627
681		-193.654		138.165
682		-226.224		76.1159
683		-220.782		12.2106
684		-186.978		-29.6611
685		-147.448		-38.9383
686		-125.091		-23.3476
687		-130.561		-3.82117
688		-156.745		-2.32303
689		-183.095		-29.312
690		-187.34		-77.659
691		-158.125		-126.25
692		-101.741		-151.243
693		-39.3745		-138.846
694		3.56114		-92.7988
695		10.2516		-32.6577
696		-19.3047		16.0343
697		-68.8517		34.3525
698		-114.607		18.7494
699		-137.304		-18.3867
700		-131.161		-56.2336
701		-105.321		-76.7238
702		-77.5232		-73.3495
703		-63.9164		-53.139
704		-70.7087		-31.2948
705		-92.0076		-21.973
706		-114.521		-30.5546
707		-125.968		-51.586
708		-122.171		-73.1361
709		-108.832		-84.6452
710		-97.2414		-83.489
711		-96.701		-76.4169
712		-108.274		-75.1287
713		-123.604		-88.6942
714		-129.535		-117.34
715		-115.887		-151.312
716		-81.9131		-175.605
717		-37.6604		-177.987
718		0.637146		-155.86
719		18.7168		-118.12
720		11.5773		-80.9378
721		-14.02		-59.7026
722		-43.1419		-61.427
723		-60.3824		-81.601
724		-57.5484		-107.019
725		-37.3508		-122.907
726		-11.3728		-120.473
727		6.33241		-100.993
728		6.45648		-74.536
729		-11.2793		-54.3999
730		-38.7035		-50.4396
731		-63.8593		-64.8078
732		-76.9047		-91.9991
733		-74.048		-122.608
734		-57.7566		-148.275
735		-33.752		-164.951
736		-7.07217		-172.947
737		20.2515		-174.324
738		48.6347		-169.775
739		78.2104		-157.303
740		106.084		-133.701
741		125.766		-97.9191
742		129.606		-54.0103
743		113.082		-11.465
744		78.4937		17.8553
745		35.6685		24.9179
746		-1.17743		8.20744
747		-19.1746		-24.6898
748		-12.4015		-59.6783
749		15.4343		-81.8487
750		52.5811		-81.5902
751		84.2997		-58.2413
752		98.9129		-19.6886
753		92.0134		21.6249
754		67.0972		54.1202
755		32.7819		71.2942
756		-1.59715		72.9854
757		-29.681		63.6493
758		-49.478		49.0906
759		-62.3283		33.6281
760		-70.6353		19.0328
761		-75.9893		5.3059
762		-78.7202		-7.75277
763		-78.7795		-19.5274
764		-76.9348		-28.8453
765		-75.1292		-35.186
766		-75.5574		-39.7593
767		-79.0356		-45.4088
768		-83.8757		-55.1168
769		-86.283		-69.9274
770		-82.3407		-87.6769
771		-70.5378		-103.585
772		-53.2575		-112.668
773		-36.0803		-112.737
774		-24.9871		-106.182
775		-22.865		-99.2665
776		-27.3261		-99.0036
777		-31.2963		-109.14
778		-26.372		-127.469
779		-7.34404		-146.134
780		24.5093		-155.064
781		61.2673		-146.918
782		91.655		-121.01
783		106.239		-84.0751
784		101.9		-47.3435
785		83.2553		-21.3427
786		60.2647		-11.0549
787		43.2491		-13.9168
788		37.9154		-21.6411
789		42.9454		-24.8292
790		51.3184		-17.8863
791		54.5254		-1.64421
792		47.3083		17.6056
793		30.3399		31.9966
794		9.45037		36.6375
795		-8.05521		32.2667
796		-17.8363		24.5467
797		-21.16		20.4351
798		-24.2113		23.7107
799		-34.4012		32.2244
800		-55.6906		38.5101
801		-85.5346		33.5565
802		-115.222		11.8009
803		-133.592		-25.2995
804		-132.312		-69.0589
805		-110.078		-106.936
806		-73.6192		-127.878
807		-35.0165		-127.064
808		-6.65881		-107.792
809		3.74011		-79.7675
810		-4.20459		-54.7449
811		-24.241		-41.712
812		-46.8809		-43.8094
813		-63.6658		-58.1546
814		-70.2702		-78.2431
815		-67.2282		-97.4367
816		-58.3734		-111.751
817		-48.1597		-120.789
818		-39.3674		-126.762
819		-32.2208		-132.499
820		-25.0302		-139.673
821		-15.659		-148.098
822		-2.83721		-156.194
823		13.3534		-162.066
824		31.8636		-164.416
825		51.4483		-162.788
826		71.2089		-157.2
827		90.5789		-147.6
828		108.885		-133.647
829		124.933		-114.997
830		137.019		-91.8777
831		143.451		-65.4713
832		143.243		-37.7741
833		136.513		-10.9434
834		124.262		13.4603
835		107.645		34.8178
836		87.2263		53.1101
837		62.7558		68.074
838		33.7388		78.425
839		0.530502		81.7581
840		-34.7066		75.3853
841		-67.8756		57.7937
842		-93.9483		29.9658
843		-108.761		-4.24002
844		-110.773		-39.0233
845		-101.869		-68.5879
846		-86.7388		-89.2327
847		-71.0419		-100.597
848		-59.2087		-105.465
849		-52.9083		-108.24
850		-50.8653		-112.879
851		-50.0124		-121.291
852		-47.3001		-132.931
853		-41.1928		-145.671
854		-32.1128		-157.355
855		-21.7042		-167.126
856		-11.4308		-175.809
857		-1.35811		-185.181
858		10.1761		-196.594
859		25.8145		-209.747
860		47.7563		-222.296
861		76.4141		-230.537
862		109.834		-230.825
863		144.158		-221.03
864		174.868		-201.377
865		198.233		-174.342
866		212.335		-143.763
867		217.34		-113.629
868		215.091		-87.0561
869		208.314		-65.7661
870		199.846		-50.0474
871		192.074		-39.0258
872		186.599		-31.0244
873		184.034		-23.9354
874		183.874		-15.6523
875		184.53		-4.61758
876		183.676		9.58744
877		178.982		25.8581
878		169.096		41.6907
879		154.467		53.9661
880		137.539		60.2192
881		122.064		59.8904
882		111.651		54.9339
883		108.119		49.3551
884		110.432		47.7217
885		114.786		53.2161
886		115.969		66.091
887		109.467		83.2886
888		93.4133		99.4861
889		69.4856		109.173
890		42.305		108.869
891		17.5752		98.4822
892		-0.21895		81.2166
893		-9.52536		62.0558
894		-12.0983		45.5413
895		-11.8979		33.843
896		-13.0493		25.978
897		-17.8013		18.4916
898		-25.3919		7.25225
899		-32.2938		-10.4645
900		-33.6912		-34.5138
901		-25.5225		-61.644
902		-6.22599		-86.5359
903		22.4969		-103.653
904		56.1463		-109.144
905		88.8662		-102.084
906		115.273		-84.6714
907		132.007		-61.3801
908		138.516		-37.4825
909		136.902		-17.4683
910		131.002		-3.87258
911		125.065		3.18735
912		122.485		5.72882
913		124.92		7.05505
914		132.008		10.6559
915		141.671		19.1915
916		150.835		33.8199
917		156.337		54.0017
918		155.741		77.768
919		147.871		102.323
920		132.96		124.775
921		112.426		142.798
922		88.3881		155.053
923		63.0765		161.307
924		38.3002		162.254
925		15.0971		159.108
926		-6.35481		153.09
927		-26.5447		144.952
928		-46.1955		134.664
929		-65.7007		121.404
930		-84.6076		103.881
931		-101.356		80.9765
932		-113.449		52.4845
933		-118.095		19.7005
934		-113.185		-14.4683
935		-98.246		-46.0308
936		-74.9602		-71.0007
937		-46.924		-86.6895
938		-18.6165		-92.6718
939		6.09309		-90.9477
940		25.2916		-85.1252
941		39.5979		-78.8876
942		51.6348		-74.3851
943		64.5539		-71.3021
944		80.2528		-67.0998
945		98.135		-58.403
946		115.071		-42.9336
947		126.681		-21.0657
948		129.411		3.80597
949		122.444		26.3723
950		108.49		41.5728
951		92.9966		46.8554
952		82.0428		43.4758
953		79.8209		36.1818
954		86.8312		31.3686
955		99.6049		34.4901
956		112.083		47.8531
957		118.034		69.7308
958		113.453		95.1244
959		97.9721		117.767
960		74.7593		132.468
961		49.1164		136.84
962		26.4527		131.81
963		10.4873		120.905
964		2.28625		108.756
965		0.306992		99.4889
966		1.22261		95.5328
967		1.11546		97.0868
968		-3.33701		102.226
969		-13.912		107.498
970		-30.2478		108.867
971		-49.7146		102.878
972		-67.8846		87.8648
973		-79.6748		64.88
974		-81.0107		37.8949
975		-70.529		12.9536
976		-50.604		-3.70527
977		-27.0505		-8.00544
978		-7.32253		0.0863609
979		2.27046		16.1198
980		-0.798027		32.6126
981		-14.033		41.9808
982		-30.8314		39.7392
983		-43.3142		26.4655
984		-45.8577		7.48465
985		-37.6322		-9.71672
986		-22.832		-19.1746
987		-8.37072		-19.4131
988		-0.116776		-14.1288
989		0.426027		-10.1295
990		-2.78461		-13.4793
991		-2.16286		-25.8008
992		9.53968		-42.7085
993		35.0986		-55.3352
994		70.6576		-54.3355
995		106.761		-34.449
996		132.198		2.65892
997		138.827		48.7387
998		125.05		92.3579
999		96.2435		123.703
1000		62.0308		138.445
1001		31.8193		138.859
1002		10.8655		131.82
1003		-1.27135		124.901
1004		-9.34777		122.657
1005		-19.1296		124.95
1006		-34.0815		127.922
1007		-53.793		126.783
1008		-74.7688		118.659
1009		-92.8224		103.904
1010		-105.467		85.3087
1011		-112.845		65.9651
1012		-116.771		47.3104
1013		-118.692		28.6699
1014		-118.102		8.57436
1015		-112.616		-13.1018
1016		-99.8224		-33.7662
1017		-79.7761		-48.6919
1018		-56.3853		-53.5269
1019		-36.4597		-47.3683
1020		-26.5364		-34.4451
1021		-29.0599		-23.0254
1022		-40.1467		-21.6843
1023		-50.5414		-34.6835
1024		-49.711		-58.9876
1025		-31.2103		-84.8127
1026		3.47752		-99.8326
1027		44.8601		-95.1454
1028		79.4912		-69.9767
1029		96.334		-32.5411
1030		92.2484		3.63354
1031		73.6969		26.2443
1032		53.6219		30.3513
1033		44.9349		20.929
1034		53.8754		10.4165
1035		76.6444		12.4143
1036		101.086		34.6908
1037		112.605		75.0552
1038		101.327		122.187
1039		66.8865		160.974
1040		18.4841		179.608
1041		-29.7038		174.845
1042		-65.2915		152.876
1043		-83.1534		125.573
1044		-86.9263		104.262
1045		-86.0442		94.3077
1046		-90.1379		93.2311
1047		-103.881		93.0285
1048		-124.926		85.1642
1049		-145.754		65.3849
1050		-158.126		35.8185
1051		-157.538		3.47443
1052		-145.262		-23.7254
1053		-127.126		-41.0027
1054		-109.993		-48.6377
1055		-98.1582		-50.9153
1056		-91.6941		-53.0312
1057		-87.4683		-57.9864
1058		-81.9218		-65.3295
1059		-73.681		-72.3363
1060		-64.3102		-76.6461
1061		-56.78		-78.4804
1062		-52.7422		-80.868
1063		-50.5213		-87.6153
1064		-45.3353		-100.268
1065		-31.8783		-116.073
1066		-7.84721		-128.478
1067		23.7535		-130.212
1068		55.1579		-117.39
1069		77.286		-92.2815
1070		84.4139		-62.9448
1071		77.5229		-39.612
1072		64.3269		-29.5366
1073		55.6959		-33.0112
1074		60.1569		-42.7866
1075		79.2872		-47.396
1076		106.453		-36.8205
1077		129.659		-7.65429
1078		137.15		34.8695
1079		122.987		79.0377
1080		89.8324		111.914
1081		47.6487		125.067
1082		9.08092		117.99
1083		-16.0946		97.7006
1084		-24.7557		74.9866
1085		-20.826		59.3639
1086		-12.4579		55.2725
1087		-7.75206		61.1448
1088		-11.2656		71.3645
1089		-22.8566		79.6868
1090		-38.9885		82.172
1091		-55.3275		78.2698
1092		-68.9985		69.9185
1093		-79.379		59.6405
1094		-87.3739		48.9758
1095		-94.0428		38.1046
1096		-99.6762		26.5683
1097		-103.895		14.2491
1098		-106.485		1.70354
1099		-108.084		-10.4561
1100		-109.962		-22.6103
1101		-112.818		-36.6332
1102		-115.385		-55.1443
1103		-113.969		-79.6572
1104		-103.632		-108.665
1105		-80.7154		-137.012
1106		-45.4079		-157.316
1107		-2.78251		-163.07
1108		38.6198		-151.903
1109		70.2527		-127.177
1110		87.4192		-96.8164
1111		91.4607		-69.7223
1112		88.964		-51.4975
1113		88.2224		-41.7418
1114		94.7054		-34.4376
1115		107.922		-21.3453
1116		121.394		3.3069
1117		125.836		39.2981
1118		113.92		79.9369
1119		84.143		114.904
1120		41.8143		134.931
1121		-3.29144		135.896
1122		-41.2942		120.282
1123		-66.2701		95.4272
1124		-78.0017		69.7275
1125		-80.7794		48.9141
1126		-80.2621		34.3313
1127		-80.362		23.8138
1128		-81.8843		14.2321
1129		-83.41		3.89632
1130		-83.4646		-6.70203
1131		-82.2599		-16.1007
1132		-81.6863		-23.9483
1133		-83.5106		-32.2451
1134		-87.0807		-44.5652
1135		-88.3546		-63.4735
1136		-81.3701		-87.7231
1137		-61.7216		-111.263
1138		-30.1389		-125.223
1139		6.16253		-122.287
1140		35.6932		-101.254
1141		47.8318		-69.0823
1142		38.4373		-38.821
1143		12.8611		-23.9728
1144		-15.602		-31.9171
1145		-31.4722		-59.7989
1146		-24.3905		-95.2465
1147		5.70501		-121.868
1148		48.2888		-126.95
1149		87.1556		-107.513
1150		108.15		-71.6479
1151		105.836		-34.4011
1152		85.7601		-10.3358
1153		61.2324		-6.55539
1154		46.4027		-19.7033
1155		49.2674		-38.3139
1156		68.1647		-49.0772
1157		93.3577		-43.6137
1158		112.587		-22.2508
1159		117.449		6.94364
1160		107.23		33.0095
1161		88.3836		47.9635
1162		70.3277		50.4928
1163		60.1559		45.7083
1164		59.2347		41.4923
1165		63.3527		43.8156
1166		65.9319		53.755
1167		62.107		67.7108
1168		51.1786		80.3068
1169		36.1557		87.8903
1170		21.0148		90.3608
1171		7.71364		90.2894
1172		-4.94401		90.1362
1173		-19.8162		89.6535
1174		-38.3581		85.4504
1175		-58.2084		73.2501
1176		-73.3694		51.4908
1177		-77.3059		23.822
1178		-67.3001		-1.51346
1179		-47.313		-15.5966
1180		-27.1734		-14.0896
1181		-17.9512		-0.723293
1182		-25.7323		13.4293
1183		-47.2784		15.1048
1184		-70.3722		-3.96671
1185		-79.2406		-41.6939
1186		-62.5897		-85.2817
1187		-20.0951		-116.598
1188		36.2921		-120.831
1189		87.2835		-94.064
1190		115.193		-45.7204
1191		112.394		5.61376
1192		84.9102		41.0155
1193		49.2183		50.2435
1194		23.8718		36.3208
1195		20.2756		13.3615
1196		37.3652		-1.13708
1197		62.8413		4.56947
1198		80.1167		30.6791
1199		77.1572		66.2821
1200		52.517		95.5369
1201		15.539		106.068
1202		-19.0706		95.0399
1203		-39.0831		69.8297
1204		-40.6581		43.2905
1205		-29.2789		26.5488
1206		-15.5802		23.4534
1207		-8.79019		29.6201
1208		-11.68		36.2469
1209		-19.8244		36.1298
1210		-25.3143		28.1742
1211		-22.4259		17.7583
1212		-11.6766		12.8921
1213		0.231003		18.663
1214		4.52264		33.469
1215		-4.01607		49.4249
1216		-23.3766		56.7816
1217		-44.956		49.74
1218		-58.2269		30.1439
1219		-56.7436		6.75296
1220		-41.9173		-9.58862
1221		-22.2567		-12.1021
1222		-8.43616		-1.90902
1223		-7.05691		12.7689
1224		-16.8042		21.6462
1225		-29.3522		18.6964
1226		-34.575		5.9734
1227		-27.0226		-7.46256
1228		-9.76065		-11.0379
1229		6.88941		0.576752
1230		11.2101		23.4903
1231		-2.72633		45.9695
1232		-30.7728		54.683
1233		-60.0556		42.4268
1234		-75.5341		12.8979
1235		-68.2998		-20.4281
1236		-40.9808		-41.0193
1237		-7.04792		-38.1127
1238		15.8694		-12.817
1239		15.2032		21.978
1240		-9.7601		48.0311
1241		-47.2541		51.1756
1242		-79.0012		28.7103
1243		-89.6221		-9.21477
1244		-74.4625		-44.9449
1245		-41.6925		-62.4813
1246		-7.68029		-55.5211
1247		11.7133		-30.1382
1248		9.13497		-0.878601
1249		-11.2135		17.3467
1250		-36.8648		16.9812
1251		-54.5556		0.972416
1252		-57.4916		-20.1106
1253		-48.3386		-34.9954
1254		-36.482		-38.4575
1255		-31.4607		-33.9692
1256		-36.6524		-30.8435
1257		-47.0285		-37.7668
1258		-52.2977		-56.738
1259		-43.504		-81.1564
1260		-19.0548		-99.3027
1261		13.5477		-101.21
1262		41.4694		-84.8411
1263		53.7305		-57.8002
1264		47.6329		-33.3894
1265		30.5795		-23.1284
1266		16.032		-30.0244
1267		15.761		-46.5722
1268		32.7738		-58.8297
1269		59.0519		-54.4323
1270		79.587		-30.0732
1271		80.6405		5.85219
1272		57.6957		37.109
1273		18.6324		48.0356
1274		-19.7635		31.9669
1275		-40.1759		-4.95193
1276		-33.5292		-46.6775
1277		-3.43922		-75.3515
1278		35.994		-80.1885
1279		67.7489		-62.4219
1280		80.6179		-33.7902
1281		74.4136		-9.62092
1282		59.0194		-0.464699
1283		48.1207		-6.86823
1284		51.3329		-19.9453
1285		69.1441		-27.0707
1286		93.2859		-19.2049
1287		111.948		4.36652
1288		116.522		36.3789
1289		105.868		66.435
1290		85.782		87.1553
1291		64.3165		97.8077
1292		46.1536		103.29
1293		29.7175		109.3
1294		8.96806		116.967
1295		-21.1851		120.623
1296		-59.3151		110.525
1297		-95.5539		79.2275
1298		-115.099		27.8933
1299		-105.698		-31.5283
1300		-65.0847		-80.1455
1301		-4.00613		-100.505
1302		57.3554		-85.2559
1303		98.1648		-41.3823
1304		106.574		12.5559
1305		85.1947		55.0252
1306		49.4731		71.6615
1307		19.7309		61.7494
1308		11.0153		37.7398
1309		26.0005		18.2012
1310		54.4963		18.0413
1311		79.5411		41.1726
1312		86.5697		79.3176
1313		70.6651		117.224
1314		38.1696		141.117
1315		2.18058		145.622
1316		-25.1771		135.512
1317		-39.1941		121.693
1318		-44.2072		114.095
1319		-49.8141		115.772
1320		-64.2138		121.552
1321		-88.7697		121.825
1322		-117.015		108.972
1323		-138.584		82.4766
1324		-145.602		49.6089
1325		-137.617		21.2932
1326		-122.071		5.65378
1327		-109.979		3.13118
1328		-109.361		6.13432
1329		-120.323		3.50827
1330		-134.754		-12.7652
1331		-140.882		-42.5654
1332		-130.095		-77.2941
1333		-102.048		-104.454
1334		-65.095		-114.518
1335		-31.771		-106.122
1336		-11.9668		-86.574
1337		-7.76963		-67.4478
1338		-12.9609		-57.8833
1339		-17.3947		-59.6063
1340		-13.5585		-66.6286
1341		-1.28316		-69.7898
1342		12.3649		-63.3428
1343		18.0847		-49.4393
1344		11.2687		-37.5048
1345		-3.47829		-38.498
1346		-13.3867		-57.2232
1347		-4.13957		-87.3286
1348		31.3061		-112.422
1349		86.6877		-113.435
1350		143.041		-78.7557
1351		176.368		-11.7621
1352		168.932		68.5942
1353		118.517		135.076
1354		40.754		164.107
1355		-37.0124		146.609
1356		-87.5764		92.3405
1357		-95.7604		25.5355
1358		-64.6419		-26.0398
1359		-13.2801		-43.2713
1360		32.6551		-23.3327
1361		52.5573		20.5561
1362		39.2224		66.5558
1363		0.249233		94.6841
1364		-47.3991		95.0833
1365		-86.225		70.4439
1366		-105.683		32.2803
1367		-104.887		-6.09292
1368		-90.0718		-35.7351
1369		-69.2079		-54.3331
1370		-47.41		-64.1265
1371		-25.7489		-67.7039
1372		-3.63695		-64.9108
1373		17.4297		-53.0817
1374		31.8475		-30.4215
1375		31.5354		-0.114639
1376		10.7287		27.9801
1377		-28.7947		39.9199
1378		-75.4541		23.8836
1379		-110.628		-23.0244
1380		-115.799		-91.1423
1381		-80.9286		-160.224
1382		-9.93201		-206.673
1383		79.6638		-212.964
1384		163.044		-174.919
1385		217.676		-103.449
1386		231.829		-19.9665
1387		208.311		52.3478
1388		162.017		97.4294
1389		112.781		111.505
1390		77.0166		102.666
1391		61.8883		85.619
1392		64.2039		74.4798
1393		73.8689		77.0061
1394		79.7065		92.5756
1395		74.7037		114.218
1396		58.4321		133.136
1397		36.0143		143.269
1398		14.653		143.827
1399		-0.324139		138.936
1400		-8.0395		134.964
1401		-12.2596		136.996
1402		-19.3508		146.131
1403		-35.0383		158.693
1404		-61.3842		167.655
1405		-95.245		165.672
1406		-128.911		148.58
1407		-152.868		117.948
1408		-159.843		81.5275
1409		-148.644		51.012
1410		-126.106		37.5246
1411		-105.833		46.3015
1412		-103.531		72.7803
1413		-130.223		102.236
1414		-185.985		113.995
1415		-257.227		89.3491
1416		-319.579		20.2897
1417		-346.18		-84.7937
1418		-318.581		-201.675
1419		-235.672		-297.902
1420		-116.278		-345.038
1421		6.60031		-330.584
1422		98.2438		-264.134
1423		136.376		-174.423
1424		120.779		-97.8632
1425		73.7179		-63.1745
1426		30.4917		-78.83
1427		23.9673		-129.099
1428		69.879		-180.708
1429		159.502		-197.326
1430		263.008		-155.438
1431		341.936		-54.5583
1432		365.076		82.5944
1433		320.693		219.644
1434		220.018		321.146
1435		91.1549		365.54
1436		-32.9938		351.105
1437		-126.898		293.252
1438		-179.433		215.661
1439		-193.706		140.248
1440		-181.355		80.6333
1441		-155.381		41.1864
1442		-125.433		20.387
1443		-97.2169		15.1971
1444		-74.8017		23.2984
1445		-62.9352		42.1694
1446		-66.8567		66.5346
1447		-89.2863		87.0533
1448		-126.678		92.3566
1449		-167.887		74.161
1450		-197.273		32.7138
1451		-201.564		-21.0812
1452		-177.124		-69.0873
1453		-133.332		-94.054
1454		-89.4447		-88.5744
1455		-65.7209		-59.964
1456		-73.0021		-27.8495
1457		-106.247		-14.9991
1458		-145.874		-35.7145
1459		-166.804		-87.7853
1460		-150.919		-152.5
1461		-96.5922		-203.147
1462		-20.1775		-217.932
1463		51.5792		-190.771
1464		94.488		-134.303
1465		98.619		-73.489
1466		72.7285		-33.0359
1467		39.1511		-25.1622
1468		21.9036		-44.0063
1469		34.273		-69.456
1470		72.3387		-78.1875
1471		117.624		-55.9601
1472		147.173		-4.7091
1473		145.479		59.0616
1474		111.907		113.334
1475		59.9459		141.893
1476		9.16434		141.755
1477		-25.2888		122.962
1478		-39.7412		101.413
1479		-41.9212		89.2482
1480		-44.306		88.4613
1481		-55.2269		91.3124
1482		-73.2421		86.9706
1483		-88.2166		70.1064
1484		-88.4713		45.9817
1485		-69.646		28.6507
1486		-39.7515		32.99
1487		-16.9543		65.0389
1488		-20.8139		116.371
1489		-61.5673		166.151
1490		-133.425		190.299
1491		-215.841		173.132
1492		-282.457		115.32
1493		-313.199		33.8381
1494		-303.268		-46.1526
1495		-264.399		-103.242
1496		-217.909		-129.293
1497		-183.462		-131.739
1498		-169.568		-127.833
1499		-170.705		-134.377
1500		-172.108		-158.705
1501		-159.024		-195.687
1502		-124.973		-231.901
1503		-74.4502		-253.996
1504		-18.957		-256.039
1505		30.6942		-241.524
1506		70.7773		-219.132
1507		105.617		-195.261
1508		142.477		-168.4
1509		183.636		-129.371
1510		220.955		-67.868
1511		237.076		18.3203
1512		213.598		117.122
1513		142.29		203.538
1514		33.0939		249.044
1515		-86.1826		234.958
1516		-179.468		162.995
1517		-217.351		57.2108
1518		-190.272		-44.4232
1519		-113.44		-105.299
1520		-20.8579		-105.29
1521		48.8557		-48.6585
1522		68.236		38.7276
1523		31.1499		121.184
1524		-46.7622		168.139
1525		-136.664		165.328
1526		-209.263		117.838
1527		-245.533		44.9123
1528		-241.172		-29.6114
1529		-204.352		-86.0716
1530		-149.757		-113.327
1531		-93.0247		-108.373
1532		-48.2122		-73.7555
1533		-27.9492		-16.0101
1534		-43.6282		53.432
1535		-102.936		116.307
1536		-204.321		147.923
1537		-331.192		122.701
1538		-450.489		24.6226
1539		-519.265		-141.503
1540		-499.055		-344.227
1541		-373.095		-530.217
1542		-158.471		-640.237
1543		93.835		-631.24
1544		313.291		-495.453
1545		434.203		-267.437
1546		420.59		-14.6564
1547		280.901		185.722
1548		65.8518		274.757
1549		-150.169		232.927
1550		-296.508		85.9228
1551		-331.194		-106.933
1552		-253.557		-276.153
1553		-100.426		-367.274
1554		70.9752		-357.725
1555		205.125		-259.815
1556		265.962		-110.854
1557		244.295		43.4276
1558		154.346		164.295
1559		23.6492		228.698
1560		-117.64		230.067
1561		-243.6		174.052
1562		-334.662		73.578
1563		-377.221		-53.8762
1564		-363.915		-186.788
1565		-296.059		-300.38
1566		-186.908		-370.363
1567		-62.3666		-380.124
1568		43.8025		-328.754
1569		100.444		-235.275
1570		91.5755		-135.163
1571		25.154		-68.6708
1572		-67.1986		-64.843
1573		-141.002		-128.148
1574		-156.669		-234.393
1575		-96.7683		-338.824
1576		25.0809		-393.778
1577		168.208		-368.572
1578		280.564		-262.936
1579		319.507		-107.962
1580		268.805		45.8979
1581		144.645		148.544
1582		-11.5199		169.143
1583		-149.678		106.436
1584		-230.031		-13.1964
1585		-236.01		-148.048
1586		-176.923		-257.692
1587		-80.5127		-316.657
1588		20.037		-320.15
1589		98.484		-280.94
1590		142.42		-220.449
1591		153.116		-158.981
1592		140.177		-109.395
1593		114.784		-75.9768
1594		85.0069		-57.3917
1595		54.7957		-50.9466
1596		25.9347		-55.4097
1597		0.826637		-71.1333
1598		-16.0119		-98.0499
1599		-18.6973		-133.266
1600		-2.44182		-169.959
1601		33.7111		-198.345
1602		85.312		-208.284
1603		142.778		-192.381
1604		193.304		-148.411
1605		223.67		-80.4414
1606		223.186		1.43953
1607		186.28		82.5766
1608		114.418		146.215
1609		16.9989		176.865
1610		-89.4003		164.236
1611		-183.912		106.86
1612		-246.358		14.0293
1613		-263.194		-95.3035
1614		-232.38		-197.177
1615		-164.919		-269.798
1616		-81.7764		-300.782
1617		-6.78926		-291.425
1618		41.8658		-255.873
1619		58.0948		-215.18
1620		49.302		-188.611
1621		32.0939		-186.004
1622		24.2559		-204.645
1623		36.8231		-231.964
1624		70.0164		-252.5
1625		114.803		-255.449
1626		158.875		-238.874
1627		193.494		-208.558
1628		217.208		-172.531
1629		234.304		-134.799
1630		248.991		-92.3941
1631		259.033		-38.0275
1632		253.275		32.7338
1633		215.618		113.849
1634		134.375		185.792
1635		12.4574		220.282
1636		-127.501		191.944
1637		-247.186		92.0015
1638		-305.687		-62.8305
1639		-276.729		-231.704
1640		-162.399		-362.291
1641		3.56044		-410.425
1642		165.607		-358.668
1643		266.324		-225.502
1644		268.577		-60.5233
1645		170.727		73.1073
1646		8.38123		122.145
1647		-158.202		63.3021
1648		-266.04		-88.0581
1649		-271.978		-283.693
1650		-167.308		-459.919
1651		20.4406		-559.565
1652		238.132		-550.196
1653		425.077		-432.67
1654		531.523		-238.401
1655		531.615		-17.9607
1656		427.964		174.008
1657		248.291		292.625
1658		36.8331		312.254
1659		-156.427		230.72
1660		-286.461		68.8259
1661		-322.623		-134.035
1662		-255.919		-327.728
1663		-102.772		-462.293
1664		96.5258		-500.681
1665		286.116		-430.491
1666		409.164		-270.643
1667		425.479		-69.2108
1668		326.463		108.966
1669		141.221		202.367
1670		-70.0268		174.233
1671		-234.505		27.3454
1672		-291.66		-194.345
1673		-215.173		-419.029
1674		-23.5984		-571.218
1675		224.968		-598.074
1676		452.565		-487.993
1677		588.121		-274.44
1678		591.264		-23.83
1679		464.598		187.573
1680		250.656		298.808
1681		15.7985		282.368
1682		-172.063		149.764
1683		-263.61		-55.8109
1684		-239.834		-275.343
1685		-113.181		-451.824
1686		79.9728		-544.266
1687		291.2		-534.94
1688		472.008		-430.007
1689		583.368		-255.559
1690		602.18		-51.279
1691		525.078		137.111
1692		369.704		266.434
1693		172.636		305.398
1694		-17.187		243.308
1695		-149.758		95.3807
1696		-188.035		-98.4724
1697		-120.471		-282.977
1698		33.0393		-403.454
1699		225.35		-423.584
1700		396.274		-338.389
1701		492.413		-176.904
1702		485.361		7.28015
1703		381.172		154.471
1704		217.327		219.363
1705		48.5013		185.659
1706		-72.9671		69.4765
1707		-114.135		-89.0304
1708		-69.7967		-241.523
1709		39.9393		-347.906
1710		180.233		-387.069
1711		314.689		-359.038
1712		415.583		-279.818
1713		468.199		-173.032
1714		469.83		-62.7503
1715		426.464		30.248
1716		350.219		89.3878
1717		258.706		102.877
1718		174.899		66.0825
1719		124.794		-14.3747
1720		131.08		-117.454
1721		203.856		-209.132
1722		332.374		-250.627
1723		482.96		-212.036
1724		606.421		-86.3117
1725		654.012		103.161
1726		596.398		306.385
1727		437.506		462.245
1728		216.431		520.403
1729		-4.6862		460.736
1730		-162.613		301.801
1731		-215.956		94.2765
1732		-159.48		-98.1417
1733		-23.8972		-222.309
1734		138.307		-253.73
1735		274.332		-201.935
1736		350.244		-101.89
1737		359.982		3.5386
1738		321.555		81.4265
1739		263.885		119.048
1740		211.756		123.095
1741		176.301		110.111
1742		154.731		94.4696
1743		137.82		80.6544
1744		119.675		63.4611
1745		103.637		34.9657
1746		100.936		-6.69971
1747		123.172		-52.4923
1748		173.318		-84.7503
1749		240.849		-85.5976
1750		304.185		-46.838
1751		339.579		24.2241
1752		331.936		106.443
1753		281.965		173.362
1754		206.005		204.382
1755		128.714		193.019
1756		72.4126		148.395
1757		48.4095		89.6578
1758		54.2342		36.6326
1759		77.4362		1.5708
1760		103.223		-14.1824
1761		121.59		-17.7564
1762		130.445		-18.8246
1763		133.915		-23.9715
1764		137.797		-34.387
1765		145.487		-47.4965
1766		156.909		-60.615
1767		170.688		-73.6152
1768		187.494		-88.5326
1769		211.666		-106.316
1770		249.332		-123.108
1771		303.666		-129.069
1772		370.067		-111.439
1773		434.596		-60.8952
1774		477.495		21.9581
1775		480.787		123.738
1776		436.535		221.214
1777		351.601		289.224
1778		246.329		310.137
1779		147.551		280.486
1780		79.0948		211.835
1781		54.0742		125.789
1782		72.0766		45.858
1783		121.681		-9.92532
1784		186.13		-32.7261
1785		248.862		-22.4502
1786		296.547		15.0729
1787		319.443		70.616
1788		310.899		132.205
1789		268.231		184.482
1790		195.767		209.086
1791		108.425		188.326
1792		32.5527		112.365
1793		1.16641		-12.7046
1794		43.3366		-160.492
1795		171.113		-287.67
1796		369.841		-345.955
1797		597.434		-299.216
1798		794.747		-138.919
1799		904.207		109.146
1800		889.644		390.66
1801		749.2		639.524
1802		515.911		799.065
1803		245.904		839.236
1804		-0.528702		763.309
1805		-177.004		602.46
1806		-261.44		402.003
1807		-256.217		206.114
1808		-180.493		47.3663
1809		-60.22		-56.2025
1810		78.9571		-98.1833
1811		213.782		-79.478
1812		322.279		-6.58244
1813		383.451		106.568
1814		380.918		235.855
1815		310.273		347.739
1816		186.179		406.472
1817		43.7006		386.718
1818		-69.6844		286.311
1819		-110.252		132.128
1820		-56.1841		-25.7869
1821		80.812		-131.366
1822		256.983		-144.521
1823		411.954		-58.3593
1824		492.26		96.6406
1825		472.858		264.107
1826		367.022		384.281
1827		220.199		417.727
1828		90.8005		359.913
1829		26.7536		240.729
1830		48.1503		110.166
1831		142.829		17.5013
1832		275.208		-6.37492
1833		402.61		43.4971
1834		490.728		150.031
1835		521.776		285.051
1836		493.83		420.421
1837		414.86		534.025
1838		297.065		609.68
1839		155.468		634.386
1840		10.4827		597.828
1841		-109.678		496.852
1842		-171.784		343.19
1843		-147.656		168.851
1844		-28.4785		23.1898
1845		163.94		-40.7193
1846		376.68		13.3745
1847		539.522		186.267
1848		589.528		436.375
1849		496.603		689.985
1850		278.344		866.351
1851		-3.59546		907.838
1852		-265.302		802.166
1853		-431.755		586.786
1854		-464.047		333.35
1855		-371.121		119.276
1856		-201.77		-0.919586
1857		-21.6811		-12.3396
1858		113.181		61.5195
1859		174.915		175.166
1860		166.936		283.187
1861		113.347		357.008
1862		42.2951		389.528
1863		-26.9844		388.084
1864		-87.2646		362.459
1865		-137.036		316.48
1866		-171.106		248.487
1867		-176		159.604
1868		-134.689		63.2536
1869		-38.7984		-12.0682
1870		99.0985		-31.0574
1871		241.842		31.5302
1872		337.513		173.797
1873		340.281		359.431
1874		233.107		526.323
1875		40.8292		609.369
1876		-174.253		568.187
1877		-334.21		407.043
1878		-376.15		177.08
1879		-278.491		-41.2809
1880		-71.1218		-168.841
1881		175.165		-158.18
1882		375.463		-11.4445
1883		462.308		221.587
1884		409.07		463.421
1885		236.551		637.566
1886		1.88599		694.102
1887		-223.834		622.835
1888		-379.202		451.11
1889		-428.65		229.984
1890		-367.182		16.2913
1891		-215.295		-142.177
1892		-9.09299		-214.635
1893		209.29		-188.871
1894		398.396		-69.5333
1895		521.801		123.925
1896		552.27		358.813
1897		477.086		591.857
1898		303.607		775.2
1899		61.9703		866.545
1900		-198.392		841.289
1901		-419.62		702.127
1902		-551.318		481.307
1903		-566.072		233.125
1904		-468.482		18.2717
1905		-293.734		-114.659
1906		-95.8564		-143.696
1907		70.0149		-78.7497
1908		164.803		43.9601
1909		176.107		175.65
1910		119.238		271.457
1911		29.4356		303.875
1912		-51.0504		269.306
1913		-86.3244		186.804
1914		-56.8373		90.6805
1915		35.9716		19.9157
1916		170.593		7.26231
1917		311.082		70.2812
1918		416.154		205.866
1919		450.148		389.47
1920		393.753		579.856
1921		251.616		729.267
1922		53.85		797.198
1923		-150.478		764.019
1924		-307.276		639.559
1925		-374.996		462.497
1926		-339.721		289.3
1927		-221.559		175.579
1928		-68.8679		156.36
1929		58.4495		233.004
1930		110.616		372.388
1931		66.1705		519.192
1932		-60.6642		616.612
1933		-226.366		627.226
1934		-375.406		545.644
1935		-461.052		398.217
1936		-461.124		230.74
1937		-382.756		90.1001
1938		-255.403		7.96893
1939		-116.452		-7.0462
1940		3.46237		33.2396
1941		89.0947		106.803
1942		140.503		193.246
1943		166.043		281.447
1944		173.33		370.146
1945		163.292		462.606
1946		130.061		559.377
1947		65.9319		653.676
1948		-32.093		731.873
1949		-158.148		778.454
1950		-297.994		782.39
1951		-433.582		741.32
1952		-548.906		661.558
1953		-633.932		554.467
1954		-684.834		431.788
1955		-701.239		302.827
1956		-682.941		174.936
1957		-628.817		56.3723
1958		-539.047		-41.0691
1959		-419.459		-102.367
1960		-284.987		-113.542
1961		-159.283		-68.374
1962		-69.2661		25.826
1963		-36.1739		146.953
1964		-66.8651		263.053
1965		-149.57		342.265
1966		-256.603		363.922
1967		-353.529		326.106
1968		-411.289		246.24
1969		-416.379		154.238
1970		-374.861		80.9359
1971		-308.656		46.5482
1972		-245.754		53.8281
1973		-208.516		88.5665
1974		-204.887		126.966
1975		-225.987		146.651
1976		-250.873		136.707
1977		-256.372		102.697
1978		-227.951		64.6763
1979		-167.273		48.9754
1980		-93.4		76.8976
1981		-36.9726		154.6
1982		-29.2465		268.063
1983		-89.7665		385.298
1984		-217.055		465.49
1985		-385.853		472.335
1986		-552.392		387.249
1987		-666.524		217.883
1988		-687.127		-1.27585
1989		-595.862		-217.019
1990		-404.619		-372.091
1991		-153.869		-421.96
1992		97.8788		-348.308
1993		290.344		-164.828
1994		378.289		86.5652
1995		343.591		347.772
1996		198.968		560.764
1997		-17.3074		682.823
1998		-253.382		696.241
1999		-458.255		610.183
2000		-594.164		455.185
2001		-643.781		272.951
2002		-611.18		105.039
2003		-517.587		-16.4372
2004		-394.06		-74.3321
2005		-273.39		-67.8559
2006		-182.939		-10.4913
2007		-139.428		74.585
2008		-146.255		160.6
2009		-193.711		223.807
2010		-262.281		249.396
2011		-328.618		235.18
2012		-372.883		191.655
2013		-385.19		137.886
2014		-368.703		94.1714
2015		-337.764		74.0176
2016		-311.363		78.7015
2017		-304.38		97.0169
2018		-320.415		110.732
2019		-349.665		103.626
2020		-373.232		70.0403
2021		-372.222		18.7578
2022		-337.523		-30.0206
2023		-275.498		-53.6017
2024		-206.532		-37.6376
2025		-156.703		16.2959
2026		-146.244		90.2208
2027		-180.197		156.918
2028		-245.78		191.563
2029		-317.829		182.413
2030		-369.825		135.524
2031		-385.26		71.3053
2032		-363.995		14.7044
2033		-320.766		-16.1386
2034		-276.833		-17.2962
2035		-249.151		0.877743
2036		-242.453		20.6871
2037		-248.033		27.2657
2038		-249.519		16.7484
2039		-232.47		-1.57986
2040		-192.819		-10.0145
2041		-140.044		8.53418
2042		-93.6934		61.7505
2043		-75.2094		143.518
2044		-99.0641		235.669
2045		-167.172		314.61
2046		-268.561		359.463
2047		-383.634		358.216
2048		-490.427		309.908
2049		-570.035		223.151
2050		-609.639		112.804
2051		-603.344		-3.18236
2052		-552.176		-105.942
2053		-464.376		-177.476
2054		-355.872		-203.292
2055		-249.512		-176.451
2056		-171.392		-101.92
2057		-143.885		1.26305
2058		-177.146		102.592
2059		-262.752		168.303
2060		-373.275		173.158
2061		-469.592		111.305
2062		-514.316		1.08484
2063		-486.413		-119.38
2064		-390.836		-205.13
2065		-258.521		-221.196
2066		-136.036		-156.505
2067		-68.6763		-28.9467
2068		-83.7656		120.667
2069		-180.896		243.305
2070		-332.783		299.001
2071		-495.823		269.831
2072		-625.495		163.954
2073		-690.201		10.2064
2074		-678.631		-153.312
2075		-599.165		-291.286
2076		-473.481		-379.34
2077		-328.445		-406.503
2078		-189.952		-373.317
2079		-80.114		-288.573
2080		-16.6443		-167.24
2081		-12.0539		-30.1487
2082		-70.9565		96.2407
2083		-185.94		182.446
2084		-334.572		202.311
2085		-480.747		141.941
2086		-582.097		7.68021
2087		-602.23		-171.154
2088		-523.653		-347.497
2089		-356.078		-469.099
2090		-136.134		-494.392
2091		82.063		-405.799
2092		242.292		-215.504
2093		301.922		38.2801
2094		242.471		302.594
2095		72.1095		523.927
2096		-179.31		660.23
2097		-469.361		687.55
2098		-752.257		601.082
2099		-985.588		412.777
2100		-1134.4		148.234
2101		-1174.29		-155.759
2102		-1095.18		-453.783
2103		-905.982		-696.57
2104		-637.738		-839.59
2105		-341.91		-854.693
2106		-81.2803		-741.141
2107		85.9049		-530.754
2108		124.083		-282.937
2109		33.8817		-68.9838
2110		-145.433		50.1003
2111		-347.234		44.3509
2112		-499.61		-74.229
2113		-550.401		-255.685
2114		-485.503		-430.315
2115		-333.028		-534.348
2116		-151.507		-533.115
2117		-6.85709		-432.599
2118		52.5997		-275.089
2119		13.1966		-121.189
2120		-101.241		-25.9186
2121		-240.997		-18.5876
2122		-350.891		-93.9935
2123		-390.869		-217.287
2124		-348.871		-339.192
2125		-242.124		-414.55
2126		-108.087		-416.854
2127		9.87179		-344.215
2128		75.9544		-216.449
2129		70.2032		-66.4903
2130		-9.49957		69.3622
2131		-149.9		158.978
2132		-326.409		178.778
2133		-506.732		116.179
2134		-654.136		-28.1462
2135		-731.918		-237.65
2136		-710.536		-478.433
2137		-577.015		-701.7
2138		-343.693		-852.347
2139		-51.7762		-883.307
2140		234.147		-771.844
2141		441.387		-531.627
2142		510.608		-214.552
2143		416.282		100.505
2144		178.132		329.769
2145		-141.856		410.481
2146		-456.97		321.346
2147		-682.251		89.7694
2148		-760.594		-217.094
2149		-679.141		-514.24
2150		-470.446		-725.56
2151		-198.823		-805.763
2152		62.1443		-750.218
2153		252.169		-590.609
2154		339.062		-379.873
2155		321.978		-173.445
2156		224.365		-14.1021
2157		81.6528		75.2076
2158		-70.3454		90.4056
2159		-202.29		40.5594
2160		-292.895		-58.0829
2161		-327.692		-185.252
2162		-298.437		-316.898
2163		-205.192		-424.978
2164		-60.3481		-479.929
2165		108.59		-457.341
2166		261.104		-347.287
2167		352.357		-162.212
2168		346.775		61.3993
2169		231.628		270.248
2170		24.6509		409.228
2171		-228.499		439.223
2172		-467.112		350.866
2173		-634.412		168.54
2174		-695.642		-57.3151
2175		-648.483		-266.825
2176		-522.134		-409.965
2177		-365.938		-461.43
2178		-232.367		-426.224
2179		-160.784		-335.011
2180		-167.271		-232.189
2181		-242.72		-161.681
2182		-358.072		-155.144
2183		-473.557		-225.207
2184		-548.66		-363.893
2185		-550.835		-544.908
2186		-462.471		-728.454
2187		-286.145		-868.202
2188		-47.5047		-920.677
2189		206.017		-856.823
2190		412.831		-673.651
2191		511.858		-401.86
2192		461.799		-104.631
2193		259.121		135.331
2194		-52.8619		239.105
2195		-389.861		158.714
2196		-648.513		-101.788
2197		-738.712		-480.75
2198		-615.361		-873.481
2199		-297.192		-1163.79
2200		135.833		-1262.08
2201		567.065		-1135.85
2202		881.352		-820.844
2203		1002.79		-408.057
2204		917.835		-11.6092
2205		675.485		270.105
2206		365.424		385.107
2207		83.8309		339.398
2208		-99.2298		186.715
2209		-158.667		2.74348
2210		-114.109		-144.332
2211		-13.6105		-215.038
2212		89.3923		-204.807
2213		155.314		-135.854
2214		166.898		-41.5194
2215		126.351		48.1479
2216		46.1186		113.443
2217		-59.6982		143.902
2218		-178.37		133.142
2219		-295.887		75.5018
2220		-392.797		-31.8229
2221		-444.089		-182.034
2222		-426.144		-352.433
2223		-328.884		-504.692
2224		-166.823		-594.873
2225		18.4491		-590.871
2226		168.592		-489.768
2227		229.695		-325.901
2228		176.132		-163.494
2229		26.151		-74.4742
2230		-159.332		-109.426
2231		-296.392		-273.839
2232		-309.575		-520.61
2233		-162.808		-763.377
2234		123.174		-906.483
2235		474.527		-880.154
2236		788.152		-667.106
2237		966.575		-310.307
2238		950.558		100.624
2239		737.666		458.534
2240		381.209		672.033
2241		-28.245		691.243
2242		-390.584		518.496
2243		-622.999		202.985
2244		-678.246		-176.02
2245		-551.334		-530.221
2246		-276.132		-781.386
2247		84.3382		-875.291
2248		450.545		-790.193
2249		740.432		-540.7
2250		884.486		-177.089
2251		841.233		221.279
2252		610.454		560.142
2253		239.355		751.846
2254		-183.292		740.207
2255		-547.116		521.115
2256		-750.915		150.19
2257		-735.318		-268.32
2258		-505.53		-610.732
2259		-134.18		-773.016
2260		259.139		-706.346
2261		546.106		-435.546
2262		632.699		-52.4524
2263		491.277		314.489
2264		169.647		543.769
2265		-226.342		561.654
2266		-570.049		365.462
2267		-757.088		21.3946
2268		-738.493		-361.163
2269		-532.832		-668.275
2270		-214.683		-818.438
2271		114.266		-785.257
2272		359.645		-599.7
2273		462.089		-333.896
2274		410.152		-74.5985
2275		236.931		103.437
2276		4.65552		155.999
2277		-215.579		76.3002
2278		-362.211		-108.757
2279		-395.766		-349.059
2280		-304.668		-584.323
2281		-105.38		-756.805
2282		161.779		-822.403
2283		440.401		-759.523
2284		669.075		-574.683
2285		794.906		-303.1
2286		787.084		-2.52848
2287		646.625		259.829
2288		408.278		424.87
2289		132.46		458.594
2290		-111.465		362.621
2291		-265.593		173.869
2292		-300.6		-47.2127
2293		-223.385		-236.018
2294		-72.4961		-343.864
2295		96.6418		-351.547
2296		230.802		-271.904
2297		295.088		-141.409
2298		280.628		-5.12312
2299		202.286		98.5496
2300		89.012		147.697
2301		-27.9819		138.833
2302		-124.184		82.2587
2303		-185.247		-5.28183
2304		-205.557		-106.547
2305		-184.856		-206.128
2306		-126.103		-289.732
2307		-36.1126		-342.975
2308		72.0166		-352.358
2309		177.436		-309.398
2310		253.747		-216.346
2311		275.675		-90.1973
2312		228.315		38.2666
2313		115.028		131.597
2314		-40.0654		157.196
2315		-197.083		99.0051
2316		-311.797		-35.4093
2317		-349.534		-215.582
2318		-296.426		-396.763
2319		-163.902		-533.379
2320		15.0056		-592.541
2321		195.846		-563.056
2322		335.622		-457.432
2323		404.125		-307.095
2324		390.74		-153.147
2325		305.768		-35.8341
2326		177.017		14.6318
2327		43.2974		-15.552
2328		-53.7124		-120.618
2329		-78.1996		-275.299
2330		-8.77101		-438.318
2331		154.37		-559.628
2332		385.52		-591.251
2333		635.081		-500.306
2334		838.157		-281.164
2335		929.702		37.3894
2336		863.075		393.698
2337		626.736		705.09
2338		253.183		888.238
2339		-184.116		882.838
2340		-586.533		671.447
2341		-855.316		288.736
2342		-918.913		-183.746
2343		-754.393		-636.782
2344		-396.174		-961.693
2345		71.0766		-1079.62
2346		533.782		-963.405
2347		879.285		-645.65
2348		1025.86		-210.49
2349		944.551		228.832
2350		666.675		560.476
2351		274.798		704.233
2352		-120.494		633.03
2353		-411.677		379.567
2354		-524.46		25.9777
2355		-438.296		-320.763
2356		-190.989		-560.62
2357		134.235		-629.965
2358		435.394		-519.575
2359		623.857		-275.384
2360		651.515		18.3196
2361		524.092		267.627
2362		296.308		399.923
2363		50.8829		386.383
2364		-130.859		248.544
2365		-196.173		47.2573
2366		-136.345		-141.14
2367		14.3543		-252.157
2368		194.613		-253.865
2369		339.801		-154.102
2370		404.036		7.03233
2371		372.746		174.852
2372		262.501		300.004
2373		110.287		352.965
2374		-41.7619		328.829
2375		-159.49		242.856
2376		-223.367		120.948
2377		-228.222		-9.61433
2378		-178.952		-125.517
2379		-86.2374		-208.373
2380		35.0872		-243.661
2381		165.169		-220.848
2382		278.363		-136.451
2383		345.665		1.02875
2384		341.662		167.654
2385		254.261		325.808
2386		92.8205		432.76
2387		-110.089		454.093
2388		-305.865		376.901
2389		-444.542		216.786
2390		-491.719		14.7146
2391		-440.851		-175.978
2392		-315.554		-307.733
2393		-160.67		-354.868
2394		-25.6221		-321.173
2395		53.1067		-236.163
2396		63.3804		-142.018
2397		18.5996		-77.0609
2398		-50.8491		-62.671
2399		-111.34		-98.4821
2400		-138.685		-166.668
2401		-124.731		-242.124
2402		-76.216		-303.222
2403		-7.96191		-338.436
2404		65.2974		-346.802
2405		134.292		-333.536
2406		195.809		-304.243
2407		249.408		-261.286
2408		293.151		-204.069
2409		321.42		-132.423
2410		326.337		-50.4945
2411		301.932		31.6923
2412		248.561		100.343
2413		174.797		142.855
2414		95.4078		153.111
2415		26.1457		134.313
2416		-22.2353		97.7713
2417		-47.8799		58.1187
2418		-57.8274		27.1293
2419		-64.1691		8.96638
2420		-78.1865		-1.10996
2421		-105.071		-14.198
2422		-141.359		-42.667
2423		-175.88		-94.7305
2424		-193.52		-170.718
2425		-180.195		-262.124
2426		-127.351		-353.344
2427		-34.8573		-425.235
2428		88.0837		-459.42
2429		223.904		-442.515
2430		349.288		-369.712
2431		439.253		-247.221
2432		472.398		-92.9032
2433		436.566		65.6593
2434		333.545		196.055
2435		181.055		268.419
2436		10.6006		263.645
2437		-139.136		179.925
2438		-232.026		35.1094
2439		-244.603		-136.552
2440		-173.255		-292.859
2441		-35.9315		-394.954
2442		132.438		-417.962
2443		289.442		-357.638
2444		396.621		-231.054
2445		429.349		-71.3817
2446		382.454		81.3061
2447		270.435		190.328
2448		122.866		230.994
2449		-23.2842		195.697
2450		-132.317		94.8583
2451		-177.639		-45.8868
2452		-147.507		-191.407
2453		-47.879		-304.659
2454		98.1879		-354.99
2455		254.862		-325.758
2456		381.325		-219.547
2457		441.823		-59.2201
2458		415.69		116.342
2459		304.391		261.591
2460		132.865		336.724
2461		-56.1274		319.64
2462		-213.673		213.418
2463		-299.123		46.3853
2464		-292.623		-135.873
2465		-201.386		-284.337
2466		-57.3426		-361.756
2467		93.2663		-354.123
2468		204.881		-274.487
2469		247.124		-157.886
2470		213.957		-49.2666
2471		124.641		11.3755
2472		16.5232		1.62656
2473		-67.557		-76.8967
2474		-92.9075		-199.939
2475		-43.3503		-328.83
2476		74.5512		-422.494
2477		234.095		-449.383
2478		396.478		-395.958
2479		521.533		-269.788
2480		578.103		-97.0018
2481		551.545		84.6676
2482		446.888		235.208
2483		287.338		321.736
2484		108.779		326.009
2485		-48.4257		248.594
2486		-148.632		108.905
2487		-169.239		-58.9386
2488		-106.355		-213.758
2489		23.6463		-316.993
2490		187.385		-342.341
2491		342.251		-282.975
2492		447.153		-154.196
2493		473.669		9.67343
2494		414.502		163.942
2495		286.513		265.809
2496		126.846		286.96
2497		-17.3408		222.648
2498		-102.906		94.1025
2499		-104.373		-57.101
2500		-22.7051		-181.526
2501		114.06		-237.599
2502		259.074		-205.517
2503		361.577		-94.5199
2504		383.696		59.3028
2505		313.426		204.332
2506		169.197		290.247
2507		-5.73575		284.675
2508		-157.265		183.885
2509		-237.889		13.8704
2510		-221.612		-178.395
2511		-111.277		-340.184
2512		63.7597		-429.232
2513		258.111		-425.424
2514		424.738		-334.5
2515		528.052		-183.564
2516		551.705		-11.0711
2517		499.632		144.523
2518		391.543		253.665
2519		255.75		300.229
2520		122.24		281.909
2521		17.6323		208.153
2522		-37.9695		97.4317
2523		-33.2127		-25.3867
2524		32.3597		-132.007
2525		146.54		-195.027
2526		284.501		-193.963
2527		412.342		-121.847
2528		494.737		10.1767
2529		505.204		173.075
2530		435.55		326.456
2531		300.437		430.244
2532		134.285		457.73
2533		-19.2432		404.917
2534		-121.705		292.078
2535		-152.723		156.426
2536		-116.037		38.5591
2537		-36.3044		-31.8771
2538		51.8435		-45.49
2539		117.657		-13.815
2540		145.071		38.3416
2541		136.133		84.932
2542		106.319		109.387
2543		74.7669		109.371
2544		54.6242		94.1074
2545		48.1648		76.5317
2546		48.5745		64.9258
2547		46.6899		58.5659
2548		38.4725		49.4772
2549		28.8126		28.9439
2550		29.44		-5.18469
2551		52.0517		-44.7547
2552		100.466		-73.5353
2553		166.229		-74.5533
2554		230.365		-38.86
2555		270.754		28.8184
2556		271.671		110.596
2557		230.908		182.065
2558		161.026		221.987
2559		84.263		220.511
2560		23.6217		182.268
2561		-5.63901		123.299
2562		-0.409409		63.7769
2563		31.3627		20.2222
2564		75.8808		0.732956
2565		119.669		4.71541
2566		153.637		26.1202
2567		173.701		57.5457
2568		178.884		92.6666
2569		169.213		126.078
2570		145.48		151.708
2571		111.216		162.135
2572		75.1939		150.608
2573		51.7387		115.608
2574		56.9188		65.5578
2575		101.076		20.1655
2576		180.813		5.9437
2577		274.933		46.198
2578		347.867		149.083
2579		360.958		299.274
2580		288.042		458.169
2581		128.968		574.283
2582		-85.3487		600.949
2583		-299.724		514.715
2584		-451.876		326.809
2585		-493.869		82.3625
2586		-409.564		-153.049
2587		-221.117		-314.816
2588		18.1057		-360.578
2589		241.434		-283.409
2590		390.647		-112.288
2591		433.452		99.6047
2592		370.735		293.606
2593		232.051		423.91
2594		62.4494		469.124
2595		-93.4361		434.018
2596		-204.002		342.627
2597		-256.29		226.897
2598		-254.345		115.899
2599		-212.873		29.1931
2600		-149.94		-24.622
2601		-81.6485		-45.5773
2602		-19.9146		-38.702
2603		27.3976		-11.1996
2604		55.5998		28.819
2605		62.8506		72.6331
2606		50.6016		111.393
2607		24.0456		137.511
2608		-8.47929		146.707
2609		-37.5933		139.628
2610		-55.9193		121.886
2611		-60.7276		102.056
2612		-54.82		88.32
2613		-45.1021		85.2392
2614		-39.4576		92.1442
2615		-43.4095		103.859
2616		-58.1158		113.258
2617		-80.4762		114.273
2618		-104.971		103.882
2619		-125.989		82.325
2620		-139.301		51.9098
2621		-142.1		15.5735
2622		-132.068		-23.6112
2623		-106.71		-61.6051
2624		-64.1088		-91.9966
2625		-5.26898		-105.518
2626		63.0317		-91.7884
2627		126.852		-43.4497
2628		166.894		38.7241
2629		163.925		142.233
2630		106.348		243.219
2631		-3.07854		311.82
2632		-144.571		321.351
2633		-284.689		258.169
2634		-385.294		128.307
2635		-415.295		-42.0917
2636		-360.967		-213.228
2637		-231.01		-342.987
2638		-54.4814		-399.217
2639		127.576		-368.75
2640		273.714		-260.31
2641		352.874		-100.934
2642		351.186		72.217
2643		273.421		221.468
2644		139.849		316.722
2645		-19.4864		340.395
2646		-170.961		289.172
2647		-282.846		173.562
2648		-329.946		16.2307
2649		-297.865		-150.653
2650		-186.969		-289.66
2651		-15.0877		-364.634
2652		182.844		-349.286
2653		359.978		-236.057
2654		467.918		-42.0843
2655		470.345		191.038
2656		355.826		405.483
2657		144.881		542.323
2658		-112.386		559.408
2659		-348.74		445.993
2660		-499.174		228.482
2661		-520.99		-35.5614
2662		-407.684		-273.873
2663		-191.549		-421.186
2664		66.092		-438.892
2665		293.741		-326.056
2666		431.172		-118.326
2667		446.349		124.363
2668		342.654		336.611
2669		154.967		466.365
2670		-62.9788		487.896
2671		-255.037		405.783
2672		-377.478		250.088
2673		-408.342		65.6147
2674		-349.9		-100.738
2675		-225.1		-210.995
2676		-70.1872		-243.435
2677		74.2084		-195.682
2678		171.812		-83.9696
2679		198.191		60.8107
2680		146.161		199.742
2681		28.0966		294.553
2682		-125.909		317.093
2683		-274.617		257.488
2684		-376.198		128.342
2685		-400.334		-37.1784
2686		-338.119		-193.9
2687		-206.034		-297.889
2688		-41.8246		-320.324
2689		106.984		-257.067
2690		198.32		-130.192
2691		209.144		19.4512
2692		142.384		146.1
2693		24.6974		214.252
2694		-103.884		209.534
2695		-204.206		141.452
2696		-250.56		37.5851
2697		-237.056		-67.7863
2698		-176.136		-145.655
2699		-90.9792		-180.205
2700		-5.87202		-170.322
2701		61.1546		-125.466
2702		100.869		-59.0819
2703		110.805		16.6895
2704		91.2154		92.6481
2705		42.2883		160.656
2706		-35.3224		210.614
2707		-136.97		229.388
2708		-250.032		203.595
2709		-352.787		125.75
2710		-418.29		0.88406
2711		-422.838		-150.216
2712		-355.882		-293.957
2713		-226.922		-393.152
2714		-65.6258		-419.551
2715		85.8816		-364.737
2716		186.262		-244.729
2717		208.855		-95.9273
2718		150.864		36.4082
2719		34.2437		112.932
2720		-101.958		112.72
2721		-214.733		39.0358
2722		-270.704		-83.2888
2723		-255.385		-217.237
2724		-175.405		-325.759
2725		-53.9664		-382.221
2726		77.819		-376.026
2727		190.072		-312.626
2728		260.857		-209.34
2729		279.227		-89.4737
2730		245.152		23.03
2731		167.747		107.382
2732		63.1179		148.369
2733		-47.808		138.196
2734		-141.908		78.1767
2735		-197.604		-20.1369
2736		-199.721		-135.529
2737		-144.34		-240.464
2738		-41.7423		-307.275
2739		84.4049		-315.843
2740		202.277		-260.228
2741		280.433		-151.615
2742		296.989		-16.024
2743		246.211		112.809
2744		140.126		203.067
2745		4.62669		233.698
2746		-128.393		199.515
2747		-229.955		111.179
2748		-280.961		-9.31454
2749		-275.334		-135.485
2750		-219.188		-242.966
2751		-127.353		-313.986
2752		-19.1273		-339.218
2753		85.3329		-317.681
2754		167.592		-255.863
2755		212.982		-166.758
2756		212.807		-68.6865
2757		166.766		16.9034
2758		84.7301		69.332
2759		-13.6168		74.0142
2760		-102.416		27.6968
2761		-156.424		-58.7013
2762		-159.133		-161.637
2763		-109.183		-251.363
2764		-22.1133		-301.554
2765		74.0035		-298.738
2766		148.026		-247.706
2767		176.975		-170.327
2768		154.666		-97.8144
2769		94.1631		-59.1874
2770		22.9		-70.4322
2771		-27.6647		-128.655
2772		-33.7476		-213.502
2773		12.347		-295.12
2774		100.251		-345.238
2775		206.367		-346.884
2776		303.065		-299.041
2777		368.209		-214.98
2778		391.241		-115.74
2779		373.97		-22.0903
2780		326.726		51.4875
2781		262.53		98.736
2782		192.349		119.635
2783		123.476		116.577
2784		61.0283		91.388
2785		10.789		45.024
2786		-19.088		-20.0644
2787		-19.2108		-96.6559
2788		17.1191		-171.068
2789		89.0249		-224.872
2790		184.937		-240.09
2791		283.424		-206.015
2792		358.428		-124.702
2793		387.308		-12.4334
2794		358.646		103.92
2795		276.72		194.616
2796		160.802		236.081
2797		39.4957		217.98
2798		-57.7519		145.907
2799		-108.938		39.0117
2800		-104.886		-76.1877
2801		-50.3825		-173.4
2802		38.6345		-233.051
2803		140.273		-246.014
2804		232.359		-214.189
2805		297.068		-148.608
2806		323.848		-66.1795
2807		310.678		13.9601
2808		263.999		74.0094
2809		197.512		100.801
2810		129.796		88.6619
2811		80.6539		41.3327
2812		66.454		-27.8471
2813		95.397		-98.1883
2814		164.152		-146.42
2815		257.333		-153.074
2816		350.609		-108.685
2817		417.004		-17.6674
2818		434.7		101.756
2819		393.853		221.95
2820		300.096		313.435
2821		173.426		353.285
2822		42.7635		331.661
2823		-62.0909		254.433
2824		-118.509		141.173
2825		-116.674		19.3855
2826		-61.3038		-83.0601
2827		30.66		-144.942
2828		135.3		-156.256
2829		228.104		-119.453
2830		289.669		-47.5174
2831		309.466		40.1076
2832		287.147		122.441
2833		231.571		181.549
2834		158.143		205.987
2835		85.1727		192.67
2836		29.947		147.078
2837		5.11123		81.8405
2838		15.9551		13.9172
2839		59.1431		-39.2241
2840		123.311		-63.7536
2841		191.629		-53.0428
2842		245.96		-9.66257
2843		271.685		54.9276
2844		261.905		123.193
2845		219.723		176.281
2846		157.707		199.474
2847		94.4751		186.697
2848		49.2511		142.599
2849		36.0223		81.3926
2850		59.1409		22.6494
2851		111.873		-14.6905
2852		178.448		-18.1962
2853		239.006		14.2318
2854		275.807		73.8723
2855		278.654		144.166
2856		247.71		206.106
2857		192.884		244.143
2858		130.166		250.602
2859		76.3505		227.241
2860		44.1026		183.678
2861		38.966		133.616
2862		59.0582		90.4513
2863		97.0607		63.906
2864		143.294		58.6162
2865		188.467		74.661
2866		225.148		109.159
2867		247.867		157.79
2868		252.511		215.43
2869		235.996		275.865
2870		196.858		331.261
2871		136.672		372.354
2872		61.4742		389.979
2873		-17.9618		377.768
2874		-87.7446		334.985
2875		-134.28		268.139
2876		-148.405		190.279
2877		-128.624		117.836
2878		-82.0274		65.9602
2879		-22.3585		44.0324
2880		34.1488		53.0431
2881		73.6147		85.7747
2882		88.2834		129.585
2883		77.9975		170.588
2884		49.1747		197.631
2885		12.0582		204.781
2886		-22.4916		191.854
2887		-45.5559		163.388
2888		-51.5746		126.892
2889		-38.7884		91.1418
2890		-9.19417		64.7919
2891		31.6515		55.1309
2892		75.0836		66.6708
2893		110.476		99.5953
2894		127.448		148.618
2895		118.922		203.131
2896		84.1062		249.298
2897		30.0179		273.973
2898		-29.5942		269.285
2899		-78.1109		236.09
2900		-101.591		184.598
2901		-93.9334		131.469
2902		-59.4615		94.2076
2903		-11.6764		84.9278
2904		31.5108		106.005
2905		54.2026		149.398
2906		48.0123		199.894
2907		14.4745		240.824
2908		-36.3817		259.847
2909		-90.3748		252.493
2910		-134.345		222.369
2911		-159.985		178.476
2912		-165.066		131.31
2913		-152.23		89.6235
2914		-126.614		59.0339
2915		-93.8607		42.3869
2916		-59.427		40.8342
2917		-28.9836		54.3558
2918		-8.85631		81.1293
2919		-5.36668		116.225
2920		-22.7057		150.896
2921		-60.1321		173.699
2922		-110.118		173.772
2923		-158.99		145.25
2924		-190.576		90.8308
2925		-191.819		22.4936
2926		-158.123		-41.528
2927		-95.9639		-82.7246
2928		-21.3679		-88.9447
2929		45.4176		-58.9243
2930		86.9672		-2.75558
2931		94.5865		61.9166
2932		70.7394		116.339
2933		27.2211		147.039
2934		-19.8587		149.662
2935		-55.9726		129.044
2936		-72.5471		96.028
2937		-68.3937		62.8311
2938		-48.2737		39.0457
2939		-19.8865		29.6637
2940		9.05391		35.2743
2941		32.5082		53.5406
2942		46.4123		80.7246
2943		48.271		112.462
2944		36.9452		143.811
2945		13.0768		169.256
2946		-20.1574		183.378
2947		-56.7867		182.397
2948		-89.0215		165.965
2949		-109.517		138.16
2950		-114.119		106.793
2951		-103.785		80.9334
2952		-84.5665		67.5558
2953		-65.4224		68.789
2954		-54.7049		81.0956
2955		-56.8691		96.8363
2956		-70.8967		107.526
2957		-91.0984		107.279
2958		-109.809		94.8991
2959		-120.622		73.784
2960		-120.651		49.9338
2961		-110.945		29.2203
2962		-95.1702		15.2915
2963		-77.54		8.96518
2964		-61.1814		9.04757
2965		-47.6773		13.7538
2966		-37.6926		21.7074
2967		-31.9194		31.947
2968		-31.4441		43.1392
2969		-37.1267		52.7976
2970		-48.3399		57.3609
2971		-61.9837		53.4337
2972		-72.6774		39.6968
2973		-74.4147		18.4166
2974		-63.095		-4.4744
2975		-38.7237		-21.0882
2976		-6.08609		-24.4973
2977		26.6155		-11.5679
2978		50.6759		15.6267
2979		60.0835		50.5073
2980		53.5812		84.4958
2981		34.7422		110.171
2982		10.1634		123.686
2983		-13.2622		125.505
2984		-30.7274		119.382
2985		-40.6224		110.325
2986		-44.1899		102.596
2987		-44.2504		98.5732
2988		-43.8198		98.6548
2989		-45.2352		101.851
2990		-49.9033		106.454
2991		-58.3579		110.436
2992		-70.2339		111.608
2993		-84.0459		107.903
2994		-97.0509		98.0274
2995		-105.651		82.3671
2996		-106.551		63.6091
2997		-98.3505		46.4337
2998		-82.7701		36.0403
2999		-64.6509		35.9527
3000		-50.3788		46.1518
3001		-45.2578		62.6364
3002		-51.0757		78.9072
3003		-65.2112		88.8362
3004		-81.9429		89.5131
3005		-95.4421		82.4897
3006		-102.902		72.5836
3007		-105.993		64.723
3008		-109.618		60.5244
3009		-118.401		56.6572
3010		-132.746		46.2615
3011		-146.831		23.0605
3012		-150.103		-13.8195
3013		-132.077		-57.0217
3014		-88.37		-92.1149
3015		-24.8916		-102.838
3016		42.2974		-78.3782
3017		92.0343		-19.3149
3018		106.166		60.8114
3019		77.2089		139.487
3020		12.0238		193.346
3021		-70.3388		206.982
3022		-145.791		178.594
3023		-194.234		120.019
3024		-206.508		51.2998
3025		-186.382		-7.57996
3026		-147.087		-44.0001
3027		-104.465		-55.9416
3028		-70.1654		-50.1908
3029		-48.0127		-37.0052
3030		-34.8005		-24.2879
3031		-24.4395		-14.2165
3032		-12.8223		-3.69871
3033		-0.675251		12.1225
3034		6.96706		35.643
3035		4.05175		64.3615
3036		-12.5454		91.5408
3037		-40.7507		109.441
3038		-73.9502		113.171
3039		-104.101		102.947
3040		-125.452		83.571
3041		-136.77		61.5474
3042		-140.92		41.6141
3043		-142.213		24.6849
3044		-143.209		8.32013
3045		-142.919		-10.6874
3046		-137.478		-33.2651
3047		-122.85		-56.452
3048		-97.9461		-74.2697
3049		-66.2384		-80.6396
3050		-34.8482		-72.7071
3051		-11.5141		-52.6591
3052		-1.0846		-26.9713
3053		-3.45586		-3.46574
3054		-14.0599		12.2071
3055		-26.5668		18.7389
3056		-36.2222		18.8562
3057		-41.9099		16.8376
3058		-45.802		15.4074
3059		-50.8857		13.9127
3060		-57.9261		8.92877
3061		-63.7994		-2.99737
3062		-62.3844		-22.0596
3063		-47.7435		-43.3736
3064		-17.959		-57.9188
3065		22.4949		-56.0501
3066		63.3014		-31.9589
3067		91.7446		13.1327
3068		97.5274		70.6871
3069		76.7262		127.684
3070		33.0927		171.247
3071		-23.7515		192.917
3072		-82.1633		190.742
3073		-132.426		168.537
3074		-169.028		133.126
3075		-190.581		91.2731
3076		-198.012		47.8862
3077		-192.515		6.12932
3078		-174.667		-31.1537
3079		-145.194		-60.0832
3080		-106.71		-75.7203
3081		-65.0452		-73.7326
3082		-28.8922		-52.9518
3083		-7.48177		-17.3107
3084		-7.15416		24.1946
3085		-28.4735		59.9088
3086		-65.4156		79.4332
3087		-107.209		77.3469
3088		-142.128		55.0424
3089		-161.595		19.8568
3090		-162.815		-18.0533
3091		-148.924		-49.6252
3092		-126.814		-69.8744
3093		-103.838		-78.8023
3094		-84.9329		-80.1497
3095		-71.3277		-78.8886
3096		-61.0773		-78.767
3097		-50.801		-80.9459
3098		-37.5978		-84.0508
3099		-20.2879		-85.2378
3100		0.322754		-81.5289
3101		21.8952		-70.8038
3102		41.2448		-52.2653
3103		54.9276		-26.5708
3104		59.7352		4.09689
3105		53.323		35.9757
3106		35.1129		63.9556
3107		7.23869		82.471
3108		-25.0462		87.1503
3109		-54.1186		76.7933
3110		-72.0899		54.7703
3111		-73.7361		28.8959
3112		-59.0776		9.34523
3113		-34.2991		5.09719
3114		-10.2356		20.2334
3115		1.30112		51.7361
3116		-7.98045		89.9572
3117		-39.3984		121.822
3118		-86.4415		135.602
3119		-136.995		125.311
3120		-177.792		92.886
3121		-199.249		47.2408
3122		-198.69		0.640759
3123		-180.695		-36.0058
3124		-154.595		-56.9574
3125		-130.342		-63.0477
3126		-114.593		-60.3247
3127		-108.604		-56.749
3128		-108.612		-58.5284
3129		-108.265		-67.6554
3130		-101.847		-81.5308
3131		-86.8611		-94.5827
3132		-64.9919		-100.974
3133		-41.2366		-97.17
3134		-21.7758		-83.3679
3135		-11.5473		-63.3646
3136		-12.4563		-43.1031
3137		-22.7833		-28.5583
3138		-37.8575		-23.755
3139		-51.6422		-29.5439
3140		-58.6595		-43.4411
3141		-55.6487		-60.5006
3142		-42.4817		-74.9039
3143		-22.0833		-81.7667
3144		0.607311		-78.6032
3145		20.3069		-65.9703
3146		33.1264		-47.0564
3147		37.7461		-26.3432
3148		35.5658		-7.83904
3149		29.7512		6.40159
3150		23.5777		16.8345
3151		18.8107		25.7959
3152		14.8931		35.9728
3153		9.35033		48.7145
3154		-0.764038		63.0395
3155		-17.1039		75.8788
3156		-38.8712		83.473
3157		-62.9074		83.2226
3158		-85.0382		75.0137
3159		-101.994		61.2794
3160		-112.874		45.7124
3161		-119.327		31.2938
3162		-124.286		18.7202
3163		-129.903		6.15663
3164		-135.845		-9.44103
3165		-138.969		-30.0637
3166		-134.749		-54.6654
3167		-119.863		-78.6427
3168		-94.6467		-95.2842
3169		-64.0724		-98.6922
3170		-36.5343		-86.8661
3171		-20.7671		-63.4341
3172		-22.1563		-37.0642
3173		-40.0613		-18.6179
3174		-67.38		-17.1339
3175		-92.6234		-36.2613
3176		-103.717		-72.5611
3177		-92.0694		-116.294
3178		-55.4422		-154.312
3179		1.27146		-173.925
3180		67.3952		-166.426
3181		129.284		-129.284
3182		173.631		-66.6255
3183		190.412		11.8222
3184		174.932		92.8443
3185		128.772		162.418
3186		59.5592		208.528
3187		-20.4395		223.703
3188		-96.8129		206.797
3189		-156.244		163.446
3190		-189.764		104.814
3191		-195.038		44.6873
3192		-176.751		-4.35184
3193		-144.777		-34.4318
3194		-110.633		-44.2348
3195		-83.5613		-38.4113
3196		-67.8233		-24.8003
3197		-62.3404		-10.7035
3198		-62.7373		0.0596466
3199		-64.6739		7.9406
3200		-66.695		15.9966
3201		-71.0509		26.7575
3202		-82.0107		39.4274
3203		-102.561		49.1094
3204		-131.345		48.7012
3205		-161.697		32.6423
3206		-183.625		0.591305
3207		-188.021		-41.038
3208		-171.132		-80.7793
3209		-136.997		-106.536
3210		-96.4344		-110.759
3211		-62.8285		-93.8929
3212		-46.5581		-64.3557
3213		-50.665		-34.938
3214		-69.7966		-17.2511
3215		-92.9166		-16.8033
3216		-108.468		-30.9682
3217		-109.539		-50.696
3218		-96.652		-65.021
3219		-77.033		-66.1432
3220		-60.9278		-52.7174
3221		-56.8917		-29.9983
3222		-68.2921		-7.08109
3223		-92.4633		7.17244
3224		-122.526		7.50087
3225		-150.598		-6.50183
3226		-170.656		-31.3941
3227		-179.774		-62.1374
3228		-177.592		-94.1139
3229		-164.895		-123.867
3230		-142.562		-148.521
3231		-111.72		-164.757
3232		-74.9513		-168.542
3233		-37.545		-156.264
3234		-7.54318		-126.968
3235		6.0765		-84.4652
3236		-3.33108		-37.8814
3237		-36.7534		0.168571
3238		-87.8252		17.437
3239		-143.862		6.47417
3240		-189.516		-32.2516
3241		-211.729		-89.9697
3242		-204.046		-152.22
3243		-168.597		-203.461
3244		-115.113		-231.869
3245		-57.518		-232.592
3246		-9.54642		-208.484
3247		19.0083		-168.426
3248		24.3395		-124.198
3249		8.72077		-87.1456
3250		-20.8856		-65.6012
3251		-54.9433		-63.4533
3252		-83.5559		-79.7787
3253		-98.4757		-109.272
3254		-94.8191		-143.321
3255		-72.3597		-171.719
3256		-36.0756		-185.007
3257		4.49557		-177.116
3258		37.3544		-147.617
3259		51.3347		-102.666
3260		39.7154		-53.9598
3261		2.88322		-15.6796
3262		-51.0865		-0.22438
3263		-108.381		-14.1647
3264		-153.427		-55.8807
3265		-173.569		-115.79
3266		-162.857		-179.101
3267		-123.704		-230.12
3268		-65.9986		-256.646
3269		-4.16464		-253.112
3270		46.7718		-221.722
3271		74.9368		-171.529
3272		74.3149		-116.001
3273		45.9909		-69.7731
3274		-2.12936		-45.2944
3275		-56.9918		-49.9024
3276		-103.246		-83.8267
3277		-126.893		-139.62
3278		-119.066		-203.436
3279		-78.929		-258.235
3280		-14.6341		-288.358
3281		58.3756		-284.243
3282		121.575		-245.677
3283		158.895		-182.214
3284		161.703		-110.353
3285		131.333		-48.3129
3286		78.1714		-10.3259
3287		17.6711		-2.60606
3288		-35.0159		-22.4805
3289		-69.5679		-60.7491
3290		-82.4662		-105.929
3291		-76.0023		-148.308
3292		-55.3631		-182.044
3293		-25.6643		-204.784
3294		9.41972		-215.667
3295		46.9342		-213.465
3296		82.7452		-196.372
3297		110.228		-163.813
3298		121.069		-119.165
3299		108.433		-71.4075
3300		71.1828		-33.9837
3301		16.7658		-20.5447
3302		-39.3101		-39.0673
3303		-78.0629		-87.0799
3304		-84.2343		-150.649
3305		-53.1029		-208.282
3306		6.29506		-238.624
3307		73.3702		-228.941
3308		123.087		-180.746
3309		135.235		-110.056
3310		102.094		-42.028
3311		31.4368		-2.12565
3312		-56.189		-7.36623
3313		-134.534		-60.9705
3314		-180.074		-152.087
3315		-178.613		-260.064
3316		-128.086		-361.041
3317		-37.419		-434.207
3318		77.1258		-465.822
3319		196.216		-450.598
3320		300.928		-391.192
3321		375.129		-296.992
3322		407.3		-182.844
3323		392.384		-67.5261
3324		333.621		28.7374
3325		243.437		88.1544
3326		142.137		100.094
3327		53.7188		65.0653
3328		-0.576607		-4.03597
3329		-8.93055		-84.7076
3330		26.8087		-151.324
3331		91.3318		-183.266
3332		160.834		-171.643
3333		211.032		-121.954
3334		225.17		-51.6121
3335		198.978		16.5466
3336		140.908		62.1036
3337		68.0162		73.1811
3338		-0.410828		48.836
3339		-48.789		-2.49845
3340		-68.7266		-67.1079
3341		-59.527		-130.523
3342		-26.5594		-180.822
3343		21.0505		-210.203
3344		72.3526		-215.399
3345		116		-197.833
3346		141.805		-163.897
3347		143.051		-124.855
3348		119.348		-95.2971
3349		78.7942		-89.4738
3350		37.683		-116.006
3351		16.5901		-172.918
3352		33.3407		-245.603
3353		95.2091		-309.632
3354		193.785		-338.405
3355		305.403		-313.187
3356		397.925		-231.525
3357		441.822		-110.161
3358		421.313		19.3956
3359		340.917		121.39
3360		224.455		168.414
3361		106.701		151.028
3362		21.0211		80.5168
3363		-12.0199		-16.164
3364		9.40404		-106.925
3365		69.8504		-166.042
3366		144.253		-182.025
3367		208.043		-159.181
3368		245.44		-113.126
3369		252.933		-62.967
3370		237.473		-23.9008
3371		211.211		-3.08362
3372		185.781		0.325867
3373		168.61		-7.87274
3374		162.216		-20.7057
3375		165.712		-32.5704
3376		176.849		-39.7972
3377		193.132		-39.8669
3378		211.606		-30.6145
3379		228.035		-10.4602
3380		236.686		20.2834
3381		231.513		57.9612
3382		208.518		95.246
3383		168.133		122.659
3384		116.219		131.597
3385		62.876		117.568
3386		19.3799		82.0985
3387		-5.45945		32.3662
3388		-7.92439		-21.2532
3389		10.022		-68.561
3390		42.1646		-102.346
3391		80.5259		-119.628
3392		117.667		-121.28
3393		147.981		-110.763
3394		167.997		-92.9369
3395		176.314		-73.4137
3396		173.852		-58.2089
3397		164.47		-52.9693
3398		155.296		-61.2818
3399		155.759		-82.3743
3400		174.765		-109.399
3401		216.618		-129.793
3402		277.343		-128.551
3403		343.548		-93.8174
3404		395.188		-22.7452
3405		411.892		75.1321
3406		380.679		179.054
3407		301.841		262.922
3408		190.239		303.921
3409		71.1013		290.451
3410		-28.1448		226.048
3411		-86.6883		127.668
3412		-96.1891		19.2355
3413		-61.4978		-76.6197
3414		3.51479		-145.026
3415		82.5734		-181.088
3416		162.732		-187.617
3417		236.725		-170.367
3418		301.487		-133.76
3419		354.526		-79.4705
3420		390.88		-8.34508
3421		402.91		75.9347
3422		383.307		164.109
3423		329.733		241.713
3424		248.324		292.982
3425		153.761		306.658
3426		65.3195		280.812
3427		0.471302		224.164
3428		-31.0569		153.028
3429		-30.0078		85.2341
3430		-5.92835		33.8172
3431		27.8969		3.36391
3432		60.3197		-9.555
3433		86.1876		-12.497
3434		106.575		-12.0962
3435		125.732		-10.5311
3436		146.745		-5.17437
3437		168.393		8.70534
3438		184.867		33.9202
3439		188.352		68.3104
3440		173.022		104.281
3441		138.322		131.086
3442		90.0233		138.635
3443		38.7451		121.003
3444		-3.10364		78.2251
3445		-24.4937		16.0655
3446		-17.9434		-55.5905
3447		19.5531		-124.657
3448		86.3156		-178.418
3449		175.831		-204.833
3450		276.54		-194.181
3451		372.186		-141.463
3452		443.696		-49.2226
3453		473.095		70.5042
3454		448.847		196.679
3455		370.801		303.14
3456		252.429		365.328
3457		118.778		367.796
3458		0.16888		309.613
3459		-76.3855		205.348
3460		-94.962		80.9882
3461		-54.8288		-33.7657
3462		30.4627		-113.906
3463		138.244		-145.222
3464		243.795		-126.307
3465		326.562		-66.5941
3466		373.739		17.912
3467		380.975		109.091
3468		351.315		189.949
3469		293.766		246.556
3470		222.156		269.529
3471		153.808		255.904
3472		106.946		211.228
3473		96.1741		150.54
3474		126.846		96.4036
3475		190.644		73.0892
3476		265.219		97.9342
3477		319.618		173.039
3478		324.699		281.31
3479		264.948		389.731
3480		146.673		459.831
3481		-1.65295		461.876
3482		-138.021		387.057
3483		-221.669		252.272
3484		-228.156		94.9492
3485		-158.417		-40.3167
3486		-37.9493		-117.885
3487		93.4157		-123.265
3488		196.616		-66.5367
3489		246.828		23.8356
3490		239.946		113.35
3491		190.292		174.129
3492		121.898		192.567
3493		58.3775		169.702
3494		16.2087		115.914
3495		3.67619		44.1435
3496		24.1124		-34.1646
3497		79.691		-108.624
3498		172.092		-166.566
3499		298.838		-190.64
3500		447.517		-160.926
3501		592.337		-62.3991
3502		697.079		105.153
3503		725.394		320.165
3504		655.182		540.345
3505		490.672		713.504
3506		265.798		795.057
3507		35.749		765.245
3508		-141.095		638.322
3509		-223.929		458.927
3510		-204.301		286.325
3511		-108.466		172.684
3512		13.8502		144.334
3513		109.503		193.749
3514		142.298		285.25
3515		105.263		371.451
3516		20.2801		412.997
3517		-73.7796		393.195
3518		-138.45		321.992
3519		-150.812		228.783
3520		-110.405		148.432
3521		-36.2193		107.2
3522		43.4227		114.43
3523		102.614		162.356
3524		126.037		232.44
3525		110.994		304.028
3526		64.1271		360.953
3527		-3.98878		393.807
3528		-82.929		398.387
3529		-163.393		372.852
3530		-235.679		316.32
3531		-287.96		230.151
3532		-306.718		120.985
3533		-280.217		3.14509
3534		-203.828		-101.97
3535		-84.5587		-170.371
3536		57.8507		-182.648
3537		194.495		-131.048
3538		294.69		-23.5565
3539		334.689		116.829
3540		304.742		257.473
3541		212.281		364.359
3542		80.5281		410.684
3543		-56.77		383.538
3544		-162.899		287.325
3545		-206.372		143.538
3546		-168.345		-12.9225
3547		-48.0536		-140.406
3548		134.881		-199.42
3549		342.414		-162.485
3550		524.943		-22.8399
3551		632.561		200.682
3552		628.453		465.05
3553		500.742		711.698
3554		268.644		881.078
3555		-20.0011		929.27
3556		-300.11		841.459
3557		-506.73		637.528
3558		-593.13		367.482
3559		-543.805		97.8293
3560		-378.26		-106.783
3561		-144.619		-200.87
3562		94.4762		-169.165
3563		278.945		-28.6586
3564		366.215		178.032
3565		340.272		395.117
3566		213.378		567.962
3567		21.1466		655.675
3568		-186.984		639.559
3569		-359.506		526.38
3570		-454.638		346.297
3571		-450.165		145.857
3572		-349.394		-23.0214
3573		-181.397		-116.283
3574		5.55222		-110.261
3575		156.79		-9.80199
3576		227.517		151.394
3577		197.665		319.69
3578		79.9906		438.01
3579		-82.4281		465.012
3580		-229.563		390.23
3581		-304.746		239.199
3582		-274.848		65.9148
3583		-142.82		-65.2269
3584		52.3495		-101.698
3585		248.43		-21.1455
3586		380.779		160.9
3587		403.519		396.434
3588		303.575		620.954
3589		103.236		773.736
3590		-148.479		815.173
3591		-391.399		735.901
3592		-570.734		556.212
3593		-649.469		317.875
3594		-614.211		72.473
3595		-474.989		-129.821
3596		-261.149		-248.853
3597		-15.4811		-260.289
3598		212.481		-159.305
3599		374.206		37.4815
3600		431.226		292.718
3601		364.62		553.241
3602		182.329		760.176
3603		-79.1518		863.099
3604		-361.238		834.611
3605		-597.672		680.133
3606		-733.164		438.401
3607		-740.065		171.162
3608		-626.768		-55.2299
3609		-434.277		-190.094
3610		-221.895		-213.21
3611		-47.2814		-138.751
3612		51.6442		-7.24779
3613		66.4273		130.776
3614		16.5413		232.833
3615		-61.6932		277.349
3616		-130.455		267.283
3617		-163.748		224.501
3618		-154.132		178.527
3619		-111.644		154.862
3620		-56.9922		167.216
3621		-12.8469		215.44
3622		3.21861		288.283
3623		-17.6443		368.471
3624		-75.126		437.656
3625		-161.117		480.009
3626		-261.56		484.569
3627		-358.457		447.122
3628		-432.566		371.88
3629		-467.393		272.308
3630		-454.122		169.755
3631		-395.909		88.953
3632		-309.228		50.8798
3633		-220.598		65.2047
3634		-158.847		125.514
3635		-145.323		209.935
3636		-185.863		287.725
3637		-268.057		329.715
3638		-365.288		318.576
3639		-446.126		254.731
3640		-485.266		155.521
3641		-471.563		48.1889
3642		-410.128		-40.0689
3643		-318.226		-90.6891
3644		-217.5		-97.6129
3645		-126.415		-65.621
3646		-56.218		-5.00166
3647		-11.5031		74.0366
3648		6.09833		164.158
3649		-5.85084		259.81
3650		-51.6035		353.611
3651		-134.48		433.176
3652		-251.772		481.188
3653		-390.385		479.803
3654		-526.329		417.958
3655		-629.476		298.307
3656		-672.468		140.22
3657		-640.483		-23.2737
3658		-537.884		-154.154
3659		-388.795		-220.827
3660		-231.002		-208.217
3661		-105.126		-122.888
3662		-42.6907		8.58733
3663		-56.9891		147.393
3664		-139.517		253.772
3665		-262.818		298.351
3666		-388.633		270.228
3667		-478.882		179.721
3668		-506.426		55.2401
3669		-462.794		-64.8179
3670		-360.835		-143.032
3671		-231.424		-153.952
3672		-114.831		-92.0943
3673		-48.817		25.5676
3674		-56.7558		163.862
3675		-139.532		279.727
3676		-274.222		335.78
3677		-420.652		312.844
3678		-534.218		216.983
3679		-580.884		78.1166
3680		-549.064		-59.8462
3681		-453.851		-154.176
3682		-331.717		-178.397
3683		-227.373		-131.64
3684		-177.585		-38.6852
3685		-197.974		59.3579
3686		-277.691		120.172
3687		-383.744		115.441
3688		-473.044		40.5895
3689		-507.417		-84.1426
3690		-466.11		-221.045
3691		-351.755		-327.421
3692		-188.589		-368.508
3693		-14.5734		-326.73
3694		129.201		-205.167
3695		208.413		-25.4921
3696		202.499		177.822
3697		108.105		364.9
3698		-60.5475		497.949
3699		-273.795		548.211
3700		-491.041		502.035
3701		-667.826		365.326
3702		-765.269		164.878
3703		-760.413		-55.1444
3704		-654.592		-242.412
3705		-476.278		-350.105
3706		-275.821		-351.448
3707		-112.096		-249.995
3708		-34.403		-81.0481
3709		-65.6118		97.761
3710		-192.997		224.611
3711		-371.02		254.5
3712		-536.025		175.505
3713		-628.135		13.8923
3714		-612.545		-174.356
3715		-492.299		-322.934
3716		-307.655		-378.581
3717		-122.182		-319.924
3718		-0.687622		-164.991
3719		13.0087		35.086
3720		-89.3746		213.568
3721		-278.412		310.278
3722		-497.241		290.711
3723		-680.031		155.956
3724		-772.074		-58.9713
3725		-745.081		-296.786
3726		-603.661		-494.984
3727		-382.213		-602.741
3728		-134.394		-593.118
3729		81.0632		-468.134
3730		214.26		-256.638
3731		234.808		-6.52682
3732		137.62		226.35
3733		-56.6574		390.213
3734		-306.253		448.206
3735		-557.034		386.276
3736		-753.985		216.581
3737		-853.362		-24.5628
3738		-832.926		-284.265
3739		-697.679		-504.942
3740		-479.229		-637.907
3741		-228.454		-655.242
3742		-3.05769		-556.626
3743		146.73		-369.051
3744		190.363		-139.403
3745		123.68		77.9706
3746		-31.6138		235.067
3747		-235.183		301.5
3748		-439.532		270.277
3749		-602.184		157.001
3750		-695.201		-6.58821
3751		-709.803		-182.314
3752		-655.567		-335.487
3753		-555.215		-442.465
3754		-437.006		-494.305
3755		-327.022		-496.216
3756		-243.259		-463.638
3757		-192.669		-416.415
3758		-171.468		-372.749
3759		-168.204		-344.452
3760		-168.531		-334.572
3761		-160.265		-337.816
3762		-137.286		-343.476
3763		-101.165		-339.865
3764		-60.0756		-318.794
3765		-25.4239		-278.563
3766		-7.44917		-224.445
3767		-11.4565		-166.51
3768		-36.1473		-115.696
3769		-74.6837		-79.7662
3770		-117.971		-60.8734
3771		-158.645		-55.7728
3772		-193.904		-58.5373
3773		-225.797		-64.4258
3774		-258.804		-72.9447
3775		-295.863		-88.4334
3776		-334.904		-117.661
3777		-367.85		-165.412
3778		-382.993		-230.181
3779		-370.023		-302.288
3780		-325.574		-365.798
3781		-256.619		-403.917
3782		-179.772		-405.852
3783		-116.212		-372.187
3784		-83.9305		-316.214
3785		-90.3167		-260.176
3786		-128.201		-227.491
3787		-177.249		-233.779
3788		-210.521		-280.096
3789		-204.004		-351.094
3790		-145.738		-418.963
3791		-41.3267		-451.941
3792		86.0692		-424.59
3793		201.263		-326.578
3794		266.378		-167.34
3795		251.308		24.5996
3796		142.55		207.358
3797		-51.6605		335.003
3798		-301.054		368.383
3799		-558.049		285.254
3800		-766.895		87.613
3801		-875.851		-195.627
3802		-850.204		-511.964
3803		-683.165		-795.03
3804		-401.342		-979.526
3805		-62.0944		-1018.37
3806		258.171		-897.428
3807		482.929		-642.904
3808		556.991		-317.694
3809		463.975		-6.23794
3810		233.539		208.762
3811		-65.1685		270.961
3812		-342.92		168.256
3813		-517.139		-62.5385
3814		-537.352		-346.506
3815		-400.777		-593.858
3816		-152.602		-728.006
3817		129.145		-709.047
3818		358.863		-544.899
3819		470.047		-286.737
3820		434.487		-11.0146
3821		268.177		205.207
3822		23.1121		307.069
3823		-231.014		275.785
3824		-428.303		130.272
3825		-524.311		-82.2832
3826		-505.248		-302.382
3827		-387.594		-474.981
3828		-210.157		-562.369
3829		-22.2327		-550.783
3830		128.521		-450.738
3831		206.056		-292.539
3832		192.671		-118.769
3833		92.19		24.837
3834		-70.5609		99.0986
3835		-254.309		80.5094
3836		-409.953		-31.9397
3837		-492.32		-214.391
3838		-472.672		-421.987
3839		-348.383		-599.251
3840		-146.171		-694.994
3841		83.2377		-677.61
3842		278.362		-545.748
3843		384.499		-330.332
3844		370.01		-86.6558
3845		235.896		121.253
3846		15.436		238.979
3847		-235.901		236.805
3848		-456.678		116.826
3849		-596.368		-89.6395
3850		-627.612		-332.683
3851		-550.712		-558.335
3852		-390.162		-722.178
3853		-185.579		-798.335
3854		19.3505		-782.351
3855		186.613		-688.673
3856		290.352		-544.797
3857		319.733		-384.289
3858		278.87		-240.243
3859		184.712		-139.8
3860		63.4596		-99.8732
3861		-54.2951		-124.258
3862		-139.527		-202.675
3863		-171.108		-312.496
3864		-141.107		-423.528
3865		-57.3506		-505.288
3866		58.1046		-535.079
3867		174.71		-504.441
3868		262.007		-421.719
3869		298.468		-309.6
3870		277.707		-198.188
3871		209.935		-115.768
3872		118.166		-80.3215
3873		30.4659		-94.5485
3874		-29.1121		-145.981
3875		-47.8804		-211.966
3876		-27.8296		-267.714
3877		16.0276		-294.646
3878		61.538		-286.312
3879		87.4396		-250.014
3880		80.8331		-203.738
3881		41.6283		-169.503
3882		-17.4954		-165.405
3883		-75.5887		-199.072
3884		-110.858		-264.806
3885		-108.424		-345.474
3886		-65.6046		-418.534
3887		7.27618		-464.034
3888		90.9344		-471.569
3889		164.501		-443.45
3890		213.267		-392.781
3891		233.559		-337.23
3892		232.623		-291.189
3893		223.552		-259.888
3894		217.603		-238.249
3895		217.641		-215.182
3896		216.106		-181.361
3897		198.907		-136.654
3898		153.764		-93.207
3899		79.0863		-72.0125
3900		-11.1711		-93.8776
3901		-89.7118		-168.608
3902		-125.034		-287.496
3903		-93.9881		-423.091
3904		7.65917		-537.11
3905		161.522		-593.609
3906		331.72		-572.008
3907		476.898		-474.444
3908		564.109		-324.432
3909		578.819		-157.69
3910		527.193		-9.40121
3911		430.553		96.5168
3912		315.358		151.97
3913		203.783		162.237
3914		108.948		139.14
3915		35.8717		94.245
3916		-14.0564		35.7617
3917		-39.0407		-29.971
3918		-36.5008		-94.6785
3919		-6.77296		-145.907
3920		41.8387		-169.329
3921		90.9679		-155.551
3922		116.221		-107.972
3923		97.078		-46.5331
3924		28.4836		-3.46851
3925		-72.1811		-11.1008
3926		-167.804		-86.3403
3927		-214.686		-219.367
3928		-181.419		-373.11
3929		-65.0305		-495.607
3930		103.899		-541.085
3931		271.011		-490.714
3932		379.831		-363.151
3933		396.267		-208.942
3934		324.775		-90.071
3935		208.137		-53.0625
3936		109.979		-107.567
3937		87.1139		-220.448
3938		163.751		-328.66
3939		319.134		-365.754
3940		494.332		-290.632
3941		615.418		-106.06
3942		623.055		140.947
3943		495.902		376.692
3944		258.377		528.406
3945		-29.5327		550.078
3946		-294.907		436.297
3947		-476.725		219.87
3948		-542.87		-43.6922
3949		-493.993		-296.567
3950		-355.405		-494.923
3951		-163.234		-615.66
3952		47.6891		-653.703
3953		249.43		-614.507
3954		419.949		-507.777
3955		539.439		-346.118
3956		588.986		-148.175
3957		554.35		57.7367
3958		433.637		234.26
3959		244.283		342.28
3960		24.138		353.11
3961		-176.036		260.351
3962		-306.981		85.4292
3963		-336.795		-126.715
3964		-261.568		-320.851
3965		-106.307		-448.503
3966		84.0468		-482.061
3967		259.413		-420.814
3968		379.013		-287.6
3969		420.296		-118.932
3970		380.471		46.4062
3971		272.365		175.822
3972		118.35		246.7
3973		-54.4443		246.736
3974		-216.754		173.542
3975		-339.144		35.4041
3976		-395.668		-147.218
3977		-370.138		-342
3978		-263.204		-509.629
3979		-96.2327		-613.843
3980		91.8762		-633.774
3981		255.962		-573.074
3982		360.639		-460.419
3983		394.323		-339.267
3984		374.162		-250.021
3985		338.23		-212.14
3986		327.319		-214.867
3987		364.144		-221.95
3988		439.89		-189.341
3989		515.341		-88.3407
3990		537.239		76.6402
3991		463.21		264.693
3992		284.03		412.076
3993		32.6903		457.648
3994		-224.559		369.122
3995		-411.859		158.49
3996		-472.114		-120.254
3997		-388.073		-390.064
3998		-187.618		-578.202
3999		68.044		-640.515
4000		307.205		-573.254
4001		471.389		-409.266
4002		530.761		-202.312
4003		486.943		-7.69426
4004		365.142		132.664
4005		201.712		196.378
4006		33.5901		178.892
4007		-106.995		88.4014
4008		-193.502		-57.9313
4009		-205.474		-234.599
4010		-131.755		-407.178
4011		23.2381		-534.617
4012		233.691		-577.38
4013		452.347		-510.634
4014		619.896		-337.386
4015		682.869		-94.46
4016		613.924		153.93
4017		425.679		335.023
4018		170.764		392.633
4019		-73.7822		308.553
4020		-232.686		110.914
4021		-259.062		-134.725
4022		-150.752		-348.447
4023		50.0819		-464.078
4024		273.506		-451.211
4025		447.289		-323.042
4026		520.971		-128.222
4027		479.8		68.5376
4028		344.915		208.525
4029		162.074		255.572
4030		-14.8423		202.63
4031		-138.927		68.8312
4032		-179.863		-109.163
4033		-127.598		-287.071
4034		7.94452		-421.541
4035		199.028		-477.162
4036		403.622		-433.014
4037		571.536		-289.02
4038		654.526		-70.2913
4039		619.769		173.943
4040		463.013		379.652
4041		215.599		485.271
4042		-59.7128		452.294
4043		-285.334		281.41
4044		-393.5		16.5979
4045		-350.15		-266.379
4046		-168.271		-484.173
4047		95.4		-574.049
4048		359.778		-515.093
4049		547.502		-334.02
4050		610.638		-93.5519
4051		544.176		131.353
4052		383.012		279.442
4053		185.241		321.141
4054		9.88022		262.767
4055		-101.622		137.609
4056		-133.853		-10.1453
4057		-95.0456		-140.865
4058		-7.86978		-228.602
4059		100.686		-262.57
4060		205.91		-243.704
4061		287.54		-180.508
4062		329.762		-87.0645
4063		322.132		17.0101
4064		262.799		107.246
4065		162.442		158.352
4066		45.3535		151.94
4067		-55.3602		85.0469
4068		-108.404		-25.4131
4069		-96.862		-146.145
4070		-26.5843		-239.086
4071		74.6499		-276.762
4072		168.06		-254.245
4073		220.516		-191.491
4074		219.145		-124.198
4075		176.629		-87.1685
4076		124.329		-98.1728
4077		96.557		-150.343
4078		113.95		-216.87
4079		174.442		-265.378
4080		256.305		-274.236
4081		331.238		-242.057
4082		379.953		-185.405
4083		401.329		-126.346
4084		409.737		-77.332
4085		421.979		-32.7152
4086		441.518		27.2803
4087		449.944		121.337
4088		412.31		248.672
4089		295.572		378.48
4090		91.6738		455.157
4091		-166.965		419.565
4092		-409.455		237.952
4093		-548.029		-74.9086
4094		-511.777		-450.558
4095		-278.471		-784.423

 
--------------------------------------


