InputSignal - Magnitude   FFT Frequency Resolution: 0.976562
 
0	2.01141
1	1.15337
2	0.773974
3	0.668383
4	1.34621
5	2.17057
6	3.03048
7	4.64404
8	3.62295
9	0.794018
10	4.09489
11	3.18321
12	2.4946
13	3.00562
14	1.34295
15	1.92286
16	3.83883
17	3.72502
18	3.37678
19	1.27861
20	1.43885
21	0.821554
22	1.17956
23	1.74247
24	3.92707
25	4.02218
26	1.71483
27	0.697499
28	1.20934
29	2.0148
30	1.01483
31	3.0703
32	2.61028
33	3.01399
34	0.90388
35	3.56937
36	3.11625
37	2.63557
38	2.0234
39	0.871564
40	3.50924
41	3.59725
42	0.815337
43	1.75284
44	0.940493
45	2.35622
46	3.54277
47	1.09289
48	0.33531
49	0.228395
50	1.25022
51	2.67881
52	2.55427
53	1.43518
54	2.20343
55	2.21218
56	1.65487
57	2.16601
58	0.398973
59	2.16192
60	2.20971
61	0.265259
62	1.23128
63	1.57765
64	0.499687
65	2.48
66	2.38213
67	1.13185
68	0.537183
69	1.18986
70	1.59138
71	1.70891
72	1.07301
73	1.07171
74	1.48026
75	1.21416
76	1.77345
77	1.39882
78	0.616205
79	0.98101
80	1.05711
81	0.946051
82	1.57325
83	2.98866
84	1.33279
85	1.32054
86	1.69865
87	1.4785
88	1.0528
89	1.64382
90	1.67805
91	0.538987
92	1.30385
93	1.49375
94	0.601649
95	1.15991
96	1.69069
97	1.4561
98	0.442285
99	0.655371
100	1.04018
101	0.919093
102	0.882919
103	2.04749
104	2.15044
105	0.90244
106	0.5153
107	2.81034
108	2.53562
109	0.384064
110	1.41872
111	3.04193
112	4.45358
113	3.16331
114	1.92963
115	2.00339
116	1.50247
117	1.27574
118	1.66746
119	0.813571
120	0.951501
121	0.828286
122	1.36751
123	0.453703
124	1.26067
125	1.36237
126	1.27066
127	1.72836
128	1.22029
129	1.0353
130	1.22953
131	0.537636
132	0.298341
133	1.17629
134	0.688117
135	0.646395
136	0.812356
137	0.439032
138	0.5294
139	0.295563
140	1.17023
141	1.68953
142	1.90769
143	1.116
144	1.18682
145	1.1911
146	1.01225
147	0.489288
148	0.59183
149	0.391625
150	1.27569
151	0.825826
152	0.86619
153	1.43754
154	1.21927
155	0.611305
156	1.14075
157	0.793671
158	0.690766
159	1.96145
160	1.94697
161	1.63802
162	2.34644
163	2.88906
164	2.43068
165	1.66572
166	0.746531
167	0.447023
168	1.28894
169	1.16032
170	0.853826
171	0.672052
172	0.546133
173	0.491453
174	0.801772
175	1.44391
176	1.26954
177	1.75168
178	1.88568
179	1.51636
180	1.322
181	0.771093
182	1.02079
183	0.57363
184	2.21284
185	1.80454
186	1.62084
187	1.69477
188	0.752187
189	1.254
190	0.870341
191	1.25888
192	1.61968
193	0.631401
194	1.06718
195	1.45192
196	0.325156
197	0.924085
198	1.01025
199	0.41887
200	0.674467
201	0.372493
202	0.835489
203	3.79287
204	3.15271
205	0.5378
206	1.41911
207	0.684265
208	0.982537
209	1.49057
210	0.568896
211	0.487091
212	0.57511
213	0.319623
214	0.549085
215	0.825641
216	0.896607
217	0.630654
218	1.018
219	0.494108
220	0.222041
221	0.644469
222	0.935385
223	2.73496
224	2.13193
225	0.726981
226	1.00189
227	0.944526
228	0.302974
229	1.08015
230	1.37422
231	0.44781
232	0.29289
233	1.57164
234	1.67543
235	1.0745
236	0.403996
237	0.760737
238	0.303591
239	0.618514
240	0.459487
241	0.532836
242	0.929424
243	0.437195
244	0.537494
245	0.269469
246	0.455825
247	0.920571
248	1.08884
249	0.489042
250	1.36516
251	0.740495
252	0.983613
253	1.03016
254	0.697458
255	0.284445
256	0.281512
257	1.04347
258	1.13725
259	0.410218
260	0.0261611
261	0.871501
262	1.65376
263	1.31943
264	0.879817
265	1.44865
266	1.16129
267	1.55052
268	2.00889
269	2.0508
270	1.50432
271	0.934573
272	0.565785
273	0.312572
274	0.358059
275	0.385542
276	0.705886
277	0.550969
278	0.334058
279	0.39708
280	0.828257
281	1.3056
282	1.37364
283	1.01945
284	0.439455
285	1.27818
286	1.26934
287	0.806069
288	0.690642
289	0.547127
290	0.630994
291	1.05821
292	1.0874
293	0.473128
294	0.780243
295	1.31798
296	1.11889
297	0.77183
298	0.863529
299	0.314706
300	0.586029
301	0.344488
302	0.533235
303	0.404379
304	0.48992
305	0.279373
306	0.312399
307	0.551682
308	1.04441
309	0.501811
310	0.91814
311	1.64663
312	1.38169
313	1.03352
314	1.45874
315	1.92056
316	1.34457
317	0.797616
318	0.741115
319	1.24289
320	0.712259
321	0.133624
322	0.588471
323	0.372011
324	0.820288
325	0.542251
326	1.01801
327	0.888534
328	0.271309
329	0.647578
330	1.02153
331	1.30251
332	0.937697
333	0.523818
334	1.63902
335	2.87246
336	1.70948
337	1.10605
338	0.755269
339	1.19014
340	0.890184
341	0.702409
342	1.24148
343	1.89307
344	0.513106
345	1.52525
346	1.19367
347	0.460658
348	0.279838
349	0.277378
350	0.585523
351	0.176438
352	1.09494
353	1.00754
354	0.439384
355	0.263931
356	0.78861
357	1.60305
358	1.19628
359	0.622261
360	0.597843
361	0.804736
362	0.781721
363	0.560738
364	0.523328
365	0.408157
366	0.338665
367	0.990644
368	0.950806
369	0.249574
370	0.358289
371	0.693032
372	0.745254
373	0.904596
374	0.663992
375	0.299215
376	0.510828
377	0.47686
378	0.257293
379	0.420736
380	0.409471
381	1.04731
382	0.858552
383	0.67329
384	0.458389
385	0.686464
386	0.924365
387	0.606586
388	0.736143
389	0.373061
390	0.452667
391	0.542914
392	0.862393
393	0.870734
394	0.888022
395	1.08546
396	0.841527
397	0.693988
398	0.524817
399	0.111435
400	0.584289
401	0.609693
402	0.465394
403	0.965625
404	0.463406
405	1.19914
406	0.862496
407	0.331233
408	0.461133
409	0.654718
410	0.657281
411	0.619888
412	0.621654
413	0.821123
414	0.91888
415	0.73258
416	0.948573
417	0.748048
418	0.239534
419	0.702279
420	0.798469
421	0.285115
422	0.0698615
423	0.283812
424	0.378394
425	0.0247944
426	0.26803
427	0.444549
428	1.15755
429	0.822364
430	0.519938
431	0.818729
432	0.489214
433	0.440646
434	0.241805
435	0.696229
436	0.693731
437	0.315391
438	0.686355
439	0.85621
440	0.791035
441	0.515444
442	0.205246
443	0.121424
444	0.0618089
445	0.343828
446	0.88208
447	1.45594
448	1.01592
449	0.677922
450	0.479363
451	1.0245
452	1.12427
453	0.169979
454	0.14171
455	0.326808
456	0.296571
457	0.666722
458	0.58625
459	0.696991
460	0.515107
461	0.545499
462	0.529833
463	0.226858
464	0.404833
465	0.584942
466	0.88414
467	1.00957
468	1.53718
469	1.88315
470	1.6288
471	1.2748
472	1.32736
473	1.10977
474	0.623981
475	0.885203
476	0.693281
477	0.431577
478	0.931392
479	0.492928
480	0.652669
481	0.457157
482	0.510289
483	0.539501
484	0.274858
485	0.379777
486	0.615931
487	0.662043
488	0.294291
489	0.485196
490	0.682523
491	0.867465
492	0.366473
493	0.470418
494	0.248798
495	0.460838
496	0.426463
497	0.406115
498	0.332976
499	0.824623
500	0.701737
501	0.56684
502	0.481833
503	0.232408
504	0.0655505
505	0.21919
506	0.29164
507	0.323897
508	0.436339
509	0.263995
510	0.482757
511	0.9752
512	1.41665
513	1.30526
514	1.03714
515	0.540426
516	0.187917
517	0.576837
518	0.740978
519	0.589069
520	0.605361
521	0.377074
522	0.438041
523	0.228412
524	0.21434
525	0.358965
526	0.228043
527	0.4642
528	0.0977438
529	0.125407
530	0.788695
531	1.11562
532	0.604868
533	0.795121
534	0.890504
535	0.393231
536	0.814628
537	0.608625
538	0.513309
539	0.367526
540	0.358601
541	0.165582
542	0.452773
543	0.993914
544	0.961453
545	1.44342
546	0.717579
547	0.400331
548	0.582659
549	0.330269
550	0.207269
551	0.255009
552	0.0485586
553	0.250715
554	0.334484
555	0.674857
556	0.411755
557	0.353348
558	1.41816
559	0.746798
560	0.528154
561	0.508709
562	0.234708
563	0.214095
564	0.406808
565	0.40567
566	0.733194
567	0.825972
568	0.669761
569	0.530224
570	1.20585
571	0.946428
572	1.17356
573	1.33735
574	0.539457
575	0.693149
576	0.419764
577	1.32737
578	1.08642
579	0.221305
580	0.586199
581	0.506625
582	0.308069
583	0.535193
584	0.403576
585	0.114743
586	0.301851
587	0.437297
588	0.24354
589	0.347414
590	0.459043
591	0.270454
592	0.134247
593	0.365317
594	0.0886856
595	0.735196
596	0.965104
597	0.466806
598	0.282171
599	0.303049
600	0.816374
601	0.707992
602	0.320335
603	0.333772
604	0.533932
605	0.190158
606	0.297499
607	0.27057
608	0.579242
609	0.0884322
610	0.304434
611	0.272861
612	0.229968
613	0.157875
614	0.341586
615	0.689238
616	0.979097
617	1.0316
618	0.762817
619	0.389505
620	0.432199
621	0.269145
622	0.161532
623	0.183213
624	0.0873296
625	0.466692
626	0.461903
627	0.338706
628	0.663105
629	0.6805
630	0.346709
631	0.359385
632	0.431337
633	0.261317
634	0.728851
635	0.856225
636	0.321663
637	0.255752
638	0.248931
639	0.448833
640	0.601451
641	0.742403
642	0.506721
643	0.373146
644	0.19354
645	0.0970961
646	0.39248
647	0.404381
648	0.301792
649	0.0441456
650	0.380352
651	0.435553
652	0.506325
653	1.08406
654	0.866006
655	0.289012
656	0.464101
657	0.275869
658	0.602994
659	1.00416
660	0.415771
661	0.235806
662	0.334267
663	0.642944
664	0.390252
665	0.396344
666	0.329134
667	0.515249
668	0.590928
669	0.460955
670	0.875229
671	0.340995
672	0.237531
673	0.63212
674	0.667702
675	0.150006
676	0.264738
677	0.2956
678	0.509129
679	0.754927
680	0.68565
681	0.218831
682	0.144145
683	0.123243
684	0.388759
685	0.250987
686	0.389159
687	0.163079
688	0.12788
689	0.169353
690	0.530815
691	0.898279
692	0.626228
693	0.30555
694	0.744661
695	1.41784
696	1.13586
697	0.922632
698	0.870036
699	0.884068
700	0.702154
701	0.600594
702	0.30089
703	0.125133
704	0.933418
705	1.34417
706	0.755497
707	1.03085
708	0.553479
709	0.678008
710	0.431795
711	0.334645
712	0.740717
713	0.911518
714	0.808581
715	0.485906
716	0.384943
717	0.115234
718	0.212474
719	0.746401
720	0.485303
721	0.298491
722	0.43349
723	0.681784
724	0.604935
725	0.143177
726	0.7096
727	0.743187
728	0.774271
729	0.464871
730	0.879426
731	0.768467
732	0.579921
733	0.344383
734	0.51287
735	0.379927
736	0.256978
737	0.491459
738	0.544794
739	0.38862
740	0.578152
741	0.420804
742	0.289582
743	0.313647
744	0.115394
745	0.297939
746	0.518781
747	0.555566
748	0.203509
749	0.193359
750	0.327093
751	0.166639
752	0.440241
753	0.661525
754	0.511486
755	0.413517
756	0.0963551
757	0.32463
758	0.291991
759	0.392353
760	0.386239
761	0.181339
762	0.545289
763	0.709443
764	0.770957
765	0.587445
766	0.212218
767	0.235726
768	0.352244
769	0.262487
770	0.259715
771	0.218948
772	0.328393
773	0.248074
774	0.448766
775	0.540097
776	0.293163
777	0.759084
778	0.293839
779	0.11162
780	0.504674
781	0.987873
782	0.9197
783	0.35498
784	0.82217
785	0.966449
786	0.766715
787	0.217715
788	0.737018
789	0.647431
790	0.107819
791	0.395999
792	0.812215
793	0.991026
794	0.570438
795	0.3268
796	0.178498
797	0.519845
798	0.245367
799	0.215241
800	0.756169
801	0.115308
802	0.753273
803	0.359885
804	0.79383
805	0.865379
806	0.860423
807	0.867183
808	0.473254
809	0.485117
810	0.870963
811	0.670731
812	0.634784
813	0.764775
814	0.644964
815	0.614507
816	0.765205
817	0.495711
818	0.494592
819	0.482265
820	0.2693
821	0.243357
822	0.20264
823	0.279437
824	0.276205
825	0.457645
826	0.650226
827	0.478521
828	0.386677
829	0.185879
830	0.120266
831	0.205296
832	0.350037
833	0.329915
834	0.00529222
835	0.405921
836	0.783538
837	0.426851
838	0.145033
839	0.625528
840	0.790617
841	0.870923
842	0.826746
843	0.675569
844	0.558848
845	0.254823
846	0.64814
847	0.551383
848	0.36915
849	0.421506
850	1.12188
851	1.09832
852	0.745657
853	0.0745139
854	0.39487
855	0.494866
856	0.028584
857	0.880272
858	0.677384
859	0.364139
860	0.864864
861	0.612944
862	0.263953
863	0.122906
864	0.264677
865	0.424303
866	0.499336
867	0.54181
868	0.687506
869	0.977438
870	1.02963
871	0.652863
872	0.0946181
873	0.322803
874	0.575355
875	0.741771
876	0.645014
877	0.379526
878	0.73426
879	0.446874
880	0.280399
881	0.214638
882	0.0791685
883	0.249473
884	0.483977
885	0.682331
886	0.844877
887	0.805118
888	1.00785
889	0.74319
890	0.264734
891	0.330017
892	0.794793
893	0.737461
894	0.383462
895	0.238038
896	0.396566
897	0.856755
898	0.716571
899	0.489753
900	0.143556
901	0.149335
902	0.154808
903	0.153664
904	0.304256
905	0.516675
906	0.53016
907	0.536126
908	0.322486
909	0.449031
910	0.682798
911	0.500064
912	0.291402
913	0.164091
914	0.753362
915	0.424402
916	0.226533
917	0.408394
918	0.447933
919	0.661962
920	1.0133
921	0.999776
922	0.934652
923	0.78777
924	0.584803
925	0.459848
926	0.437035
927	0.736651
928	1.0833
929	0.579416
930	0.514202
931	0.414816
932	0.374756
933	0.687965
934	0.575517
935	0.500544
936	0.855772
937	0.711644
938	0.951284
939	0.491005
940	0.525126
941	0.905812
942	0.926375
943	0.494371
944	0.184015
945	0.126535
946	0.321207
947	0.127639
948	0.280194
949	0.650081
950	0.615495
951	0.28793
952	0.415842
953	0.287145
954	0.64784
955	0.126679
956	0.705939
957	0.533038
958	0.560164
959	0.622212
960	0.696337
961	0.781659
962	0.673166
963	0.133177
964	0.352281
965	0.673795
966	1.00057
967	0.768676
968	0.226951
969	0.179145
970	0.616881
971	0.525756
972	0.271492
973	0.426339
974	0.536746
975	0.636885
976	0.815705
977	0.653188
978	0.0235759
979	0.0295713
980	0.609012
981	0.812952
982	0.292669
983	0.234973
984	0.308964
985	0.166317
986	0.630395
987	0.552077
988	0.0285621
989	0.178371
990	0.300893
991	0.543369
992	0.273939
993	0.140908
994	0.286
995	0.354041
996	0.448535
997	0.245028
998	0.334038
999	0.225059
1000	0.696932
1001	0.898829
1002	0.926108
1003	1.04237
1004	0.480477
1005	2.22206
1006	0.967151
1007	0.747564
1008	0.622323
1009	0.548507
1010	0.26323
1011	0.429334
1012	0.42253
1013	0.675312
1014	0.512684
1015	0.455716
1016	0.161421
1017	0.278289
1018	0.583623
1019	0.628371
1020	0.632631
1021	0.720765
1022	0.740563
1023	0.768294
1024	1.23884
1025	1.02232
1026	1.09215
1027	0.669375
1028	0.157622
1029	0.419009
1030	0.469061
1031	0.376386
1032	0.0426686
1033	0.518759
1034	0.700469
1035	1.51449
1036	1.34488
1037	0.503844
1038	0.362018
1039	0.559036
1040	0.485173
1041	0.554494
1042	0.10413
1043	0.517378
1044	0.804436
1045	0.47373
1046	0.474852
1047	0.79309
1048	1.18426
1049	1.3126
1050	0.847195
1051	0.401859
1052	0.547043
1053	0.0105385
1054	1.31264
1055	1.56719
1056	0.687884
1057	0.774197
1058	0.776532
1059	0.765467
1060	0.393291
1061	0.113651
1062	0.251499
1063	0.693563
1064	0.575664
1065	0.545861
1066	0.500185
1067	0.172432
1068	0.340893
1069	0.559943
1070	0.0518252
1071	0.359378
1072	0.279286
1073	0.0589907
1074	0.402808
1075	0.418439
1076	0.45486
1077	0.249784
1078	0.228225
1079	0.437328
1080	0.162945
1081	0.386458
1082	0.692357
1083	1.21808
1084	0.866636
1085	0.317467
1086	0.385958
1087	0.315572
1088	0.493659
1089	0.991524
1090	0.431051
1091	0.338134
1092	0.207455
1093	0.540033
1094	0.400501
1095	0.0565817
1096	0.614819
1097	0.792518
1098	0.707704
1099	0.598632
1100	0.662597
1101	0.82725
1102	0.694645
1103	0.566028
1104	0.899712
1105	1.33554
1106	0.598686
1107	0.0679759
1108	0.285452
1109	0.115888
1110	0.713593
1111	0.282982
1112	0.453639
1113	0.876449
1114	0.899158
1115	0.788119
1116	0.784009
1117	0.889824
1118	0.974524
1119	0.763395
1120	0.208575
1121	0.164719
1122	0.213889
1123	0.422988
1124	0.78115
1125	1.25919
1126	0.907421
1127	0.110051
1128	0.779534
1129	1.044
1130	0.753362
1131	0.394801
1132	0.158479
1133	0.415945
1134	0.374511
1135	0.569171
1136	0.432107
1137	0.744424
1138	0.914125
1139	1.13854
1140	0.665668
1141	0.331324
1142	0.33013
1143	0.470127
1144	0.5318
1145	0.207764
1146	0.0386038
1147	0.0916075
1148	0.304454
1149	0.431247
1150	0.145738
1151	0.322178
1152	0.597271
1153	0.559056
1154	0.678889
1155	1.18012
1156	1.04888
1157	0.361107
1158	0.946545
1159	0.631151
1160	0.271271
1161	0.156083
1162	0.214837
1163	0.430786
1164	0.57835
1165	0.250325
1166	0.335307
1167	0.318113
1168	0.225352
1169	0.713252
1170	0.705467
1171	0.190221
1172	0.656921
1173	0.910051
1174	0.836114
1175	0.513428
1176	0.743869
1177	0.381044
1178	0.342972
1179	0.683626
1180	0.924892
1181	0.505285
1182	0.749939
1183	0.972207
1184	0.79628
1185	1.11924
1186	1.2824
1187	0.453026
1188	0.242024
1189	0.130999
1190	0.346128
1191	0.389404
1192	0.379782
1193	0.471259
1194	0.724904
1195	0.563394
1196	0.116268
1197	0.26634
1198	0.396258
1199	0.728109
1200	0.514279
1201	0.561912
1202	0.600355
1203	0.576146
1204	0.110086
1205	0.1963
1206	0.050913
1207	0.241347
1208	0.953905
1209	1.12248
1210	0.543341
1211	0.182292
1212	0.209471
1213	0.227882
1214	0.06155
1215	0.213852
1216	0.402114
1217	0.759508
1218	1.21585
1219	0.943698
1220	0.371082
1221	0.296299
1222	0.739826
1223	0.275664
1224	0.432886
1225	0.938096
1226	0.541978
1227	1.20139
1228	3.4958
1229	3.49205
1230	0.985071
1231	0.834381
1232	0.692132
1233	0.294707
1234	0.366843
1235	0.18776
1236	0.321157
1237	0.0379061
1238	0.462234
1239	0.724381
1240	0.851394
1241	0.77526
1242	0.680067
1243	0.723159
1244	0.254857
1245	0.332754
1246	0.134409
1247	0.470602
1248	0.838985
1249	1.10178
1250	1.13018
1251	0.417859
1252	0.29982
1253	0.637842
1254	0.288492
1255	0.572861
1256	0.847908
1257	0.616423
1258	0.212819
1259	0.194195
1260	0.588981
1261	0.555827
1262	0.347038
1263	0.246528
1264	0.114961
1265	0.119484
1266	0.289849
1267	0.661025
1268	0.750318
1269	0.652768
1270	0.338349
1271	0.437826
1272	0.842995
1273	0.395066
1274	0.440756
1275	0.313643
1276	0.499808
1277	0.662978
1278	0.499202
1279	0.57485
1280	0.759357
1281	0.40636
1282	0.394136
1283	0.672344
1284	0.82819
1285	0.774678
1286	0.975684
1287	0.510612
1288	0.12751
1289	0.538566
1290	0.243818
1291	0.24284
1292	0.324507
1293	0.391412
1294	0.351726
1295	0.504569
1296	0.303602
1297	0.181674
1298	0.648627
1299	0.306467
1300	0.418889
1301	0.166287
1302	0.514058
1303	0.591201
1304	0.542518
1305	0.798441
1306	0.637671
1307	0.266575
1308	0.239586
1309	0.339273
1310	0.457341
1311	0.101151
1312	0.40493
1313	0.384844
1314	0.486498
1315	0.675067
1316	0.453405
1317	0.862467
1318	0.823681
1319	0.658792
1320	0.807178
1321	0.573268
1322	0.62341
1323	0.823159
1324	0.491806
1325	0.952937
1326	0.727799
1327	0.399625
1328	0.676925
1329	1.08885
1330	0.880899
1331	0.512896
1332	0.42197
1333	0.395323
1334	0.164302
1335	0.376624
1336	0.263353
1337	0.13103
1338	0.444334
1339	0.843688
1340	1.87888
1341	1.00807
1342	0.434207
1343	0.618931
1344	0.449459
1345	0.36786
1346	0.283113
1347	0.0378478
1348	0.326481
1349	0.450111
1350	0.654916
1351	0.389835
1352	0.515639
1353	0.54194
1354	0.379342
1355	0.59971
1356	0.453158
1357	0.267813
1358	0.812738
1359	1.06326
1360	0.704296
1361	0.356599
1362	0.398123
1363	0.46583
1364	0.446405
1365	0.387165
1366	0.433254
1367	0.444275
1368	0.278206
1369	0.0609485
1370	0.649296
1371	1.19237
1372	0.751107
1373	0.298123
1374	0.728335
1375	1.01868
1376	0.584647
1377	0.18192
1378	0.162495
1379	0.356419
1380	0.6874
1381	0.603293
1382	0.645773
1383	0.558037
1384	0.332261
1385	0.210843
1386	0.69788
1387	0.742078
1388	0.434627
1389	0.149506
1390	0.379823
1391	0.650307
1392	0.328796
1393	0.109948
1394	0.187831
1395	0.219144
1396	0.256019
1397	0.388469
1398	0.452002
1399	0.627368
1400	1.04444
1401	0.670646
1402	0.562674
1403	1.05167
1404	0.958832
1405	0.630396
1406	0.470875
1407	0.686404
1408	0.638182
1409	0.459238
1410	0.184229
1411	0.407332
1412	0.367589
1413	0.514997
1414	0.316061
1415	0.399893
1416	0.514529
1417	0.497545
1418	1.09508
1419	1.05897
1420	0.303529
1421	0.293682
1422	0.219704
1423	0.16983
1424	0.346356
1425	0.471255
1426	0.237345
1427	0.568883
1428	0.712831
1429	0.518284
1430	0.387224
1431	0.428495
1432	0.460732
1433	0.436525
1434	0.547946
1435	0.673543
1436	0.519375
1437	0.240368
1438	0.307093
1439	0.374719
1440	0.0642082
1441	0.219371
1442	0.700639
1443	0.721976
1444	0.805155
1445	0.912151
1446	0.647943
1447	0.0644982
1448	0.570165
1449	0.436298
1450	0.307541
1451	0.654576
1452	0.411438
1453	0.11561
1454	0.533187
1455	0.562831
1456	0.0847715
1457	0.411265
1458	0.416065
1459	0.137941
1460	0.50136
1461	0.538564
1462	0.381902
1463	0.272866
1464	0.442011
1465	0.324819
1466	0.39857
1467	0.194299
1468	0.343693
1469	0.202803
1470	0.56278
1471	0.0502751
1472	0.530631
1473	0.357292
1474	0.102118
1475	0.183873
1476	0.253187
1477	0.559001
1478	0.606687
1479	0.423583
1480	0.798479
1481	1.23573
1482	0.748861
1483	0.878532
1484	0.567217
1485	0.487264
1486	0.351331
1487	0.223483
1488	0.475278
1489	0.477885
1490	0.514721
1491	0.35494
1492	0.13885
1493	0.407174
1494	0.591716
1495	0.165328
1496	0.0748523
1497	0.0921917
1498	0.315647
1499	0.5526
1500	0.541749
1501	0.672534
1502	0.760298
1503	0.723099
1504	0.597903
1505	0.645697
1506	0.416319
1507	0.297518
1508	0.268592
1509	0.524841
1510	0.59644
1511	0.265661
1512	0.32868
1513	0.610943
1514	0.941644
1515	0.65317
1516	0.676925
1517	0.813451
1518	0.489505
1519	0.334807
1520	0.181063
1521	0.392051
1522	0.745755
1523	0.515111
1524	0.297321
1525	0.151533
1526	0.103234
1527	0.237769
1528	0.207219
1529	0.490305
1530	0.436387
1531	0.116833
1532	0.329077
1533	0.712651
1534	0.234424
1535	0.0890784
1536	0.280534
1537	0.26839
1538	0.280802
1539	0.561824
1540	0.356183
1541	0.346915
1542	0.251704
1543	0.442805
1544	0.225516
1545	0.169651
1546	0.198309
1547	0.538866
1548	0.533619
1549	0.345864
1550	0.207445
1551	0.471135
1552	0.501686
1553	0.48524
1554	0.259778
1555	0.448823
1556	0.307073
1557	0.200039
1558	0.440295
1559	0.633731
1560	0.224917
1561	0.382547
1562	0.552305
1563	1.26582
1564	1.09301
1565	0.330029
1566	0.339685
1567	0.266858
1568	0.158667
1569	0.337944
1570	0.736294
1571	0.657958
1572	0.138776
1573	0.440056
1574	0.357991
1575	0.324064
1576	0.286462
1577	0.31456
1578	0.36995
1579	0.263032
1580	0.0965897
1581	0.308799
1582	0.584052
1583	0.735371
1584	0.797057
1585	0.244944
1586	0.0472255
1587	0.152108
1588	0.225012
1589	0.41288
1590	0.655017
1591	0.280003
1592	0.41805
1593	0.242934
1594	0.0997968
1595	0.126739
1596	0.230312
1597	0.649612
1598	0.455973
1599	0.608116
1600	0.556621
1601	0.685071
1602	0.603135
1603	0.591757
1604	0.642717
1605	0.812108
1606	0.605198
1607	0.0610486
1608	0.219194
1609	0.222369
1610	0.243411
1611	0.554878
1612	0.312649
1613	0.156772
1614	0.30892
1615	0.236488
1616	0.236366
1617	0.472816
1618	0.193753
1619	0.441721
1620	0.378977
1621	0.448985
1622	0.157536
1623	0.326457
1624	0.454212
1625	0.296727
1626	0.215893
1627	0.162592
1628	0.232199
1629	0.591717
1630	0.610147
1631	0.484735
1632	0.225274
1633	0.353308
1634	0.534501
1635	0.406881
1636	0.658082
1637	0.550961
1638	0.720015
1639	1.09603
1640	0.82298
1641	0.217768
1642	0.577317
1643	0.564149
1644	0.189188
1645	0.338216
1646	0.229486
1647	0.279073
1648	0.102777
1649	0.19732
1650	0.268892
1651	0.479432
1652	0.556278
1653	0.656397
1654	0.72074
1655	0.320537
1656	0.227779
1657	0.541613
1658	0.261533
1659	0.131632
1660	0.0615713
1661	0.405003
1662	0.205118
1663	0.133831
1664	0.37591
1665	0.137563
1666	0.300141
1667	0.291379
1668	0.439148
1669	0.176059
1670	0.266314
1671	0.383865
1672	0.10928
1673	0.378511
1674	0.696764
1675	0.366053
1676	0.538667
1677	0.489551
1678	0.285673
1679	0.430709
1680	0.412989
1681	0.636864
1682	0.517104
1683	0.321655
1684	0.376424
1685	0.446582
1686	0.259525
1687	0.161258
1688	0.210327
1689	0.167671
1690	0.453982
1691	0.180346
1692	0.427775
1693	0.335161
1694	0.227094
1695	0.272878
1696	0.591155
1697	0.263767
1698	0.0741863
1699	0.201159
1700	0.468468
1701	0.946162
1702	0.831596
1703	1.11577
1704	1.08685
1705	0.577646
1706	0.497287
1707	0.970685
1708	0.686978
1709	0.345196
1710	0.673593
1711	0.349967
1712	0.521851
1713	0.426863
1714	0.387982
1715	0.382055
1716	0.407994
1717	0.540616
1718	0.220643
1719	0.211689
1720	0.480535
1721	0.326649
1722	0.166928
1723	0.42742
1724	0.0681954
1725	0.550041
1726	0.440343
1727	0.659222
1728	0.206264
1729	0.391759
1730	0.419448
1731	0.529396
1732	0.603618
1733	0.418718
1734	0.302854
1735	0.518825
1736	0.539818
1737	0.332138
1738	0.452942
1739	0.480951
1740	0.095499
1741	0.333873
1742	0.550548
1743	0.240203
1744	0.422695
1745	0.265849
1746	0.884361
1747	1.23791
1748	0.720688
1749	0.10344
1750	0.503844
1751	0.473087
1752	0.454027
1753	0.344364
1754	0.241575
1755	0.331537
1756	0.937248
1757	0.743802
1758	0.591178
1759	0.35189
1760	0.0226255
1761	0.616698
1762	0.706802
1763	0.268355
1764	0.175363
1765	0.600327
1766	0.231677
1767	0.447885
1768	0.729499
1769	0.638433
1770	0.149431
1771	0.23559
1772	0.286217
1773	0.317356
1774	0.169279
1775	0.510835
1776	0.562148
1777	0.86636
1778	0.69556
1779	0.359825
1780	0.515502
1781	0.377374
1782	0.554846
1783	0.553683
1784	0.820835
1785	0.517654
1786	0.524278
1787	1.28721
1788	1.23943
1789	0.574263
1790	0.467843
1791	0.536851
1792	0.53017
1793	0.548444
1794	0.757718
1795	0.38765
1796	0.164815
1797	0.129069
1798	0.236557
1799	0.470607
1800	0.322864
1801	0.228302
1802	0.459788
1803	0.238911
1804	0.264841
1805	0.454768
1806	0.326341
1807	0.310787
1808	0.419549
1809	0.0898199
1810	0.237141
1811	0.312454
1812	0.271424
1813	0.135636
1814	0.0919143
1815	0.173116
1816	0.371344
1817	0.456379
1818	0.430535
1819	0.0717854
1820	0.295248
1821	0.780235
1822	0.485245
1823	0.338143
1824	0.107654
1825	0.738844
1826	0.499956
1827	0.439857
1828	0.201771
1829	0.289019
1830	0.275483
1831	0.631075
1832	0.246061
1833	0.32273
1834	0.092025
1835	0.616525
1836	0.557421
1837	0.131778
1838	0.0476369
1839	0.46425
1840	0.188217
1841	0.082079
1842	0.328746
1843	0.681563
1844	1.1186
1845	0.621877
1846	0.42503
1847	0.45076
1848	0.117318
1849	0.358381
1850	0.602292
1851	0.233799
1852	0.389838
1853	0.133556
1854	0.304497
1855	0.318188
1856	0.574919
1857	0.6702
1858	0.854815
1859	0.311474
1860	0.285301
1861	0.425326
1862	0.78054
1863	0.170813
1864	0.294914
1865	0.216048
1866	0.0614349
1867	0.757808
1868	0.47305
1869	0.55021
1870	0.775172
1871	0.362685
1872	0.12617
1873	0.385114
1874	0.447466
1875	0.194887
1876	0.335632
1877	0.299381
1878	0.347501
1879	0.556166
1880	0.779466
1881	0.242078
1882	0.457223
1883	0.472604
1884	0.179587
1885	0.59251
1886	0.420161
1887	0.497328
1888	0.419494
1889	0.176294
1890	0.741529
1891	0.319988
1892	0.413469
1893	0.337912
1894	0.219251
1895	1.01532
1896	0.424153
1897	0.382589
1898	0.316445
1899	0.904807
1900	0.567902
1901	0.642444
1902	0.607483
1903	0.728275
1904	0.558148
1905	1.04041
1906	0.701433
1907	0.264915
1908	0.274879
1909	0.463625
1910	0.485063
1911	0.350229
1912	0.446365
1913	0.524773
1914	0.799734
1915	0.144808
1916	0.136562
1917	0.359202
1918	0.428346
1919	0.59545
1920	0.373929
1921	0.656943
1922	0.298022
1923	0.741674
1924	0.275559
1925	0.55062
1926	0.54431
1927	0.229915
1928	0.509499
1929	0.246255
1930	0.187504
1931	0.729631
1932	0.735475
1933	0.145567
1934	0.295779
1935	0.447609
1936	0.711459
1937	0.20172
1938	0.238251
1939	0.110645
1940	0.540839
1941	0.446319
1942	0.420935
1943	0.320392
1944	0.743966
1945	0.175448
1946	1.03276
1947	0.166795
1948	0.53453
1949	0.617572
1950	0.143632
1951	0.720333
1952	0.165777
1953	0.923173
1954	0.405007
1955	0.495409
1956	0.60957
1957	0.630689
1958	0.392956
1959	0.477414
1960	0.19686
1961	0.785656
1962	0.200012
1963	0.24202
1964	0.753793
1965	0.258317
1966	0.85985
1967	0.460185
1968	0.196343
1969	0.972544
1970	0.225844
1971	1.33242
1972	0.256043
1973	0.821127
1974	0.545329
1975	0.352623
1976	0.978526
1977	0.824337
1978	0.386046
1979	0.577163
1980	0.372154
1981	0.777879
1982	0.454841
1983	0.555191
1984	0.700794
1985	1.11754
1986	0.922709
1987	0.802964
1988	0.659904
1989	0.40647
1990	0.90143
1991	0.330646
1992	1.17196
1993	0.179883
1994	0.482612
1995	1.47017
1996	0.543514
1997	0.826766
1998	0.736834
1999	0.918791
2000	0.423189
2001	0.998614
2002	0.946128
2003	0.428703
2004	1.15963
2005	0.395844
2006	1.87934
2007	0.786135
2008	1.30603
2009	0.738947
2010	0.861772
2011	0.600637
2012	0.985568
2013	1.48906
2014	1.04125
2015	0.836296
2016	1.79828
2017	1.08717
2018	1.12522
2019	1.08797
2020	1.0467
2021	1.85913
2022	0.848214
2023	1.76474
2024	1.41549
2025	1.54665
2026	1.21552
2027	1.83533
2028	1.70752
2029	1.83712
2030	2.45374
2031	1.9931
2032	1.48849
2033	2.27368
2034	3.83122
2035	0.945325
2036	4.04889
2037	1.88065
2038	4.63232
2039	5.02002
2040	2.82107
2041	7.27671
2042	7.58585
2043	8.61203
2044	3.95492
2045	17.0292
2046	32.1337
2047	725.441
2048	1166.25
2049	477.089
2050	23.5531
2051	15.1261
2052	7.98457
2053	4.90466
2054	3.09415
2055	4.86192
2056	5.41025
2057	3.01918
2058	3.13791
2059	3.902
2060	2.3463
2061	3.0802
2062	1.84215
2063	3.13945
2064	2.81483
2065	1.25022
2066	1.87964
2067	1.42938
2068	2.22329
2069	1.04104
2070	1.92112
2071	1.23253
2072	1.7513
2073	1.29242
2074	1.33468
2075	1.00284
2076	1.51677
2077	1.28241
2078	0.868107
2079	1.01881
2080	1.11563
2081	1.26446
2082	0.949217
2083	1.31399
2084	0.511248
2085	1.22871
2086	1.50357
2087	0.760203
2088	0.936861
2089	0.584769
2090	1.48052
2091	1.01355
2092	0.575648
2093	1.08525
2094	0.603785
2095	0.861932
2096	0.692424
2097	0.361179
2098	1.2375
2099	0.632031
2100	1.19552
2101	0.169228
2102	1.17274
2103	0.759858
2104	0.779398
2105	0.0796062
2106	0.974022
2107	0.365574
2108	0.820458
2109	0.556878
2110	0.804811
2111	0.853658
2112	0.212432
2113	1.35165
2114	0.502743
2115	0.76701
2116	0.363276
2117	0.536719
2118	0.684918
2119	0.731739
2120	0.448881
2121	0.205373
2122	0.327408
2123	0.514453
2124	0.222764
2125	0.780847
2126	0.598553
2127	0.155671
2128	0.992994
2129	0.654606
2130	1.09787
2131	0.502552
2132	0.294845
2133	0.486679
2134	0.695597
2135	0.340784
2136	0.726531
2137	0.44947
2138	0.31803
2139	0.52491
2140	0.560399
2141	0.403575
2142	0.288133
2143	0.336786
2144	0.358616
2145	0.408221
2146	0.40355
2147	0.482428
2148	0.626939
2149	0.263209
2150	0.133345
2151	0.3523
2152	0.647422
2153	0.482631
2154	0.67156
2155	0.17791
2156	0.535736
2157	0.0164337
2158	0.722998
2159	0.846209
2160	0.403867
2161	0.516055
2162	0.473725
2163	0.185309
2164	0.943921
2165	0.398451
2166	0.453113
2167	0.330543
2168	0.830915
2169	0.546291
2170	0.854904
2171	0.716848
2172	0.376339
2173	0.842733
2174	0.0654026
2175	0.260702
2176	0.453633
2177	0.229263
2178	0.66771
2179	0.307524
2180	0.690405
2181	0.755827
2182	0.408663
2183	0.852497
2184	0.337391
2185	0.168562
2186	1.12919
2187	0.491129
2188	0.233964
2189	0.421099
2190	0.278197
2191	0.482162
2192	0.832655
2193	0.337402
2194	0.171969
2195	0.321559
2196	0.511969
2197	0.675096
2198	0.507538
2199	0.754487
2200	0.825606
2201	0.730862
2202	0.830063
2203	0.576866
2204	0.0494964
2205	0.369563
2206	0.442821
2207	0.521852
2208	0.67048
2209	0.478945
2210	0.26302
2211	0.218737
2212	0.599281
2213	0.411298
2214	0.345452
2215	0.128093
2216	0.32463
2217	0.532674
2218	1.01908
2219	1.14694
2220	0.369415
2221	0.405635
2222	0.0447007
2223	0.604437
2224	0.15879
2225	0.195844
2226	0.560666
2227	0.590462
2228	0.388364
2229	0.478395
2230	0.233145
2231	0.201673
2232	0.0864366
2233	0.195682
2234	0.39773
2235	0.209525
2236	0.471201
2237	0.500188
2238	0.0822197
2239	0.37108
2240	0.469437
2241	0.262713
2242	0.315696
2243	0.779705
2244	0.599074
2245	0.519298
2246	0.817326
2247	0.10981
2248	0.453471
2249	0.127046
2250	0.077423
2251	0.314003
2252	0.458434
2253	0.366369
2254	0.259713
2255	0.747422
2256	0.522854
2257	0.388569
2258	0.560308
2259	0.317609
2260	0.20127
2261	0.531224
2262	0.322621
2263	0.313501
2264	0.143194
2265	0.535617
2266	0.351048
2267	0.204229
2268	0.313217
2269	0.453211
2270	0.57835
2271	0.0780856
2272	0.229078
2273	0.168914
2274	0.34248
2275	0.405935
2276	0.805032
2277	0.8389
2278	0.401505
2279	0.545752
2280	0.42881
2281	0.313204
2282	0.501147
2283	0.588316
2284	0.261205
2285	0.389253
2286	0.278298
2287	0.378914
2288	0.245723
2289	0.502481
2290	0.071838
2291	0.265691
2292	0.595934
2293	0.540009
2294	0.115832
2295	0.614693
2296	0.604616
2297	0.879389
2298	0.725289
2299	0.228616
2300	0.523035
2301	0.569953
2302	0.829002
2303	0.412009
2304	0.399659
2305	0.402707
2306	0.502312
2307	0.587604
2308	0.633523
2309	1.36656
2310	0.646015
2311	0.307792
2312	0.571868
2313	0.453545
2314	0.757781
2315	0.780243
2316	0.516199
2317	0.58375
2318	0.109642
2319	0.373186
2320	0.305926
2321	0.767637
2322	0.402143
2323	0.408665
2324	1.11522
2325	0.970348
2326	0.440258
2327	0.378522
2328	0.341414
2329	0.349357
2330	0.263326
2331	0.409862
2332	0.511164
2333	0.193871
2334	0.13499
2335	0.29901
2336	0.079861
2337	0.607269
2338	0.631034
2339	0.548889
2340	0.668381
2341	0.566457
2342	0.911893
2343	0.511043
2344	0.353844
2345	0.439788
2346	0.527626
2347	0.366882
2348	0.480089
2349	1.1588
2350	0.938711
2351	0.965261
2352	0.45513
2353	0.699395
2354	0.411467
2355	0.0955237
2356	0.405424
2357	0.498731
2358	0.525439
2359	0.189401
2360	0.487447
2361	0.373724
2362	0.297841
2363	0.0529836
2364	0.546665
2365	0.467953
2366	0.187119
2367	0.443048
2368	0.493134
2369	0.269686
2370	0.110498
2371	0.489633
2372	1.03022
2373	0.483924
2374	0.682148
2375	0.555291
2376	0.459206
2377	0.556483
2378	0.471212
2379	0.28787
2380	0.407163
2381	0.207045
2382	0.700992
2383	0.44184
2384	0.548659
2385	0.652357
2386	0.345213
2387	0.101589
2388	0.319495
2389	0.145925
2390	0.184877
2391	0.488609
2392	0.252377
2393	0.14755
2394	0.576678
2395	0.472424
2396	0.358354
2397	0.314024
2398	0.204214
2399	0.489336
2400	0.243454
2401	0.479422
2402	0.581947
2403	0.642715
2404	0.479852
2405	0.675437
2406	0.757343
2407	0.300614
2408	0.103094
2409	0.284646
2410	0.428
2411	0.712047
2412	0.62398
2413	0.419081
2414	0.0948638
2415	0.279326
2416	0.220149
2417	0.384276
2418	0.389546
2419	0.41688
2420	0.177651
2421	0.11968
2422	0.153259
2423	0.314351
2424	0.692128
2425	0.331897
2426	0.186595
2427	0.599189
2428	0.169739
2429	0.50988
2430	0.60992
2431	0.491059
2432	0.404101
2433	0.16352
2434	0.10096
2435	0.171883
2436	0.301046
2437	0.1661
2438	0.297407
2439	0.244329
2440	0.274059
2441	0.458457
2442	0.41449
2443	0.357302
2444	0.334649
2445	0.457415
2446	0.477155
2447	0.292
2448	0.101986
2449	0.244315
2450	0.436962
2451	0.579272
2452	0.290729
2453	0.256538
2454	0.224231
2455	0.346336
2456	0.715911
2457	0.832428
2458	0.328147
2459	0.267051
2460	0.657058
2461	0.861547
2462	0.218241
2463	0.102932
2464	0.357436
2465	0.360881
2466	0.317116
2467	0.309715
2468	0.235471
2469	0.463301
2470	0.176013
2471	0.253837
2472	0.565197
2473	0.318567
2474	0.159844
2475	0.729766
2476	0.745881
2477	0.411659
2478	0.53411
2479	0.493133
2480	0.706686
2481	0.23147
2482	0.589408
2483	0.698473
2484	0.520219
2485	0.612458
2486	0.332291
2487	0.0996392
2488	0.473773
2489	0.444934
2490	0.325503
2491	0.206356
2492	0.278224
2493	0.139732
2494	0.148933
2495	0.120333
2496	0.284543
2497	0.447073
2498	0.341394
2499	0.147431
2500	0.397504
2501	0.57824
2502	0.671754
2503	0.442645
2504	0.532687
2505	0.319644
2506	0.223796
2507	0.56558
2508	0.182961
2509	0.185756
2510	0.24479
2511	0.220798
2512	0.253297
2513	0.267667
2514	0.050917
2515	0.353706
2516	0.788013
2517	0.719923
2518	0.459743
2519	0.461394
2520	0.16328
2521	0.235284
2522	0.125687
2523	0.279789
2524	0.276706
2525	0.114412
2526	0.308109
2527	0.337856
2528	0.324095
2529	0.0495057
2530	0.120754
2531	0.27578
2532	0.597445
2533	0.582219
2534	0.135796
2535	0.511571
2536	0.483804
2537	0.440833
2538	0.444133
2539	0.0411782
2540	0.297849
2541	0.698886
2542	0.495405
2543	0.0580527
2544	0.240284
2545	0.436813
2546	0.577272
2547	0.394358
2548	0.392986
2549	0.507253
2550	0.226919
2551	0.178564
2552	0.249186
2553	0.152326
2554	0.576257
2555	0.156622
2556	0.249653
2557	0.490552
2558	0.156226
2559	0.435779
2560	0.492475
2561	0.391373
2562	0.287297
2563	0.915153
2564	0.332432
2565	0.188209
2566	0.375052
2567	0.474369
2568	0.432401
2569	0.586393
2570	0.69423
2571	0.571613
2572	0.0560713
2573	0.364716
2574	0.466144
2575	0.630283
2576	0.361265
2577	0.183578
2578	0.417813
2579	0.649884
2580	0.906466
2581	0.753735
2582	0.630489
2583	0.0746542
2584	0.375036
2585	0.462269
2586	0.501707
2587	0.306509
2588	0.0804167
2589	0.705732
2590	0.732428
2591	0.223368
2592	0.202662
2593	0.111393
2594	0.0928157
2595	0.203275
2596	0.495442
2597	0.331494
2598	0.0431098
2599	0.334853
2600	0.229812
2601	0.0761133
2602	0.286583
2603	0.442919
2604	0.276621
2605	0.49787
2606	0.250837
2607	0.184938
2608	0.164358
2609	0.47987
2610	0.386624
2611	0.193343
2612	0.225723
2613	0.316969
2614	0.192453
2615	0.226138
2616	0.258343
2617	0.329578
2618	0.416727
2619	0.0465921
2620	0.725974
2621	0.658747
2622	0.142783
2623	0.216929
2624	0.426761
2625	0.142639
2626	0.686122
2627	0.173166
2628	0.20211
2629	0.167135
2630	0.0975377
2631	0.373719
2632	0.667606
2633	0.391484
2634	0.259873
2635	0.301211
2636	0.528201
2637	0.479746
2638	0.260542
2639	0.054467
2640	0.0126219
2641	0.394406
2642	0.682472
2643	0.380426
2644	0.182582
2645	0.415644
2646	0.0969755
2647	0.0868765
2648	0.0830141
2649	0.355103
2650	0.256532
2651	0.360743
2652	0.567603
2653	0.169036
2654	0.0591806
2655	0.518452
2656	0.775747
2657	0.587729
2658	0.400045
2659	0.265739
2660	0.434051
2661	0.304609
2662	0.222371
2663	0.323176
2664	0.276191
2665	0.222969
2666	0.293216
2667	0.472483
2668	0.352505
2669	0.435921
2670	0.480745
2671	0.445252
2672	0.355604
2673	0.421168
2674	0.639623
2675	0.606397
2676	0.392131
2677	0.462762
2678	0.931325
2679	0.598099
2680	0.474977
2681	0.405143
2682	0.261987
2683	0.554146
2684	0.512326
2685	0.20694
2686	0.203787
2687	0.222761
2688	0.118733
2689	0.306378
2690	0.650354
2691	0.545887
2692	0.133688
2693	0.574086
2694	0.507066
2695	0.392531
2696	0.176443
2697	0.162081
2698	0.305707
2699	0.458713
2700	0.479231
2701	0.510967
2702	0.365965
2703	0.195542
2704	0.38777
2705	0.237485
2706	0.356181
2707	0.333512
2708	0.387437
2709	0.524083
2710	0.267841
2711	0.132599
2712	0.299508
2713	0.71182
2714	0.548176
2715	0.208508
2716	0.33828
2717	0.509701
2718	0.781411
2719	0.219349
2720	0.444236
2721	0.263655
2722	0.705823
2723	0.845389
2724	0.768662
2725	0.792443
2726	0.37839
2727	0.202825
2728	0.315341
2729	0.656044
2730	0.696814
2731	0.273831
2732	0.314942
2733	0.178288
2734	0.549501
2735	0.347302
2736	0.400478
2737	0.407475
2738	0.233337
2739	0.460051
2740	0.17294
2741	0.161482
2742	0.209967
2743	0.19301
2744	0.358692
2745	0.3728
2746	0.318449
2747	0.192764
2748	0.480606
2749	0.819736
2750	0.786663
2751	0.560808
2752	0.341525
2753	0.262909
2754	0.0974439
2755	0.730039
2756	1.23649
2757	0.871553
2758	0.324266
2759	0.492175
2760	0.321251
2761	0.451639
2762	0.327729
2763	0.156027
2764	0.276596
2765	0.1871
2766	0.0603987
2767	0.477895
2768	0.508616
2769	0.430251
2770	0.204587
2771	0.44819
2772	0.54255
2773	0.62486
2774	0.565535
2775	0.285632
2776	0.448053
2777	0.28166
2778	1.0022
2779	0.493404
2780	0.514249
2781	0.346198
2782	0.183707
2783	0.559443
2784	0.793592
2785	0.433928
2786	0.445779
2787	0.154114
2788	0.242134
2789	0.16189
2790	0.216828
2791	0.694816
2792	1.19004
2793	0.978346
2794	0.133097
2795	0.615989
2796	0.141517
2797	0.351179
2798	0.440215
2799	0.340367
2800	0.281943
2801	0.205967
2802	0.253166
2803	0.224763
2804	0.153122
2805	0.210385
2806	0.122924
2807	0.163114
2808	0.108286
2809	0.280198
2810	0.325083
2811	0.570115
2812	0.73992
2813	0.477938
2814	0.211156
2815	0.427488
2816	0.467203
2817	0.461637
2818	0.710099
2819	0.734433
2820	0.332456
2821	0.339791
2822	0.571788
2823	0.701269
2824	0.820941
2825	0.488478
2826	0.602903
2827	0.461424
2828	0.22651
2829	0.552217
2830	0.24199
2831	0.109544
2832	0.093021
2833	0.445846
2834	0.416433
2835	0.0391639
2836	0.188132
2837	0.522954
2838	0.56405
2839	0.72664
2840	0.827469
2841	0.6039
2842	0.473922
2843	0.406405
2844	0.430162
2845	0.763598
2846	0.249809
2847	0.447221
2848	0.254288
2849	0.282845
2850	0.194002
2851	0.177027
2852	0.254377
2853	0.311454
2854	0.295622
2855	0.375951
2856	0.473679
2857	0.170731
2858	0.436572
2859	0.204031
2860	0.234969
2861	0.285532
2862	0.166528
2863	0.193786
2864	0.242501
2865	0.215428
2866	0.459967
2867	1.99136
2868	2.32015
2869	0.953053
2870	0.102892
2871	0.472977
2872	0.784736
2873	0.590603
2874	0.211687
2875	0.59524
2876	1.08229
2877	0.989677
2878	0.702724
2879	0.510203
2880	0.283843
2881	0.368457
2882	0.29727
2883	0.189205
2884	0.27154
2885	0.660145
2886	0.408427
2887	0.116619
2888	0.352894
2889	0.248996
2890	0.132185
2891	0.228697
2892	0.482173
2893	0.125616
2894	0.66973
2895	0.682
2896	0.278944
2897	0.522276
2898	0.300438
2899	0.158303
2900	0.168161
2901	0.380215
2902	0.652505
2903	0.163212
2904	0.452942
2905	0.740622
2906	0.420571
2907	0.470859
2908	0.408988
2909	0.122414
2910	0.386676
2911	0.502279
2912	0.296039
2913	0.301909
2914	0.547572
2915	0.176957
2916	0.197967
2917	0.293934
2918	0.748532
2919	0.45226
2920	0.302532
2921	0.194834
2922	0.10742
2923	0.309872
2924	0.510985
2925	0.579496
2926	0.388422
2927	0.287786
2928	0.229169
2929	0.371623
2930	0.445125
2931	0.203484
2932	0.470001
2933	0.114802
2934	0.474221
2935	0.264528
2936	0.369886
2937	0.645184
2938	0.376483
2939	0.325741
2940	0.888995
2941	0.833425
2942	0.691555
2943	0.0916289
2944	0.354928
2945	0.276939
2946	0.441307
2947	0.389575
2948	0.489782
2949	0.501801
2950	0.200495
2951	0.022154
2952	0.133263
2953	0.0522347
2954	0.424195
2955	0.924808
2956	0.770929
2957	0.246292
2958	0.235255
2959	0.284817
2960	0.112286
2961	0.217999
2962	0.350465
2963	0.121824
2964	0.896441
2965	1.49802
2966	0.845676
2967	0.228941
2968	0.312369
2969	0.366953
2970	0.412926
2971	0.393214
2972	0.447269
2973	0.0559028
2974	0.168857
2975	0.143178
2976	0.40042
2977	0.571265
2978	0.550196
2979	0.172532
2980	0.690241
2981	0.801729
2982	0.254498
2983	0.494707
2984	0.056603
2985	0.455672
2986	0.42781
2987	0.386756
2988	0.282748
2989	0.114428
2990	0.25942
2991	0.56621
2992	0.209286
2993	0.551916
2994	0.439927
2995	0.666465
2996	0.566022
2997	0.783751
2998	0.48105
2999	0.243412
3000	0.535065
3001	0.536345
3002	0.332709
3003	0.584717
3004	0.304126
3005	0.360128
3006	0.333221
3007	0.472888
3008	0.691594
3009	0.27491
3010	0.411174
3011	0.565506
3012	0.0398476
3013	0.605903
3014	0.621531
3015	0.394223
3016	0.101218
3017	0.370892
3018	0.0191855
3019	0.341266
3020	0.278433
3021	0.0548021
3022	0.226604
3023	0.287823
3024	0.122497
3025	0.66919
3026	0.743296
3027	0.555119
3028	0.333311
3029	0.362305
3030	0.767309
3031	0.613623
3032	0.551156
3033	0.153636
3034	0.081683
3035	0.14212
3036	0.179396
3037	0.379687
3038	0.777628
3039	0.575525
3040	1.07252
3041	1.19749
3042	0.825206
3043	0.511807
3044	0.426873
3045	0.0612734
3046	0.519269
3047	0.768539
3048	0.305525
3049	0.0975127
3050	0.209584
3051	0.56205
3052	1.19446
3053	0.971303
3054	0.333986
3055	0.549127
3056	0.365699
3057	0.142301
3058	0.192476
3059	0.592111
3060	0.716293
3061	0.570454
3062	0.625955
3063	0.681687
3064	0.20399
3065	0.455723
3066	0.0826807
3067	0.428634
3068	0.312804
3069	0.176599
3070	0.195939
3071	0.31464
3072	0.141887
3073	0.245007
3074	0.234032
3075	0.282098
3076	0.538389
3077	0.499343
3078	0.114813
3079	0.303905
3080	0.406115
3081	0.0871436
3082	0.130462
3083	0.091788
3084	0.160802
3085	0.36479
3086	0.323782
3087	0.273867
3088	0.128178
3089	0.272898
3090	0.351402
3091	1.34991
3092	0.895084
3093	0.149294
3094	0.282933
3095	0.120899
3096	0.304237
3097	0.499387
3098	0.35766
3099	0.240722
3100	0.256499
3101	0.463014
3102	0.115857
3103	0.0981584
3104	0.175924
3105	0.453844
3106	0.4728
3107	0.234805
3108	0.131845
3109	0.0844682
3110	0.247982
3111	0.626248
3112	0.76527
3113	0.453281
3114	0.425526
3115	0.365407
3116	0.445994
3117	0.196708
3118	0.35876
3119	0.633905
3120	0.14541
3121	0.373705
3122	0.498573
3123	0.656852
3124	0.494684
3125	0.413166
3126	0.359682
3127	0.463285
3128	0.576346
3129	0.37585
3130	0.481158
3131	0.0308293
3132	0.12786
3133	0.185758
3134	0.156451
3135	0.440641
3136	0.578713
3137	0.425667
3138	0.25653
3139	0.142016
3140	0.199462
3141	0.43093
3142	0.922761
3143	0.517405
3144	0.439314
3145	0.702137
3146	0.469059
3147	0.106314
3148	0.532584
3149	0.300946
3150	0.412876
3151	0.476087
3152	0.163044
3153	0.46452
3154	0.585583
3155	0.886258
3156	0.584728
3157	0.413944
3158	0.883066
3159	0.492686
3160	0.464747
3161	0.940669
3162	0.531741
3163	0.328057
3164	0.339087
3165	0.299512
3166	0.269189
3167	0.168803
3168	0.505974
3169	0.749522
3170	0.448591
3171	0.358172
3172	0.283239
3173	0.196449
3174	0.551546
3175	0.45386
3176	0.392713
3177	0.212567
3178	0.357065
3179	0.239932
3180	0.334693
3181	0.225776
3182	0.291619
3183	0.59607
3184	0.732918
3185	0.610932
3186	0.312221
3187	0.15548
3188	0.138078
3189	0.548498
3190	0.47184
3191	0.323272
3192	0.0503541
3193	0.196713
3194	0.408022
3195	0.567914
3196	0.552085
3197	0.306012
3198	0.450178
3199	0.448396
3200	0.518312
3201	0.348488
3202	0.414469
3203	0.865131
3204	0.687118
3205	0.894755
3206	1.11639
3207	1.10243
3208	0.903691
3209	0.336055
3210	0.340589
3211	0.191232
3212	0.233625
3213	0.319508
3214	0.273638
3215	0.182468
3216	0.293785
3217	0.323341
3218	0.461341
3219	0.593916
3220	0.427374
3221	0.462208
3222	0.40452
3223	0.529094
3224	0.413873
3225	0.160684
3226	0.440206
3227	0.22712
3228	0.393578
3229	0.475164
3230	0.140283
3231	0.24285
3232	0.414981
3233	0.572403
3234	0.261479
3235	0.28237
3236	0.0650984
3237	0.198777
3238	0.390157
3239	0.547839
3240	0.917111
3241	0.769061
3242	0.45567
3243	0.505494
3244	0.283751
3245	0.228875
3246	0.311859
3247	0.293478
3248	0.296013
3249	0.393412
3250	0.650592
3251	0.146766
3252	0.733988
3253	0.511458
3254	0.231834
3255	0.568462
3256	0.697284
3257	0.48759
3258	0.25149
3259	0.0785064
3260	0.250482
3261	0.334372
3262	0.496758
3263	0.479309
3264	0.153081
3265	0.146262
3266	0.192421
3267	0.10629
3268	0.16504
3269	0.278004
3270	0.172853
3271	0.10477
3272	0.251738
3273	0.321839
3274	0.238762
3275	0.352135
3276	0.370261
3277	0.230426
3278	0.168033
3279	0.355181
3280	0.0977676
3281	0.272326
3282	0.50893
3283	0.737622
3284	0.63194
3285	0.415061
3286	0.315315
3287	0.340722
3288	0.179286
3289	0.469683
3290	1.06426
3291	0.62813
3292	0.162161
3293	0.253208
3294	0.49546
3295	0.4261
3296	0.321353
3297	0.131875
3298	0.176368
3299	0.347347
3300	0.419126
3301	0.530186
3302	0.456529
3303	0.508757
3304	0.4997
3305	0.470162
3306	0.253472
3307	0.302671
3308	0.580806
3309	0.416682
3310	0.281413
3311	0.449894
3312	0.329572
3313	0.106293
3314	0.0582944
3315	0.132882
3316	0.286674
3317	0.206966
3318	0.198443
3319	0.218686
3320	0.468246
3321	0.262697
3322	0.269543
3323	0.167232
3324	0.0526417
3325	0.096736
3326	0.0919383
3327	0.323076
3328	0.540396
3329	0.275853
3330	0.413291
3331	0.674096
3332	0.654932
3333	0.296449
3334	0.330692
3335	0.484778
3336	0.12676
3337	0.313877
3338	0.475618
3339	0.65125
3340	0.449825
3341	0.369398
3342	0.424922
3343	0.228116
3344	0.207805
3345	0.493999
3346	0.275728
3347	0.0859724
3348	0.0222241
3349	0.209996
3350	0.176548
3351	0.44679
3352	0.294757
3353	0.284418
3354	0.421986
3355	0.0854682
3356	0.326102
3357	0.363923
3358	0.500113
3359	0.153365
3360	0.595695
3361	0.425694
3362	0.198393
3363	0.396028
3364	0.349225
3365	0.358711
3366	0.35135
3367	0.218199
3368	0.444065
3369	0.637807
3370	0.305022
3371	0.453947
3372	0.207642
3373	0.625207
3374	0.847027
3375	0.39643
3376	0.140935
3377	0.262833
3378	0.686129
3379	0.255196
3380	0.208481
3381	0.214022
3382	0.509761
3383	0.53815
3384	0.581298
3385	0.602215
3386	0.233831
3387	0.0873229
3388	0.262057
3389	0.132526
3390	0.34461
3391	0.526478
3392	0.4293
3393	0.353485
3394	0.281254
3395	0.0521695
3396	0.170691
3397	0.448321
3398	0.288132
3399	0.430349
3400	0.403246
3401	0.239093
3402	0.232916
3403	0.226865
3404	0.284596
3405	0.459893
3406	0.370444
3407	0.243096
3408	0.151497
3409	0.463861
3410	0.813494
3411	0.611819
3412	0.197402
3413	0.249817
3414	0.156373
3415	0.292183
3416	0.246966
3417	0.441667
3418	0.627828
3419	0.648573
3420	0.387854
3421	0.436048
3422	0.335742
3423	0.261069
3424	0.374291
3425	0.877696
3426	0.832436
3427	0.406059
3428	0.230902
3429	0.413747
3430	0.233363
3431	0.118481
3432	0.309682
3433	0.735273
3434	0.749311
3435	0.439869
3436	0.0300364
3437	0.353488
3438	0.33658
3439	0.527216
3440	0.748928
3441	0.506675
3442	0.293458
3443	0.338471
3444	0.535343
3445	0.584964
3446	0.519022
3447	0.433784
3448	0.435322
3449	0.330944
3450	0.122387
3451	0.539272
3452	0.196267
3453	0.453955
3454	0.612929
3455	0.159943
3456	0.269173
3457	0.375852
3458	0.504182
3459	0.0847875
3460	0.429045
3461	0.579073
3462	0.266383
3463	0.281713
3464	0.189231
3465	0.651258
3466	0.423784
3467	0.115223
3468	0.349622
3469	0.488683
3470	0.262575
3471	0.422195
3472	0.279045
3473	0.155731
3474	0.326166
3475	0.288512
3476	0.597748
3477	0.25358
3478	0.616777
3479	0.50504
3480	0.428148
3481	0.516627
3482	0.367776
3483	0.282271
3484	0.301971
3485	0.220196
3486	0.228277
3487	0.139474
3488	0.380786
3489	0.413426
3490	0.293311
3491	0.412468
3492	0.37628
3493	0.284798
3494	0.708922
3495	0.503025
3496	0.304147
3497	0.439975
3498	0.591499
3499	0.698473
3500	0.493632
3501	0.133052
3502	0.108036
3503	0.103736
3504	0.152759
3505	0.0663907
3506	0.444515
3507	0.605255
3508	0.285304
3509	0.822519
3510	0.955207
3511	0.510025
3512	0.473798
3513	0.470045
3514	0.720821
3515	0.595037
3516	0.181877
3517	0.546442
3518	0.681796
3519	0.768447
3520	0.947203
3521	1.0955
3522	0.589883
3523	0.260908
3524	0.33923
3525	0.157869
3526	0.361986
3527	0.148903
3528	0.170705
3529	0.0887599
3530	0.136362
3531	0.220531
3532	0.290053
3533	0.266898
3534	0.62778
3535	0.530752
3536	0.129775
3537	0.574809
3538	0.932038
3539	0.496566
3540	0.256188
3541	0.194877
3542	0.595632
3543	0.409979
3544	0.217692
3545	0.305443
3546	0.158994
3547	0.243762
3548	0.124375
3549	0.343382
3550	0.753604
3551	0.555832
3552	0.18203
3553	0.356891
3554	0.451815
3555	0.678031
3556	0.706891
3557	0.390093
3558	0.112907
3559	0.222095
3560	0.39986
3561	0.32664
3562	0.104383
3563	0.432568
3564	0.719132
3565	0.637036
3566	0.471974
3567	0.876082
3568	0.244815
3569	0.355358
3570	0.373759
3571	0.557638
3572	0.612971
3573	0.33616
3574	0.203762
3575	0.301139
3576	0.622762
3577	0.429527
3578	0.208922
3579	0.550295
3580	0.542274
3581	0.366128
3582	0.384997
3583	0.343214
3584	0.295276
3585	0.157341
3586	0.605197
3587	0.700049
3588	0.855673
3589	0.630551
3590	0.58943
3591	0.396094
3592	0.33328
3593	0.395625
3594	0.1005
3595	0.120488
3596	0.275597
3597	0.5868
3598	0.483889
3599	0.199693
3600	0.198253
3601	0.348981
3602	0.435402
3603	0.555442
3604	0.144488
3605	0.338782
3606	0.409088
3607	0.66414
3608	0.651225
3609	0.713022
3610	0.589124
3611	0.532784
3612	0.154143
3613	0.431139
3614	0.205647
3615	0.0996254
3616	0.171484
3617	0.541536
3618	0.548717
3619	0.270548
3620	0.322903
3621	0.823599
3622	0.550893
3623	0.049746
3624	0.786621
3625	1.39178
3626	1.16519
3627	0.585427
3628	0.44533
3629	0.438889
3630	0.538803
3631	0.394485
3632	0.0855859
3633	0.17463
3634	0.280425
3635	0.179029
3636	0.133205
3637	0.247072
3638	0.323626
3639	0.412447
3640	0.540238
3641	0.781243
3642	0.527137
3643	0.448438
3644	0.124593
3645	0.309351
3646	0.162554
3647	0.322738
3648	0.744225
3649	1.22924
3650	1.03252
3651	0.604906
3652	0.245503
3653	0.245535
3654	0.263142
3655	0.571286
3656	0.692161
3657	0.434789
3658	0.225547
3659	0.201009
3660	0.425114
3661	0.426285
3662	0.471151
3663	0.50954
3664	0.111025
3665	0.270907
3666	0.22912
3667	0.599345
3668	0.84571
3669	0.456817
3670	0.32106
3671	0.474655
3672	0.355925
3673	0.133099
3674	0.509185
3675	0.261334
3676	0.413061
3677	0.191269
3678	0.399991
3679	0.458284
3680	0.668897
3681	0.280647
3682	0.638843
3683	0.563825
3684	0.287712
3685	0.235046
3686	0.3771
3687	0.244815
3688	0.627382
3689	0.132044
3690	0.359907
3691	0.347076
3692	0.34324
3693	0.532455
3694	0.536315
3695	0.352419
3696	0.0924436
3697	0.282508
3698	0.454873
3699	0.56757
3700	0.409282
3701	0.192454
3702	0.220463
3703	0.146104
3704	0.224949
3705	0.411433
3706	0.709865
3707	0.41753
3708	0.444196
3709	0.672759
3710	0.657337
3711	0.991345
3712	0.655506
3713	0.391865
3714	0.162601
3715	0.139581
3716	0.238002
3717	0.274076
3718	0.0889826
3719	0.209058
3720	0.481231
3721	0.374264
3722	0.294333
3723	0.418321
3724	0.399761
3725	0.541434
3726	0.752194
3727	0.569713
3728	0.381647
3729	0.321834
3730	0.295811
3731	0.287118
3732	0.311579
3733	0.188244
3734	0.476937
3735	0.481687
3736	0.770223
3737	0.817646
3738	0.245612
3739	0.292868
3740	0.107466
3741	0.299783
3742	0.73542
3743	0.796321
3744	0.43202
3745	0.403344
3746	0.761047
3747	0.372241
3748	0.19982
3749	0.46121
3750	0.209419
3751	0.263215
3752	0.104481
3753	0.125547
3754	0.343299
3755	0.966436
3756	0.735739
3757	0.201479
3758	0.513187
3759	0.678884
3760	1.74308
3761	2.35563
3762	1.19844
3763	0.339875
3764	1.03758
3765	0.471216
3766	0.471307
3767	0.596738
3768	0.497302
3769	0.678158
3770	0.74913
3771	0.489569
3772	0.62109
3773	0.67035
3774	0.554577
3775	0.355819
3776	0.326329
3777	0.145714
3778	0.3591
3779	0.664041
3780	0.646659
3781	0.220983
3782	0.736073
3783	0.713275
3784	0.250264
3785	0.581537
3786	0.517452
3787	0.533959
3788	0.634208
3789	0.413603
3790	0.307295
3791	0.27376
3792	0.270964
3793	0.49851
3794	0.714299
3795	0.500149
3796	0.541878
3797	0.186382
3798	0.4376
3799	0.16668
3800	0.277987
3801	0.26014
3802	0.261608
3803	0.548324
3804	0.595804
3805	0.496257
3806	0.395144
3807	0.421553
3808	0.705489
3809	0.319985
3810	0.0415167
3811	0.273716
3812	0.218412
3813	0.025533
3814	0.2855
3815	0.188031
3816	0.192086
3817	0.464309
3818	0.456717
3819	0.707284
3820	1.06246
3821	0.931093
3822	0.156388
3823	0.334281
3824	0.462043
3825	0.267956
3826	0.24583
3827	0.0414332
3828	0.425064
3829	0.353872
3830	0.28385
3831	0.54863
3832	0.492904
3833	0.288902
3834	0.220061
3835	0.304598
3836	0.523443
3837	0.47731
3838	0.59483
3839	0.540081
3840	0.629831
3841	0.908089
3842	0.627949
3843	0.281933
3844	0.225718
3845	0.425735
3846	0.141387
3847	0.484804
3848	0.500335
3849	0.410146
3850	0.379072
3851	0.728802
3852	0.624413
3853	0.107547
3854	0.641392
3855	0.648763
3856	0.274055
3857	0.188595
3858	0.567455
3859	1.02746
3860	0.573121
3861	0.296339
3862	0.670812
3863	0.922418
3864	0.906976
3865	0.587992
3866	0.378113
3867	0.397762
3868	0.442822
3869	0.418434
3870	0.41029
3871	0.246852
3872	1.36531
3873	1.84033
3874	0.742143
3875	0.39846
3876	0.18565
3877	0.218033
3878	0.400403
3879	0.49007
3880	0.751238
3881	0.378724
3882	0.049969
3883	0.31211
3884	0.297553
3885	0.0530913
3886	0.136003
3887	0.316531
3888	0.373273
3889	0.939546
3890	0.579433
3891	0.281985
3892	1.89198
3893	2.88181
3894	1.27095
3895	0.499346
3896	1.07395
3897	0.928851
3898	0.666143
3899	0.450151
3900	0.481621
3901	0.481034
3902	0.266876
3903	0.239686
3904	0.153567
3905	0.562057
3906	0.547856
3907	0.45738
3908	0.706788
3909	0.801316
3910	0.557052
3911	0.392202
3912	0.313307
3913	0.417197
3914	0.352592
3915	0.273961
3916	0.401667
3917	0.532394
3918	0.381062
3919	0.263977
3920	0.426278
3921	0.264899
3922	0.388995
3923	0.266534
3924	0.307059
3925	0.437167
3926	0.546763
3927	0.206733
3928	0.385547
3929	0.264542
3930	0.39757
3931	0.49041
3932	0.445253
3933	0.613523
3934	0.862089
3935	0.856285
3936	0.427274
3937	0.433466
3938	0.545412
3939	0.651788
3940	0.529503
3941	0.14135
3942	0.409616
3943	0.51732
3944	0.614966
3945	0.582807
3946	0.742626
3947	0.647039
3948	0.318855
3949	0.189354
3950	0.225743
3951	0.0481315
3952	0.281915
3953	0.369515
3954	0.176262
3955	0.235296
3956	0.232586
3957	0.269762
3958	0.338956
3959	0.140154
3960	0.585147
3961	0.866495
3962	0.468213
3963	0.36842
3964	0.339317
3965	0.49771
3966	0.410129
3967	0.530715
3968	0.65688
3969	0.0588605
3970	0.458325
3971	0.667355
3972	0.328815
3973	0.190701
3974	0.206641
3975	0.19212
3976	0.680691
3977	0.522619
3978	1.50545
3979	1.71877
3980	0.965011
3981	0.569596
3982	0.502429
3983	1.05265
3984	2.02989
3985	1.45162
3986	0.383633
3987	0.937001
3988	0.501751
3989	0.110595
3990	0.286463
3991	0.337732
3992	0.728599
3993	0.300254
3994	0.358096
3995	0.394412
3996	0.596195
3997	0.571523
3998	0.374842
3999	0.132118
4000	0.273476
4001	0.220389
4002	0.472254
4003	0.919365
4004	1.15801
4005	0.513469
4006	0.300733
4007	0.022359
4008	0.381
4009	0.740248
4010	0.606208
4011	0.101027
4012	0.599531
4013	1.11038
4014	0.683042
4015	0.31926
4016	0.490486
4017	0.325824
4018	0.439873
4019	1.04026
4020	0.717016
4021	0.278196
4022	0.67888
4023	0.340616
4024	0.675413
4025	1.12545
4026	0.862742
4027	0.737258
4028	0.872594
4029	0.435828
4030	0.833968
4031	0.734494
4032	0.667791
4033	0.972023
4034	1.07419
4035	0.709887
4036	0.380715
4037	0.403278
4038	1.21807
4039	1.94153
4040	1.76706
4041	0.900311
4042	0.672231
4043	1.30007
4044	1.84772
4045	1.39604
4046	0.813529
4047	0.346716
4048	0.951048
4049	0.991855
4050	1.31593
4051	1.45621
4052	1.11943
4053	0.405304
4054	0.755756
4055	1.47211
4056	0.704693
4057	0.550808
4058	0.221523
4059	0.619095
4060	0.424734
4061	0.109849
4062	0.390845
4063	0.506971
4064	0.293268
4065	0.473746
4066	0.846144
4067	1.8334
4068	1.39531
4069	0.173168
4070	0.943955
4071	2.23035
4072	2.31683
4073	1.28715
4074	0.280138
4075	0.899751
4076	0.839444
4077	0.26906
4078	1.13898
4079	1.50784
4080	1.33596
4081	1.14231
4082	1.3434
4083	0.816471
4084	0.743066
4085	0.625521
4086	0.759492
4087	0.252841
4088	1.92421
4089	2.71881
4090	1.77738
4091	0.730734
4092	0.830397
4093	1.00578
4094	0.392584
4095	2.3497
