InputSignal - Magnitude   FFT Frequency Resolution: 0.976562
 
0	24.5961
1	12.7135
2	1.86559
3	1.03367
4	2.25088
5	0.4024
6	1.33203
7	3.49133
8	3.80456
9	1.05882
10	1.64551
11	2.62458
12	1.2853
13	0.85919
14	1.1599
15	1.9862
16	2.8949
17	2.93256
18	1.23526
19	0.66873
20	0.764379
21	2.82498
22	2.52245
23	2.73592
24	2.60402
25	3.05837
26	1.51932
27	2.14119
28	1.68374
29	2.47348
30	3.45083
31	0.991219
32	0.200125
33	0.676845
34	1.08226
35	2.3932
36	0.789375
37	1.21265
38	3.09036
39	3.68206
40	1.47674
41	1.63391
42	2.03615
43	2.2208
44	1.3886
45	1.3634
46	1.71593
47	1.16753
48	1.18475
49	2.26978
50	0.807231
51	1.74904
52	2.51678
53	2.35593
54	2.94128
55	2.38026
56	1.20803
57	0.865528
58	0.96763
59	0.274547
60	2.07385
61	1.89326
62	0.478918
63	0.417115
64	1.572
65	2.82009
66	1.97478
67	1.28768
68	1.30663
69	0.498451
70	1.31121
71	1.22083
72	1.79333
73	3.75476
74	2.7804
75	1.42698
76	1.73112
77	1.15697
78	1.93897
79	1.96398
80	1.96817
81	1.30336
82	0.763686
83	1.28342
84	1.50683
85	1.13127
86	0.56602
87	0.983295
88	0.826644
89	0.71133
90	0.0585189
91	0.130862
92	1.07843
93	1.22589
94	0.552214
95	0.986548
96	0.874015
97	0.901005
98	1.16222
99	0.318142
100	1.70939
101	2.70989
102	1.49696
103	0.196215
104	0.43428
105	0.686954
106	0.557297
107	0.460725
108	1.21129
109	0.773892
110	0.269197
111	1.23614
112	2.74558
113	1.66102
114	0.490621
115	0.297599
116	1.30891
117	1.02971
118	0.820626
119	0.839901
120	1.14183
121	1.27292
122	0.694437
123	0.94943
124	1.10796
125	1.27834
126	1.9038
127	0.94688
128	0.934634
129	0.679602
130	0.323306
131	0.264383
132	0.75566
133	0.495856
134	0.759881
135	0.384802
136	0.145456
137	0.821094
138	0.0772389
139	0.528628
140	1.01767
141	0.889531
142	0.855838
143	0.7468
144	0.871199
145	1.31363
146	1.06891
147	1.04107
148	1.13465
149	1.29347
150	0.769127
151	0.134543
152	0.779949
153	1.62823
154	1.80961
155	2.41313
156	3.13257
157	2.47553
158	1.76043
159	1.43508
160	0.168648
161	1.19947
162	0.980962
163	0.940836
164	0.732222
165	1.61
166	1.30005
167	0.852515
168	0.646233
169	0.555949
170	0.671013
171	0.261115
172	0.0401113
173	0.387469
174	1.30792
175	1.34415
176	0.882794
177	0.699249
178	0.819532
179	1.27878
180	1.14095
181	0.698849
182	1.36114
183	0.646729
184	0.782901
185	0.58114
186	0.1832
187	0.287756
188	0.98371
189	1.0952
190	0.431455
191	0.807323
192	1.41362
193	1.29751
194	1.53685
195	0.56195
196	0.603967
197	0.857316
198	0.920599
199	1.09426
200	1.81846
201	1.33951
202	1.58181
203	3.02148
204	2.76348
205	1.12431
206	0.132466
207	0.948459
208	1.49025
209	1.22463
210	0.88796
211	0.48392
212	0.649681
213	0.826076
214	1.13041
215	0.930656
216	0.186214
217	1.08476
218	0.603224
219	0.449362
220	0.79548
221	0.631763
222	0.290636
223	1.70697
224	1.88036
225	0.50075
226	0.333919
227	0.777732
228	1.13265
229	1.0239
230	0.206367
231	0.249156
232	0.552937
233	0.519907
234	0.176009
235	0.342777
236	0.905937
237	1.04844
238	1.42402
239	0.610608
240	0.456497
241	0.0459901
242	0.707088
243	1.56384
244	1.11306
245	0.507124
246	1.35583
247	0.979347
248	0.238001
249	0.687027
250	0.596874
251	0.389877
252	0.896167
253	1.3053
254	1.18439
255	0.747511
256	0.438318
257	0.7943
258	1.13372
259	0.783361
260	0.304438
261	0.436528
262	0.516186
263	0.710082
264	1.12672
265	1.29178
266	1.33067
267	1.50164
268	1.12603
269	0.734786
270	0.590642
271	0.8747
272	0.854648
273	1.18174
274	0.178184
275	0.238407
276	0.444259
277	0.39486
278	1.07493
279	1.47086
280	0.705554
281	0.656597
282	0.816091
283	0.628338
284	0.60123
285	0.493028
286	0.674049
287	0.418966
288	0.346536
289	0.579139
290	0.380845
291	0.365896
292	0.181646
293	0.271758
294	0.341151
295	0.187612
296	1.10994
297	1.33043
298	0.567222
299	0.638558
300	0.829204
301	0.640775
302	0.367822
303	0.746218
304	0.522635
305	0.143903
306	0.215279
307	0.518534
308	0.869535
309	0.958492
310	0.545066
311	0.842565
312	0.690245
313	1.15689
314	0.615221
315	0.353859
316	0.938564
317	0.591951
318	0.193987
319	0.419852
320	0.555675
321	0.43682
322	0.514372
323	0.585991
324	0.496098
325	0.562237
326	1.07213
327	1.30392
328	0.767844
329	0.578387
330	0.899389
331	0.260818
332	0.0555299
333	0.32639
334	0.900578
335	1.89208
336	1.94817
337	0.477953
338	0.140203
339	0.10171
340	0.355525
341	0.384822
342	0.680493
343	0.592094
344	0.199758
345	0.59963
346	0.865873
347	0.606669
348	0.348524
349	0.680531
350	1.18766
351	0.317641
352	0.812941
353	0.363651
354	0.148284
355	0.439261
356	0.409117
357	0.816391
358	0.673065
359	0.778766
360	1.40949
361	1.21144
362	0.321061
363	0.258959
364	0.376564
365	0.659825
366	0.605343
367	0.137764
368	0.357918
369	0.96478
370	0.806945
371	0.30981
372	0.59423
373	0.863612
374	0.653099
375	0.4203
376	0.402193
377	0.27509
378	0.140916
379	0.579644
380	0.71925
381	0.318384
382	0.532584
383	0.692533
384	0.812272
385	0.405128
386	0.389753
387	0.897448
388	0.366549
389	0.306625
390	0.304686
391	0.787217
392	0.625724
393	0.730695
394	0.702227
395	0.883707
396	0.77336
397	0.45823
398	0.50677
399	0.564429
400	0.516055
401	0.70853
402	0.289145
403	0.26772
404	0.488747
405	0.747783
406	0.872612
407	0.1594
408	1.26273
409	1.04396
410	0.377742
411	0.586197
412	0.785444
413	1.14906
414	0.841202
415	0.91223
416	0.674533
417	0.311409
418	0.884628
419	0.931029
420	0.3893
421	0.613428
422	0.527796
423	0.776192
424	0.764842
425	0.411071
426	0.618466
427	0.83581
428	0.708795
429	0.438345
430	0.485405
431	1.11358
432	0.702222
433	0.635539
434	1.34115
435	1.28721
436	0.502971
437	0.618706
438	0.818989
439	0.227549
440	0.346805
441	0.730057
442	1.0224
443	0.289025
444	0.47317
445	0.222149
446	0.163454
447	0.383784
448	0.142942
449	0.110326
450	0.420191
451	0.147053
452	0.162082
453	1.02601
454	1.80305
455	1.06246
456	0.584455
457	1.21454
458	0.686571
459	0.394596
460	0.309155
461	0.657568
462	0.329976
463	0.447347
464	1.19294
465	0.779812
466	0.119352
467	0.695943
468	0.520629
469	0.351819
470	0.321945
471	0.850133
472	0.615957
473	0.896985
474	0.91156
475	1.10049
476	0.888855
477	0.0644391
478	0.713211
479	0.747013
480	0.472043
481	0.215103
482	0.582665
483	0.847901
484	0.472325
485	0.244601
486	0.399053
487	0.625083
488	0.944236
489	0.5429
490	0.127793
491	0.170364
492	0.655667
493	0.688811
494	0.267905
495	0.159564
496	0.370428
497	0.988444
498	1.11567
499	0.214872
500	1.01783
501	0.542235
502	0.881413
503	1.1485
504	1.02991
505	0.845455
506	0.330912
507	0.265074
508	0.0962907
509	0.136305
510	0.422685
511	0.156947
512	0.890182
513	0.735012
514	0.70269
515	0.84985
516	1.02025
517	0.664191
518	0.677385
519	0.514165
520	0.273261
521	0.328353
522	0.478358
523	0.439065
524	0.261663
525	0.274764
526	0.450053
527	0.5934
528	0.875364
529	0.832013
530	0.387709
531	0.0946479
532	0.246511
533	0.177329
534	0.0844443
535	0.3541
536	0.313454
537	0.473951
538	0.571896
539	0.152638
540	0.194347
541	0.0334063
542	0.192107
543	0.537139
544	1.05528
545	0.83896
546	0.147411
547	0.470116
548	0.848367
549	0.506511
550	0.434173
551	0.750431
552	0.383471
553	0.339822
554	0.784995
555	0.371071
556	0.875369
557	0.721358
558	0.331697
559	0.855127
560	0.857598
561	0.649054
562	0.797335
563	1.44964
564	1.42297
565	0.80449
566	0.194873
567	0.505173
568	0.854242
569	0.822184
570	0.416899
571	0.276864
572	0.4513
573	0.71668
574	0.847099
575	0.38107
576	0.51898
577	0.591503
578	0.390252
579	0.560496
580	0.636035
581	0.192913
582	0.389677
583	1.04834
584	0.94106
585	0.849257
586	0.814474
587	0.476773
588	0.637651
589	0.977998
590	0.633082
591	0.247614
592	0.685552
593	0.798385
594	0.453554
595	0.307307
596	0.868293
597	0.851744
598	0.678913
599	0.975096
600	1.31926
601	0.65905
602	0.0910198
603	0.651149
604	1.09692
605	0.936555
606	0.522421
607	0.208108
608	0.321089
609	0.473706
610	0.647125
611	0.874971
612	0.848706
613	0.297037
614	0.447502
615	0.45203
616	0.719508
617	0.741344
618	1.43395
619	1.34408
620	0.658485
621	0.742499
622	0.732716
623	0.325619
624	0.350055
625	0.811083
626	0.791609
627	0.456538
628	0.589894
629	0.53033
630	0.115551
631	1.00321
632	2.03191
633	1.15314
634	0.720644
635	0.613702
636	0.665971
637	1.01538
638	1.19184
639	0.504818
640	0.576471
641	0.804542
642	0.722762
643	0.297658
644	0.50175
645	0.565095
646	0.761023
647	0.97165
648	1.1786
649	0.809504
650	0.553935
651	0.932075
652	0.681491
653	0.48006
654	1.23035
655	0.839323
656	0.614388
657	0.754987
658	0.134656
659	0.392178
660	0.614925
661	1.3551
662	1.38842
663	0.952676
664	0.951601
665	0.902475
666	0.558356
667	0.329511
668	0.189927
669	0.0728485
670	0.499134
671	0.445345
672	0.079935
673	0.0677684
674	0.461065
675	0.738213
676	1.00664
677	1.22501
678	1.00346
679	0.101245
680	0.34212
681	0.924221
682	1.10475
683	0.553132
684	0.378416
685	0.272746
686	0.501575
687	0.348121
688	0.509907
689	0.465231
690	0.33334
691	0.782464
692	1.20393
693	0.67551
694	0.542452
695	0.769033
696	0.39216
697	0.567829
698	0.681017
699	0.486016
700	0.360998
701	0.515201
702	0.553162
703	0.72667
704	1.02403
705	0.647975
706	0.135636
707	0.28606
708	0.819284
709	0.925482
710	0.343278
711	0.402927
712	0.089985
713	0.322271
714	0.526568
715	0.141191
716	0.015909
717	0.0676138
718	0.11924
719	0.570363
720	0.704983
721	0.321139
722	0.126684
723	0.361347
724	0.635413
725	0.257792
726	0.335968
727	0.88748
728	0.540137
729	0.29037
730	0.24437
731	0.503499
732	0.116752
733	0.369075
734	0.435332
735	0.734328
736	0.443991
737	0.471882
738	0.852696
739	0.433602
740	0.528552
741	0.723654
742	0.613612
743	0.666943
744	0.522256
745	0.554486
746	0.770492
747	0.410672
748	0.524041
749	0.53004
750	0.384588
751	0.1791
752	0.8681
753	0.702787
754	0.406934
755	0.215982
756	0.19676
757	0.459247
758	0.869585
759	0.415485
760	0.39947
761	0.493927
762	0.465572
763	0.428543
764	0.409696
765	0.431276
766	0.638246
767	0.466435
768	0.30465
769	0.29534
770	0.380716
771	0.15348
772	0.300694
773	0.157034
774	0.439092
775	0.28186
776	0.0989996
777	0.27156
778	0.613111
779	0.37296
780	0.129218
781	0.0882181
782	0.667769
783	0.946822
784	0.907837
785	0.919223
786	0.440989
787	0.498886
788	0.314565
789	0.664423
790	0.45026
791	0.195415
792	0.154534
793	0.439123
794	0.737274
795	0.932088
796	0.527038
797	0.173578
798	0.585054
799	0.872585
800	0.704029
801	0.201838
802	0.576379
803	0.254107
804	0.681971
805	0.605302
806	0.521873
807	0.499927
808	0.662767
809	0.330948
810	0.25185
811	0.137046
812	0.568012
813	0.909964
814	0.617873
815	0.567255
816	0.4711
817	0.475759
818	0.226198
819	0.431814
820	0.430366
821	0.405983
822	0.376217
823	0.495452
824	0.411071
825	0.538095
826	0.748275
827	0.642317
828	0.487881
829	0.516998
830	0.524469
831	0.4151
832	0.439249
833	0.374634
834	0.360561
835	0.265045
836	0.493914
837	0.267586
838	0.614963
839	0.423562
840	0.412291
841	0.170127
842	0.380644
843	0.430415
844	0.532978
845	0.396219
846	0.573371
847	0.247096
848	0.711909
849	0.583216
850	0.601113
851	0.85678
852	0.851218
853	0.515145
854	0.327069
855	0.393855
856	0.262463
857	0.629724
858	1.09327
859	0.309772
860	0.469655
861	0.512753
862	0.0591984
863	0.583752
864	0.417314
865	0.254117
866	0.251011
867	0.387974
868	0.370979
869	0.315787
870	0.544832
871	0.810933
872	0.635772
873	0.462062
874	0.386236
875	0.705644
876	0.574372
877	0.306771
878	0.878981
879	0.883547
880	0.912951
881	0.934488
882	0.277067
883	0.283444
884	0.215074
885	0.479102
886	1.00933
887	0.44863
888	0.990992
889	0.622219
890	0.468633
891	0.261764
892	0.585739
893	0.664069
894	0.257114
895	0.476651
896	0.718983
897	0.979867
898	0.989359
899	0.76452
900	0.46969
901	0.359186
902	0.326747
903	0.389861
904	0.153264
905	0.261367
906	0.674953
907	0.314538
908	0.296662
909	0.379953
910	0.623212
911	0.230336
912	0.594055
913	0.337875
914	0.743656
915	0.390342
916	0.776069
917	0.781094
918	0.47499
919	0.0671506
920	0.362341
921	0.425349
922	0.442534
923	0.494857
924	0.56252
925	0.6513
926	0.670411
927	0.880966
928	0.798211
929	0.71323
930	0.60425
931	0.167435
932	0.593652
933	0.383082
934	0.0949493
935	0.413872
936	0.748102
937	0.403239
938	0.276938
939	0.566461
940	0.624569
941	0.805329
942	0.525574
943	0.169092
944	0.502894
945	1.22541
946	1.08013
947	0.593475
948	0.531192
949	0.502201
950	0.230509
951	0.264107
952	0.471056
953	0.265963
954	0.390966
955	0.347138
956	0.685108
957	0.768205
958	0.772205
959	0.273611
960	0.250785
961	0.570066
962	0.408135
963	0.398309
964	0.337217
965	0.378231
966	0.3167
967	0.241599
968	0.384444
969	0.317219
970	0.624306
971	0.922187
972	0.423728
973	0.328359
974	0.498119
975	0.300659
976	0.178172
977	0.356612
978	0.224308
979	0.269175
980	0.26709
981	0.455917
982	0.644132
983	0.715178
984	0.769518
985	0.328791
986	0.205604
987	0.526913
988	0.618009
989	0.285675
990	0.480819
991	0.456732
992	0.587805
993	0.923176
994	0.7762
995	0.255215
996	0.462909
997	0.622826
998	0.527305
999	0.551369
1000	0.647689
1001	0.569271
1002	0.681004
1003	0.722396
1004	0.483772
1005	0.86561
1006	2.36375
1007	1.45242
1008	0.290695
1009	0.338373
1010	0.222263
1011	0.526233
1012	0.7067
1013	0.514479
1014	0.700434
1015	1.01
1016	0.788759
1017	0.135705
1018	0.422502
1019	0.123659
1020	0.399484
1021	0.343716
1022	0.336926
1023	0.391658
1024	0.62861
1025	0.652331
1026	0.312862
1027	0.354619
1028	0.536088
1029	0.0765095
1030	0.324193
1031	0.42669
1032	0.581634
1033	0.368153
1034	0.257657
1035	0.300023
1036	0.707736
1037	0.712899
1038	0.566862
1039	0.134332
1040	0.709633
1041	0.715142
1042	0.302346
1043	0.0840598
1044	0.532958
1045	0.63275
1046	0.518295
1047	0.597084
1048	0.844848
1049	1.10028
1050	0.451135
1051	0.832727
1052	0.404236
1053	0.508132
1054	0.524283
1055	0.543409
1056	0.322922
1057	0.614709
1058	0.334107
1059	0.0961077
1060	0.618169
1061	1.27842
1062	0.687034
1063	0.2635
1064	0.118564
1065	0.198407
1066	0.185016
1067	0.304509
1068	0.481539
1069	0.530744
1070	0.365407
1071	0.228568
1072	0.0134213
1073	0.1295
1074	0.45777
1075	0.562831
1076	0.199136
1077	0.462778
1078	0.321325
1079	0.393756
1080	0.206192
1081	0.635558
1082	0.485507
1083	0.392387
1084	0.582076
1085	0.329979
1086	0.251102
1087	0.192834
1088	0.089314
1089	0.171103
1090	0.154246
1091	0.165334
1092	0.438648
1093	0.478916
1094	0.569262
1095	0.912862
1096	0.404314
1097	0.64833
1098	0.861449
1099	0.899177
1100	0.739597
1101	0.189978
1102	0.405493
1103	0.140519
1104	0.812013
1105	1.05278
1106	1.04336
1107	0.495969
1108	0.203854
1109	0.300438
1110	0.480712
1111	0.113363
1112	0.372884
1113	0.216667
1114	0.51063
1115	0.676615
1116	0.303557
1117	0.727947
1118	0.552323
1119	0.805476
1120	0.931687
1121	0.151448
1122	0.680799
1123	0.752595
1124	0.606307
1125	0.713925
1126	0.463187
1127	0.361825
1128	0.346827
1129	0.0755814
1130	0.423871
1131	0.373728
1132	0.0189106
1133	0.289327
1134	0.0519783
1135	0.165056
1136	0.855973
1137	1.36865
1138	1.17373
1139	0.681054
1140	0.600487
1141	0.492565
1142	0.38396
1143	0.467025
1144	0.460404
1145	0.509107
1146	0.707186
1147	0.98192
1148	0.827039
1149	0.0892824
1150	0.912602
1151	0.808519
1152	0.517668
1153	0.66958
1154	0.38731
1155	0.0948871
1156	0.52399
1157	0.824
1158	0.278867
1159	0.894682
1160	0.978355
1161	0.425798
1162	0.703796
1163	0.635827
1164	0.500182
1165	0.535146
1166	0.517918
1167	0.308421
1168	0.458766
1169	0.509067
1170	0.246083
1171	0.452488
1172	0.390501
1173	0.524116
1174	1.0184
1175	0.782519
1176	0.434553
1177	0.486331
1178	0.403744
1179	0.377333
1180	0.283847
1181	0.312682
1182	0.210887
1183	0.402497
1184	0.468987
1185	0.803489
1186	0.798412
1187	0.403703
1188	0.382499
1189	0.50996
1190	1.09101
1191	0.868932
1192	0.650749
1193	0.204024
1194	0.329759
1195	0.425725
1196	0.36995
1197	0.487906
1198	0.366254
1199	0.407281
1200	0.44824
1201	0.24806
1202	0.266564
1203	0.290712
1204	0.293731
1205	0.291369
1206	0.574045
1207	0.496986
1208	0.592036
1209	0.338359
1210	0.232651
1211	0.256345
1212	0.399894
1213	0.285678
1214	0.407577
1215	0.358819
1216	0.347417
1217	0.431342
1218	0.495367
1219	0.539705
1220	0.534167
1221	0.598224
1222	0.222642
1223	0.516839
1224	0.327519
1225	0.261317
1226	0.694592
1227	0.596208
1228	0.731037
1229	1.7021
1230	2.7298
1231	1.42356
1232	0.211246
1233	0.328387
1234	0.691821
1235	0.745127
1236	0.188001
1237	0.515959
1238	0.784609
1239	0.232321
1240	0.605932
1241	0.808292
1242	0.478319
1243	0.0539628
1244	0.311912
1245	0.302126
1246	0.490326
1247	0.654044
1248	0.0908578
1249	0.345044
1250	0.358228
1251	0.143477
1252	0.403152
1253	0.647828
1254	0.389825
1255	0.205753
1256	0.227874
1257	0.202862
1258	0.365641
1259	0.532261
1260	0.204385
1261	0.77054
1262	0.470484
1263	0.689932
1264	0.716154
1265	0.808972
1266	0.764637
1267	0.785164
1268	0.799173
1269	0.914754
1270	0.26934
1271	0.20482
1272	0.733265
1273	0.617163
1274	0.277553
1275	0.543674
1276	0.768582
1277	0.689438
1278	0.0621516
1279	0.517841
1280	0.3087
1281	0.218105
1282	0.185725
1283	0.676714
1284	0.544431
1285	0.466244
1286	0.435551
1287	0.493737
1288	0.580716
1289	0.688746
1290	0.679961
1291	0.165235
1292	0.514957
1293	0.0386666
1294	0.768834
1295	0.96517
1296	0.732949
1297	0.270396
1298	0.214705
1299	0.286695
1300	0.586014
1301	0.540476
1302	1.25399
1303	2.32274
1304	0.795667
1305	0.747027
1306	0.876472
1307	0.437863
1308	0.0539792
1309	0.310628
1310	0.0309419
1311	0.509094
1312	0.213052
1313	0.280796
1314	0.19181
1315	0.129323
1316	0.646945
1317	0.551282
1318	0.459046
1319	0.234914
1320	0.728405
1321	0.458416
1322	0.243887
1323	0.392073
1324	0.336325
1325	0.240556
1326	0.181993
1327	0.780059
1328	0.833262
1329	0.442187
1330	0.500605
1331	0.503268
1332	0.304513
1333	0.209313
1334	0.233281
1335	0.185636
1336	0.238709
1337	0.227834
1338	0.553824
1339	0.320788
1340	0.0668215
1341	0.841212
1342	1.27991
1343	0.79799
1344	0.0387631
1345	0.669355
1346	0.568622
1347	0.141493
1348	0.119325
1349	0.269799
1350	0.513471
1351	0.0750739
1352	0.298555
1353	0.339109
1354	0.561432
1355	0.667682
1356	0.528138
1357	0.744852
1358	0.988899
1359	0.636328
1360	0.165065
1361	0.26141
1362	0.584813
1363	0.642967
1364	0.483887
1365	0.559678
1366	0.944905
1367	0.769531
1368	0.929071
1369	0.956721
1370	0.383526
1371	0.230721
1372	0.357324
1373	0.337125
1374	0.467632
1375	0.733042
1376	0.380015
1377	0.105058
1378	0.520958
1379	0.427751
1380	0.0549581
1381	0.204382
1382	0.202759
1383	0.215222
1384	0.584899
1385	0.336421
1386	0.23615
1387	0.250763
1388	0.257919
1389	0.60694
1390	0.0975789
1391	0.303546
1392	0.467194
1393	0.219322
1394	0.415106
1395	0.662567
1396	0.485462
1397	0.274518
1398	0.428792
1399	0.335564
1400	0.5074
1401	0.429282
1402	0.339168
1403	0.320697
1404	0.309014
1405	0.53721
1406	0.373496
1407	0.311414
1408	0.862039
1409	0.871739
1410	0.38392
1411	0.720077
1412	0.675219
1413	0.582462
1414	1.34239
1415	1.39068
1416	0.409657
1417	0.715286
1418	0.628339
1419	0.141346
1420	0.634312
1421	0.514245
1422	0.753608
1423	0.088839
1424	0.461211
1425	0.463014
1426	0.59366
1427	0.43662
1428	0.402383
1429	0.201403
1430	0.567133
1431	0.300824
1432	0.752433
1433	0.723142
1434	1.45777
1435	2.41158
1436	1.26942
1437	0.382168
1438	1.3182
1439	1.07133
1440	0.992185
1441	0.697115
1442	0.594958
1443	0.422844
1444	0.202124
1445	0.4897
1446	0.738511
1447	0.202711
1448	0.662698
1449	0.526933
1450	0.21715
1451	0.73424
1452	0.371133
1453	0.708725
1454	0.388774
1455	0.11084
1456	0.336667
1457	0.446824
1458	0.210847
1459	0.357566
1460	0.463504
1461	0.422729
1462	0.351494
1463	0.231357
1464	0.299461
1465	0.383153
1466	0.239437
1467	0.427071
1468	0.50986
1469	0.87694
1470	1.20046
1471	0.557364
1472	0.610826
1473	0.74424
1474	0.286098
1475	0.638829
1476	0.724648
1477	0.575432
1478	0.49413
1479	0.500021
1480	0.397498
1481	0.716915
1482	1.08807
1483	1.06875
1484	0.709734
1485	0.556099
1486	0.806219
1487	0.656931
1488	0.30471
1489	0.369322
1490	0.158215
1491	0.485496
1492	0.394833
1493	0.490429
1494	0.492985
1495	0.351082
1496	0.160329
1497	0.288906
1498	0.28501
1499	0.385647
1500	0.446171
1501	0.432784
1502	0.373294
1503	0.583817
1504	0.656341
1505	0.922023
1506	0.848086
1507	0.845033
1508	0.535475
1509	0.00801331
1510	0.149978
1511	0.357881
1512	0.176611
1513	0.897927
1514	0.840727
1515	0.491918
1516	0.350528
1517	0.216289
1518	0.558469
1519	0.600576
1520	0.179349
1521	0.322583
1522	0.718339
1523	0.451173
1524	0.735181
1525	0.424282
1526	1.56685
1527	1.34967
1528	0.360971
1529	0.704133
1530	0.977702
1531	0.36535
1532	0.830052
1533	0.7349
1534	0.222237
1535	0.27573
1536	0.323296
1537	0.415006
1538	0.578317
1539	1.03029
1540	0.826085
1541	0.235547
1542	0.554644
1543	0.600002
1544	0.129506
1545	1.01565
1546	0.825846
1547	0.713194
1548	0.348856
1549	0.368446
1550	0.457846
1551	0.56749
1552	0.575127
1553	0.210265
1554	0.485115
1555	0.84013
1556	0.916394
1557	0.817499
1558	0.661096
1559	0.305064
1560	0.349425
1561	0.173484
1562	0.64831
1563	0.625158
1564	0.575182
1565	0.425895
1566	0.695369
1567	0.880799
1568	0.632788
1569	0.245577
1570	0.375208
1571	0.155609
1572	0.294267
1573	0.365805
1574	0.483829
1575	1.21272
1576	0.849409
1577	0.363257
1578	0.36244
1579	0.73776
1580	1.05157
1581	0.450567
1582	0.373907
1583	0.97747
1584	1.26163
1585	1.43292
1586	1.06806
1587	0.241508
1588	0.349346
1589	1.23915
1590	1.85266
1591	0.538487
1592	0.436604
1593	0.42597
1594	0.464665
1595	0.629656
1596	1.34468
1597	1.22582
1598	1.2453
1599	0.495934
1600	0.698307
1601	0.379348
1602	1.02728
1603	0.0761251
1604	0.165309
1605	0.0460549
1606	0.754002
1607	1.03424
1608	2.14279
1609	2.73311
1610	1.26777
1611	1.78855
1612	1.00707
1613	0.863875
1614	0.737477
1615	1.03787
1616	0.919059
1617	1.55184
1618	1.99482
1619	1.64822
1620	1.9581
1621	3.30852
1622	0.616009
1623	0.463749
1624	1.37971
1625	0.770547
1626	2.01182
1627	1.1246
1628	2.20445
1629	1.25926
1630	2.16077
1631	1.56856
1632	2.37916
1633	1.79098
1634	5.69317
1635	2.98462
1636	10.79
1637	27.6059
1638	182.349
1639	211.487
1640	60.1393
1641	6.81789
1642	5.05003
1643	1.50611
1644	4.64445
1645	2.10055
1646	0.766593
1647	2.68731
1648	0.150617
1649	2.68532
1650	0.218293
1651	0.799093
1652	0.827376
1653	0.866891
1654	2.07117
1655	1.84921
1656	1.84642
1657	2.46673
1658	0.764085
1659	1.47227
1660	2.02446
1661	1.53082
1662	0.576387
1663	0.153716
1664	1.35736
1665	0.58204
1666	0.228918
1667	1.50357
1668	2.28522
1669	1.40287
1670	1.31701
1671	1.55338
1672	0.292957
1673	1.0818
1674	0.853222
1675	0.62933
1676	0.34074
1677	0.793762
1678	0.619038
1679	0.591033
1680	1.2219
1681	0.55021
1682	1.41467
1683	0.840276
1684	0.630982
1685	0.219369
1686	0.32308
1687	1.71912
1688	1.13969
1689	0.274688
1690	0.353651
1691	0.726298
1692	0.739485
1693	0.512623
1694	0.673067
1695	0.0634544
1696	0.523885
1697	0.511513
1698	0.457539
1699	0.31018
1700	0.573044
1701	0.401829
1702	0.393052
1703	0.707859
1704	0.414382
1705	0.480349
1706	0.599227
1707	0.167902
1708	0.308727
1709	1.02302
1710	1.55233
1711	0.595227
1712	0.181787
1713	0.544292
1714	0.493746
1715	0.239045
1716	1.32837
1717	0.950241
1718	0.459357
1719	0.63957
1720	0.274732
1721	0.513224
1722	0.820054
1723	0.451215
1724	0.760178
1725	0.654817
1726	0.362349
1727	0.490459
1728	0.23654
1729	0.281264
1730	0.863106
1731	0.897852
1732	0.300523
1733	0.724716
1734	0.389121
1735	0.67273
1736	0.789831
1737	0.584155
1738	0.563617
1739	0.454181
1740	0.197768
1741	0.322702
1742	0.198697
1743	0.465967
1744	0.399665
1745	0.571538
1746	0.185427
1747	0.257641
1748	0.178119
1749	1.23496
1750	1.45506
1751	0.84006
1752	0.761551
1753	0.642384
1754	0.34095
1755	0.568223
1756	0.333742
1757	0.496762
1758	1.05053
1759	0.867962
1760	0.27293
1761	0.63365
1762	0.71925
1763	0.524621
1764	0.876213
1765	0.478158
1766	0.255143
1767	0.436697
1768	0.218671
1769	0.279992
1770	0.701162
1771	0.675795
1772	0.948438
1773	0.884241
1774	0.636891
1775	0.541396
1776	0.212276
1777	0.736242
1778	0.481106
1779	0.306075
1780	0.317271
1781	0.5279
1782	0.791085
1783	0.528029
1784	0.40961
1785	0.260987
1786	0.417476
1787	0.244773
1788	0.532869
1789	1.31155
1790	1.14112
1791	0.478269
1792	0.103407
1793	0.374709
1794	0.386559
1795	0.152631
1796	0.497107
1797	0.784909
1798	0.73031
1799	0.834064
1800	0.267825
1801	0.207618
1802	0.703476
1803	0.747459
1804	0.342839
1805	0.236915
1806	0.549829
1807	0.764922
1808	0.399973
1809	0.596104
1810	0.318466
1811	0.493701
1812	0.265354
1813	0.075727
1814	0.243996
1815	0.852391
1816	1.09907
1817	1.32741
1818	0.932299
1819	0.374739
1820	0.298051
1821	0.405144
1822	1.02998
1823	0.553792
1824	0.79324
1825	1.04082
1826	0.569688
1827	0.369425
1828	0.183057
1829	0.15042
1830	0.162801
1831	0.364831
1832	0.597473
1833	0.571091
1834	0.602069
1835	0.091424
1836	0.374054
1837	0.489504
1838	0.862584
1839	0.7255
1840	0.468699
1841	1.99649
1842	2.78949
1843	1.50561
1844	0.938948
1845	0.913352
1846	0.555281
1847	0.276567
1848	0.14548
1849	0.0577156
1850	0.0817229
1851	0.15064
1852	0.66471
1853	0.761764
1854	0.220675
1855	0.133445
1856	0.389618
1857	0.513458
1858	0.198608
1859	0.288942
1860	0.0512283
1861	0.417645
1862	1.46814
1863	0.749149
1864	0.131803
1865	0.277303
1866	0.659857
1867	0.697627
1868	0.352636
1869	0.685195
1870	0.8926
1871	0.875963
1872	0.533746
1873	0.280402
1874	0.516959
1875	0.434357
1876	0.443075
1877	0.561398
1878	0.270295
1879	0.3166
1880	0.191161
1881	0.276255
1882	0.298949
1883	0.33321
1884	0.685131
1885	0.140825
1886	0.135067
1887	0.415914
1888	0.666988
1889	0.771841
1890	0.546368
1891	0.311061
1892	0.144096
1893	0.308378
1894	0.190819
1895	0.555929
1896	0.272171
1897	0.153787
1898	0.178359
1899	0.655974
1900	0.467119
1901	0.508994
1902	0.582852
1903	0.283677
1904	0.457898
1905	0.595954
1906	0.950607
1907	1.04352
1908	0.999638
1909	0.78422
1910	0.644066
1911	0.231647
1912	0.138808
1913	0.236696
1914	0.0217735
1915	0.55531
1916	0.566825
1917	0.441014
1918	0.578396
1919	0.628835
1920	0.386141
1921	0.575798
1922	0.445469
1923	0.106855
1924	0.228245
1925	0.490787
1926	0.632922
1927	0.316382
1928	0.1966
1929	0.32606
1930	0.149586
1931	0.258775
1932	0.339745
1933	0.0390199
1934	0.22216
1935	0.491256
1936	0.472303
1937	0.424501
1938	0.206299
1939	0.26479
1940	0.185869
1941	0.265791
1942	0.301817
1943	0.367458
1944	0.264164
1945	0.021232
1946	0.0608148
1947	0.34149
1948	0.480789
1949	0.616834
1950	0.39051
1951	0.171172
1952	0.414925
1953	0.159605
1954	0.430565
1955	0.35227
1956	0.583215
1957	0.135165
1958	0.670071
1959	0.983841
1960	0.764023
1961	0.192589
1962	0.3279
1963	0.160557
1964	0.144397
1965	0.376947
1966	0.281921
1967	0.266865
1968	0.139195
1969	0.368457
1970	0.346037
1971	0.137521
1972	0.368233
1973	1.72736
1974	2.03399
1975	0.669896
1976	0.161734
1977	0.395889
1978	0.110377
1979	0.265179
1980	0.39792
1981	0.520763
1982	0.142529
1983	0.0628436
1984	0.565759
1985	0.548288
1986	0.407698
1987	0.324836
1988	0.475885
1989	0.567063
1990	0.162723
1991	0.359257
1992	0.222898
1993	0.357073
1994	0.476525
1995	0.404659
1996	0.475095
1997	0.65723
1998	0.575418
1999	0.298178
2000	0.485153
2001	0.259944
2002	0.246357
2003	0.205477
2004	0.609845
2005	0.607995
2006	0.142652
2007	0.403791
2008	0.382971
2009	0.544149
2010	0.648166
2011	0.203915
2012	0.236236
2013	0.648325
2014	0.427582
2015	0.56494
2016	0.29503
2017	0.528851
2018	0.504638
2019	0.153246
2020	0.382
2021	0.326909
2022	0.126937
2023	0.0826012
2024	0.290211
2025	0.12938
2026	0.424253
2027	0.0997433
2028	0.728367
2029	0.511494
2030	0.451753
2031	0.757202
2032	0.800993
2033	0.646666
2034	1.01421
2035	0.386606
2036	0.445531
2037	0.564572
2038	0.360611
2039	0.162983
2040	0.167649
2041	0.247996
2042	0.686816
2043	0.371588
2044	0.571435
2045	0.513909
2046	0.254602
2047	0.1826
2048	0.162792
2049	0.245577
2050	0.578003
2051	0.419347
2052	0.211927
2053	0.398399
2054	0.118372
2055	0.337121
2056	0.119139
2057	0.23958
2058	0.375032
2059	0.172689
2060	0.0770384
2061	0.335957
2062	0.540908
2063	0.420911
2064	0.456075
2065	0.298109
2066	0.117598
2067	0.493911
2068	0.682678
2069	0.496292
2070	0.490515
2071	0.327453
2072	0.346903
2073	0.254585
2074	0.421651
2075	0.783168
2076	0.829165
2077	0.997975
2078	0.617324
2079	0.439845
2080	0.275858
2081	0.481634
2082	0.32783
2083	0.0605996
2084	0.665998
2085	0.894171
2086	0.565527
2087	0.270374
2088	0.115255
2089	0.559292
2090	0.466375
2091	0.0771352
2092	0.491107
2093	0.306565
2094	0.754755
2095	0.727802
2096	0.420594
2097	0.698424
2098	0.791908
2099	0.357542
2100	0.187841
2101	0.254433
2102	0.265409
2103	0.248581
2104	0.35269
2105	0.243816
2106	0.439391
2107	0.458588
2108	0.510772
2109	0.268809
2110	0.0721212
2111	0.269546
2112	0.657279
2113	0.433034
2114	0.249091
2115	0.173098
2116	0.332964
2117	0.496237
2118	0.328156
2119	0.489593
2120	0.519217
2121	0.487159
2122	0.36093
2123	0.275696
2124	0.208218
2125	0.211754
2126	0.416243
2127	0.69798
2128	0.743739
2129	0.558842
2130	0.214332
2131	0.0612096
2132	0.231204
2133	0.238806
2134	0.212208
2135	0.265659
2136	0.27243
2137	0.609683
2138	0.55317
2139	0.279973
2140	0.261999
2141	0.382903
2142	0.149141
2143	0.520429
2144	0.552212
2145	0.286235
2146	0.370342
2147	0.224759
2148	0.231894
2149	0.194427
2150	0.347497
2151	0.430893
2152	0.285239
2153	0.140365
2154	0.273967
2155	0.500552
2156	0.388201
2157	0.126405
2158	0.25666
2159	0.253392
2160	0.0574726
2161	0.306661
2162	0.840589
2163	0.542165
2164	0.160035
2165	0.0773738
2166	0.389574
2167	0.389427
2168	0.392965
2169	0.357788
2170	0.414932
2171	0.840263
2172	0.50652
2173	0.657952
2174	0.670748
2175	0.2795
2176	0.181424
2177	0.499052
2178	0.360348
2179	0.213095
2180	0.404606
2181	0.189156
2182	0.167962
2183	0.278939
2184	0.5789
2185	0.624371
2186	0.171802
2187	0.414856
2188	0.576537
2189	0.319235
2190	0.595813
2191	0.27363
2192	0.361606
2193	0.0737867
2194	0.328728
2195	0.471793
2196	0.751965
2197	0.160379
2198	0.253524
2199	0.639194
2200	0.635228
2201	0.22539
2202	0.303698
2203	0.129688
2204	0.0925796
2205	0.558094
2206	0.916689
2207	0.367441
2208	0.835037
2209	0.850536
2210	0.129646
2211	0.677297
2212	0.846952
2213	0.566611
2214	0.308772
2215	0.416568
2216	0.217113
2217	0.452127
2218	0.444544
2219	0.371917
2220	0.359056
2221	0.640328
2222	0.486654
2223	0.2418
2224	0.464823
2225	0.119277
2226	0.435903
2227	0.331235
2228	0.137057
2229	0.320465
2230	0.652951
2231	0.364945
2232	0.0891002
2233	0.22374
2234	0.456198
2235	0.66859
2236	0.540138
2237	0.319626
2238	0.4339
2239	0.14654
2240	0.687139
2241	0.66637
2242	0.488403
2243	0.191286
2244	0.0906329
2245	0.406976
2246	0.685159
2247	0.616959
2248	0.718199
2249	0.783686
2250	0.646324
2251	0.765818
2252	0.57042
2253	0.647949
2254	0.107621
2255	0.424853
2256	0.321368
2257	0.512108
2258	0.730753
2259	0.449244
2260	0.0668154
2261	0.237506
2262	0.182134
2263	0.554489
2264	1.03758
2265	1.08983
2266	0.856215
2267	0.134752
2268	0.744453
2269	0.380194
2270	0.786314
2271	0.856567
2272	0.720758
2273	0.645435
2274	0.79881
2275	0.664488
2276	0.738541
2277	0.656797
2278	0.112448
2279	0.546704
2280	0.331478
2281	0.0950497
2282	0.235529
2283	0.360408
2284	0.385304
2285	0.681146
2286	0.543069
2287	0.311185
2288	0.836865
2289	0.816696
2290	0.87517
2291	0.651412
2292	0.572364
2293	0.839917
2294	0.555283
2295	0.43346
2296	0.29659
2297	0.125412
2298	0.0648701
2299	0.265383
2300	0.401592
2301	0.578121
2302	0.732542
2303	0.349366
2304	0.705856
2305	0.580978
2306	0.566789
2307	0.549019
2308	0.351375
2309	0.51676
2310	0.23915
2311	0.0812153
2312	0.389257
2313	0.43138
2314	0.410074
2315	0.420392
2316	0.306215
2317	0.772252
2318	0.95913
2319	0.586882
2320	0.284406
2321	0.258666
2322	0.166441
2323	0.192028
2324	0.13076
2325	0.148041
2326	0.299327
2327	0.149923
2328	0.518187
2329	0.672799
2330	0.479285
2331	0.174462
2332	0.390301
2333	0.441012
2334	0.46749
2335	0.6679
2336	0.47777
2337	0.254526
2338	0.309357
2339	0.526455
2340	0.685081
2341	0.405283
2342	0.254808
2343	0.276595
2344	0.45926
2345	0.327303
2346	0.219272
2347	0.136284
2348	0.408533
2349	0.471217
2350	0.178193
2351	0.515783
2352	0.673071
2353	0.300287
2354	0.0791439
2355	0.234913
2356	0.242908
2357	0.641097
2358	0.676991
2359	0.585135
2360	0.275885
2361	0.434035
2362	0.94487
2363	1.08335
2364	0.482247
2365	0.169832
2366	0.435076
2367	0.705799
2368	0.680516
2369	0.281769
2370	0.260542
2371	0.232457
2372	0.696825
2373	0.404635
2374	0.480143
2375	0.186092
2376	0.297983
2377	0.41194
2378	0.482192
2379	0.530333
2380	0.376306
2381	0.165062
2382	0.244422
2383	0.176624
2384	0.077914
2385	0.230896
2386	0.16543
2387	0.442236
2388	0.656621
2389	0.439489
2390	0.587722
2391	0.633564
2392	0.339682
2393	0.16665
2394	0.436408
2395	0.358572
2396	0.428753
2397	0.400301
2398	0.567479
2399	0.627112
2400	0.324527
2401	0.0895931
2402	0.264954
2403	0.411445
2404	0.720446
2405	0.661499
2406	0.0816982
2407	0.602671
2408	0.239195
2409	0.121484
2410	0.205516
2411	0.704054
2412	0.511408
2413	0.428869
2414	0.510617
2415	0.756297
2416	0.35971
2417	0.355046
2418	0.144937
2419	0.134652
2420	0.408416
2421	0.659594
2422	0.435435
2423	0.455875
2424	0.527947
2425	0.175913
2426	0.30198
2427	0.421488
2428	0.0743196
2429	0.0356562
2430	0.230782
2431	0.250068
2432	0.510062
2433	0.371075
2434	0.0593216
2435	0.220467
2436	0.344893
2437	0.440815
2438	0.237409
2439	0.33508
2440	0.592343
2441	0.479196
2442	0.194743
2443	0.149894
2444	0.257186
2445	0.736348
2446	0.590737
2447	0.575854
2448	0.706805
2449	0.464823
2450	0.193241
2451	0.233253
2452	0.488539
2453	0.0534631
2454	0.557447
2455	0.186106
2456	0.342145
2457	0.159504
2458	0.329725
2459	0.268199
2460	0.205532
2461	0.489094
2462	0.44377
2463	0.0440916
2464	0.135395
2465	0.248891
2466	0.139707
2467	0.335572
2468	0.0298525
2469	0.301382
2470	0.438971
2471	0.588851
2472	0.488707
2473	0.389349
2474	0.375315
2475	0.517915
2476	0.23191
2477	0.202309
2478	0.0110943
2479	0.220224
2480	0.433618
2481	0.356052
2482	0.531006
2483	0.727096
2484	0.610644
2485	0.809689
2486	0.605906
2487	0.347859
2488	0.415398
2489	0.643201
2490	0.487931
2491	0.12781
2492	0.148334
2493	0.359154
2494	0.26477
2495	0.216744
2496	0.67843
2497	0.583167
2498	0.495926
2499	0.367162
2500	0.510261
2501	0.429039
2502	0.522918
2503	0.15568
2504	0.593753
2505	0.51737
2506	0.182085
2507	0.316671
2508	0.0952521
2509	0.272481
2510	0.246267
2511	0.233377
2512	0.229542
2513	0.404851
2514	0.404887
2515	0.568149
2516	0.560101
2517	0.388496
2518	0.0823409
2519	0.374121
2520	0.248663
2521	0.220092
2522	0.509916
2523	0.128839
2524	0.164838
2525	0.419877
2526	0.854224
2527	0.506528
2528	0.329769
2529	0.0975983
2530	0.525579
2531	0.055273
2532	0.476424
2533	0.338957
2534	0.589993
2535	0.403469
2536	0.266154
2537	0.539898
2538	0.140733
2539	0.174342
2540	0.249157
2541	0.0278259
2542	0.207432
2543	0.0490693
2544	0.45737
2545	0.519769
2546	1.06709
2547	0.867526
2548	0.189346
2549	0.448391
2550	0.64695
2551	0.585479
2552	0.747348
2553	0.260371
2554	0.395776
2555	0.401245
2556	0.552788
2557	0.0520325
2558	0.231678
2559	0.062105
2560	0.327059
2561	0.445049
2562	0.36741
2563	0.330731
2564	0.273341
2565	0.473397
2566	0.421014
2567	0.280941
2568	0.151894
2569	0.273528
2570	0.537689
2571	0.267352
2572	0.333189
2573	0.161893
2574	0.268467
2575	0.384881
2576	0.759111
2577	0.740481
2578	0.30922
2579	0.160213
2580	0.490646
2581	0.679619
2582	0.647487
2583	0.678921
2584	0.58583
2585	0.542604
2586	0.264012
2587	0.536759
2588	0.174799
2589	0.246138
2590	0.500978
2591	0.271738
2592	0.0583748
2593	0.234765
2594	0.442449
2595	0.502644
2596	0.57821
2597	0.773428
2598	0.73928
2599	0.526416
2600	0.66403
2601	0.230978
2602	0.125227
2603	0.403722
2604	0.674167
2605	0.638667
2606	0.341745
2607	0.551336
2608	0.102874
2609	0.25955
2610	0.755987
2611	0.283176
2612	0.172861
2613	0.211457
2614	0.481492
2615	0.109031
2616	0.495238
2617	0.100348
2618	0.262108
2619	0.300045
2620	0.142056
2621	0.255667
2622	0.177442
2623	0.189955
2624	0.296194
2625	0.357025
2626	0.112879
2627	0.175027
2628	0.425228
2629	0.147872
2630	0.640148
2631	0.633189
2632	0.454681
2633	0.489122
2634	0.69033
2635	0.634468
2636	0.78551
2637	1.16871
2638	1.25122
2639	0.783293
2640	0.179943
2641	0.336709
2642	0.311581
2643	0.681461
2644	1.28603
2645	1.67199
2646	0.814017
2647	0.0812
2648	0.136444
2649	0.398304
2650	0.633596
2651	0.607302
2652	0.597885
2653	0.204654
2654	0.390989
2655	0.243995
2656	0.0632788
2657	0.289261
2658	0.528101
2659	0.241675
2660	0.363891
2661	0.362539
2662	0.381905
2663	0.409766
2664	0.820967
2665	0.369387
2666	0.049036
2667	0.449188
2668	0.403497
2669	0.120358
2670	0.345817
2671	0.50631
2672	0.736189
2673	0.610591
2674	0.195785
2675	0.15387
2676	0.362841
2677	0.114156
2678	0.349077
2679	0.801613
2680	0.556951
2681	0.393186
2682	0.426495
2683	0.636249
2684	0.681395
2685	0.67808
2686	0.424645
2687	0.304416
2688	0.550913
2689	0.165736
2690	0.226469
2691	0.502231
2692	0.220161
2693	0.193968
2694	0.238631
2695	0.463156
2696	0.182908
2697	0.0492353
2698	0.190595
2699	0.314234
2700	0.0297354
2701	0.3084
2702	0.539008
2703	0.118632
2704	0.211838
2705	0.326672
2706	0.388272
2707	0.751139
2708	0.379799
2709	0.35774
2710	0.16918
2711	0.607098
2712	0.592865
2713	0.270589
2714	0.200999
2715	0.28858
2716	0.509753
2717	0.935034
2718	0.604264
2719	0.38691
2720	0.420602
2721	0.304201
2722	0.160758
2723	0.300841
2724	0.251321
2725	0.116208
2726	0.477213
2727	0.320999
2728	0.271291
2729	0.20226
2730	0.651893
2731	0.42659
2732	0.304836
2733	0.706753
2734	0.533344
2735	0.137448
2736	0.527627
2737	0.397442
2738	0.408098
2739	0.623365
2740	0.182928
2741	0.093151
2742	0.160807
2743	0.376405
2744	0.375421
2745	0.204967
2746	0.84008
2747	0.474341
2748	0.486613
2749	0.578046
2750	0.4812
2751	0.593119
2752	0.597441
2753	0.243317
2754	0.12993
2755	0.315097
2756	0.446315
2757	0.347164
2758	0.106712
2759	0.150287
2760	0.664062
2761	0.362324
2762	0.391537
2763	0.845373
2764	0.683924
2765	0.317327
2766	0.339715
2767	0.181004
2768	0.321455
2769	0.0967286
2770	0.41142
2771	0.426767
2772	0.19376
2773	0.0723276
2774	0.477796
2775	0.690672
2776	0.759021
2777	0.623509
2778	0.159222
2779	0.275917
2780	0.690148
2781	0.95473
2782	0.588138
2783	0.314546
2784	0.418021
2785	0.597322
2786	0.569989
2787	0.703834
2788	0.315296
2789	0.297998
2790	0.424754
2791	0.517308
2792	0.76651
2793	0.447655
2794	0.509057
2795	0.659658
2796	1.25572
2797	0.750299
2798	0.439776
2799	0.407954
2800	0.153919
2801	0.229951
2802	0.422418
2803	0.472968
2804	0.424786
2805	0.799653
2806	0.664723
2807	0.238851
2808	0.4183
2809	0.468673
2810	0.51585
2811	0.42168
2812	0.340128
2813	0.352344
2814	0.42758
2815	0.754806
2816	0.489342
2817	0.248826
2818	0.120948
2819	0.331941
2820	0.376936
2821	0.486366
2822	0.262649
2823	0.440307
2824	0.372942
2825	0.14537
2826	0.52285
2827	0.35205
2828	0.735835
2829	0.574075
2830	0.337395
2831	0.735626
2832	0.286526
2833	0.187604
2834	0.557914
2835	0.723113
2836	0.558704
2837	0.184428
2838	0.236617
2839	0.112003
2840	0.141551
2841	0.443592
2842	0.0568193
2843	0.0717257
2844	0.298368
2845	0.683769
2846	0.164039
2847	0.12066
2848	0.151689
2849	0.385439
2850	0.0928825
2851	0.0934124
2852	0.568861
2853	0.506691
2854	0.431872
2855	0.690079
2856	0.427723
2857	0.376809
2858	0.392757
2859	0.240864
2860	0.359187
2861	0.305424
2862	0.565714
2863	0.385841
2864	0.494306
2865	0.316907
2866	0.110757
2867	0.628412
2868	2.13683
2869	1.75083
2870	0.447029
2871	0.188915
2872	0.349457
2873	0.707805
2874	0.499244
2875	0.338972
2876	0.112104
2877	0.733192
2878	0.377178
2879	0.188797
2880	0.0642263
2881	0.300861
2882	0.710179
2883	0.68529
2884	0.304389
2885	0.338433
2886	0.628582
2887	0.354108
2888	0.18093
2889	0.320328
2890	0.144772
2891	0.295413
2892	0.0973553
2893	0.338545
2894	0.272909
2895	1.01335
2896	0.97849
2897	0.534192
2898	0.633918
2899	0.655263
2900	0.39045
2901	0.572746
2902	0.647008
2903	0.695978
2904	0.363594
2905	0.305385
2906	0.32791
2907	0.338701
2908	0.151221
2909	0.500512
2910	0.53778
2911	0.617168
2912	0.792907
2913	0.424338
2914	0.427996
2915	0.277869
2916	0.358169
2917	0.513461
2918	0.339741
2919	0.497202
2920	0.148163
2921	0.674778
2922	0.444437
2923	0.618425
2924	0.473969
2925	0.359233
2926	0.129248
2927	0.437656
2928	0.286148
2929	0.301406
2930	0.0826808
2931	0.630624
2932	0.461049
2933	0.401866
2934	0.113006
2935	0.134084
2936	0.462531
2937	0.634934
2938	0.460288
2939	0.419696
2940	1.02477
2941	0.810954
2942	0.24183
2943	0.158479
2944	0.358718
2945	0.465699
2946	0.433687
2947	0.235507
2948	0.890691
2949	0.397242
2950	0.234486
2951	0.545663
2952	0.421267
2953	0.0842706
2954	0.667979
2955	0.524684
2956	0.350036
2957	0.42265
2958	0.249171
2959	0.272215
2960	0.19048
2961	0.214046
2962	0.298567
2963	0.413973
2964	0.301213
2965	0.434626
2966	0.346611
2967	0.385817
2968	0.655964
2969	0.520429
2970	0.125203
2971	0.672278
2972	0.308314
2973	0.307875
2974	0.249497
2975	0.411633
2976	0.105761
2977	0.237333
2978	0.242131
2979	1.00756
2980	1.02042
2981	0.824177
2982	0.460025
2983	0.585
2984	0.568725
2985	0.242863
2986	0.0972025
2987	0.667974
2988	0.659504
2989	0.0957707
2990	0.20253
2991	0.624942
2992	0.697053
2993	0.399058
2994	0.293228
2995	0.650389
2996	0.479517
2997	0.857318
2998	0.494625
2999	0.477551
3000	0.266396
3001	0.461368
3002	0.426288
3003	0.231353
3004	0.702115
3005	0.432845
3006	0.888521
3007	0.612428
3008	0.316089
3009	0.220697
3010	0.635174
3011	0.435327
3012	0.347312
3013	0.712107
3014	0.698656
3015	0.280586
3016	0.471072
3017	0.0396063
3018	0.176135
3019	0.560624
3020	0.111779
3021	0.320305
3022	0.961347
3023	1.2669
3024	0.582544
3025	0.611073
3026	0.0998184
3027	0.572432
3028	0.209689
3029	0.271823
3030	0.252344
3031	0.24371
3032	0.16706
3033	0.582844
3034	0.384739
3035	0.197969
3036	0.499623
3037	0.541569
3038	0.348593
3039	0.100553
3040	0.50466
3041	0.558898
3042	0.333864
3043	0.290618
3044	0.611675
3045	0.413847
3046	0.765193
3047	0.783484
3048	0.765283
3049	1.3345
3050	0.348319
3051	0.647358
3052	0.231559
3053	0.810556
3054	0.760961
3055	0.625251
3056	1.38613
3057	0.814877
3058	0.275348
3059	0.653168
3060	0.250426
3061	0.750187
3062	0.496865
3063	0.142604
3064	0.609901
3065	0.174884
3066	0.332728
3067	0.490512
3068	0.343641
3069	0.418056
3070	0.132514
3071	0.743272
3072	1.11123
3073	0.612617
3074	0.429197
3075	0.481856
3076	1.03359
3077	0.669889
3078	0.526686
3079	0.190273
3080	0.222031
3081	0.745123
3082	0.64484
3083	0.313672
3084	0.59583
3085	0.25068
3086	0.429233
3087	0.226975
3088	0.256355
3089	0.742921
3090	0.192882
3091	0.55425
3092	0.492443
3093	0.413759
3094	0.6892
3095	0.410526
3096	0.249676
3097	0.555839
3098	0.190546
3099	0.391643
3100	0.448424
3101	0.562082
3102	0.570546
3103	0.413295
3104	0.906156
3105	0.576997
3106	0.642853
3107	0.787489
3108	0.201595
3109	0.393668
3110	0.239079
3111	0.599118
3112	0.366401
3113	0.47549
3114	1.17504
3115	0.829794
3116	0.569813
3117	0.398035
3118	0.680841
3119	0.738846
3120	0.449902
3121	0.63504
3122	0.12281
3123	0.442923
3124	1.00349
3125	0.167106
3126	1.04567
3127	0.983471
3128	0.547668
3129	0.17019
3130	0.774678
3131	0.322514
3132	0.358113
3133	0.508462
3134	0.546385
3135	0.503876
3136	0.645316
3137	0.342445
3138	0.453658
3139	0.678784
3140	0.382362
3141	0.546998
3142	0.248282
3143	0.761654
3144	0.144418
3145	0.607346
3146	0.653154
3147	0.569888
3148	0.640214
3149	0.887964
3150	1.07881
3151	0.16197
3152	0.191241
3153	0.569933
3154	0.944659
3155	0.280549
3156	0.551198
3157	0.475953
3158	0.558641
3159	0.554036
3160	0.65204
3161	0.520511
3162	0.94786
3163	0.559031
3164	0.475628
3165	0.630656
3166	0.449764
3167	0.883293
3168	0.514667
3169	0.417438
3170	0.407704
3171	1.01501
3172	0.375306
3173	0.76719
3174	0.630587
3175	1.04593
3176	0.213876
3177	1.44962
3178	0.784651
3179	0.440131
3180	0.946562
3181	1.27737
3182	0.37758
3183	0.451022
3184	1.01534
3185	0.353519
3186	1.56859
3187	0.245275
3188	0.956208
3189	0.919651
3190	0.781544
3191	1.09216
3192	0.368043
3193	0.715142
3194	0.901214
3195	0.471039
3196	1.1337
3197	0.951294
3198	0.935543
3199	0.941451
3200	0.658132
3201	1.21245
3202	0.640674
3203	1.28313
3204	0.636423
3205	0.858333
3206	0.94166
3207	0.980348
3208	0.912382
3209	0.846851
3210	0.926921
3211	0.62633
3212	2.07501
3213	1.01092
3214	0.716813
3215	1.26833
3216	1.10981
3217	0.765622
3218	1.5561
3219	1.09493
3220	0.93008
3221	1.28899
3222	1.10477
3223	1.71795
3224	1.0818
3225	1.42028
3226	0.154945
3227	1.61662
3228	1.59051
3229	1.46798
3230	1.53701
3231	1.40918
3232	1.88661
3233	0.745171
3234	2.55072
3235	0.586743
3236	1.80986
3237	1.59987
3238	1.60215
3239	2.1589
3240	1.91437
3241	1.287
3242	1.35216
3243	2.38473
3244	1.63411
3245	1.96921
3246	2.29286
3247	1.66574
3248	2.62013
3249	2.52089
3250	2.08984
3251	2.56124
3252	2.37169
3253	3.34731
3254	2.45865
3255	2.57694
3256	3.4438
3257	3.44562
3258	2.27615
3259	4.79235
3260	3.7972
3261	3.65405
3262	4.01498
3263	4.61101
3264	5.67982
3265	4.31614
3266	7.03194
3267	5.45419
3268	7.5209
3269	7.84944
3270	10.6292
3271	8.06825
3272	17.1565
3273	15.4057
3274	25.8092
3275	34.8089
3276	740.036
3277	1186.32
3278	506.235
3279	30.5047
3280	15.7109
3281	13.5042
3282	11.7001
3283	13.0424
3284	7.80048
3285	8.96396
3286	6.4189
3287	7.3825
3288	3.47383
3289	6.63355
3290	3.91698
3291	4.65008
3292	4.24281
3293	4.34602
3294	2.6204
3295	4.26738
3296	3.09528
3297	2.79107
3298	3.27216
3299	2.61133
3300	2.17265
3301	3.06369
3302	2.63317
3303	2.20936
3304	2.304
3305	2.17774
3306	2.26954
3307	2.38738
3308	1.73237
3309	2.23127
3310	2.08543
3311	2.20186
3312	1.82337
3313	1.48574
3314	1.49649
3315	2.01637
3316	0.879172
3317	1.88023
3318	1.82298
3319	2.21692
3320	1.90368
3321	1.67277
3322	1.03747
3323	1.44478
3324	1.26176
3325	1.62967
3326	1.13488
3327	1.2208
3328	1.25679
3329	1.41174
3330	0.99637
3331	0.878618
3332	1.6714
3333	1.15488
3334	1.0739
3335	0.788883
3336	0.686737
3337	1.55628
3338	1.40074
3339	0.791832
3340	0.879495
3341	1.29784
3342	0.44982
3343	1.66746
3344	0.873405
3345	1.00407
3346	1.12251
3347	0.630636
3348	1.38076
3349	0.694726
3350	1.67812
3351	0.729518
3352	0.98085
3353	0.543655
3354	1.09744
3355	1.03603
3356	0.646592
3357	0.678414
3358	1.20259
3359	0.710532
3360	0.556584
3361	0.41873
3362	0.934107
3363	0.752608
3364	0.765401
3365	0.925698
3366	0.900531
3367	0.535598
3368	0.684637
3369	0.925444
3370	0.670954
3371	0.364036
3372	0.889536
3373	0.74065
3374	1.07605
3375	0.248781
3376	0.785403
3377	0.536551
3378	0.834669
3379	0.741065
3380	0.58856
3381	0.475546
3382	1.0347
3383	0.511759
3384	0.768507
3385	0.663706
3386	0.824774
3387	0.597116
3388	0.73169
3389	0.542294
3390	0.469091
3391	0.692632
3392	0.310836
3393	0.991767
3394	0.301446
3395	0.956519
3396	0.396825
3397	0.512156
3398	0.706256
3399	0.668199
3400	0.242496
3401	1.22883
3402	0.213393
3403	0.708194
3404	0.784876
3405	0.664769
3406	0.0994122
3407	0.661863
3408	1.18093
3409	0.979949
3410	0.0523855
3411	0.652423
3412	0.286794
3413	0.709013
3414	0.768182
3415	0.442041
3416	0.0954228
3417	0.576531
3418	0.50082
3419	0.17187
3420	0.59077
3421	0.373642
3422	0.400919
3423	0.243456
3424	0.692677
3425	0.376701
3426	0.56513
3427	0.292402
3428	1.07026
3429	0.461158
3430	0.37973
3431	1.14136
3432	0.921643
3433	0.253676
3434	0.517302
3435	0.672448
3436	0.480307
3437	0.428266
3438	0.448721
3439	0.375956
3440	0.423057
3441	0.839306
3442	0.441958
3443	0.800151
3444	1.21108
3445	0.438258
3446	0.627748
3447	0.551359
3448	0.420098
3449	0.258259
3450	0.470563
3451	0.725741
3452	0.15792
3453	0.725495
3454	0.800885
3455	0.479652
3456	1.23462
3457	0.334042
3458	0.709913
3459	0.20821
3460	0.969652
3461	0.494367
3462	0.221861
3463	0.50432
3464	0.900646
3465	0.421958
3466	0.629188
3467	0.559968
3468	0.204045
3469	0.445006
3470	0.695375
3471	0.534933
3472	0.168306
3473	0.388675
3474	0.733402
3475	0.378762
3476	0.254262
3477	0.693204
3478	0.326774
3479	0.72726
3480	1.00747
3481	0.225757
3482	0.700789
3483	0.323918
3484	0.752352
3485	0.387941
3486	0.183571
3487	0.683446
3488	0.363535
3489	0.618171
3490	0.51898
3491	0.800201
3492	0.731518
3493	0.898908
3494	0.400643
3495	0.922631
3496	0.813129
3497	0.18258
3498	0.170045
3499	0.238401
3500	0.609916
3501	0.620047
3502	0.08719
3503	0.570832
3504	0.170097
3505	0.505758
3506	0.417937
3507	0.347796
3508	0.249774
3509	0.395636
3510	0.563003
3511	0.0674017
3512	0.54871
3513	0.478797
3514	0.406164
3515	0.0699003
3516	0.630897
3517	0.696523
3518	0.362066
3519	0.48298
3520	0.929786
3521	0.768433
3522	0.494513
3523	0.450443
3524	0.839974
3525	0.712852
3526	0.20551
3527	0.210925
3528	0.325072
3529	0.457146
3530	0.643679
3531	0.43663
3532	0.0661528
3533	0.236634
3534	0.45092
3535	0.512215
3536	0.397228
3537	0.465968
3538	0.327573
3539	0.713229
3540	0.527139
3541	0.703572
3542	0.708636
3543	0.214806
3544	0.436332
3545	0.432213
3546	0.289764
3547	0.581864
3548	0.667077
3549	0.904182
3550	0.524383
3551	0.323037
3552	0.190282
3553	0.614347
3554	0.844778
3555	0.635905
3556	0.553592
3557	0.849822
3558	0.922625
3559	1.04742
3560	0.415819
3561	0.424334
3562	0.550118
3563	0.363643
3564	0.602377
3565	0.504295
3566	0.091756
3567	0.238523
3568	0.283333
3569	0.207689
3570	0.69008
3571	0.346139
3572	0.321238
3573	0.405072
3574	0.229253
3575	0.613863
3576	0.199165
3577	0.6734
3578	0.183247
3579	0.395214
3580	0.198785
3581	0.540663
3582	0.218034
3583	0.367693
3584	0.317846
3585	0.319019
3586	0.309533
3587	0.21786
3588	0.197756
3589	0.157605
3590	0.425218
3591	0.462141
3592	0.269954
3593	0.349368
3594	0.232107
3595	0.352938
3596	0.268113
3597	0.258522
3598	0.423079
3599	0.218854
3600	0.415203
3601	0.107043
3602	0.254709
3603	0.159614
3604	0.376711
3605	0.251544
3606	0.593059
3607	0.18845
3608	0.352914
3609	0.175505
3610	0.425276
3611	0.402255
3612	1.1074
3613	0.66607
3614	0.676498
3615	0.55107
3616	0.689434
3617	0.53309
3618	0.322767
3619	0.172683
3620	0.243219
3621	0.422363
3622	0.618504
3623	0.721929
3624	0.332127
3625	0.396161
3626	0.736375
3627	0.641071
3628	0.295459
3629	0.1859
3630	0.612834
3631	0.483782
3632	0.25049
3633	0.418903
3634	0.414447
3635	0.627057
3636	0.807463
3637	0.34978
3638	0.479465
3639	0.431064
3640	0.309873
3641	0.450091
3642	0.353894
3643	0.771271
3644	0.778382
3645	0.47712
3646	1.01045
3647	0.517494
3648	0.25521
3649	0.377604
3650	0.297329
3651	0.449699
3652	0.702012
3653	0.80462
3654	0.88341
3655	0.572404
3656	0.168092
3657	0.237692
3658	0.252161
3659	0.32349
3660	0.37223
3661	0.348621
3662	0.839429
3663	0.444699
3664	0.49752
3665	0.329766
3666	0.252079
3667	0.432095
3668	0.179074
3669	0.460125
3670	0.628714
3671	0.505844
3672	0.52729
3673	0.343968
3674	0.285936
3675	0.413716
3676	0.419708
3677	0.172078
3678	0.452803
3679	0.347776
3680	0.514204
3681	0.827365
3682	0.81427
3683	0.192994
3684	0.180746
3685	0.427628
3686	0.315692
3687	0.196531
3688	0.467252
3689	0.425134
3690	0.0536382
3691	0.356462
3692	0.642324
3693	0.620694
3694	0.957636
3695	0.637241
3696	0.333275
3697	0.472818
3698	0.61228
3699	0.541971
3700	0.339203
3701	0.346609
3702	0.322866
3703	0.52656
3704	0.121331
3705	0.322269
3706	0.758726
3707	0.134486
3708	0.443474
3709	0.508853
3710	0.826076
3711	0.272103
3712	0.497571
3713	0.372127
3714	0.0847842
3715	0.619246
3716	0.598026
3717	0.0839671
3718	0.16469
3719	0.821569
3720	0.347094
3721	0.454857
3722	0.124288
3723	0.495401
3724	0.415582
3725	0.274832
3726	0.0910279
3727	0.277035
3728	0.373834
3729	0.364136
3730	0.162011
3731	0.198918
3732	0.211331
3733	0.88989
3734	0.652252
3735	0.406743
3736	0.921551
3737	0.647053
3738	0.627361
3739	0.481644
3740	0.344461
3741	0.203333
3742	0.301618
3743	0.131387
3744	0.155771
3745	0.139151
3746	0.951818
3747	0.925161
3748	0.232213
3749	0.262984
3750	0.459973
3751	0.0868313
3752	0.492482
3753	0.716246
3754	0.347561
3755	0.201369
3756	0.383394
3757	0.405243
3758	0.551566
3759	0.345756
3760	0.327679
3761	0.499706
3762	0.420037
3763	0.375602
3764	0.695358
3765	0.325023
3766	0.455893
3767	0.363058
3768	0.646241
3769	0.335407
3770	0.3876
3771	0.253117
3772	0.425453
3773	0.291975
3774	0.457894
3775	0.382049
3776	0.127278
3777	0.277443
3778	0.518911
3779	0.411454
3780	0.399037
3781	0.497108
3782	0.394216
3783	0.339249
3784	0.609759
3785	0.431183
3786	0.349769
3787	0.580107
3788	0.580485
3789	0.450945
3790	0.391072
3791	0.276874
3792	0.313031
3793	0.365934
3794	0.469475
3795	0.733022
3796	0.494806
3797	0.271381
3798	0.572578
3799	0.311951
3800	0.59121
3801	0.245889
3802	0.313578
3803	0.601194
3804	0.574672
3805	0.339557
3806	0.312236
3807	0.349497
3808	0.0511475
3809	0.357601
3810	0.228276
3811	0.372777
3812	0.397815
3813	0.355231
3814	0.285832
3815	0.259159
3816	0.542219
3817	0.614096
3818	0.524977
3819	0.717449
3820	0.479956
3821	0.372342
3822	0.292065
3823	0.377295
3824	0.618512
3825	0.56184
3826	1.06621
3827	0.664204
3828	0.251037
3829	0.372303
3830	0.270762
3831	0.565524
3832	0.596886
3833	0.29168
3834	0.472227
3835	0.148176
3836	0.289605
3837	0.317431
3838	0.262699
3839	0.210828
3840	0.2184
3841	0.215752
3842	0.129686
3843	0.356154
3844	0.228555
3845	0.238529
3846	0.216148
3847	0.540223
3848	0.686263
3849	0.478626
3850	0.401598
3851	0.469046
3852	0.308119
3853	0.468312
3854	0.233851
3855	0.428811
3856	0.704957
3857	0.574485
3858	0.11958
3859	0.490694
3860	0.73496
3861	0.49328
3862	0.385889
3863	0.369915
3864	0.630448
3865	0.821972
3866	0.305929
3867	0.245785
3868	0.507788
3869	0.385809
3870	0.566266
3871	0.531873
3872	0.180948
3873	0.197953
3874	0.256866
3875	0.240307
3876	0.359675
3877	0.742982
3878	0.752887
3879	0.795584
3880	0.462428
3881	0.314295
3882	0.389155
3883	0.600026
3884	0.576241
3885	0.418891
3886	0.280908
3887	0.4539
3888	0.115975
3889	0.588078
3890	0.597859
3891	0.396467
3892	0.199771
3893	0.541587
3894	0.119221
3895	0.358085
3896	0.405263
3897	0.461525
3898	0.873558
3899	0.462685
3900	0.344389
3901	0.385729
3902	0.520173
3903	0.490223
3904	0.413801
3905	0.34614
3906	0.477992
3907	0.725493
3908	1.21464
3909	1.37897
3910	0.838691
3911	0.608784
3912	0.497558
3913	0.425972
3914	0.447522
3915	0.760705
3916	0.93713
3917	0.924364
3918	0.39969
3919	0.322195
3920	0.471334
3921	0.107037
3922	0.382532
3923	0.222285
3924	0.217443
3925	0.0796034
3926	0.552644
3927	0.604528
3928	0.220588
3929	0.535534
3930	0.600091
3931	0.39223
3932	0.545409
3933	0.279155
3934	0.174327
3935	0.297524
3936	0.582019
3937	0.190113
3938	0.592255
3939	0.829232
3940	0.519002
3941	0.300999
3942	0.0723766
3943	0.408106
3944	0.140807
3945	0.230532
3946	0.254691
3947	0.548126
3948	0.60407
3949	0.641843
3950	0.643506
3951	0.622136
3952	0.359283
3953	0.531227
3954	0.237881
3955	0.186359
3956	0.764968
3957	0.72824
3958	0.421436
3959	0.21891
3960	0.367872
3961	0.229902
3962	0.250093
3963	0.391454
3964	0.249287
3965	0.399162
3966	0.431881
3967	0.149443
3968	0.274218
3969	0.17532
3970	0.394925
3971	0.872362
3972	0.61397
3973	0.321292
3974	0.448002
3975	0.187369
3976	0.529572
3977	0.316474
3978	0.466784
3979	0.56482
3980	0.333908
3981	0.488785
3982	0.545756
3983	0.130102
3984	0.122746
3985	0.356623
3986	0.397294
3987	0.34915
3988	0.438572
3989	0.697197
3990	0.45112
3991	0.286679
3992	0.251728
3993	0.353801
3994	0.193414
3995	0.219844
3996	0.19616
3997	0.286855
3998	0.0585714
3999	0.200739
4000	0.38248
4001	0.286263
4002	0.332066
4003	0.220932
4004	0.177807
4005	0.168748
4006	0.391591
4007	0.530188
4008	0.646967
4009	0.649249
4010	0.215626
4011	0.38293
4012	0.100129
4013	0.138203
4014	0.177268
4015	0.158026
4016	0.396588
4017	0.309044
4018	0.396525
4019	0.149785
4020	0.449494
4021	0.591977
4022	0.383864
4023	0.3754
4024	0.685574
4025	0.528863
4026	0.444595
4027	0.478138
4028	0.194138
4029	0.174962
4030	0.216799
4031	0.237778
4032	0.32846
4033	0.509147
4034	0.614948
4035	0.35942
4036	0.0747989
4037	0.621067
4038	0.502771
4039	0.145984
4040	0.271103
4041	0.64772
4042	0.223204
4043	0.615442
4044	0.227339
4045	0.330152
4046	0.164302
4047	0.1708
4048	0.402157
4049	0.333077
4050	0.174779
4051	0.0908672
4052	0.199979
4053	0.401558
4054	0.390378
4055	0.442043
4056	0.245384
4057	0.340826
4058	0.380203
4059	0.390133
4060	0.57824
4061	0.251545
4062	0.163072
4063	0.488555
4064	0.552363
4065	0.206466
4066	0.38243
4067	0.285233
4068	0.392495
4069	0.7118
4070	0.67827
4071	0.452338
4072	0.273261
4073	0.164998
4074	0.36217
4075	0.371212
4076	0.47496
4077	0.664106
4078	0.460208
4079	0.0864285
4080	0.247941
4081	0.0673016
4082	0.209678
4083	0.294244
4084	0.336892
4085	0.20602
4086	0.343585
4087	0.131423
4088	0.371559
4089	0.393111
4090	0.345211
4091	0.415188
4092	0.321267
4093	0.564371
4094	0.729136
4095	0.260197
