InputSignal - Magnitude   FFT Frequency Resolution: 3.90625
 
0	7.50412
1	3.77696
2	1.65183
3	2.39439
4	0.866772
5	0.923589
6	1.6742
7	1.57765
8	1.16814
9	1.16907
10	0.934272
11	1.64661
12	0.878619
13	0.883004
14	0.978112
15	0.61629
16	0.778537
17	0.961038
18	0.547792
19	0.783341
20	0.93022
21	0.948269
22	1.33879
23	0.789799
24	0.351952
25	0.345203
26	0.74803
27	0.924571
28	0.750962
29	0.650441
30	0.603499
31	0.25889
32	0.287682
33	0.379427
34	0.287024
35	0.388926
36	0.886799
37	0.538549
38	0.349996
39	0.419787
40	0.48173
41	0.262171
42	0.29361
43	0.570979
44	0.591155
45	0.693513
46	0.48598
47	0.539805
48	0.552692
49	0.368173
50	0.308237
51	0.247565
52	0.405866
53	0.174996
54	0.39977
55	0.337513
56	0.745159
57	0.695036
58	0.109658
59	0.418634
60	0.671018
61	0.946977
62	0.611054
63	0.106826
64	0.52991
65	0.625855
66	0.286521
67	0.500955
68	0.578471
69	0.312975
70	0.18084
71	0.102601
72	0.243163
73	0.400914
74	0.141124
75	0.537918
76	0.835566
77	0.407422
78	0.149907
79	0.0557448
80	0.368165
81	0.404645
82	0.148148
83	0.302467
84	0.544271
85	0.0983155
86	0.490027
87	0.548166
88	0.685211
89	0.488351
90	0.0787893
91	0.287896
92	0.405906
93	0.469698
94	0.464505
95	0.422361
96	0.21087
97	0.167644
98	0.287441
99	0.152559
100	0.308307
101	0.847734
102	0.863458
103	0.38785
104	0.189857
105	0.505668
106	0.454638
107	0.573734
108	0.57017
109	0.38129
110	0.351687
111	0.397492
112	0.378073
113	0.37421
114	0.270415
115	0.203827
116	0.289833
117	0.163252
118	0.0833844
119	0.256429
120	0.359637
121	0.160086
122	0.0929084
123	0.319054
124	0.504866
125	0.388452
126	0.153212
127	0.0650416
128	0.195325
129	0.269902
130	0.11803
131	0.199128
132	0.433647
133	0.230558
134	0.345489
135	0.432139
136	0.486298
137	0.43662
138	0.186771
139	0.331112
140	0.320503
141	0.206318
142	0.166008
143	0.179443
144	0.358662
145	0.291154
146	0.181521
147	0.249253
148	0.343069
149	0.178744
150	0.0856003
151	0.0204986
152	0.215018
153	0.219909
154	0.104459
155	0.198741
156	0.188965
157	0.501164
158	0.604728
159	0.470263
160	0.150548
161	0.272272
162	0.346802
163	0.233144
164	0.354769
165	0.374968
166	0.256536
167	0.0674102
168	0.0430573
169	0.120428
170	0.00948771
171	0.332423
172	0.322748
173	0.194262
174	0.347634
175	0.447641
176	0.439822
177	0.203753
178	0.264164
179	0.214713
180	0.379595
181	0.242441
182	0.208848
183	0.396784
184	0.547182
185	0.329292
186	0.0952131
187	0.184244
188	0.0471209
189	0.130277
190	0.197808
191	0.0957166
192	0.374632
193	0.38273
194	0.328186
195	0.370223
196	0.384719
197	0.511023
198	0.30236
199	0.141315
200	0.0736124
201	0.342368
202	0.784351
203	0.461942
204	0.389467
205	0.62946
206	0.571737
207	0.477801
208	0.291312
209	0.277704
210	0.265529
211	0.310983
212	0.467958
213	0.352326
214	0.244481
215	0.482616
216	0.59099
217	0.356364
218	0.27306
219	0.131263
220	0.231411
221	0.174921
222	0.260277
223	0.319883
224	0.0837319
225	0.0875332
226	0.297488
227	0.33871
228	0.189942
229	0.330151
230	0.114951
231	0.135787
232	0.0721367
233	0.22216
234	0.465266
235	0.388139
236	0.0845034
237	0.0654994
238	0.241281
239	0.268577
240	0.234821
241	0.262019
242	0.244497
243	0.613524
244	0.531723
245	0.335861
246	0.173393
247	0.115791
248	0.224912
249	0.405746
250	0.326849
251	0.433693
252	0.478153
253	0.206201
254	0.159893
255	0.0865058
256	0.0969764
257	0.147284
258	0.143451
259	0.104256
260	0.104029
261	0.0643877
262	0.0826728
263	0.235449
264	0.229627
265	0.293551
266	0.226182
267	0.10034
268	0.209447
269	0.296798
270	0.291588
271	0.260289
272	0.0436661
273	0.419519
274	0.532421
275	0.361407
276	0.269076
277	0.358862
278	0.0843396
279	0.207521
280	0.20952
281	0.251542
282	0.322645
283	0.430702
284	0.364488
285	0.178248
286	0.0374434
287	0.0653069
288	0.20864
289	0.370543
290	0.427036
291	0.211979
292	0.148607
293	0.0952119
294	0.428751
295	0.256168
296	0.205204
297	0.417727
298	0.479474
299	0.304058
300	0.228413
301	0.0832469
302	0.144004
303	0.225669
304	0.408667
305	0.467907
306	0.451631
307	0.476889
308	0.376213
309	0.210964
310	0.0636885
311	0.188699
312	0.157171
313	0.0919944
314	0.157413
315	0.183999
316	0.13294
317	0.206873
318	0.206204
319	0.17768
320	0.16129
321	0.291572
322	0.405265
323	0.246955
324	0.0258347
325	0.387132
326	0.37607
327	0.376444
328	0.297546
329	0.215511
330	0.352984
331	0.214804
332	0.130742
333	0.214008
334	0.134032
335	0.266313
336	0.398157
337	0.289608
338	0.220705
339	0.25031
340	0.282004
341	0.174666
342	0.357108
343	0.329427
344	0.0891355
345	0.336698
346	0.162109
347	0.158115
348	0.156538
349	0.0515158
350	0.0467357
351	0.0481694
352	0.088709
353	0.166598
354	0.343654
355	0.428893
356	0.425966
357	0.673582
358	0.588533
359	0.319995
360	0.215087
361	0.218203
362	0.292174
363	0.171701
364	0.124152
365	0.355229
366	0.342902
367	0.452264
368	0.249038
369	0.151941
370	0.265701
371	0.14459
372	0.143979
373	0.230311
374	0.422421
375	0.196042
376	0.193261
377	0.232568
378	0.0967021
379	0.22652
380	0.31133
381	0.386583
382	0.617722
383	0.356083
384	0.402511
385	0.337776
386	0.212398
387	0.326504
388	0.527176
389	0.614456
390	0.410731
391	0.177483
392	0.324521
393	0.82175
394	0.728248
395	0.247077
396	0.238523
397	0.169624
398	0.27849
399	0.289097
400	0.306156
401	0.599691
402	0.366975
403	0.176999
404	0.383661
405	0.659104
406	0.402794
407	1.44766
408	6.56136
409	47.9806
410	58.4997
411	15.925
412	1.73729
413	1.17751
414	0.283746
415	0.625965
416	0.467589
417	0.125837
418	0.373225
419	0.0636895
420	0.331984
421	0.380228
422	0.0641461
423	0.0892997
424	0.266891
425	0.294658
426	0.655721
427	0.431651
428	0.101126
429	0.101154
430	0.392229
431	0.439211
432	0.188583
433	0.170342
434	0.23247
435	0.280057
436	0.465091
437	0.906555
438	0.609586
439	0.118738
440	0.318572
441	0.147135
442	0.165428
443	0.350738
444	0.132503
445	0.115919
446	0.0438122
447	0.311421
448	0.510567
449	0.382295
450	0.219083
451	0.229019
452	0.553058
453	0.456791
454	0.221038
455	0.0985303
456	0.277485
457	0.444586
458	0.421421
459	0.610799
460	0.517856
461	0.374028
462	0.328669
463	0.121686
464	0.214971
465	0.33264
466	0.372775
467	0.202482
468	0.446146
469	0.224563
470	0.17753
471	0.184207
472	0.269118
473	0.274951
474	0.248606
475	0.205775
476	0.349483
477	0.156762
478	0.363061
479	0.248259
480	0.171042
481	0.208005
482	0.244367
483	0.237733
484	0.23494
485	0.246744
486	0.138618
487	0.262217
488	0.208133
489	0.175601
490	0.177229
491	0.0908455
492	0.195537
493	0.29479
494	0.578858
495	0.346035
496	0.212749
497	0.150566
498	0.158267
499	0.146717
500	0.0428969
501	0.062397
502	0.184666
503	0.163913
504	0.0679023
505	0.0797507
506	0.18817
507	0.369325
508	0.383239
509	0.29568
510	0.0824864
511	0.0178573
512	0.19552
513	0.24142
514	0.0578708
515	0.0729707
516	0.173678
517	0.279589
518	0.280245
519	0.188383
520	0.127128
521	0.255726
522	0.238143
523	0.0674413
524	0.0847177
525	0.272282
526	0.328619
527	0.132514
528	0.151429
529	0.298794
530	0.424945
531	0.389937
532	0.157187
533	0.0990978
534	0.109831
535	0.164465
536	0.0738707
537	0.252946
538	0.381293
539	0.244086
540	0.0550664
541	0.123506
542	0.218138
543	0.223486
544	0.166095
545	0.0881599
546	0.218297
547	0.285029
548	0.247201
549	0.133911
550	0.151836
551	0.348226
552	0.335147
553	0.117842
554	0.144028
555	0.233885
556	0.152879
557	0.20743
558	0.264372
559	0.207788
560	0.274467
561	0.290381
562	0.163576
563	0.442944
564	0.278372
565	0.0524702
566	0.254726
567	0.145073
568	0.159308
569	0.183816
570	0.143964
571	0.0445647
572	0.0250085
573	0.120985
574	0.208548
575	0.0553493
576	0.109228
577	0.257439
578	0.350191
579	0.135666
580	0.0535506
581	0.165686
582	0.109424
583	0.190854
584	0.316672
585	0.221493
586	0.289899
587	0.450891
588	0.334359
589	0.254805
590	0.205582
591	0.135127
592	0.0923823
593	0.162484
594	0.356865
595	0.352265
596	0.325314
597	0.167623
598	0.078025
599	0.0169738
600	0.107308
601	0.243554
602	0.230696
603	0.152441
604	0.243838
605	0.411491
606	0.408132
607	0.208747
608	0.0484478
609	0.141439
610	0.185179
611	0.379564
612	0.313393
613	0.0842862
614	0.117381
615	0.365168
616	0.182543
617	0.37899
618	0.19418
619	0.231665
620	0.356903
621	0.222457
622	0.0531531
623	0.193718
624	0.127559
625	0.111501
626	0.170168
627	0.442505
628	0.418284
629	0.250725
630	0.26986
631	0.316214
632	0.155679
633	0.169369
634	0.207343
635	0.216217
636	0.208891
637	0.345371
638	0.260567
639	0.169553
640	0.151329
641	0.219319
642	0.219587
643	0.221082
644	0.0944777
645	0.216347
646	0.118374
647	0.124887
648	0.27039
649	0.230813
650	0.134367
651	0.151325
652	0.224152
653	0.254175
654	0.066909
655	0.280195
656	0.326255
657	0.359387
658	0.14305
659	0.120491
660	0.256797
661	0.700475
662	0.519919
663	0.103621
664	0.261825
665	0.19851
666	0.244471
667	0.210564
668	0.242364
669	0.164296
670	0.206692
671	0.193085
672	0.0932333
673	0.0727915
674	0.286644
675	0.293249
676	0.280707
677	0.216181
678	0.163043
679	0.233932
680	0.202286
681	0.219141
682	0.142947
683	0.139342
684	0.0407625
685	0.0737435
686	0.224351
687	0.154552
688	0.0691088
689	0.19038
690	0.17135
691	0.0837391
692	0.326919
693	0.246933
694	0.146099
695	0.264595
696	0.332511
697	0.22129
698	0.179061
699	0.332902
700	0.331193
701	0.144315
702	0.117654
703	0.0547445
704	0.351824
705	0.231008
706	0.0769462
707	0.330111
708	0.474972
709	0.348299
710	0.151288
711	0.097753
712	0.113941
713	0.105812
714	0.115804
715	0.273405
716	0.283295
717	0.327206
718	0.287077
719	0.0747912
720	0.0949959
721	0.259629
722	0.380299
723	0.226902
724	0.117124
725	0.142244
726	0.179542
727	0.160485
728	0.187156
729	0.0943759
730	0.146351
731	0.228229
732	0.268779
733	0.148976
734	0.139328
735	0.229716
736	0.178449
737	0.288349
738	0.272732
739	0.264615
740	0.361863
741	0.42357
742	0.292382
743	0.129215
744	0.0997783
745	0.0755605
746	0.229262
747	0.164415
748	0.156507
749	0.211129
750	0.059441
751	0.0485257
752	0.1687
753	0.252942
754	0.259325
755	0.0918629
756	0.167464
757	0.15469
758	0.233624
759	0.121517
760	0.211298
761	0.157352
762	0.0594455
763	0.128775
764	0.111445
765	0.0511185
766	0.0695218
767	0.226875
768	0.224562
769	0.131254
770	0.102909
771	0.0842101
772	0.0344742
773	0.28617
774	0.225942
775	0.226665
776	0.170008
777	0.181383
778	0.170986
779	0.0691696
780	0.15809
781	0.353686
782	0.331557
783	0.141428
784	0.245483
785	0.329759
786	0.0858074
787	0.0623764
788	0.293095
789	0.222751
790	0.246855
791	0.141154
792	0.0232878
793	0.0218512
794	0.161428
795	0.215366
796	0.173307
797	0.0105757
798	0.0735802
799	0.0510493
800	0.276867
801	0.210504
802	0.313136
803	0.399503
804	0.267913
805	0.0501922
806	0.117552
807	0.246797
808	0.190873
809	0.436809
810	0.39148
811	0.219329
812	0.232357
813	0.528197
814	0.681862
815	0.825994
816	1.84923
817	7.38129
818	103.547
819	294.045
820	201.258
821	16.1564
822	2.59043
823	1.71962
824	0.46751
825	0.459386
826	0.0844629
827	0.429937
828	0.100498
829	0.226293
830	0.105814
831	0.171603
832	0.235128
833	0.25587
834	0.0824948
835	0.403184
836	0.364772
837	0.0533048
838	0.0808055
839	0.0377495
840	0.17725
841	0.227055
842	0.185463
843	0.0320289
844	0.110316
845	0.0214095
846	0.12435
847	0.213945
848	0.166634
849	0.104301
850	0.175927
851	0.107775
852	0.175659
853	0.178053
854	0.256945
855	0.136723
856	0.182848
857	0.314223
858	0.125248
859	0.146971
860	0.117204
861	0.0957819
862	0.293647
863	0.356344
864	0.297762
865	0.125679
866	0.152512
867	0.282178
868	0.142432
869	0.118988
870	0.175282
871	0.212161
872	0.113382
873	0.239615
874	0.456555
875	0.229311
876	0.148241
877	0.220549
878	0.0318951
879	0.131465
880	0.0982184
881	0.240065
882	0.389896
883	0.350865
884	0.395483
885	0.203455
886	0.136336
887	0.100621
888	0.0947732
889	0.0529799
890	0.332853
891	0.307965
892	0.297947
893	0.337384
894	0.114714
895	0.266972
896	0.272643
897	0.154623
898	0.183659
899	0.00672877
900	0.317282
901	0.306413
902	0.128015
903	0.391543
904	0.356934
905	0.189193
906	0.0248368
907	0.201977
908	0.228522
909	0.267416
910	0.22328
911	0.206868
912	0.306005
913	0.321476
914	0.171749
915	0.159005
916	0.231644
917	0.126535
918	0.10096
919	0.20709
920	0.368147
921	0.371821
922	0.142441
923	0.0519911
924	0.307639
925	0.389202
926	0.301158
927	0.283862
928	0.217822
929	0.0771764
930	0.147014
931	0.142893
932	0.0856276
933	0.0368158
934	0.0778528
935	0.0252942
936	0.0497287
937	0.18196
938	0.263162
939	0.222744
940	0.171887
941	0.145571
942	0.177368
943	0.0950911
944	0.0293048
945	0.105422
946	0.0840407
947	0.217137
948	0.0631473
949	0.266361
950	0.282945
951	0.156842
952	0.179757
953	0.197108
954	0.188431
955	0.0198028
956	0.0928084
957	0.0755999
958	0.188001
959	0.238898
960	0.0855782
961	0.0752735
962	0.0479332
963	0.0210422
964	0.011871
965	0.0854852
966	0.119222
967	0.0608928
968	0.306032
969	0.422878
970	0.316835
971	0.125464
972	0.107817
973	0.212854
974	0.191486
975	0.210511
976	0.158731
977	0.29024
978	0.264967
979	0.0400826
980	0.237841
981	0.271622
982	0.13713
983	0.202639
984	0.313527
985	0.133854
986	0.0980053
987	0.206435
988	0.158734
989	0.114775
990	0.0972285
991	0.199829
992	0.15507
993	0.107966
994	0.0857021
995	0.0978138
996	0.0690722
997	0.165323
998	0.272769
999	0.125141
1000	0.233563
1001	0.34894
1002	0.295055
1003	0.190275
1004	0.423394
1005	0.355037
1006	0.231218
1007	0.119815
1008	0.260853
1009	0.133614
1010	0.063128
1011	0.122474
1012	0.171683
1013	0.12269
1014	0.177598
1015	0.183584
1016	0.174111
1017	0.0735333
1018	0.116299
1019	0.248898
1020	0.210091
1021	0.171367
1022	0.0919542
1023	0.164785
