InputSignal - Magnitude   FFT Frequency Resolution: 3.90625
 
0	0.521711
1	1.40756
2	3.05278
3	2.3202
4	1.86457
5	2.28112
6	2.19465
7	0.878215
8	0.633407
9	0.305531
10	0.176344
11	1.48648
12	1.01594
13	1.75049
14	1.69487
15	0.681102
16	0.145269
17	0.423647
18	0.904197
19	2.14967
20	1.70516
21	0.548983
22	0.314023
23	0.291957
24	0.192638
25	0.291806
26	0.617051
27	1.58185
28	2.29372
29	1.67816
30	1.2912
31	0.635643
32	0.721408
33	0.646535
34	1.0064
35	1.08428
36	1.25314
37	0.948456
38	0.321654
39	0.654668
40	1.21145
41	0.737767
42	0.449716
43	0.214877
44	0.344404
45	0.174102
46	0.172848
47	0.467345
48	0.531189
49	0.305462
50	0.515229
51	0.421544
52	0.534985
53	1.11165
54	0.730298
55	0.647019
56	1.69766
57	0.750571
58	0.137928
59	0.70345
60	0.695578
61	0.624242
62	0.414148
63	0.469166
64	0.425808
65	0.60727
66	0.443081
67	0.346808
68	0.376769
69	0.431447
70	0.742393
71	0.592828
72	0.354967
73	0.750564
74	0.75358
75	0.153344
76	0.128486
77	0.037754
78	0.603716
79	0.777528
80	0.582212
81	0.130559
82	0.779206
83	1.28564
84	0.812625
85	0.535485
86	0.656835
87	0.385734
88	0.480891
89	0.499358
90	0.261579
91	0.213341
92	0.676715
93	0.585643
94	0.438099
95	0.372693
96	0.35529
97	0.427627
98	0.746574
99	0.591671
100	0.301839
101	0.183296
102	0.339342
103	0.418997
104	0.373979
105	0.981082
106	1.17061
107	0.298161
108	0.857257
109	0.376693
110	1.2388
111	1.31316
112	0.988199
113	0.171303
114	0.412481
115	0.856898
116	0.49616
117	0.955541
118	0.843484
119	0.466749
120	0.477517
121	0.0359498
122	0.766281
123	1.08701
124	0.891501
125	0.462589
126	0.646084
127	0.694756
128	0.484014
129	0.635149
130	0.855743
131	0.631179
132	0.367527
133	0.32384
134	0.478601
135	0.845195
136	0.661974
137	0.456801
138	0.460328
139	0.215686
140	0.241874
141	0.446408
142	0.531404
143	0.0993311
144	0.0930412
145	0.158487
146	0.192562
147	0.317687
148	0.149275
149	0.297879
150	0.825157
151	0.725256
152	1.79934
153	1.75052
154	2.3891
155	2.32628
156	3.04856
157	2.88099
158	2.37578
159	1.39513
160	0.856018
161	1.41538
162	1.44562
163	0.994327
164	1.08216
165	0.742696
166	0.794108
167	0.445916
168	0.111998
169	0.101647
170	0.551788
171	0.841867
172	0.710505
173	0.312966
174	0.562271
175	0.179734
176	0.615208
177	0.551201
178	0.1236
179	0.0746995
180	0.699181
181	0.432801
182	0.140547
183	0.178006
184	0.2964
185	0.429134
186	0.275558
187	0.156774
188	0.050974
189	0.0603247
190	0.33062
191	0.56811
192	0.481441
193	0.414747
194	0.427944
195	0.153453
196	0.472914
197	0.114119
198	0.439208
199	0.291487
200	0.283426
201	0.49594
202	0.605982
203	0.599912
204	0.77513
205	0.521252
206	0.402012
207	0.307684
208	0.509161
209	0.1381
210	0.945812
211	1.07762
212	0.714563
213	0.235638
214	0.533779
215	0.419704
216	0.298574
217	0.60833
218	0.51886
219	0.511227
220	0.142341
221	0.207284
222	0.0870936
223	0.580676
224	0.660216
225	0.419947
226	0.284343
227	0.169286
228	0.108657
229	0.233049
230	0.200848
231	0.362753
232	0.504777
233	0.176344
234	0.229879
235	0.214799
236	0.0999689
237	0.44522
238	0.209594
239	0.0821261
240	0.115185
241	0.363654
242	0.602718
243	1.02703
244	0.842608
245	0.362407
246	0.266887
247	0.215069
248	0.366843
249	0.666982
250	0.72437
251	1.03053
252	1.1001
253	0.418227
254	0.619154
255	0.543024
256	0.525526
257	0.29832
258	0.368606
259	0.692845
260	0.949462
261	1.33283
262	1.60356
263	2.21353
264	1.09446
265	0.648947
266	0.228062
267	0.373769
268	0.206383
269	0.254151
270	0.156693
271	0.127449
272	0.328462
273	0.324581
274	0.0999629
275	0.783191
276	0.80056
277	0.445052
278	0.359522
279	0.677564
280	1.18073
281	0.63557
282	0.929314
283	0.799695
284	0.307222
285	0.691482
286	0.592792
287	0.828742
288	0.437048
289	0.41729
290	0.24302
291	0.568179
292	0.534457
293	0.193727
294	0.375576
295	0.733241
296	0.696942
297	0.768017
298	0.660529
299	0.620519
300	0.667994
301	0.409407
302	0.340944
303	0.462041
304	0.241263
305	0.158643
306	0.37358
307	2.20342
308	2.59651
309	0.807019
310	0.396752
311	0.499523
312	0.765034
313	0.16818
314	0.904018
315	0.583296
316	0.75344
317	0.823283
318	0.464485
319	0.224916
320	0.444678
321	0.205682
322	0.420022
323	0.333519
324	0.0891578
325	0.370894
326	0.40745
327	0.620281
328	0.308001
329	0.169368
330	0.444497
331	1.067
332	1.93397
333	2.4275
334	1.82627
335	0.672005
336	0.526052
337	0.344389
338	0.190555
339	0.0710701
340	0.353995
341	0.39634
342	0.388289
343	0.505474
344	0.497188
345	0.330789
346	0.261629
347	0.296392
348	0.450664
349	0.580364
350	0.44152
351	0.15844
352	0.399446
353	0.476113
354	0.284594
355	0.281018
356	0.298495
357	0.427492
358	0.462393
359	0.281532
360	0.116893
361	0.204199
362	0.244676
363	0.10346
364	0.214206
365	0.571846
366	0.771602
367	0.563423
368	0.114987
369	0.245856
370	0.404168
371	0.435009
372	0.576517
373	0.506921
374	0.0983267
375	0.247369
376	0.346553
377	0.656459
378	0.488606
379	0.223941
380	0.317056
381	0.26821
382	0.197389
383	0.247873
384	0.142872
385	0.295336
386	0.310338
387	0.250285
388	0.130131
389	0.151648
390	0.395312
391	0.434829
392	0.685885
393	0.424987
394	0.184346
395	0.094774
396	0.278957
397	0.201832
398	0.216438
399	0.33061
400	0.214117
401	0.347095
402	0.207454
403	0.602696
404	1.37066
405	1.82702
406	1.36922
407	0.632137
408	0.528161
409	0.290288
410	0.345097
411	0.433586
412	0.233199
413	0.134017
414	0.126133
415	0.0124172
416	0.220061
417	0.397004
418	0.319844
419	0.401111
420	0.294048
421	0.2506
422	0.348268
423	0.316563
424	0.304217
425	0.395732
426	0.500341
427	0.483232
428	0.175372
429	0.123655
430	0.0332595
431	0.190965
432	0.161102
433	0.11457
434	0.191038
435	0.0509481
436	0.199466
437	0.254464
438	0.215287
439	0.195306
440	0.108515
441	0.109528
442	0.398371
443	0.453486
444	0.104896
445	0.184243
446	0.412671
447	0.711978
448	0.514689
449	0.142574
450	0.121967
451	0.160804
452	0.279776
453	0.0778382
454	0.428686
455	0.217576
456	0.214379
457	0.431703
458	0.436853
459	0.325143
460	0.466336
461	0.317506
462	0.294434
463	0.251995
464	0.266862
465	0.150884
466	0.161199
467	0.100421
468	0.0178943
469	0.199581
470	0.499031
471	0.438954
472	0.213474
473	0.344618
474	0.235452
475	0.124059
476	0.236658
477	0.192054
478	0.183456
479	0.433709
480	0.416045
481	0.168248
482	0.281244
483	0.229383
484	0.140785
485	0.228071
486	0.166319
487	0.172238
488	0.242374
489	0.23364
490	0.118017
491	0.112352
492	0.152713
493	0.142025
494	0.0855094
495	0.0936529
496	0.0803556
497	0.452861
498	0.476499
499	0.211081
500	0.131391
501	0.292877
502	0.113402
503	0.392296
504	0.18643
505	0.124789
506	0.209651
507	0.134746
508	0.239043
509	0.223112
510	0.197025
511	0.0277754
512	0.162464
513	0.146059
514	0.26819
515	0.15766
516	0.168754
517	0.0688545
518	0.139628
519	0.42042
520	0.576079
521	0.169457
522	0.329224
523	0.229244
524	0.245351
525	0.24385
526	0.42301
527	0.43052
528	0.316693
529	0.157862
530	0.188608
531	0.210846
532	0.111442
533	0.226715
534	0.299012
535	0.00830381
536	0.151463
537	0.10289
538	0.390033
539	0.102939
540	0.529361
541	0.217225
542	0.405572
543	0.539873
544	0.852813
545	0.544025
546	1.07109
547	1.32921
548	1.25798
549	0.966452
550	0.42167
551	0.885294
552	1.18508
553	0.781139
554	0.874538
555	1.2447
556	1.0262
557	0.61583
558	0.791419
559	0.396311
560	0.475001
561	0.245559
562	0.106974
563	0.159617
564	0.135655
565	0.204008
566	0.14056
567	0.305757
568	0.232558
569	0.467773
570	0.563785
571	0.56375
572	0.278439
573	0.256787
574	0.375502
575	0.410299
576	0.827811
577	0.632134
578	0.338917
579	0.0564631
580	0.35992
581	0.571614
582	0.237994
583	0.137253
584	0.358782
585	0.190236
586	0.587027
587	0.652235
588	0.313587
589	0.180651
590	0.426506
591	1.26984
592	2.03235
593	2.85562
594	2.22909
595	2.4363
596	1.89223
597	1.61024
598	0.528662
599	0.676387
600	0.604753
601	0.818191
602	1.08035
603	0.688319
604	0.94465
605	0.466498
606	0.696273
607	0.824813
608	0.638836
609	0.497065
610	0.447642
611	0.512096
612	0.823073
613	0.83513
614	0.731173
615	0.174585
616	0.144409
617	0.347991
618	0.165285
619	0.167829
620	0.239237
621	0.351722
622	0.546171
623	0.885717
624	0.888243
625	0.651469
626	0.347821
627	0.0790223
628	0.14331
629	0.208533
630	0.130034
631	0.107934
632	0.214002
633	0.162116
634	0.0537851
635	0.10319
636	0.111325
637	0.18197
638	0.0690945
639	0.199406
640	0.297988
641	0.210123
642	0.0775136
643	0.166498
644	0.0675142
645	0.126979
646	0.305479
647	0.304055
648	0.120365
649	0.174842
650	0.24785
651	0.153887
652	0.190932
653	0.323668
654	0.140017
655	0.112569
656	0.094187
657	0.116339
658	0.131445
659	0.31069
660	0.294179
661	0.147664
662	0.250893
663	0.206752
664	0.230311
665	0.378018
666	0.345938
667	0.144338
668	0.311823
669	0.112816
670	0.131233
671	0.144419
672	0.197745
673	0.244405
674	0.228284
675	0.354716
676	0.334646
677	0.315193
678	0.281817
679	0.153304
680	0.175078
681	0.0886934
682	0.340673
683	0.42572
684	0.365244
685	0.216555
686	0.171128
687	0.0877268
688	0.199053
689	0.152367
690	0.198752
691	0.452935
692	0.474107
693	0.421457
694	0.374944
695	0.537091
696	0.40197
697	0.164451
698	0.238362
699	0.483214
700	0.428289
701	0.367797
702	0.183113
703	0.183964
704	0.204996
705	0.214468
706	0.263391
707	0.0871876
708	0.181188
709	0.131318
710	0.384113
711	0.0513606
712	0.413295
713	0.212434
714	0.206736
715	0.249135
716	0.336328
717	0.26561
718	0.362987
719	0.584007
720	0.67988
721	0.3124
722	0.31479
723	0.724013
724	0.896616
725	0.601745
726	0.4304
727	0.497916
728	0.583536
729	0.437603
730	0.723087
731	0.306555
732	0.163512
733	0.446523
734	0.529449
735	0.528075
736	0.153581
737	0.363123
738	0.292242
739	0.205311
740	0.351789
741	0.356936
742	0.623239
743	0.678738
744	0.645029
745	0.587201
746	0.584235
747	0.714615
748	1.02054
749	0.522748
750	0.960857
751	1.07372
752	0.353208
753	0.495602
754	0.321108
755	0.195238
756	0.330207
757	0.127844
758	0.0964145
759	0.343336
760	0.274816
761	0.200487
762	0.295675
763	0.243468
764	0.308067
765	0.444933
766	0.101553
767	0.334494
768	0.245224
769	0.372993
770	0.20033
771	0.139624
772	0.20822
773	0.245705
774	0.417371
775	0.278348
776	0.264439
777	0.415055
778	0.293472
779	0.0648553
780	0.081735
781	0.246529
782	0.370703
783	0.103306
784	0.151711
785	0.118078
786	0.147511
787	0.0931385
788	0.247204
789	0.342374
790	0.176221
791	0.0353828
792	0.0982631
793	0.284382
794	0.348507
795	0.135898
796	0.207784
797	0.33984
798	0.353902
799	0.465114
800	0.415245
801	0.391268
802	0.207471
803	0.262174
804	0.293338
805	0.16358
806	0.102732
807	0.339255
808	0.490583
809	0.333313
810	0.0886762
811	0.30739
812	0.403335
813	0.33038
814	0.49716
815	0.0825415
816	0.203382
817	0.270391
818	0.154348
819	0.181319
820	0.332509
821	0.600849
822	0.634664
823	0.415547
824	0.190104
825	0.231631
826	0.0842215
827	0.179041
828	0.267037
829	0.233363
830	0.159994
831	0.166553
832	0.136749
833	0.294216
834	0.392106
835	0.271552
836	0.09925
837	0.0348655
838	0.28045
839	0.494906
840	0.489049
841	0.384733
842	0.344371
843	0.435535
844	0.432296
845	0.36471
846	0.0539181
847	0.431863
848	0.507238
849	0.347532
850	0.441451
851	0.595765
852	0.448889
853	0.521174
854	0.95275
855	1.1854
856	1.4739
857	1.77832
858	1.84001
859	1.44101
860	0.608432
861	0.127495
862	0.290524
863	0.163133
864	0.166456
865	0.132341
866	0.185619
867	0.284146
868	0.250434
869	0.338121
870	0.170565
871	0.201266
872	0.248545
873	0.275293
874	0.127285
875	0.21429
876	0.186877
877	0.078155
878	0.260096
879	0.501569
880	0.314402
881	0.378873
882	0.517625
883	0.464651
884	0.166996
885	0.176527
886	0.328891
887	0.292195
888	0.134889
889	0.0969505
890	0.265256
891	0.305191
892	0.169044
893	0.283832
894	0.181724
895	0.480334
896	0.613705
897	0.275453
898	0.206174
899	0.251899
900	0.28311
901	0.493555
902	0.432811
903	0.310436
904	0.291042
905	0.284355
906	0.380238
907	0.288108
908	0.168085
909	0.433312
910	0.4153
911	0.64937
912	0.39615
913	0.294978
914	0.37533
915	0.311982
916	0.23436
917	0.308472
918	0.401536
919	0.194133
920	0.3466
921	0.178003
922	0.270889
923	0.213532
924	0.137838
925	1.32961
926	4.48692
927	9.16756
928	12.0625
929	11.118
930	7.37196
931	5.06111
932	4.2439
933	3.51797
934	3.41628
935	3.1044
936	2.64065
937	1.70044
938	1.44504
939	1.31949
940	1.00655
941	0.595763
942	0.604884
943	0.487338
944	0.314193
945	0.750858
946	0.743406
947	0.0559733
948	0.615675
949	0.818081
950	0.698485
951	0.575112
952	0.329447
953	0.247898
954	0.216402
955	0.333295
956	0.509414
957	0.51558
958	0.280674
959	0.357091
960	0.520266
961	0.475027
962	0.236808
963	0.359706
964	0.425561
965	0.44127
966	0.360278
967	0.293481
968	0.497029
969	0.674977
970	0.590586
971	0.23882
972	0.494139
973	0.809141
974	1.09232
975	0.235506
976	0.890875
977	1.12638
978	0.807621
979	1.03887
980	1.35841
981	0.681593
982	0.233583
983	0.176706
984	0.186837
985	0.804285
986	0.973333
987	0.757364
988	0.428296
989	0.439583
990	0.608545
991	0.240516
992	0.561515
993	0.270172
994	0.416216
995	0.714485
996	0.568147
997	0.679467
998	0.632638
999	1.11263
1000	0.965653
1001	0.755017
1002	0.760302
1003	0.472146
1004	0.382072
1005	0.335927
1006	0.164474
1007	0.130948
1008	0.465136
1009	0.522696
1010	0.222059
1011	1.02379
1012	1.23885
1013	0.118839
1014	0.911082
1015	1.07131
1016	0.392043
1017	0.56933
1018	0.103064
1019	0.253044
1020	0.194826
1021	0.31546
1022	0.246366
1023	0.329037
