Compute Correlation 
 
0		-567.693		-92.1996
1		-531.264		-148.701
2		-480.35		-183.373
3		-427.58		-195.76
4		-381.596		-191.509
5		-345.042		-177.876
6		-316.158		-159.479
7		-292.675		-136.68
8		-275.448		-107.393
9		-269.419		-71.1094
10		-281.027		-32.4687
11		-313.353		-1.84155
12		-361.819		8.06311
13		-413.278		-11.7615
14		-449.675		-60.9717
15		-455.061		-127.801
16		-422.744		-192.14
17		-359.056		-232.776
18		-281.692		-235.615
19		-213.215		-199.11
20		-172.687		-134.441
21		-169.227		-60.5849
22		-200.205		3.15457
23		-254.335		43.5225
24		-317.474		55.8882
25		-377.851		42.5677
26		-428.205		8.78857
27		-464.467		-40.7311
28		-482.825		-102.405
29		-478		-171.51
30		-444.647		-239.132
31		-381.583		-291.232
32		-296.326		-311.722
33		-206.602		-288.978
34		-136.688		-222.764
35		-109.199		-127.644
36		-135.662		-30.1901
37		-210.457		39.7004
38		-311.512		59.9668
39		-408.04		24.9872
40		-472.149		-52.4788
41		-489.109		-147.047
42		-461.623		-231.488
43		-406.337		-287.441
44		-344.642		-311.083
45		-292.528		-311.445
46		-254.544		-302.781
47		-224.554		-295.387
48		-192.377		-289.816
49		-152.301		-277.439
50		-108.634		-246.804
51		-75.1652		-192.118
52		-68.7573		-119.1
53		-100.429		-44.9125
54		-168.59		8.00977
55		-257.949		21.1959
56		-344.636		-12.0392
57		-405.033		-83.8379
58		-424.121		-175.098
59		-399.716		-262.862
60		-341.295		-328.108
61		-264.825		-360.581
62		-186.656		-359.252
63		-119.392		-329.427
64		-70.9422		-278.988
65		-45.879		-216.084
66		-47.0165		-149.044
67		-75.4372		-87.4911
68		-128.717		-42.6735
69		-198.775		-25.5917
70		-271.478		-43.1331
71		-329.377		-94.1021
72		-357.093		-167.643
73		-347.099		-245.611
74		-302.987		-308.427
75		-238.347		-341.951
76		-171.52		-342.212
77		-118.635		-315.759
78		-88.2292		-275.642
79		-79.8535		-235.23
80		-86.9093		-203.117
81		-101.683		-181.54
82		-119.492		-168.633
83		-139.595		-162.586
84		-162.635		-164.702
85		-186.615		-179.146
86		-204.467		-209.276
87		-205.441		-252.835
88		-180.26		-299.276
89		-127.507		-331.694
90		-57.5133		-333.311
91		9.12024		-295.786
92		48.6588		-225.131
93		44.2419		-141.738
94		-5.81567		-73.6752
95		-85.6235		-45.7309
96		-166.835		-68.9542
97		-219.417		-135.474
98		-223.489		-221.096
99		-177.096		-294.658
100		-96.6096		-330.096
101		-9.78296		-316.054
102		55.2854		-259.147
103		80.4645		-179.969
104		63.0378		-104.116
105		14.6024		-52.3733
106		-45.2882		-34.1445
107		-97.4205		-46.2342
108		-129.525		-76.5634
109		-138.906		-110.389
110		-130.933		-136.028
111		-114.992		-147.971
112		-100.177		-146.879
113		-92.4652		-137.439
114		-93.9238		-125.647
115		-103.415		-116.751
116		-117.816		-114.274
117		-133.049		-119.76
118		-144.81		-132.716
119		-149.336		-150.523
120		-144.491		-168.589
121		-130.981		-181.239
122		-113.047		-183.529
123		-97.8648		-173.543
124		-93.3657		-154.168
125		-105.019		-133.223
126		-132.843		-121.423
127		-170.089		-128.609
128		-204.504		-159.601
129		-222.03		-211.386
130		-211.703		-272.954
131		-169.959		-328.075
132		-102.697		-360.178
133		-24.269		-357.674
134		46.3181		-317.932
135		90.7865		-248.612
136		96.887		-165.979
137		62.0781		-90.7061
138		-5.42108		-42.3914
139		-88.4714		-34.2472
140		-165.282		-69.3653
141		-215.053		-139.558
142		-223.549		-227.184
143		-187.113		-309.605
144		-113.891		-365.199
145		-21.7798		-379.246
146		66.4507		-347.956
147		129.443		-279.331
148		152.987		-190.582
149		133.403		-102.993
150		77.6209		-36.0124
151		0.228455		-2.53754
152		-81.1376		-6.74924
153		-150.277		-44.6897
154		-195.401		-106.707
155		-210.172		-180.354
156		-193.397		-252.619
157		-148.395		-311.216
158		-82.739		-345.505
159		-8.22388		-347.894
160		59.8439		-316.044
161		105.04		-255.206
162		114.099		-179.175
163		81.9588		-108.379
164		15.3835		-64.6495
165		-67.0743		-63.9795
166		-139.773		-110.007
167		-178.259		-191.261
168		-168.116		-283.996
169		-110.652		-360.068
170		-22.77		-396.947
171		69.2564		-385.761
172		139.59		-333.947
173		172.108		-261.439
174		165.255		-192.211
175		130.686		-145.029
176		86.81		-127.431
177		50.5951		-135.189
178		31.5113		-156.756
179		30.0363		-179.855
180		40.6034		-196.68
181		56.5968		-205.357
182		74.2284		-207.668
183		93.1863		-205.191
184		114.163		-196.741
185		135.409		-178.95
186		151.105		-149.635
187		153.197		-111.601
188		136.076		-73.9559
189		101.39		-49.3114
190		59.746		-47.6964
191		27.467		-70.2659
192		19.2524		-106.546
193		40.1733		-137.495
194		81.3014		-143.693
195		121.872		-115.07
196		137.735		-57.3257
197		112.56		8.61382
198		46.511		54.5277
199		-42.0103		57.0193
200		-122.873		8.35876
201		-166.385		-79.0586
202		-155.78		-176.901
203		-94.4459		-252.033
204		-4.7077		-279.711
205		81.1764		-253.112
206		133.693		-185.273
207		136.925		-103.056
208		93.2421		-36.2358
209		20.5412		-6.64355
210		-55.9279		-21.7047
211		-113.073		-74.2769
212		-136.827		-147.683
213		-124.261		-222.831
214		-81.3727		-284.086
215		-18.7912		-321.957
216		52.0412		-332.733
217		120.747		-316.687
218		178.13		-276.691
219		215.882		-218.14
220		227.243		-149.671
221		208.993		-83.2751
222		163.847		-32.6193
223		101.581		-9.48082
224		37.586		-19.581
225		-11.2204		-59.7982
226		-31.7141		-118.359
227		-18.9203		-178.287
228		22.4926		-222.827
229		80.1899		-240.64
230		138.657		-228.708
231		184.2		-192.039
232		208.453		-140.76
233		209.34		-86.2086
234		189.745		-37.7972
235		155.143		-1.64615
236		111.562		19.129
237		64.6826		23.4048
238		19.9086		11.3528
239		-17.3736		-15.4677
240		-42.1264		-53.5441
241		-50.7834		-97.1712
242		-42.6291		-139.209
243		-20.5167		-172.853
244		9.74271		-193.689
245		41.2678		-201.004
246		68.4529		-197.595
247		88.6261		-188.13
248		102.213		-176.905
249		111.413		-166.169
250		118.206		-155.881
251		122.886		-144.912
252		123.968		-132.882
253		119.516		-121.471
254		109.083		-114.313
255		95.0852		-115.43
256		82.6976		-126.999
257		78.1666		-147.647
258		86.2865		-172.24
259		108.236		-193.392
260		140.802		-204.03
261		177.335		-199.916
262		209.992		-181.063
263		232.283		-151.574
264		240.969		-118.12
265		236.741		-87.7766
266		223.673		-66.0009
267		207.849		-55.28
268		195.644		-54.6321
269		192.03		-59.8975
270		199.149		-64.7216
271		215.371		-62.1613
272		235.171		-46.7661
273		250.164		-16.7297
274		251.414		24.6107
275		232.575		68.7605
276		192.854		104.039
277		138.473		119.277
278		81.6252		108.072
279		36.8485		71.8626
280		15.9464		20.308
281		23.4335		-31.593
282		54.5268		-68.7479
283		96.7458		-81.5344
284		134.641		-69.3192
285		155.726		-40.3652
286		155.083		-8.13415
287		136.682		14.3842
288		110.943		19.808
289		89.7871		8.76327
290		81.4843		-11.3282
291		87.5963		-30.2561
292		103.163		-39.7952
293		119.712		-37.0413
294		129.417		-25.0014
295		128.396		-10.5411
296		117.843		-1.00793
297		102.86		-1.23505
298		90.0078		-12.1357
299		84.9034		-31.0709
300		90.858		-53.2761
301		108.67		-73.3339
302		137.01		-86.0621
303		172.688		-86.8991
304		210.577		-72.36
305		243.599		-41.0573
306		263.538		4.84052
307		263.141		58.56
308		239.096		109.205
309		194.613		144.374
310		140.016		154.435
311		90.3752		136.805
312		60.5443		98.1835
313		59.3918		53.2213
314		85.7401		19.6788
315		128.038		11.7739
316		168.263		34.4745
317		188.65		81.2616
318		178.48		136.441
319		138.098		181.097
320		78.5184		200.177
321		16.9464		187.781
322		-29.7442		148.627
323		-50.8034		95.4362
324		-44.4814		43.7234
325		-17.2847		6.35812
326		19.4805		-9.98606
327		54.0292		-5.56479
328		77.4805		14.0879
329		85.3806		40.8918
330		77.5159		66.6915
331		56.8526		84.7735
332		28.4418		90.5175
333		-1.3949		81.7165
334		-25.8392		58.9525
335		-38.7265		25.9072
336		-36.1437		-10.9227
337		-17.9481		-43.5967
338		11.687		-65.0917
339		45.3784		-71.813
340		75.1834		-65.0132
341		95.7488		-50.1783
342		106.418		-34.408
343		111.091		-22.9371
344		115.715		-16.5803
345		124.619		-11.5558
346		137.632		-1.96326
347		149.716		16.2848
348		153.54		42.2174
349		143.837		69.2015
350		121.215		87.647
351		93.2027		89.8933
352		71.5796		74.8298
353		66.9874		49.6962
354		83.3691		27.7741
355		115.102		22.7303
356		148.53		42.16
357		167.492		83.4702
358		160.406		134.252
359		125.625		177.192
360		72.4541		197.364
361		17.2945		188.554
362		-23.3412		155.692
363		-39.7101		112.326
364		-32.472		74.3746
365		-11.5212		53.1627
366		9.24075		50.9492
367		18.5814		60.8786
368		12.8904		71.1348
369		-2.7957		71.1135
370		-17.9447		56.5967
371		-22.1262		31.5536
372		-10.2787		5.90608
373		14.8134		-9.47934
374		43.8589		-8.091
375		65.4146		9.09909
376		71.1362		34.0121
377		59.5325		55.0145
378		36.6458		61.9391
379		13.5244		50.3536
380		1.71848		23.3313
381		8.75242		-9.83731
382		35.3671		-37.2816
383		75.4647		-48.9571
384		118.564		-40.1083
385		153.655		-12.5933
386		172.95		26.2237
387		174.21		66.4114
388		160.947		99.0635
389		140.599		119.239
390		121.449		127.267
391		109.452		128.04
392		106.113		128.636
393		108.191		135.188
394		109.318		150.199
395		102.925		171.369
396		85.3259		192.44
397		57.6993		205.808
398		26.0677		205.892
399		-0.842804		191.893
400		-15.101		168.715
401		-13.0384		145.535
402		2.77309		132.458
403		23.9495		136.529
404		39.079		158.711
405		37.8382		193.056
406		14.8593		228.477
407		-28.1366		252.447
408		-82.7209		255.236
409		-136.446		233.134
410		-176.794		189.58
411		-194.957		133.952
412		-188.256		78.6066
413		-160.574		35.2784
414		-120.928		11.9437
415		-80.8083		10.9491
416		-51.0996		28.7032
417		-39.3395		56.8197
418		-47.8637		84.3454
419		-73.1773		100.595
420		-106.723		98.0196
421		-137.013		74.474
422		-152.762		34.1994
423		-146.305		-12.9575
424		-116.266		-54.149
425		-68.4709		-77.3776
426		-14.548		-75.4187
427		31.5683		-48.4171
428		58.1301		-4.078
429		59.4712		44.7837
430		37.8164		84.5318
431		2.28911		105.256
432		-34.4974		103.86
433		-60.8974		84.5809
434		-70.006		56.8735
435		-61.3879		31.6908
436		-40.3432		17.715
437		-15.3261		18.9495
438		5.20877		34.3216
439		15.2665		59.018
440		12.3681		86.6263
441		-2.73105		111.078
442		-27.0496		127.797
443		-56.4193		134.053
444		-86.1984		128.942
445		-111.76		113.382
446		-129.094		90.1869
447		-135.725		63.9262
448		-131.716		40.126
449		-120.184		23.7261
450		-106.709		17.2227
451		-97.5118		19.3661
452		-96.9624		25.2617
453		-105.505		28.1523
454		-119.141		22.3024
455		-130.933		5.70737
456		-134.037		-18.7324
457		-124.886		-44.2973
458		-104.976		-63.4228
459		-80.2745		-71.1967
460		-58.4415		-67.6602
461		-45.1847		-57.7279
462		-41.5391		-48.7052
463		-43.462		-46.6105
464		-43.971		-53.1405
465		-36.7562		-64.8195
466		-19.4435		-74.7604
467		5.14687		-76.1388
468		30.3692		-65.6025
469		49.0159		-44.8858
470		56.788		-19.8394
471		54.1958		2.57162
472		45.9585		17.7183
473		38.2791		25.415
474		35.4598		29.6329
475		37.6408		36.0239
476		40.8194		48.595
477		39.1134		67.287
478		28.067		87.7177
479		7.28723		103.22
480		-18.9413		108.141
481		-43.3795		100.748
482		-59.0537		84.3195
483		-62.4245		65.8889
484		-55.0241		53.2769
485		-42.8555		51.7753
486		-33.8918		61.9692
487		-34.8353		79.5749
488		-48.534		97.241
489		-73.05		107.435
490		-102.598		105.189
491		-129.806		89.6736
492		-148.305		64.1574
493		-154.708		34.5804
494		-149.358		7.40967
495		-135.797		-12.411
496		-119.302		-22.7836
497		-105.051		-24.7476
498		-96.5149		-21.7776
499		-94.5272		-18.3869
500		-97.2525		-18.4966
501		-101.047		-24.0788
502		-101.922		-34.5109
503		-97.1297		-46.8839
504		-86.2916		-57.1906
505		-71.6078		-61.9885
506		-57.004		-59.8918
507		-46.5026		-52.2553
508		-42.4662		-42.6993
509		-44.4803		-35.6077
510		-49.4092		-34.2063
511		-52.6659		-39.0509
512		-50.188		-47.6208
513		-40.2791		-55.2347
514		-24.5128		-56.9286
515		-7.30568		-49.5148
516		5.66412		-32.9706
517		9.53973		-10.6199
518		2.06059		11.9183
519		-15.5984		28.5653
520		-39.1385		34.7179
521		-62.3967		28.6674
522		-79.1033		12.1462
523		-84.6396		-10.0587
524		-77.3942		-31.2765
525		-59.4375		-44.6584
526		-36.3191		-45.1035
527		-15.8846		-30.9884
528		-6.20105		-5.18576
529		-13.0016		25.1477
530		-37.4075		50.2775
531		-74.8623		60.845
532		-115.985		51.1917
533		-149.388		21.7709
534		-165.634		-20.5261
535		-160.795		-64.5738
536		-138.032		-99.0926
537		-106.306		-116.98
538		-76.594		-117.966
539		-57.2174		-108.287
540		-50.4263		-97.437
541		-51.906		-93.4667
542		-53.484		-99.1229
543		-47.7096		-110.766
544		-31.9732		-120.644
545		-9.99416		-121.375
546		10.1584		-110.267
547		20.5222		-91.1452
548		17.8161		-72.6002
549		5.62106		-63.4949
550		-7.12155		-68.0928
551		-10.6204		-83.4574
552		0.592224		-100.632
553		24.6101		-109.091
554		52.9437		-102.144
555		74.8125		-80.4059
556		82.68		-51.4033
557		76.0392		-25.4994
558		61.3612		-10.3231
559		48.213		-6.77467
560		43.6794		-8.8453
561		48.2214		-7.3947
562		55.3573		4.20312
563		55.4448		25.7493
564		41.5073		49.7843
565		13.8112		65.4397
566		-19.5182		64.5504
567		-46.4068		46.6227
568		-57.2783		19.7471
569		-50.5161		-3.29347
570		-33.7978		-11.7938
571		-20.3314		-3.14205
572		-21.8103		15.3104
573		-41.8175		29.7659
574		-73.3167		27.2178
575		-101.783		2.63194
576		-112.518		-37.8103
577		-98.3743		-79.2995
578		-63.7988		-105.621
579		-22.9483		-107.321
580		7.24052		-86.5421
581		15.48		-55.9667
582		1.68472		-32.3729
583		-23.2253		-28.1541
584		-43.1234		-45.1986
585		-45.0089		-74.2558
586		-25.5163		-100.007
587		7.70592		-109.077
588		40.3057		-96.7605
589		58.7884		-69.0232
590		57.2823		-38.9524
591		40.0369		-19.7487
592		18.5891		-18.0888
593		5.38863		-31.2913
594		7.45302		-49.5142
595		23.3887		-61.4613
596		45.0916		-60.2856
597		62.8151		-46.5018
598		70.5353		-26.5818
599		68.5989		-8.4054
600		62.3751		3.56477
601		58.0167		10.5347
602		58.0622		17.8682
603		59.5885		30.9096
604		56.0104		50.8014
605		41.4032		72.9139
606		14.7042		88.9196
607		-18.7889		91.3418
608		-49.6157		77.934
609		-68.8708		53.3012
610		-72.7746		26.7671
611		-64.5036		7.65233
612		-52.2571		0.623688
613		-44.6953		3.70727
614		-46.3731		10.0132
615		-55.7538		12.0663
616		-66.8385		6.15271
617		-73.3179		-5.86328
618		-72.6751		-18.2596
619		-67.7215		-25.5938
620		-64.6014		-26.6614
621		-68.4509		-25.7533
622		-79.378		-30.2773
623		-91.3489		-46.0054
624		-94.9355		-72.7331
625		-82.6001		-103.065
626		-53.5992		-125.369
627		-15.6014		-129.581
628		18.1947		-112.812
629		35.2076		-81.6559
630		29.7883		-49.7165
631		6.38647		-31.4224
632		-22.1824		-35.174
633		-40.5956		-59.2886
634		-38.099		-92.7742
635		-13.3083		-120.493
636		25.5364		-130.069
637		64.7621		-117.134
638		91.6045		-86.4977
639		99.4826		-49.0466
640		89.8079		-16.2962
641		69.8985		4.49321
642		48.585		12.3579
643		32.064		11.3071
644		22.049		6.94888
645		16.6975		3.27368
646		13.1679		1.33972
647		9.89319		0.189545
648		7.14999		-1.10936
649		5.82592		-2.00826
650		5.57718		-0.72908
651		3.97777		3.95532
652		-2.43655		10.7751
653		-15.6946		15.4708
654		-34.0761		12.5153
655		-51.6999		-1.64913
656		-60.7381		-25.7133
657		-55.3895		-52.8733
658		-35.5163		-73.2736
659		-7.76788		-78.5843
660		16.7728		-66.4182
661		27.5166		-42.17
662		19.4728		-17.0802
663		-4.10065		-3.29222
664		-32.9509		-8.2994
665		-54.4296		-31.5502
666		-59.1481		-64.8862
667		-44.8875		-96.5019
668		-16.9262		-116.327
669		15.1294		-120.096
670		42.1449		-110.217
671		59.3111		-93.3429
672		67.1966		-76.3
673		69.8325		-62.7509
674		71.3118		-52.3193
675		73.0904		-42.3327
676		73.5543		-30.7813
677		69.921		-18.4523
678		61.0683		-8.82744
679		49.3228		-5.8047
680		39.9099		-10.7137
681		38.239		-20.5936
682		46.5875		-28.9858
683		62.2061		-28.9886
684		78.1047		-16.9305
685		86.2493		5.4259
686		81.4811		31.4603
687		64.0241		52.8067
688		39.2113		63.3194
689		14.6308		61.7457
690		-3.67634		51.7108
691		-13.845		39.1708
692		-18.2641		28.9116
693		-21.2448		22.1571
694		-25.8256		16.6125
695		-31.7123		8.76807
696		-35.6107		-3.08296
697		-33.7073		-17.0785
698		-24.7063		-28.4648
699		-11.4478		-32.3889
700		0.0456886		-27.1368
701		3.698		-15.7897
702		-3.08125		-5.13884
703		-17.5521		-2.30187
704		-32.7006		-10.88
705		-40.7464		-28.8562
706		-37.2092		-49.5082
707		-23.2528		-64.9161
708		-4.95135		-70.1432
709		10.1448		-65.7496
710		17.2233		-57.2064
711		16.8144		-51.5352
712		14.2925		-53.0833
713		16.5419		-60.8585
714		27.6836		-68.9774
715		46.3163		-70.0169
716		65.8879		-59.3905
717		78.0519		-38.275
718		77.1637		-13.3977
719		63.4257		6.23785
720		42.9329		13.9074
721		24.6007		8.51321
722		15.6836		-5.07236
723		18.3308		-18.7692
724		28.9929		-25.5493
725		40.8485		-22.8126
726		47.7342		-13.0918
727		47.2873		-1.88889
728		41.5767		5.91151
729		35.0383		8.84644
730		31.1389		9.25317
731		29.9147		11.0999
732		27.9488		16.7184
733		20.8305		24.5727
734		6.57378		29.585
735		-12.181		25.9855
736		-28.7147		11.0708
737		-35.4475		-12.3986
738		-28.1282		-36.757
739		-8.60738		-52.8808
740		15.5095		-54.7754
741		34.3367		-42.8023
742		40.5543		-23.7027
743		33.0511		-7.29745
744		17.3818		-1.56018
745		2.77323		-8.6786
746		-2.72055		-24.1964
747		3.68783		-39.652
748		18.3453		-47.2435
749		33.4659		-43.9667
750		41.5801		-33.0123
751		39.6589		-21.7452
752		30.6802		-17.4613
753		21.8629		-23.2942
754		20.6234		-36.4914
755		30.5172		-49.921
756		49.3536		-55.8891
757		70.4101		-50.1304
758		85.9595		-33.8413
759		91.1193		-12.7817
760		85.9653		5.89262
761		74.9296		17.2283
762		64.0284		20.5619
763		57.6064		19.1283
764		56.4034		17.658
765		57.8591		19.5036
766		58.2322		24.9586
767		55.1164		31.5959
768		48.8367		36.2189
769		41.9904		37.0967
770		37.5643		35.0955
771		36.8888		33.0729
772		38.7138		34.0036
773		39.9396		39.0518
774		37.4963		46.7919
775		30.1824		54.0202
776		19.3392		57.6164
777		7.99323		56.2827
778		-0.949913		51.1125
779		-6.3129		44.6929
780		-9.07181		39.3722
781		-11.3923		35.8163
782		-14.9467		32.7696
783		-19.6371		28.1463
784		-23.5732		20.714
785		-24.343		11.2439
786		-20.7693		2.32207
787		-13.9961		-3.12859
788		-7.13809		-3.73486
789		-3.60379		-0.774185
790		-5.04908		2.26801
791		-10.199		1.52441
792		-15.2985		-5.05708
793		-16.0104		-16.4225
794		-9.70747		-28.8013
795		3.13898		-37.5769
796		19.2484		-39.5783
797		34.2942		-34.4934
798		45.0777		-24.6496
799		50.8422		-13.3872
800		53.0193		-3.09116
801		53.6824		5.89101
802		53.7948		14.8073
803		52.4436		24.9028
804		47.6053		35.7944
805		37.9683		45.0096
806		24.5797		49.1434
807		11.1132		46.0304
808		2.34903		36.5793
809		1.60861		24.9921
810		8.62852		16.9955
811		19.2516		16.9198
812		27.3211		25.26
813		27.8604		38.2063
814		19.7814		49.5663
815		6.51697		54.1153
816		-5.89938		50.5033
817		-12.3048		42.0047
818		-11.4648		34.5785
819		-6.89554		33.2646
820		-4.85807		38.9723
821		-10.5721		47.5939
822		-24.799		52.0983
823		-42.8402		46.5498
824		-56.6934		29.8047
825		-59.3068		6.71405
826		-48.6074		-14.0086
827		-28.995		-24.2257
828		-9.3418		-20.7282
829		1.52696		-7.07323
830		-0.553574		8.18985
831		-12.917		16.0033
832		-27.5611		11.5717
833		-35.5005		-3.19794
834		-31.5816		-20.917
835		-17.0931		-32.8865
836		1.23785		-33.8576
837		15.2342		-24.7038
838		19.9218		-11.5357
839		16.1628		-1.83931
840		9.77552		0.0686646
841		7.69519		-4.41876
842		13.4697		-9.17493
843		24.8014		-7.2846
844		34.6711		4.3746
845		35.4882		22.6685
846		23.8916		39.4481
847		3.35798		45.9465
848		-17.0497		37.9013
849		-27.2758		18.4553
850		-21.7442		-2.94572
851		-2.6534		-15.2165
852		20.8234		-11.3901
853		37.1059		7.67577
854		38.1104		33.7017
855		23.2917		55.3059
856		-0.354523		63.889
857		-22.2822		57.8724
858		-34.1222		43.0235
859		-33.9678		28.789
860		-26.8908		22.785
861		-21.5196		26.5754
862		-24.7266		35.0845
863		-37.5031		39.8826
864		-54.3712		34.3739
865		-66.6153		17.853
866		-67.4178		-3.91177
867		-55.9028		-21.8848
868		-37.7446		-28.8869
869		-21.9983		-23.6618
870		-15.9917		-11.5422
871		-21.2297		-1.34131
872		-32.6663		-0.279541
873		-41.7412		-9.88081
874		-41.4035		-25.198
875		-30.2034		-37.79
876		-13.0885		-40.6995
877		1.54062		-32.5239
878		6.77851		-18.2132
879		1.27432		-6.13327
880		-9.97865		-3.1179
881		-18.5914		-10.4039
882		-17.7576		-22.843
883		-6.34921		-31.876
884		10.2772		-30.564
885		23.2816		-17.7492
886		25.4413		1.09624
887		15.4076		16.8842
888		-1.37244		22.0879
889		-15.6571		15.1189
890		-19.6625		1.358
891		-11.5781		-9.80392
892		3.25752		-10.2778
893		15.2321		2.05872
894		15.8028		22.0031
895		2.30713		39.7696
896		-20.4689		46.3169
897		-42.8461		38.2769
898		-55.4982		19.7421
899		-54.4501		-0.0614166
900		-43.0638		-11.8733
901		-29.9592		-11.4014
902		-24.114		-1.45837
903		-29.9284		9.8723
904		-44.994		13.9009
905		-61.7081		6.13647
906		-71.6853		-11.4544
907		-70.3703		-31.8883
908		-59.247		-47.3185
909		-44.5063		-53.4104
910		-33.1177		-51.4115
911		-28.7208		-46.8358
912		-29.7637		-45.6916
913		-30.912		-50.6153
914		-26.7674		-59.2575
915		-15.5661		-65.8669
916		-0.569122		-65.0695
917		11.733		-55.5051
918		15.5358		-41.0672
919		9.39697		-28.9272
920		-2.57849		-25.4589
921		-12.8249		-32.4689
922		-14.5121		-45.988
923		-5.40887		-58.3917
924		10.8586		-62.651
925		26.9166		-56.2423
926		35.8925		-42.4221
927		35.3057		-28.1204
928		28.2938		-19.7031
929		21.4401		-19.1387
930		20.498		-22.8871
931		26.5893		-24.2281
932		35.2284		-17.6822
933		38.8788		-2.87432
934		31.6366		14.5692
935		13.2971		25.8084
936		-9.69069		23.8127
937		-27.161		7.77335
938		-30.5852		-15.7136
939		-17.9152		-35.5674
940		4.84656		-41.8062
941		26.3527		-30.8063
942		35.5401		-7.35361
943		27.1914		17.6747
944		4.45258		32.77
945		-22.9984		31.4582
946		-44.0557		15.1613
947		-51.7306		-8.16176
948		-46.1502		-28.6639
949		-33.5388		-39.8426
950		-22.0037		-41.4446
951		-16.709		-38.575
952		-17.2495		-37.779
953		-18.6418		-42.5887
954		-15.1589		-51.257
955		-4.55581		-58.0175
956		9.97969		-57.0527
957		21.4189		-46.6963
958		23.1452		-31.2172
959		13.3319		-18.9482
960		-3.24486		-17.7045
961		-17.2076		-30.0939
962		-19.4292		-51.4931
963		-6.06137		-71.9934
964		19.1126		-81.3713
965		46.3996		-74.3848
966		65.1058		-53.4642
967		68.9445		-27.3112
968		58.9785		-6.2014
969		42.5202		3.36351
970		28.7131		1.68483
971		23.3691		-5.04021
972		26.0113		-8.90765
973		30.7514		-5.25912
974		30.3843		4.5253
975		21.2091		14.0128
976		5.67479		15.8761
977		-8.77039		6.73314
978		-14.0147		-10.2449
979		-6.29303		-26.5997
980		11.0843		-33.1241
981		28.9831		-25.1364
982		37.1089		-5.47617
983		29.5543		16.5637
984		8.14465		29.8853
985		-18.3003		27.3145
986		-38.4251		9.29532
987		-44.0941		-16.4357
988		-34.3456		-38.9652
989		-15.4736		-49.8103
990		2.65274		-46.9702
991		11.8881		-35.3338
992		9.78098		-23.4384
993		0.1539		-18.5835
994		-9.77174		-23.1099
995		-13.8234		-33.828
996		-10.2297		-44.6684
997		-2.00464		-50.746
998		5.66144		-51.2964
999		9.21348		-49.7287
1000		9.2885		-50.8705
1001		10.3719		-57.2186
1002		17.7332		-66.6335
1003		33.5349		-73.0538
1004		54.5864		-69.9469
1005		73.295		-54.5102
1006		81.4749		-30.071
1007		74.9343		-5.09674
1008		56.1935		10.8351
1009		33.663		11.9709
1010		17.5887		-0.519974
1011		14.9118		-19.0522
1012		25.8412		-33.512
1013		43.9998		-36.4175
1014		60.024		-26.5352
1015		66.5737		-9.02919
1016		61.9684		7.8273
1017		50.4919		17.4176
1018		39.3419		18.2943
1019		34.1035		14.4874
1020		35.4231		12.5567
1021		38.8093		17.2144
1022		37.614		28.1595
1023		27.3855		40.0148
1024		8.97822		45.4214
1025		-11.4685		39.4825
1026		-25.7395		22.9379
1027		-28.1299		2.16286
1028		-18.776		-14.0841
1029		-3.78877		-19.3735
1030		7.93753		-13.1286
1031		9.48904		-0.978424
1032		-0.367462		8.26324
1033		-16.5723		7.30847
1034		-30.5274		-5.79694
1035		-34.6325		-26.8072
1036		-26.0872		-47.7002
1037		-7.94598		-60.9146
1038		12.9627		-62.993
1039		29.8779		-55.6917
1040		39.4265		-44.1687
1041		42.5923		-33.5602
1042		43.0056		-26.107
1043		43.8444		-20.5269
1044		45.4259		-13.86
1045		45.058		-4.44669
1046		39.2419		6.00897
1047		26.7968		12.7704
1048		10.8117		10.7624
1049		-2.01587		-1.93073
1050		-4.54068		-21.9462
1051		6.84868		-41.3794
1052		29.7302		-51.2376
1053		56.1924		-45.8438
1054		76.3148		-25.7903
1055		82.7997		2.23535
1056		74.279		28.7188
1057		55.5258		45.9209
1058		34.5217		51.3238
1059		18.0723		48.0897
1060		8.45044		42.4105
1061		2.91119		39.3912
1062		-3.76605		39.9039
1063		-15.3097		40.2567
1064		-30.9904		34.8349
1065		-45.4885		20.1211
1066		-51.7602		-2.35129
1067		-45.2865		-25.9628
1068		-27.2238		-42.0753
1069		-4.53964		-44.5811
1070		13.108		-33.3997
1071		18.1544		-14.9148
1072		9.00485		0.995148
1073		-9.09705		5.80869
1074		-26.6973		-3.45627
1075		-34.856		-22.9195
1076		-29.477		-43.9983
1077		-13.0267		-57.8215
1078		7.11447		-59.5244
1079		22.6197		-50.2368
1080		28.2957		-35.9154
1081		24.1742		-23.9013
1082		14.7347		-19.2089
1083		5.99518		-22.5124
1084		2.2822		-30.6787
1085		4.46964		-39.2028
1086		10.4456		-44.9128
1087		17.2045		-47.3452
1088		23.0665		-48.1621
1089		28.6094		-49.225
1090		35.8313		-50.7421
1091		46.223		-50.7378
1092		59.1118		-46.1885
1093		71.4138		-35.0574
1094		79		-17.8895
1095		78.8333		2.07825
1096		70.5415		20.3851
1097		56.4645		33.4752
1098		40.1892		40.1655
1099		24.5651		41.5755
1100		10.4999		39.6599
1101		-2.68265		35.4191
1102		-15.619		28.0917
1103		-27.2172		16.0005
1104		-34.2454		-1.42462
1105		-32.7814		-21.8197
1106		-20.8632		-39.706
1107		-0.742558		-48.4952
1108		20.8721		-43.8694
1109		35.1697		-26.6923
1110		35.2713		-3.62492
1111		19.8894		15.2752
1112		-5.46378		21.0212
1113		-30.6211		10.0268
1114		-45.3741		-14.0138
1115		-44.268		-41.8094
1116		-29.0866		-62.9659
1117		-7.69824		-70.9947
1118		10.1372		-66.2327
1119		17.7715		-55.1703
1120		14.8235		-46.6196
1121		6.86182		-46.8654
1122		1.9101		-56.4445
1123		5.8092		-70.2527
1124		19.0492		-80.7842
1125		36.7936		-82.5609
1126		51.9617		-75.1877
1127		59.4976		-63.3157
1128		59.2992		-53.6146
1129		56.1063		-50.5895
1130		56.4391		-53.7454
1131		64.4096		-57.7881
1132		78.9019		-55.7765
1133		93.8186		-43.4001
1134		101.316		-21.8815
1135		96.2093		2.21885
1136		79.0288		20.2435
1137		55.9852		25.9218
1138		35.8456		18.5869
1139		25.4932		3.34854
1140		26.6492		-11.7982
1141		35.5289		-20.2206
1142		45.4745		-19.8194
1143		50.8957		-13.3989
1144		50.158		-6.2113
1145		45.7694		-2.3335
1146		41.9157		-2.18103
1147		41.0426		-2.70941
1148		41.7747		-0.136414
1149		39.6432		6.62256
1150		30.3041		14.151
1151		13.2783		15.7917
1152		-6.26976		5.52676
1153		-19.1896		-17.6974
1154		-16.9135		-47.8937
1155		3.43707		-73.8192
1156		36.3586		-84.0981
1157		69.5266		-73.1641
1158		89.1987		-44.8028
1159		86.8766		-11.1641
1160		63.7853		12.5568
1161		30.7291		15.234
1162		3.2287		-4.85666
1163		-5.67848		-39.2151
1164		8.62331		-73.2185
1165		40.5924		-93.0187
1166		77.7085		-91.7212
1167		106.744		-71.8075
1168		119.784		-42.8452
1169		116.977		-16.0233
1170		104.914		1.38135
1171		91.9429		8.69043
1172		83.2825		10.5208
1173		78.7117		12.6479
1174		73.9225		17.7264
1175		64.4435		23.4695
1176		49.5561		24.3108
1177		33.7133		15.4367
1178		24.5149		-3.34045
1179		28.3809		-26.3128
1180		46.4607		-44.1188
1181		73.2183		-48.3423
1182		98.6257		-35.9243
1183		112.835		-10.9158
1184		110.81		17.4028
1185		94.4359		38.9884
1186		71.0887		47.638
1187		49.6006		43.2896
1188		35.9752		30.978
1189		31.1853		17.3189
1190		32.0587		6.74249
1191		34.3903		-0.313416
1192		36.1559		-6.36044
1193		38.7425		-13.8711
1194		45.4475		-22.4606
1195		58.2716		-28.2332
1196		75.1864		-25.9086
1197		89.8637		-12.5496
1198		94.4054		9.42657
1199		83.7507		32.0265
1200		59.2738		44.7939
1201		29.3387		39.8565
1202		6.15988		16.2622
1203		0.358307		-18.8194
1204		15.9445		-52.868
1205		48.3296		-73.4721
1206		86.412		-73.7639
1207		117.653		-55.1153
1208		133.533		-25.8591
1209		132.669		3.10019
1210		120.238		23.363
1211		104.379		32.1786
1212		91.7669		32.2748
1213		84.8271		28.9131
1214		81.8894		26.1935
1215		79.7759		24.8691
1216		76.9153		22.8347
1217		74.886		17.7269
1218		77.3839		9.75487
1219		87.293		2.75867
1220		103.795		2.62134
1221		121.505		13.8406
1222		132.442		36.2969
1223		129.938		64.2604
1224		112.342		88.4606
1225		84.3857		100.282
1226		55.3181		95.8822
1227		34.7138		78.0189
1228		28.1578		54.5952
1229		35.0654		34.7582
1230		49.6833		24.6911
1231		64.5307		25.3332
1232		74.2243		33.0853
1233		77.5338		42.8012
1234		76.6723		51.0901
1235		74.5401		57.8749
1236		71.8826		65.3218
1237		66.3445		74.9637
1238		54.1825		85.0429
1239		33.6611		90.065
1240		7.94775		83.2497
1241		-14.5989		60.7487
1242		-23.4588		25.2279
1243		-11.0717		-13.5067
1244		22.5634		-41.7108
1245		68.42		-47.5236
1246		111.252		-26.6603
1247		135.654		14.9165
1248		132.606		62.8542
1249		103.435		100.078
1250		59.2957		113.694
1251		16.5059		99.9702
1252		-10.041		65.2695
1253		-12.3536		22.8052
1254		8.53174		-12.9703
1255		44.2466		-31.6427
1256		83.2614		-29.6085
1257		115.27		-9.6958
1258		133.895		21.4134
1259		137.076		56.1752
1260		125.876		88.103
1261		103.061		112.207
1262		72.4866		124.644
1263		39.3372		122.679
1264		10.3425		105.575
1265		-7.04625		76.0327
1266		-6.87517		40.9939
1267		12.4705		10.6458
1268		46.3649		-4.63065
1269		84.418		1.66092
1270		113.696		28.9364
1271		123.567		69.0019
1272		110.024		108.793
1273		77.3941		135.351
1274		36.5383		140.825
1275		0.34021		125.184
1276		-21.3587		95.4865
1277		-25.0322		62.2543
1278		-13.6092		34.8932
1279		6.18787		18.4483
1280		27.5772		13.0538
1281		46.4189		15.8705
1282		61.606		23.9479
1283		73.3643		36.0927
1284		80.9619		52.6171
1285		81.6357		73.3069
1286		71.7171		95.1744
1287		49.4512		111.816
1288		17.7855		115.301
1289		-14.8382		99.9552
1290		-36.6948		66.1368
1291		-37.3504		21.7873
1292		-12.5506		-19.4595
1293		33.0258		-43.1304
1294		86.6996		-39.6717
1295		132.219		-8.50009
1296		155.821		41.5349
1297		151.284		95.4906
1298		121.854		137.955
1299		78.4294		158.494
1300		35.0388		154.733
1301		3.7428		132.108
1302		-8.98694		100.883
1303		-3.29256		72.0507
1304		15.4603		53.8845
1305		39.3637		50.2133
1306		60.6187		60.4849
1307		73.3059		80.9458
1308		74.1398		106.095
1309		62.5792		129.914
1310		40.6811		146.86
1311		12.7904		152.83
1312		-15.1611		146.166
1313		-36.9683		128.387
1314		-47.9434		104.134
1315		-46.5763		79.968
1316		-35.2407		62.2282
1317		-19.4168		54.7485
1318		-5.5903		57.4869
1319		1.28235		66.7807
1320		-0.453064		77.1511
1321		-8.98398		83.757
1322		-20.4733		84.2456
1323		-31.2328		79.09
1324		-39.3682		70.3867
1325		-44.9907		59.9805
1326		-48.9965		48.1735
1327		-51.3273		33.8865
1328		-49.9963		16.1913
1329		-41.7175		-3.80066
1330		-23.9679		-22.062
1331		2.67688		-32.6486
1332		33.4492		-30.3328
1333		60.4832		-13.569
1334		75.8593		13.8999
1335		75.1854		43.8961
1336		59.8589		66.9475
1337		36.728		76.276
1338		15.1873		70.6513
1339		3.11053		54.6611
1340		3.64249		36.2793
1341		14.4197		23.0238
1342		29.4822		18.7037
1343		42.7091		22.3714
1344		50.8621		29.8341
1345		54.6373		36.6768
1346		57.3402		40.9746
1347		62.1514		44.1669
1348		69.7191		49.7167
1349		77.5241		60.5026
1350		81.3377		76.6087
1351		77.8228		94.8824
1352		66.6454		110.514
1353		50.7998		119.655
1354		34.9568		121.471
1355		22.864		118.374
1356		15.3963		114.341
1357		10.4365		112.376
1358		4.61511		112.726
1359		-4.23181		112.947
1360		-15.4816		109.765
1361		-26.0608		101.486
1362		-32.4958		89.3528
1363		-33.3306		76.8771
1364		-30.2509		67.5116
1365		-27.0205		62.16
1366		-26.7561		58.281
1367		-29.2599		51.4338
1368		-30.3065		38.555
1369		-23.7325		20.9873
1370		-5.44055		5.15012
1371		22.9529		-0.0690918
1372		53.2382		11.8295
1373		73.569		40.4312
1374		74.1653		76.9847
1375		52.8891		107.408
1376		17.522		118.66
1377		-16.9259		105.377
1378		-34.9511		73.2012
1379		-28.0963		36.7249
1380		0.641174		12.7301
1381		38.0435		12.0105
1382		67.1777		33.9982
1383		75.9507		67.1356
1384		63.2682		94.9796
1385		39.4646		104.95
1386		20.6369		95.1309
1387		19.7769		75.4359
1388		39.3806		62.3801
1389		69.5408		70.1154
1390		92.6803		102.432
1391		92.5551		150.021
1392		62.8543		194.561
1393		10.8683		217.584
1394		-45.7393		209.57
1395		-87.4069		174.551
1396		-102.009		127.888
1397		-90.2566		88.4565
1398		-64.4795		69.3718
1399		-41.6299		72.0592
1400		-34.3136		86.598
1401		-44.5859		97.9109
1402		-63.6284		94.3101
1403		-77.2201		73.8143
1404		-73.8631		45.0011
1405		-51.1643		22.1815
1406		-17.1841		17.6893
1407		13.7115		35.4586
1408		28.0516		69.1577
1409		19.6079		105.555
1410		-8.28726		130.996
1411		-45.2595		137.403
1412		-79.4192		124.796
1413		-102.647		99.5011
1414		-112.884		69.6441
1415		-112.694		40.8915
1416		-105.591		14.8583
1417		-92.857		-9.25555
1418		-72.9853		-31.3707
1419		-44.0261		-48.1618
1420		-7.1055		-53.5542
1421		31.5228		-42.0866
1422		61.7257		-13.1549
1423		73.8524		26.6734
1424		63.9562		65.1725
1425		36.8073		89.5232
1426		4.6116		92.4773
1427		-18.347		76.2709
1428		-22.5851		51.9222
1429		-8.21884		33.9546
1430		14.9861		33.0875
1431		32.5494		50.664
1432		32.7803		77.7898
1433		13.0029		99.7531
1434		-18.7374		103.53
1435		-47.4096		84.5547
1436		-58.2944		49.324
1437		-44.1535		12.5393
1438		-8.72809		-9.68876
1439		35.0349		-7.13972
1440		70.9279		20.2523
1441		86.501		63.0063
1442		77.7578		106.873
1443		49.5771		139.1
1444		12.2285		153.048
1445		-23.752		149.248
1446		-51.5585		133.055
1447		-69.2366		110.789
1448		-78.0345		86.7639
1449		-79.6277		62.6564
1450		-74.265		39.0344
1451		-60.9888		17.5012
1452		-39.5559		1.64916
1453		-12.4855		-4.05988
1454		14.465		3.11328
1455		34.0845		21.8145
1456		40.9654		46.1465
1457		34.3836		67.7545
1458		19.0262		79.523
1459		2.94806		78.9159
1460		-6.27551		69.0809
1461		-5.15155		57.0426
1462		4.32629		49.9423
1463		16.2171		51.389
1464		24.1961		59.9223
1465		25.0923		70.3733
1466		20.3947		77.2455
1467		14.9187		78.0839
1468		13.5066		74.8286
1469		17.7923		72.3579
1470		25.0452		75.109
1471		29.8831		83.8539
1472		27.9271		94.6996
1473		19.2267		101.134
1474		9.26767		98.1593
1475		6.63113		86.2202
1476		18.2375		72.5434
1477		44.5758		68.7374
1478		77.5584		85.4503
1479		102.483		126.517
1480		103.614		185.485
1481		71.0602		246.426
1482		5.93686		289.035
1483		-78.5763		296.033
1484		-160.855		259.915
1485		-217.793		186.344
1486		-232.447		92.9339
1487		-199.619		3.98535
1488		-127.567		-56.8382
1489		-35.5597		-73.4166
1490		51.6661		-41.609
1491		110.703		29.8124
1492		125.633		121.674
1493		92.091		209.478
1494		18.3585		269.737
1495		-76.6935		286.069
1496		-168.427		253.625
1497		-232.99		180.616
1498		-253.961		86.2825
1499		-227.168		-4.46716
1500		-161.978		-68.3932
1501		-78.3177		-90.9795
1502		-0.15332		-70.7377
1503		52.4054		-19.0675
1504		69.4812		44.4135
1505		53.8312		99.3182
1506		18.3775		131.753
1507		-19.9735		138.456
1508		-47.4592		126.252
1509		-58.4018		107.366
1510		-55.9387		93.0121
1511		-48.566		88.3903
1512		-44.5513		91.3684
1513		-47.216		95.2109
1514		-53.5199		93.6072
1515		-56.5465		85.1169
1516		-50.3788		74.522
1517		-34.5523		70.2876
1518		-15.4681		79.4774
1519		-3.76888		102.921
1520		-8.85068		133.41
1521		-33.3185		158.197
1522		-70.3766		164.859
1523		-105.802		147.742
1524		-123.902		111.783
1525		-114.855		71.5953
1526		-80.0264		45.9169
1527		-32.6846		49.6887
1528		6.42514		87.1836
1529		16.9435		149.184
1530		-13.0046		215.469
1531		-81.7163		261.656
1532		-173.756		267.724
1533		-264.67		225.009
1534		-328.691		139.279
1535		-346.642		29.0757
1536		-311.506		-79.7791
1537		-230.158		-161.489
1538		-121.197		-197.131
1539		-9.86243		-179.27
1540		78.3477		-113.452
1541		123.778		-16.5702
1542		117.14		87.2899
1543		61.6215		172.521
1544		-27.8015		218.004
1545		-127.769		212.212
1546		-212.038		156.2
1547		-257.924		63.6519
1548		-252.108		-42.2935
1549		-194.235		-134.799
1550		-97.1457		-190.256
1551		16.4763		-194.452
1552		120.159		-146.176
1553		190.671		-57.1923
1554		213.936		51.3716
1555		188.138		155.042
1556		123.269		232.535
1557		37.4957		270.87
1558		-48.3061		267.73
1559		-116.069		230.678
1560		-154.538		173.902
1561		-160.868		113.762
1562		-139.798		64.6122
1563		-101.134		35.9944
1564		-56.6401		31.6308
1565		-17.3517		49.9837
1566		8.12396		85.6824
1567		14.2964		131.061
1568		-1.11034		177.338
1569		-37.1377		215.426
1570		-89.3856		236.751
1571		-149.813		234.52
1572		-207.13		205.565
1573		-248.411		152.315
1574		-262.142		83.9431
1575		-242.104		15.5996
1576		-190.775		-34.8225
1577		-120.554		-51.9594
1578		-51.6034		-28.7034
1579		-6.30214		29.87
1580		-1.81107		106.379
1581		-43.3885		175.58
1582		-121.246		212.321
1583		-212.622		200.276
1584		-288.749		138.146
1585		-324.354		40.7352
1586		-306.115		-65.6965
1587		-236.869		-152.082
1588		-134.056		-195.844
1589		-23.3024		-187.308
1590		70.0158		-131.101
1591		127.826		-42.6559
1592		142.609		58.013
1593		116.488		152.248
1594		57.735		226.141
1595		-22.8011		270.89
1596		-113.488		281.45
1597		-201.704		255.587
1598		-273.098		194.776
1599		-312.409		106.644
1600		-307.031		7.01001
1601		-252.585		-80.9692
1602		-157.84		-131.921
1603		-45.7592		-126.673
1604		51.3074		-60.7355
1605		101.558		51.2811
1606		85.2947		178.22
1607		3.21466		281.89
1608		-122.53		330.225
1609		-255.523		308.822
1610		-357.886		225.968
1611		-403.53		109.04
1612		-386.442		-6.11853
1613		-320.945		-88.2259
1614		-234.428		-120.598
1615		-156.282		-104.523
1616		-107.986		-55.5835
1617		-98.0764		4.32916
1618		-122.947		55.1388
1619		-171.53		83.4747
1620		-230.537		83.3414
1621		-287.579		54.0676
1622		-331.55		-1.81223
1623		-351.818		-78.8126
1624		-338.574		-166.964
1625		-285.678		-250.489
1626		-195.204		-309.195
1627		-80.9346		-323.732
1628		32.2737		-283.351
1629		114.676		-192.644
1630		141.831		-73.3251
1631		104.711		41.0201
1632		14.9144		116.006
1633		-98.0161		129.034
1634		-196.664		77.9506
1635		-249.171		-18.1507
1636		-240.362		-126.42
1637		-175.904		-212.685
1638		-78.1896		-253.361
1639		23.6327		-241.915
1640		104.568		-187.859
1641		150.879		-109.895
1642		161.063		-27.3267
1643		141.74		46.0102
1644		101.848		103.089
1645		48.7759		141.15
1646		-11.8158		158.217
1647		-73.4891		151.728
1648		-126.685		120.495
1649		-159.311		68.5529
1650		-161.011		7.79633
1651		-129.181		-43.4257
1652		-73.1324		-66.3082
1653		-13.2114		-49.8711
1654		25.8416		2.62427
1655		24.8604		72.8724
1656		-20.9904		133.529
1657		-99.0204		158.812
1658		-183.233		135.049
1659		-244.281		66.3705
1660		-260.736		-26.9698
1661		-226.744		-116.696
1662		-153.024		-177.166
1663		-61.4267		-193.87
1664		23.8168		-166.527
1665		84.0026		-106.451
1666		109.952		-30.5371
1667		101.534		44.7098
1668		64.4714		106.567
1669		7.11566		146.479
1670		-61.0081		158.94
1671		-128.916		140.972
1672		-183.762		93.3102
1673		-212.155		22.5873
1674		-203.77		-57.4959
1675		-155.925		-127.938
1676		-76.5445		-169.476
1677		16.7094		-169.109
1678		101.543		-125.059
1679		158.382		-47.5055
1680		176.602		45.4663
1681		156.692		134.775
1682		107.566		206.615
1683		40.8818		255.043
1684		-34.1614		280.036
1685		-112.554		282.909
1686		-191.027		262.55
1687		-263.521		215.431
1688		-318.265		139.813
1689		-339.476		41.6729
1690		-313.917		-61.8489
1691		-239.358		-144.803
1692		-130.084		-180.909
1693		-15.4764		-154.819
1694		69.0322		-70.665
1695		95.2589		46.9375
1696		53.8158		160.804
1697		-41.7065		234.981
1698		-160.177		248.266
1699		-265.557		201.252
1700		-330.774		113.844
1701		-346.428		14.9313
1702		-320.691		-70.3227
1703		-271.458		-129.236
1704		-215.653		-162.581
1705		-161.734		-178.406
1706		-109.163		-183.223
1707		-54.2988		-176.303
1708		1.66064		-150.647
1709		48.3245		-99.9863
1710		68.7982		-27.2734
1711		48.6		51.1185
1712		-14.029		109.098
1713		-102.624		121.62
1714		-185.857		77.4292
1715		-229.214		-12.96
1716		-209.868		-118.758
1717		-127.622		-199.97
1718		-6.42801		-223.256
1719		114.447		-175.346
1720		195.556		-67.9564
1721		211.791		67.6215
1722		160.045		193.161
1723		57.516		277.182
1724		-67.1841		303.739
1725		-184.934		273.609
1726		-273.826		199.347
1727		-321.34		98.4597
1728		-322.287		-11.1263
1729		-276.164		-111.765
1730		-187.139		-184.741
1731		-67.1232		-210.503
1732		60.8674		-173.131
1733		163.329		-68.5291
1734		203.682		87.7431
1735		155.4		258.498
1736		15.6641		392.501
1737		-187.492		440.74
1738		-399.715		375.579
1739		-556.722		204.405
1740		-606.917		-29.1848
1741		-531.079		-258.492
1742		-350.543		-416.591
1743		-120.063		-459.832
1744		91.8291		-382.41
1745		226.819		-216.386
1746		255.442		-17.9252
1747		183.535		153.746
1748		45.4047		255.704
1749		-111.738		271.85
1750		-244.569		212.202
1751		-325.016		103.707
1752		-343.355		-21.6541
1753		-304.52		-135.988
1754		-221.854		-219.328
1755		-112.288		-259.217
1756		5.40771		-249.142
1757		110.629		-188.592
1758		181.911		-85.1578
1759		200.823		43.3375
1760		158.255		169.714
1761		60.1577		263.055
1762		-70.9743		298.043
1763		-200.986		264.361
1764		-294.329		171.712
1765		-325.825		47.6661
1766		-288.99		-71.204
1767		-197.47		-151.272
1768		-79.364		-171.962
1769		32.6476		-130.244
1770		110.887		-38.6985
1771		138.435		80.672
1772		110.064		203.232
1773		30.0252		306.239
1774		-90.4963		370.532
1775		-234.337		381.053
1776		-378.064		328.568
1777		-492.758		213.619
1778		-548.397		51.2291
1779		-522.469		-127.143
1780		-410.331		-277.806
1781		-232.455		-356.155
1782		-33.6601		-332.197
1783		127.717		-204.258
1784		198.249		-4.32214
1785		148.89		208.803
1786		-12.4424		367.31
1787		-240.917		417.089
1788		-468.26		336.695
1789		-624.91		145.2
1790		-662.577		-104.026
1791		-568.995		-340.955
1792		-370.033		-501.043
1793		-119.548		-543.844
1794		118.194		-462.269
1795		286.75		-280.925
1796		350.632		-46.0635
1797		300.688		188.023
1798		152.383		371.566
1799		-60.3332		468.188
1800		-292.767		459.76
1801		-497.255		348.219
1802		-630.746		155.258
1803		-662.407		-80.2057
1804		-580.798		-307.629
1805		-398.85		-474.103
1806		-154.217		-536.382
1807		96.8567		-472.918
1808		291.952		-292.007
1809		378.452		-32.5432
1810		328.461		243.945
1811		147.857		468.409
1812		-123.708		582.35
1813		-422.146		553.575
1814		-675.011		385.134
1815		-819.836		115.062
1816		-819.883		-192.734
1817		-673.515		-463.925
1818		-415.179		-631.721
1819		-107.898		-653.296
1820		171.157		-521.054
1821		349.116		-266.053
1822		375.992		47.749
1823		238.937		337.964
1824		-31.9468		524.292
1825		-368.876		550.316
1826		-682.604		400.539
1827		-886.074		107.133
1828		-919.091		-256.69
1829		-766.541		-595.737
1830		-464.072		-819.203
1831		-88.9624		-866.46
1832		261.317		-724.275
1833		496.267		-430.18
1834		556.903		-61.2749
1835		430.534		287.548
1836		152.179		529.012
1837		-206.631		605.105
1838		-557.298		499.603
1839		-815.954		239.494
1840		-922.165		-113.519
1841		-851.001		-478.147
1842		-617.057		-771.471
1843		-270.658		-926.278
1844		112.634		-905.088
1845		447.53		-708.675
1846		657.232		-377.264
1847		691.144		16.6572
1848		538.085		383.558
1849		231.085		637.562
1850		-158.663		717.932
1851		-538.305		605.471
1852		-816.564		328.686
1853		-927.454		-42.7713
1854		-847.587		-416.032
1855		-601.949		-699.317
1856		-256.564		-825.641
1857		99.5564		-769.261
1858		377.712		-550.721
1859		511.566		-229.866
1860		472.425		110.462
1861		274.61		385.293
1862		-29.4828		527.777
1863		-362.738		504.41
1864		-641.83		322.365
1865		-796.922		27.6472
1866		-788.521		-305.572
1867		-617.745		-592.524
1868		-327.209		-758.766
1869		8.51268		-759.643
1870		301.357		-593.069
1871		472.917		-301.493
1872		476.034		38.4011
1873		308.366		336.055
1874		13.5086		511.85
1875		-331.037		519.009
1876		-635.476		355.967
1877		-822.266		65.6505
1878		-846.223		-277.571
1879		-704.63		-588.701
1880		-435.409		-794.141
1881		-105.172		-848.85
1882		208.444		-744.879
1883		435.053		-510.568
1884		526.364		-202.08
1885		465.273		109.841
1886		268.47		355.046
1887		-17.2874		478.672
1888		-324.72		453.22
1889		-580.372		285.821
1890		-721.726		18.4485
1891		-713.592		-280.379
1892		-559.226		-531.906
1893		-301.9		-668.19
1894		-14.8525		-652.136
1895		218.781		-489.875
1896		330.514		-230.548
1897		287.722		47.5418
1898		104.127		260.555
1899		-164.368		344.922
1900		-437.327		276.669
1901		-634.933		77.8512
1902		-702.128		-191.685
1903		-623.949		-453.838
1904		-427.77		-636.122
1905		-172.849		-692.108
1906		68.364		-612.631
1907		230.8		-425.66
1908		273.345		-186.344
1909		187.707		38.8052
1910		-1.42501		188.971
1911		-243.799		223.414
1912		-476.245		130.568
1913		-637.762		-69.5293
1914		-684.12		-329.799
1915		-599.009		-587.036
1916		-398.981		-777.236
1917		-130.314		-852.034
1918		142.255		-791.943
1919		352.511		-612.274
1920		450.826		-359.33
1921		417.744		-97.4844
1922		268.635		109.06
1923		47.8869		213.99
1924		-185.211		200.373
1925		-373.864		82.579
1926		-478.555		-101.127
1927		-484.838		-301.793
1928		-402.825		-473.694
1929		-260.216		-584.528
1930		-92.5744		-619.781
1931		65.5425		-581.767
1932		186.556		-485.581
1933		252.854		-354.272
1934		257.885		-214.444
1935		206.338		-92.2203
1936		113.396		-8.95272
1937		2.18289		23.2724
1938		-101.364		5.08513
1939		-175.684		-49.7868
1940		-210.589		-118.67
1941		-210.864		-178.176
1942		-193.983		-213.665
1943		-181.897		-225.686
1944		-189.937		-229.762
1945		-217.884		-248.663
1946		-248.008		-300.008
1947		-251.985		-384.803
1948		-204.411		-482.798
1949		-97.0936		-557.839
1950		52.7181		-571.883
1951		204.732		-502.045
1952		308.621		-353.213
1953		322.796		-160.289
1954		231.314		21.5745
1955		51.9081		135.216
1956		-168.192		141.147
1957		-366.973		31.1599
1958		-487.135		-168.891
1959		-493.258		-407.429
1960		-381.145		-622.814
1961		-177.372		-760.491
1962		69.3063		-786.41
1963		300.889		-693.856
1964		463.513		-503.518
1965		518.671		-258.307
1966		451.14		-14.6715
1967		273.236		168.415
1968		24.6733		242.016
1969		-233.145		179.99
1970		-429.28		-10.7842
1971		-500.98		-286.579
1972		-413.316		-572.955
1973		-174.613		-781.94
1974		158.916		-837.231
1975		493.544		-700.303
1976		722.702		-388.273
1977		759.58		24.2431
1978		567.329		422.164
1979		176.104		682.186
1980		-320.079		710.68
1981		-787.111		475.015
1982		-1088.58		17.7465
1983		-1126.09		-551.494
1984		-869.805		-1084.44
1985		-369.749		-1434.64
1986		255.152		-1498.17
1987		847.251		-1243.14
1988		1251.01		-720.202
1989		1353.62		-51.4534
1990		1115.07		598.973
1991		580.296		1065.34
1992		-129.575		1221.85
1993		-844.995		1015.29
1994		-1388.52		480.786
1995		-1618.72		-263.761
1996		-1466.75		-1044.09
1997		-956.256		-1671.22
1998		-200.451		-1988.45
1999		623.683		-1911.84
2000		1318.51		-1453.34
2001		1715.33		-719.703
2002		1717.47		113.098
2003		1325.38		843.658
2004		636.876		1295.75
2005		-177.458		1362.47
2006		-917.209		1032.61
2007		-1402.12		392.677
2008		-1516.45		-395.327
2009		-1236.92		-1134.52
2010		-637.748		-1641.77
2011		128.123		-1792.7
2012		866.794		-1552.24
2013		1391.38		-983.626
2014		1568.83		-233.368
2015		1354.16		504.78
2016		803.488		1038.62
2017		61.4416		1227.39
2018		-674.883		1019.91
2019		-1207.13		470.352
2020		-1389.07		-273.767
2021		-1167.63		-1009.38
2022		-599.68		-1532.16
2023		161.072		-1692.72
2024		904.368		-1439.04
2025		1420.19		-832.876
2026		1556.54		-35.0319
2027		1262.18		736.697
2028		602.556		1265.64
2029		-255.575		1394.68
2030		-1086.53		1069.53
2031		-1664.1		355.365
2032		-1820.91		-577.205
2033		-1493.54		-1493.67
2034		-742.173		-2154.26
2035		260.785		-2375.48
2036		1270.88		-2079.21
2037		2031.52		-1316.74
2038		2339.32		-260.683
2039		2098.4		834.699
2040		1349.01		1695.84
2041		261.827		2099.7
2042		-902.171		1932.78
2043		-1856.77		1223.05
2044		-2363.7		135.199
2045		-2294.16		-1070.12
2046		-1661.88		-2102.46
2047		-618.799		-2715.21
2048		584.873		-2766.58
2049		1664.65		-2252.46
2050		2372.09		-1303.39
2051		2553.14		-148.636
2052		2180.9		941.727
2053		1356.65		1721.17
2054		281.522		2022.11
2055		-792.6		1790.67
2056		-1621.07		1095.08
2057		-2020.81		107.377
2058		-1910.25		-936.759
2059		-1327.19		-1791.73
2060		-420.39		-2258.59
2061		584.184		-2232.46
2062		1436.73		-1729.66
2063		1925.27		-886.307
2064		1930.79		73.5533
2065		1460.75		894.565
2066		649.968		1357.81
2067		-273.588		1341.38
2068		-1050.52		855.758
2069		-1462.34		42.5638
2070		-1393.51		-864.393
2071		-864.575		-1605.01
2072		-26.3663		-1966.59
2073		883.048		-1843.65
2074		1605.56		-1266.76
2075		1934.68		-392.942
2076		1771.41		538.482
2077		1149.83		1270.97
2078		226.98		1598.66
2079		-758.539		1419.37
2080		-1547.38		760.541
2081		-1924.25		-227.169
2082		-1771.58		-1305.64
2083		-1100.04		-2205.87
2084		-49.3771		-2692.48
2085		1141.15		-2621.96
2086		2186.91		-1981.19
2087		2825.33		-896.434
2088		2881.48		391.085
2089		2315.42		1579.42
2090		1238.24		2378.18
2091		-109.377		2581.5
2092		-1412.62		2122.58
2093		-2359.13		1094.58
2094		-2716.98		-269.058
2095		-2393.46		-1650.5
2096		-1459		-2725.34
2097		-129.821		-3241.94
2098		1285.37		-3081.88
2099		2460.49		-2286.56
2100		3129.49		-1044.68
2101		3147.34		354.904
2102		2520.93		1592.12
2103		1404.13		2389.75
2104		59.8104		2575.72
2105		-1201.82		2120.3
2106		-2094.43		1140.91
2107		-2420.84		-126.267
2108		-2117.93		-1381.57
2109		-1270.96		-2332.11
2110		-93.1058		-2761.24
2111		1125.98		-2580.69
2112		2091.17		-1852
2113		2575.24		-770.758
2114		2475.68		383.514
2115		1839.64		1319.49
2116		849.588		1809.27
2117		-226.617		1746.33
2118		-1107.74		1170.43
2119		-1573.2		253.047
2120		-1518.96		-751.937
2121		-980.536		-1577.72
2122		-118.28		-2014.8
2123		829.379		-1963.07
2124		1610.77		-1453.23
2125		2026.06		-633.586
2126		1976.18		272.201
2127		1484.25		1024.22
2128		686.166		1426.94
2129		-206.042		1376.87
2130		-958.156		886.53
2131		-1371.93		80.1488
2132		-1333.98		-837.522
2133		-844.024		-1631.65
2134		-15.9562		-2095.35
2135		949.067		-2101.6
2136		1811.51		-1636.31
2137		2352.93		-803.927
2138		2431.42		196.659
2139		2018.83		1120.65
2140		1209.81		1738.56
2141		199.474		1894.46
2142		-764.855		1546.26
2143		-1445.75		777.053
2144		-1675.48		-225.398
2145		-1398.09		-1215.91
2146		-682.801		-1953.48
2147		294.219		-2261.29
2148		1294.89		-2069.87
2149		2079.05		-1432.73
2150		2463.72		-510.926
2151		2367.04		468.657
2152		1826.11		1270.58
2153		984.937		1708.82
2154		56.3767		1691.07
2155		-732.024		1238.71
2156		-1194.19		478.187
2157		-1229.8		-393.248
2158		-846.014		-1158.17
2159		-152.128		-1632.85
2160		670.681		-1710.94
2161		1416.02		-1386.82
2162		1903.38		-753.519
2163		2021.22		23.0972
2164		1751.9		746.732
2165		1173.52		1239.05
2166		438.808		1382.48
2167		-263.116		1147.7
2168		-753.181		599.8
2169		-906.036		-118.064
2170		-680.981		-819.689
2171		-132.732		-1321.63
2172		600.951		-1489.11
2173		1332.54		-1270.93
2174		1871.45		-714.311
2175		2073		44.9507
2176		1876.92		815.536
2177		1324.96		1399.14
2178		552.124		1642.09
2179		-247.037		1476.23
2180		-868.338		937.789
2181		-1150.8		158.77
2182		-1018.16		-666.757
2183		-497.94		-1332.23
2184		286.292		-1670.52
2185		1146.82		-1594.72
2186		1878.43		-1117.78
2187		2307.65		-347.348
2188		2332.54		541.44
2189		1944.39		1347.57
2190		1227.81		1889.88
2191		340.447		2046.81
2192		-522.466		1782.45
2193		-1170.86		1153.83
2194		-1461.35		298.6
2195		-1329.01		-594.638
2196		-802.743		-1327.61
2197		-0.0944061		-1736.82
2198		898.213		-1731.42
2199		1689.29		-1315.24
2200		2195.53		-586.854
2201		2306.86		283.376
2202		2007.04		1094.3
2203		1376.56		1662.73
2204		571.465		1867.4
2205		-216.444		1676.5
2206		-807.005		1152.19
2207		-1074.28		431.529
2208		-973.605		-309.747
2209		-547.48		-900.663
2210		89.6138		-1214.28
2211		781.897		-1193.9
2212		1370.04		-861.504
2213		1726.95		-308.029
2214		1784.2		330.542
2215		1544.32		905.462
2216		1077.47		1288.78
2217		503.68		1401.45
2218		-35.5533		1230.4
2219		-410.511		830.852
2220		-534.141		312.837
2221		-383.41		-185.564
2222		-5.42719		-532.586
2223		494.012		-636.444
2224		977.335		-469.483
2225		1311.04		-76.0037
2226		1401.08		438.914
2227		1218.06		936.953
2228		805.353		1283.13
2229		267.802		1381.47
2230		-255.669		1200.21
2231		-628.084		780.025
2232		-749.442		223.582
2233		-581.932		-330.32
2234		-159.406		-741.171
2235		420.619		-901.133
2236		1020.06		-761.32
2237		1492.79		-344.156
2238		1719.16		260.815
2239		1634.76		916.677
2240		1246.89		1470.21
2241		634.831		1787.52
2242		-66.7511		1786.12
2243		-697.99		1455.99
2244		-1110.96		863.961
2245		-1205.08		139.886
2246		-952.052		-552.806
2247		-403.822		-1055.3
2248		318.728		-1251.09
2249		1053.9		-1093.74
2250		1637.22		-617.909
2251		1940		69.1983
2252		1899.04		813.59
2253		1530.36		1451.01
2254		924.008		1845.26
2255		221.534		1919.22
2256		-418.224		1671.23
2257		-856.641		1173.41
2258		-1007.19		552.478
2259		-854.149		-41.9748
2260		-453.8		-474.008
2261		82.0295		-653.528
2262		615.645		-556.21
2263		1018.67		-226.256
2264		1203.46		238.348
2265		1142.63		713.695
2266		871.93		1083.02
2267		476.483		1265.83
2268		65.1955		1235.47
2269		-258.986		1021.34
2270		-424.602		696.35
2271		-406.717		354.6
2272		-228.79		86.0323
2273		47.4227		-45.2172
2274		339.915		-14.1277
2275		567.306		162.07
2276		667.824		430.229
2277		612.993		714.812
2278		413.989		935.655
2279		119.746		1026.8
2280		-193.192		953.075
2281		-437.895		720.944
2282		-538.546		380.367
2283		-451.642		15.7313
2284		-181.106		-273.617
2285		218.004		-399.402
2286		650.029		-310.236
2287		1002.13		-9.32026
2288		1174.79		442.325
2289		1110.47		939.349
2290		811.601		1359.15
2291		341.87		1594.78
2292		-189.794		1583.91
2293		-657.607		1325.28
2294		-951.234		878.423
2295		-1002.8		347.555
2296		-801.836		-144.815
2297		-395.56		-486.934
2298		123.993		-602.311
2299		641.488		-464.851
2300		1043.11		-102.732
2301		1239.83		408.435
2302		1185.29		961.18
2303		885.772		1437.76
2304		400.205		1734.42
2305		-170.464		1784.11
2306		-703.814		1573.04
2307		-1083.05		1146.24
2308		-1224.83		599.437
2309		-1100.67		57.5955
2310		-745.283		-355.201
2311		-248.674		-546.815
2312		266.647		-480.201
2313		677.065		-181.872
2314		888.944		266.639
2315		860.649		751.413
2316		609.954		1155.83
2317		206.017		1388.81
2318		-250.445		1404.46
2319		-652.493		1209.32
2320		-911.239		857.309
2321		-974.071		435.002
2322		-834.127		41.5385
2323		-530.304		-232.887
2324		-138.368		-326.302
2325		245.403		-218.869
2326		525.681		61.4327
2327		630.871		443.542
2328		532.117		828.901
2329		252.997		1115.58
2330		-134.17		1225.42
2331		-526.036		1126.55
2332		-816.034		844.017
2333		-924.431		454.114
2334		-821.336		63.4689
2335		-535.195		-221.083
2336		-144.13		-322.382
2337		246.805		-213.4
2338		534.833		77.4561
2339		646.032		476.531
2340		552.012		886.079
2341		273.547		1209.19
2342		-127.638		1371.58
2343		-564.798		1335.85
2344		-945.045		1106.97
2345		-1187.46		729.762
2346		-1238.3		280.177
2347		-1081.95		-148.378
2348		-746.245		-462.64
2349		-300.122		-589.189
2350		157.922		-492.887
2351		520.413		-189.085
2352		696.963		255.46
2353		639.144		735.672
2354		356.175		1133.61
2355		-84.8592		1349.78
2356		-575.796		1330.84
2357		-996.792		1084.34
2358		-1249.17		675.702
2359		-1281.23		208.217
2360		-1099.04		-206.682
2361		-760.143		-479.074
2362		-353.596		-561.02
2363		25.5247		-453.063
2364		299.039		-197.326
2365		420.17		138.002
2366		378.12		476.582
2367		194.672		749.373
2368		-83.7197		905.486
2369		-395.587		918.737
2370		-674.803		790.922
2371		-861.752		552.086
2372		-915.126		256.671
2373		-822.552		-25.8744
2374		-606.594		-226.102
2375		-322.472		-292.549
2376		-45.8287		-207.482
2377		147.42		5.5746
2378		203.372		286.532
2379		106.991		555.447
2380		-112.827		736.311
2381		-392.199		779.936
2382		-652.257		678.051
2383		-823.17		464.012
2384		-863.962		200.587
2385		-771.975		-40.1569
2386		-580.113		-197.604
2387		-344.4		-237.495
2388		-127.173		-157.599
2389		18.5519		15.5624
2390		59.822		235.989
2391		-11.5083		449.805
2392		-179.208		606.388
2393		-406.807		667.675
2394		-644.434		615.248
2395		-837.963		454.767
2396		-940.008		216.675
2397		-921.33		-48.1824
2398		-779.918		-278.657
2399		-544.404		-417.852
2400		-269.367		-428.654
2401		-22.5315		-305.402
2402		133.113		-77.3508
2403		156.923		198.007
2404		42.2595		450.189
2405		-181.671		614.913
2406		-458.249		651.201
2407		-719.198		551.326
2408		-902.537		341.177
2409		-967.494		71.8745
2410		-902.774		-194.079
2411		-727.102		-397.893
2412		-483.107		-497.208
2413		-226.862		-474.23
2414		-15.5791		-338.476
2415		104.424		-124.241
2416		107.649		116.69
2417		-4.46165		326.134
2418		-202.845		452.783
2419		-436.601		465.045
2420		-644.889		360.116
2421		-772.619		166.135
2422		-785.829		-64.1976
2423		-681.994		-267.586
2424		-491.551		-387.976
2425		-269.619		-392.87
2426		-80.147		-282.86
2427		22.6014		-91.2903
2428		9.4307		125.76
2429		-116.142		305.801
2430		-319.851		397.37
2431		-546.994		373.472
2432		-737.497		237.675
2433		-841.296		22.0228
2434		-830.215		-221.788
2435		-704.045		-435.2
2436		-490.153		-566.444
2437		-237.206		-582.33
2438		-4.43524		-476.061
2439		151.614		-269.582
2440		190.369		-9.6906
2441		97.6857		241.84
2442		-109.305		422.486
2443		-384.864		484.417
2444		-664.89		407.129
2445		-882.535		203.492
2446		-985.052		-82.9321
2447		-947.046		-388.799
2448		-776.296		-647.012
2449		-510.693		-803.136
2450		-207.685		-827.557
2451		70.1603		-720.487
2452		269.207		-509.402
2453		354.982		-240.823
2454		317.02		30.5732
2455		168.579		252.668
2456		-57.4184		384.702
2457		-314.813		403.52
2458		-552.099		307.2
2459		-721.287		115.849
2460		-787.062		-131.056
2461		-734.809		-381.364
2462		-575.328		-580.721
2463		-344.068		-685.081
2464		-93.8484		-672.044
2465		117.813		-547.363
2466		243.494		-343.994
2467		258.287		-113.39
2468		165.822		88.5195
2469		-3.99119		216.257
2470		-204.525		245.974
2471		-385.856		179.721
2472		-507.646		42.2378
2473		-547.816		-127.749
2474		-505.345		-288.359
2475		-397.711		-404.259
2476		-254.887		-453.204
2477		-112.092		-428.973
2478		-2.76904		-341.29
2479		47.5357		-213.466
2480		26.1853		-78.154
2481		-63.1417		28.7952
2482		-199.68		76.1077
2483		-348.641		45.3249
2484		-468.62		-62.6926
2485		-522.281		-225.602
2486		-487.572		-403.551
2487		-365.732		-549.146
2488		-182.843		-620.877
2489		16.3153		-595.807
2490		180.613		-477.162
2491		267.269		-294.068
2492		254.124		-93.4397
2493		145.618		73.2739
2494		-29.0911		164.143
2495		-224.727		157.374
2496		-392.116		55.8036
2497		-490.288		-115.173
2498		-495.461		-314.787
2499		-405.359		-496.736
2500		-238.751		-619.263
2501		-30.9886		-653.667
2502		173.349		-590.106
2503		329.574		-439.924
2504		402.437		-233.963
2505		374.439		-16.6325
2506		250.871		163.67
2507		59.7556		266.073
2508		-154.113		267.825
2509		-340.133		170.791
2510		-455.083		1.43859
2511		-474.675		-196.151
2512		-399.784		-372.414
2513		-255.366		-485.859
2514		-82.4954		-513.817
2515		73.7363		-457.218
2516		176.479		-338.345
2517		205.894		-192.934
2518		162.325		-59.6105
2519		63.8178		30.0025
2520		-60.3544		57.9873
2521		-177.796		22.6072
2522		-260.536		-63.1159
2523		-290.646		-175.621
2524		-263.336		-286.575
2525		-187.421		-369.157
2526		-83.2015		-403.971
2527		22.0894		-383.679
2528		100.754		-315.244
2529		131.849		-218.836
2530		107.335		-123.035
2531		35.1452		-57.1452
2532		-62.2684		-42.5771
2533		-153.956		-86.0179
2534		-209.506		-176.782
2535		-208.289		-289.494
2536		-145.867		-391.412
2537		-35.4509		-452.045
2538		95.9771		-451.965
2539		215.465		-388.091
2540		293.209		-274.072
2541		310.222		-136.073
2542		262.591		-5.63293
2543		161.63		88.1835
2544		30.4758		125.336
2545		-101.606		98.786
2546		-205.731		15.472
2547		-259.437		-105.549
2548		-251.273		-237.244
2549		-183.193		-350.283
2550		-70.2909		-419.283
2551		62.2722		-428.424
2552		184.689		-375.185
2553		269.215		-271.134
2554		296.571		-139.425
2555		260.399		-9.46964
2556		168.611		89.8429
2557		41.3446		136.655
2558		-93.7796		120.781
2559		-207.803		45.5614
2560		-276.497		-73.1974
2561		-285.206		-210.663
2562		-231.758		-337.989
2563		-127.125		-428.057
2564		6.30958		-461.17
2565		138.89		-429.794
2566		239.919		-341.264
2567		285.073		-217.34
2568		263.292		-89.9221
2569		180.99		6.72089
2570		61.664		45.4718
2571		-59.7887		14.8004
2572		-146.886		-76.923
2573		-172.584		-203.196
2574		-127.753		-327.112
2575		-24.0062		-412.64
2576		110.211		-435.566
2577		238.837		-390.287
2578		329.266		-290.281
2579		361.349		-162.6
2580		331.502		-38.9285
2581		251.341		53.259
2582		142.408		96.5942
2583		29.7133		85.6841
2584		-63.5321		25.7847
2585		-119.024		-69.8711
2586		-124.874		-182.515
2587		-76.787		-289.701
2588		20.3069		-367.451
2589		150.699		-393.923
2590		288.102		-354.916
2591		399.381		-249.894
2592		452.276		-95.843
2593		425.403		73.8522
2594		316.988		216.689
2595		148.375		293.045
2596		-40.0877		278.966
2597		-200.184		174.845
2598		-290.376		6.33053
2599		-288.477		-183.231
2600		-197.795		-346.112
2601		-44.7512		-444.313
2602		130.614		-459.41
2603		287.161		-395.188
2604		393.465		-273.23
2605		433.617		-124.343
2606		407.35		20.2935
2607		326.256		135.273
2608		208.926		203.526
2609		77.1776		216.411
2610		-46.1476		173.264
2611		-138.896		81.6133
2612		-182.301		-42.231
2613		-165.209		-173.83
2614		-88.642		-284.154
2615		31.708		-346.31
2616		167.375		-343.743
2617		284.055		-276.674
2618		351.811		-163.576
2619		354.832		-36.259
2620		296.763		70.1314
2621		199.218		128.538
2622		93.9445		128.384
2623		11.7828		77.762
2624		-27.1816		-1.09242
2625		-18.6383		-80.7428
2626		27.0663		-138.003
2627		90.8136		-160.284
2628		152.258		-147.078
2629		195.844		-107.16
2630		213.512		-53.7951
2631		204.261		-0.404999
2632		172.126		41.8533
2633		124.318		64.7551
2634		70.347		63.0947
2635		21.6576		35.3474
2636		-9.39052		-14.9143
2637		-12.075		-77.8531
2638		18.9209		-137.953
2639		80.0773		-177.298
2640		157.976		-181.036
2641		231.909		-143.093
2642		279.829		-69.5888
2643		285.594		21.8969
2644		244.653		107.297
2645		165.833		163.507
2646		68.5328		175.442
2647		-23.4073		140.092
2648		-88.6467		66.3934
2649		-113.564		-28.4255
2650		-94.3482		-124.108
2651		-36.1319		-202.115
2652		49.542		-248.607
2653		147.431		-255.644
2654		240.71		-221.465
2655		312.709		-150.692
2656		349.019		-54.5681
2657		340.42		49.5089
2658		286.14		140.228
2659		196.011		196.806
2660		89.87		204.808
2661		-6.61853		161.336
2662		-68.9533		77.241
2663		-81.3293		-25.1148
2664		-41.8234		-118.233
2665		36.942		-177.872
2666		132.045		-190.34
2667		217.786		-156.009
2668		273.583		-87.9537
2669		289.371		-6.64009
2670		266.92		66.959
2671		217.312		117.177
2672		156.245		136.667
2673		99.2776		126.37
2674		58.5161		93.4746
2675		41.094		48.7621
2676		48.8783		4.34279
2677		78.6012		-28.1208
2678		122.105		-39.1659
2679		167.101		-23.6515
2680		199.172		17.0391
2681		205.334		73.7646
2682		178.495		130.62
2683		121.167		168.758
2684		46.5259		172.329
2685		-24.3605		134.542
2686		-68.7194		61.3416
2687		-69.6946		-29.1517
2688		-22.5237		-111.656
2689		63.1804		-161.55
2690		165.999		-162.665
2691		259.143		-112.24
2692		318.328		-21.4405
2693		328.34		88.3313
2694		286.348		191.649
2695		201.537		265.491
2696		91.9498		294.053
2697		-19.9289		271.202
2698		-111.535		200.808
2699		-163.933		95.6768
2700		-164.87		-24.4157
2701		-111.267		-135.562
2702		-10.8484		-213.67
2703		117.905		-239.441
2704		248.36		-203.508
2705		351.138		-110.151
2706		401.383		22.1542
2707		385.82		164.315
2708		307.123		283.803
2709		183.77		353.396
2710		45.1268		358.605
2711		-76.6807		301.28
2712		-155.378		198.286
2713		-176.818		75.998
2714		-141.213		-37.2108
2715		-61.2364		-117.899
2716		42.6021		-151.989
2717		147.367		-136.11
2718		232.239		-76.478
2719		281.543		13.4727
2720		286.45		115.738
2721		245.943		210.359
2722		167.269		278.253
2723		65.5675		304.561
2724		-38.0726		282.195
2725		-120.53		214.599
2726		-162.142		116.334
2727		-152.307		10.5206
2728		-93.2329		-76.739
2729		-0.134064		-123.482
2730		102.568		-118.25
2731		188.019		-63.4536
2732		234.448		25.4579
2733		230.963		124.663
2734		179.863		208.76
2735		95.1164		257.403
2736		-2.05133		259.862
2737		-88.752		216.621
2738		-145.567		138.221
2739		-160.204		42.2697
2740		-129.401		-50.3773
2741		-59.2649		-119.583
2742		35.7715		-149.697
2743		135.358		-132.854
2744		217.045		-71.2778
2745		261.222		22.2068
2746		256.247		126.222
2747		202.283		215.565
2748		112.256		267.742
2749		9.08972		269.446
2750		-80.3686		220.776
2751		-132.979		135.516
2752		-135.963		37.1765
2753		-90.312		-47.9487
2754		-9.86507		-98.3169
2755		83.4088		-102.734
2756		166.039		-62.372
2757		219.238		10.9782
2758		232.802		99.2318
2759		206.054		183.067
2760		146.377		246.077
2761		66.5166		277.236
2762		-18.1986		271.811
2763		-92.1911		231.375
2764		-141.649		163.455
2765		-156.586		80.8441
2766		-133.041		0.13443
2767		-74.9035		-60.9998
2768		5.60285		-87.719
2769		89.6687		-72.2662
2770		156.051		-17.0749
2771		186.747		64.7237
2772		172.448		152.089
2773		115.796		221.63
2774		31.1317		254.261
2775		-59.3831		240.773
2776		-132.037		184.449
2777		-168.199		99.9382
2778		-159.223		8.89429
2779		-108.28		-66.0916
2780		-28.8654		-107.355
2781		59.2212		-106.235
2782		135.059		-64.5494
2783		181.542		6.5162
2784		189.01		89.4903
2785		157.025		164.768
2786		94.1622		214.96
2787		16.0033		228.665
2788		-58.3148		203.014
2789		-110.385		144.463
2790		-126.85		67.5533
2791		-102.778		-8.29086
2792		-43.1949		-63.3345
2793		37.7948		-82.4307
2794		120.234		-58.9836
2795		183.16		3.13264
2796		209.83		90.2758
2797		191.979		182.217
2798		132.01		256.988
2799		42.5964		296.178
2800		-56.1501		289.413
2801		-141.279		236.996
2802		-192.33		150.149
2803		-196.244		48.7679
2804		-150.803		-42.9176
2805		-65.7252		-101.938
2806		39.0187		-112.271
2807		137.54		-69.25
2808		204.219		18.5558
2809		220.303		130.76
2810		179.143		239.821
2811		88.4899		317.922
2812		-31.0169		344.242
2813		-150.91		310.58
2814		-242.159		223.648
2815		-282.589		103.396
2816		-262.385		-22.1092
2817		-186.276		-123.714
2818		-72.0382		-178.164
2819		54.007		-173.32
2820		163.16		-110.562
2821		230.668		-4.15625
2822		240.955		121.974
2823		190.916		239.291
2824		90.8067		320.595
2825		-37.4585		345.932
2826		-164.525		307.419
2827		-259.851		211.895
2828		-298.936		80.4065
2829		-269.896		-55.9035
2830		-177.468		-163.013
2831		-42.9254		-212.768
2832		100.643		-190.766
2833		216.725		-100.89
2834		275.19		35.1483
2835		260.572		183.373
2836		176.262		306.652
2837		43.3883		374.593
2838		-105.163		371.286
2839		-233.571		298.79
2840		-312.076		175.729
2841		-323.734		31.9019
2842		-267.53		-99.2354
2843		-157.669		-188.154
2844		-19.7995		-215.312
2845		114.644		-174.824
2846		214.877		-75.478
2847		257.029		60.8626
2848		229.388		203.307
2849		135.702		318.095
2850		-4.47612		376.08
2851		-159.099		360.103
2852		-290.52		270.336
2853		-364.741		125.688
2854		-360.673		-39.789
2855		-276.619		-185.096
2856		-131.683		-273.047
2857		38.6919		-280.49
2858		191.973		-204.829
2859		289.873		-64.8193
2860		308.393		104.561
2861		243.706		261.479
2862		112.484		367.991
2863		-52.9871		399.17
2864		-213.132		348.441
2865		-330.471		228.286
2866		-377.852		66.7363
2867		-344.023		-99.1333
2868		-235.787		-231.208
2869		-76.6294		-298.4
2870		97.9421		-283.452
2871		247.706		-187.27
2872		336.578		-29.6658
2873		341.303		154.129
2874		257.892		321.003
2875		103.785		430.19
2876		-85.3954		453.746
2877		-264.195		384.322
2878		-388.783		237.78
2879		-428.386		49.5771
2880		-373.383		-134.235
2881		-237.706		-268.86
2882		-54.9843		-322.069
2883		130.287		-281.901
2884		273.891		-158.911
2885		342.326		17.157
2886		320.097		204.953
2887		212.525		361.192
2888		43.9628		450.168
2889		-147.803		451.284
2890		-319.704		363.355
2891		-432.584		205.044
2892		-459.844		11.248
2893		-393.834		-174.143
2894		-248.441		-307.977
2895		-56.7916		-358.128
2896		135.955		-311.844
2897		283.389		-179.74
2898		349.617		6.11939
2899		318.752		199.943
2900		199.308		353.901
2901		22.0538		430.525
2902		-168.141		412.322
2903		-324.077		305.885
2904		-408.264		139.561
2905		-401.936		-44.3805
2906		-308.919		-200.64
2907		-153.791		-291.884
2908		24.6915		-297.211
2909		183.006		-216.435
2910		282.881		-69.65
2911		299.908		107.541
2912		229.136		272.047
2913		86.5841		383.069
2914		-93.847		411.759
2915		-267.77		348.693
2916		-390.776		207.18
2917		-429.701		21.1011
2918		-371.828		-162.789
2919		-229.236		-296.55
2920		-36.6515		-343.774
2921		157.068		-289.731
2922		301.645		-145.858
2923		358.725		52.8917
2924		312.024		257.114
2925		171.441		415.81
2926		-29.8016		489.34
2927		-243.851		459.013
2928		-420.125		331.075
2929		-517.246		134.591
2930		-512.254		-85.7444
2931		-405.377		-279.853
2932		-219.766		-403.286
2933		3.46774		-426.887
2934		213.905		-343.391
2935		362.657		-169.678
2936		413.441		56.0315
2937		351.586		281.971
2938		188.657		454.397
2939		-38.9895		530.575
2940		-278.049		489.923
2941		-471.037		340.12
2942		-570.831		116.026
2943		-552.966		-128.712
2944		-422.107		-335.264
2945		-210.739		-454.659
2946		29.4642		-460.018
2947		241.039		-352.684
2948		375.016		-160.905
2949		402.321		68.0746
2950		319.684		279.968
2951		149.201		426.212
2952		-67.7019		474.61
2953		-280.072		415.864
2954		-438.782		265.067
2955		-507.259		58.1825
2956		-469.664		-155.8
2957		-334.901		-325.7
2958		-135.33		-410.024
2959		80.09		-387.351
2960		257.253		-262.544
2961		350.523		-66.6518
2962		335.014		150.168
2963		213.908		331.36
2964		18.3071		429.023
2965		-200.755		416.989
2966		-385.986		297.975
2967		-489.213		102.669
2968		-483.943		-118.852
2969		-371.635		-310.608
2970		-180.341		-425.052
2971		43.2631		-434.348
2972		245.716		-336.064
2973		379.205		-152.632
2974		411.813		74.4581
2975		333.885		293.883
2976		159.908		455.156
2977		-74.059		519.027
2978		-317.018		466.133
2979		-513.047		302.408
2980		-613.398		59.7868
2981		-588.516		-208.873
2982		-437.02		-440.625
2983		-188.658		-577.282
2984		100.691		-580.793
2985		361.711		-444.71
2986		529.193		-197.843
2987		559.6		101.765
2988		443.342		381.37
2989		207.87		572.557
2990		-89.4851		629.195
2991		-376.733		539.08
2992		-585.908		326.144
2993		-669.825		43.1503
2994		-612.557		-242.47
2995		-431.536		-465.32
2996		-171.665		-576.932
2997		106.211		-555.639
2998		339.346		-409.945
2999		476.563		-175.484
3000		488.761		93.2726
3001		374.823		334.805
3002		161.936		493.783
3003		-99.9336		533.383
3004		-348.79		444.183
3005		-524.773		247.31
3006		-584.744		-9.57025
3007		-513.602		-263.174
3008		-328.99		-450.194
3009		-77.5446		-523.629
3010		176.76		-465.287
3011		369.191		-290.783
3012		451.152		-45.4443
3013		402.649		207.699
3014		236.968		404.37
3015		-3.41141		495.332
3016		-258.122		458.226
3017		-464.1		302.272
3018		-570.688		65.229
3019		-551.175		-196.079
3020		-408.541		-419.102
3021		-174.584		-549.769
3022		97.1018		-554.706
3023		342.839		-429.121
3024		503.076		-198.72
3025		536.305		85.0338
3026		429.666		355.822
3027		203.49		547.607
3028		-91.9216		610.74
3029		-387.23		525.073
3030		-610.519		306.36
3031		-705.295		3.72682
3032		-645.268		-311.635
3033		-441.729		-563.89
3034		-141.343		-691.536
3035		185.185		-662.879
3036		460.542		-483.919
3037		619.73		-196.717
3038		625.646		131.082
3039		477.572		422.678
3040		210.857		610.319
3041		-111.801		650.957
3042		-415.154		535.906
3043		-628.811		292.541
3044		-703.366		-22.1581
3045		-621.755		-334.747
3046		-403.286		-572.267
3047		-99.3327		-679.262
3048		218.534		-630.952
3049		475.406		-439.332
3050		610.965		-150.519
3051		594.083		166.256
3052		430.379		435.433
3053		160.714		593.508
3054		-149.013		604.378
3055		-424.137		467.786
3056		-599.396		218.856
3057		-634.443		-80.9372
3058		-523.042		-358.902
3059		-293.969		-548.551
3060		-3.73314		-605.189
3061		276.988		-516.189
3062		479.999		-303.813
3063		555.647		-20.032
3064		484.745		265.517
3065		283.634		481.906
3066		0.997711		574.055
3067		-293.232		516.649
3068		-524.634		321.299
3069		-632.883		34.7346
3070		-587.504		-272.032
3071		-396.488		-521.234
3072		-105.149		-648.196
3073		214.844		-618.244
3074		483.525		-436.02
3075		633.005		-144.61
3076		624.695		185.281
3077		458.893		473.112
3078		174.446		648.46
3079		-161.072		668.047
3080		-467.837		525.795
3081		-672.688		253.869
3082		-726.043		-85.0826
3083		-613.19		-412.39
3084		-357.723		-651.222
3085		-16.5561		-744.048
3086		332.476		-666.056
3087		607.989		-431.61
3088		743.83		-92.0274
3089		705.112		275.316
3090		497.548		584.589
3091		167.326		761.971
3092		-209.055		764.003
3093		-542.955		588.943
3094		-755.326		277.832
3095		-796.369		-95.365
3096		-657.811		-442.078
3097		-374.563		-681.049
3098		-15.4637		-758.022
3099		334.117		-658.182
3100		593.068		-408.524
3101		703.383		-70.167
3102		642.744		276.88
3103		428.429		552.485
3104		112.321		694.336
3105		-231.346		671.393
3106		-522.702		490.368
3107		-694.012		194.152
3108		-705.006		-147.53
3109		-552.593		-453.581
3110		-272.559		-650.198
3111		67.7648		-688.766
3112		384.891		-558.64
3113		599.492		-291.15
3114		656.756		46.9721
3115		541.282		369.778
3116		282.102		594.069
3117		-54.0851		661.308
3118		-379.965		553.37
3119		-610.408		297.609
3120		-684.718		-40.2118
3121		-582.285		-373.073
3122		-327.578		-615.13
3123		16.47		-703.368
3124		364.514		-613.021
3125		629.899		-363.242
3126		745.538		-12.1493
3127		679.791		357.11
3128		443.989		655.873
3129		90.1718		810.641
3130		-300.418		780.498
3131		-635.707		567.43
3132		-834.197		217.063
3133		-844.698		-190.795
3134		-659.639		-560.173
3135		-318.361		-801.664
3136		101.046		-854.464
3137		499.881		-702.057
3138		782.679		-377.212
3139		880.73		45.3651
3140		769.085		467.014
3141		472.625		789.094
3142		59.7419		936.723
3143		-374.467		876.272
3144		-730.945		622.535
3145		-929.628		234.343
3146		-927.266		-199.752
3147		-726.417		-581.953
3148		-374.132		-827.136
3149		48.9356		-881.554
3150		446.54		-734.625
3151		728.262		-421.444
3152		829.998		-15.3278
3153		729.119		388.385
3154		450.654		694.21
3155		62.4143		829.347
3156		-340.535		761.979
3157		-658.888		510.073
3158		-814.07		137.77
3159		-768.57		-260.349
3160		-535.941		-583.359
3161		-177.389		-750.079
3162		214.264		-720.014
3163		538.885		-503.402
3164		714.878		-157.813
3165		699.614		227.464
3166		499.301		554.655
3167		166.264		742.07
3168		-215.017		743.807
3169		-549.094		560.126
3170		-752.618		236.607
3171		-774.018		-147.156
3172		-605.577		-496.461
3173		-285.5		-723.735
3174		110.475		-769.332
3175		486.262		-616.328
3176		747.894		-295.783
3177		826.354		119.208
3178		695.308		529.933
3179		379.074		835.489
3180		-51.7653		957.721
3181		-496.592		861.274
3182		-849.035		563.346
3183		-1023.17		130.306
3184		-974.793		-338.095
3185		-712.307		-732.83
3186		-294.572		-961.74
3187		183.341		-971.165
3188		612.593		-758.018
3189		895.597		-369.928
3190		967.887		105.991
3191		812.24		562.777
3192		462.438		897.273
3193		-3.87708		1032.9
3194		-481.815		937.014
3195		-862.17		629.123
3196		-1056.16		177.9
3197		-1016.69		-313.201
3198		-750.861		-729.261
3199		-320.099		-971.256
3200		173.34		-980.869
3201		610.858		-756.053
3202		887.166		-352.567
3203		937.238		129.655
3204		752.993		572.045
3205		384.9		867.963
3206		-71.9821		949.797
3207		-503.413		805.153
3208		-805.52		478.08
3209		-910.357		55.7024
3210		-800.991		-355.311
3211		-513.059		-655.664
3212		-123.555		-776.804
3213		269.319		-695.526
3214		569.845		-437.322
3215		706.589		-68.7421
3216		647.966		318.824
3217		408.794		630.241
3218		46.8052		788.326
3219		-350.252		751.812
3220		-684.544		525.754
3221		-871.194		161.655
3222		-859.343		-253.432
3223		-645.964		-617.081
3224		-278.4		-836.532
3225		155.838		-852.45
3226		550.026		-654.994
3227		804.819		-287.579
3228		853.501		163.054
3229		679.161		588
3230		319.288		883.022
3231		-143.217		974.057
3232		-599.987		835.036
3233		-942.871		493.983
3234		-1089.1		26.4344
3235		-1000.33		-461.82
3236		-691.561		-858.544
3237		-228.477		-1070.28
3238		286.41		-1043.76
3239		735.976		-779.09
3240		1014.83		-331.495
3241		1054.27		199.377
3242		840.089		691.182
3243		418.277		1027.39
3244		-113.795		1126.04
3245		-629.719		961.439
3246		-1004.98		572.281
3247		-1148.65		53.3766
3248		-1027.13		-467.761
3249		-673.143		-863.402
3250		-177.174		-1038.34
3251		336.342		-953.867
3252		741.29		-636.423
3253		941.663		-169.17
3254		894.412		330.68
3255		617.903		741.988
3256		184.816		969.156
3257		-297.603		963.725
3258		-714.199		733.65
3259		-968.84		339.134
3260		-1005.7		-122.993
3261		-820.795		-542.272
3262		-461.887		-819.897
3263		-17.1646		-891.079
3264		404.963		-739.946
3265		700.873		-403.743
3266		796.316		35.0069
3267		664.979		467.25
3268		336.271		783.295
3269		-110.259		899.987
3270		-563.314		782.377
3271		-907.02		454.026
3272		-1050.24		-7.31023
3273		-950.41		-488.045
3274		-625.536		-866.792
3275		-150.896		-1044.95
3276		358.828		-971.973
3277		777.56		-658.86
3278		998.953		-176.428
3279		962.926		361.179
3280		671.135		823.705
3281		187.678		1096.2
3282		-375.232		1107.19
3283		-883.383		846.858
3284		-1212.5		370.883
3285		-1278.54		-211.488
3286		-1059.11		-762.567
3287		-600.41		-1149
3288		-7.59088		-1274.39
3289		579.658		-1103.64
3290		1020.67		-672.662
3291		1208.18		-80.622
3292		1094.92		533.672
3293		705.323		1025.38
3294		129.644		1278.75
3295		-498.178		1234.78
3296		-1032.96		904.75
3297		-1352.8		366.509
3298		-1387.24		-254.988
3299		-1132.56		-817.642
3300		-651.2		-1195.26
3301		-56.0884		-1305.98
3302		515.97		-1129.98
3303		935.617		-712.8
3304		1110.02		-154.13
3305		1003.45		415.311
3306		645.056		863.734
3307		121.874		1088.48
3308		-441.309		1039.77
3309		-911.133		732.415
3310		-1177.21		242.441
3311		-1178.59		-310.936
3312		-918.598		-794.073
3313		-463.994		-1091.49
3314		71.4826		-1134.18
3315		555.385		-916.527
3316		869.484		-497.313
3317		939.037		15.2887
3318		751.05		490.993
3319		357.038		809.957
3320		-140.198		892.483
3321		-612.325		718.604
3322		-937.334		332.916
3323		-1029.78		-166.352
3324		-862.19		-651.358
3325		-472.467		-996.039
3326		44.4878		-1107.48
3327		559.315		-949.731
3328		939.741		-554.165
3329		1083.71		-13.3902
3330		945.948		540.313
3331		551.117		967.243
3332		-10.4258		1155.41
3333		-603.654		1049.67
3334		-1081.89		667.105
3335		-1323.53		94.3197
3336		-1263.06		-532.99
3337		-908.22		-1063.21
3338		-338.834		-1366.19
3339		312.308		-1365.38
3340		891.621		-1056.54
3341		1261.71		-508.773
3342		1334.05		152.176
3343		1089.64		773.865
3344		582.975		1212.91
3345		-70.9698		1368.15
3346		-723.62		1203.68
3347		-1227		756.751
3348		-1467.57		128.931
3349		-1392.06		-537.291
3350		-1019.55		-1091.23
3351		-436.969		-1408.62
3352		221.11		-1420.28
3353		803.752		-1127.99
3354		1178.92		-603.864
3355		1264.31		26.9068
3356		1046.4		615.863
3357		582.985		1026.54
3358		-11.1664		1166.67
3359		-592.295		1009.55
3360		-1022.17		599.588
3361		-1200.97		40.8023
3362		-1090.6		-528.685
3363		-723.261		-970.044
3364		-193.123		-1177.07
3365		366.596		-1101.69
3366		815.992		-765.642
3367		1042.71		-255.459
3368		989.999		298.302
3369		671.625		753.129
3370		169.67		990.391
3371		-385.074		946.206
3372		-845.813		629.251
3373		-1087.74		120.299
3374		-1041.48		-447.243
3375		-712.914		-921.412
3376		-183.344		-1171.72
3377		410.527		-1124.39
3378		911.975		-783.094
3379		1185.51		-229.124
3380		1152.81		399.124
3381		813.594		941.863
3382		245.948		1259.11
3383		-413.633		1266.36
3384		-1004.78		955.563
3385		-1383.13		396.609
3386		-1455.3		-280.457
3387		-1200.78		-917.244
3388		-675.991		-1364.75
3389		-0.334728		-1518.01
3390		671.827		-1339.97
3391		1186.69		-869.566
3392		1426.01		-212.674
3393		1333.97		481.85
3394		930.121		1055.84
3395		305.444		1377.81
3396		-397.881		1373.34
3397		-1018.77		1042.82
3398		-1414.46		462.086
3399		-1494.12		-234.545
3400		-1240.66		-885.495
3401		-715.26		-1340.03
3402		-43.1108		-1494.27
3403		616.471		-1316.13
3404		1108.41		-853.06
3405		1319.33		-220.352
3406		1204.94		427.116
3407		800.451		932.835
3408		211.483		1177.01
3409		-412.334		1105.84
3410		-914.67		744.464
3411		-1171.49		190.324
3412		-1122.03		-411.591
3413		-784.007		-905.522
3414		-248.877		-1164.6
3415		341.643		-1123.3
3416		832.161		-794.286
3417		1093.84		-265.032
3418		1057.84		324.946
3419		733.103		820.487
3420		203.865		1091.18
3421		-392.525		1065.11
3422		-901.339		747.13
3423		-1190.3		217.177
3424		-1183.12		-390.673
3425		-878.271		-922.418
3426		-348.786		-1242.71
3427		276.319		-1268.08
3428		843.81		-986.91
3429		1213.22		-461.983
3430		1290.3		184.619
3431		1049.36		800.18
3432		539.703		1236.99
3433		-125.11		1386.87
3434		-792.865		1206.97
3435		-1307.54		730.848
3436		-1545.71		62.0517
3437		-1446.09		-648.725
3438		-1025.24		-1238.19
3439		-374.992		-1568.75
3440		358.098		-1561.45
3441		1006.79		-1215.3
3442		1422.57		-608.139
3443		1510.75		121.596
3444		1252.59		807.496
3445		709.215		1294.28
3446		6.58049		1473.76
3447		-694.425		1309.2
3448		-1235.39		842.725
3449		-1496.49		184.503
3450		-1423.17		-513.232
3451		-1037.75		-1091.28
3452		-433.669		-1419.8
3453		246.41		-1427.87
3454		843.709		-1119.78
3455		1220.59		-573.977
3456		1293.35		75.4641
3457		1052.62		671.201
3458		565.781		1071.38
3459		-40.0739		1185.18
3460		-610.756		995.672
3461		-1005.09		563.487
3462		-1131.58		9.7496
3463		-971.464		-517.167
3464		-581.582		-881.762
3465		-76.628		-996.967
3466		403.719		-845.254
3467		732.878		-479.956
3468		829.819		-7.59216
3469		677.426		442.651
3470		323.101		753.039
3471		-136.804		845.878
3472		-583.11		700.117
3473		-903.162		353.47
3474		-1016.57		-108.722
3475		-892.464		-574.159
3476		-555.796		-928.995
3477		-82.0599		-1083.17
3478		418.403		-991.196
3479		824.135		-664.314
3480		1030.28		-171.048
3481		974.742		375.503
3482		656.445		842.271
3483		139.881		1108.17
3484		-456.885		1095.74
3485		-989.394		793.808
3486		-1322.88		263.814
3487		-1367.68		-373.112
3488		-1103.76		-965.678
3489		-587.115		-1370.7
3490		63.9095		-1489.45
3491		698.505		-1292.02
3492		1170.79		-823.637
3493		1374.64		-191.969
3494		1267.3		459.976
3495		876.908		987.753
3496		293.671		1277.75
3497		-351.977		1270.97
3498		-918.605		974.127
3499		-1284.2		456.811
3500		-1372		-164.097
3501		-1166.96		-749.747
3502		-719.519		-1169.67
3503		-135.108		-1331.24
3504		449.208		-1201.78
3505		896.732		-817.395
3506		1104.45		-275.268
3507		1029.04		289.918
3508		698.097		740.062
3509		202.572		969.242
3510		-327.87		930.813
3511		-759.87		648.104
3512		-991.598		205.764
3513		-978.096		-275.305
3514		-739.974		-671.607
3515		-354.003		-889.35
3516		70.4194		-886.62
3517		421.364		-680.422
3518		612.576		-338.318
3519		603.028		41.5449
3520		404.22		356.01
3521		74.9671		521.787
3522		-294.02		494.54
3523		-601.984		278.828
3524		-761.972		-72.6876
3525		-722.086		-470.676
3526		-479.694		-809.422
3527		-84.901		-992.307
3528		368.669		-957.045
3529		764.973		-694.355
3530		994.352		-254.366
3531		983.03		262.3
3532		715.159		727.771
3533		240.6		1019.07
3534		-334.603		1050.68
3535		-873.201		798.465
3536		-1240.68		308.134
3537		-1339.14		-314.227
3538		-1132.21		-926.936
3539		-654.802		-1386.27
3540		-5.80833		-1580.35
3541		674.085		-1455.34
3542		1233.88		-1028.29
3543		1545.94		-384.244
3544		1534.72		341.532
3545		1194.52		992.483
3546		592.446		1425
3547		-144.629		1540.91
3548		-857.096		1310.96
3549		-1388.32		783.414
3550		-1621.11		74.7075
3551		-1506.09		-656.712
3552		-1074.18		-1247.64
3553		-429.352		-1569.31
3554		277.06		-1558.22
3555		883.961		-1230.27
3556		1259.8		-674.494
3557		1333.11		-28.5425
3558		1106.53		556.92
3559		651.607		954.844
3560		87.1406		1090.04
3561		-451.954		952.679
3562		-846.807		595.395
3563		-1020.12		116.387
3564		-950.17		-365.937
3565		-671.703		-740.523
3566		-264.84		-927.671
3567		164.838		-895.164
3568		510.846		-663.882
3569		690.262		-301.987
3570		663.185		91.4236
3571		442.763		410.276
3572		92.7815		568.119
3573		-287.666		521.046
3574		-589.53		280.645
3575		-723.13		-87.3409
3576		-643.558		-479.312
3577		-364.69		-781.343
3578		42.7405		-900.612
3579		469.022		-791.869
3580		794.593		-471.31
3581		922.355		-13.8211
3582		804.293		465.656
3583		455.285		841.495
3584		-49.3328		1009.66
3585		-591.535		914.61
3586		-1039.06		564.327
3587		-1277.58		29.9624
3588		-1238.99		-569.684
3589		-919.251		-1095.36
3590		-381.494		-1420.13
3591		256.856		-1460.32
3592		850.476		-1197.12
3593		1260.36		-683.262
3594		1387.77		-32.2509
3595		1199.17		607.871
3596		735.482		1090.16
3597		102.545		1304.67
3598		-554.94		1205.12
3599		-1089.05		819.116
3600		-1384.27		239.618
3601		-1383.69		-399.638
3602		-1099.41		-957.337
3603		-605.828		-1317.4
3604		-18.8449		-1413.29
3605		532.302		-1239.11
3606		933.466		-846.483
3607		1108.21		-329.97
3608		1031.08		194.672
3609		730.324		614.748
3610		280.573		843.205
3611		-212.994		836.166
3612		-636.728		602.471
3613		-893.422		202.847
3614		-925.356		-262.471
3615		-729.862		-676.547
3616		-362.283		-934.758
3617		76.3241		-972.951
3618		465.158		-786.463
3619		697.029		-433.269
3620		709.503		-18.8688
3621		503.957		333.697
3622		145.896		520.013
3623		-254.206		485.446
3624		-573.836		241.375
3625		-714.869		-138.572
3626		-632.181		-540.835
3627		-345.993		-845.466
3628		65.0335		-960.455
3629		486.865		-846.861
3630		801.827		-528.362
3631		919.802		-83.809
3632		800.956		373.896
3633		465.169		726.342
3634		-12.9422		878.442
3635		-521.393		781.257
3636		-936.413		444.382
3637		-1150.96		-64.4584
3638		-1100.42		-632.722
3639		-780.072		-1127.14
3640		-249.815		-1424.16
3641		376.107		-1440.33
3642		953.415		-1155.26
3643		1341.48		-620.625
3644		1438.44		48.4957
3645		1208.64		699.107
3646		694.333		1176.88
3647		7.74931		1364.61
3648		-695.042		1212.16
3649		-1251.96		749.778
3650		-1534.42		81.1936
3651		-1478.26		-641.618
3652		-1098.49		-1255.12
3653		-484.547		-1622.89
3654		221.839		-1666.92
3655		860.386		-1384.41
3656		1289.27		-846.882
3657		1417.07		-182.57
3658		1222.77		453.66
3659		759.768		915.948
3660		143.005		1100.93
3661		-477.918		971.65
3662		-954.048		566.357
3663		-1172.82		-10.4215
3664		-1085.73		-613.01
3665		-720.793		-1090.49
3666		-175.952		-1324.77
3667		405.626		-1260.97
3668		872.522		-921.956
3669		1104.79		-402.496
3670		1045.74		155.823
3671		716.985		602.429
3672		212.425		818.191
3673		-327.288		747.398
3674		-752.906		412.554
3675		-946.929		-91.9746
3676		-855.267		-625.617
3677		-501.764		-1039.54
3678		18.1083		-1216.66
3679		562.567		-1103.18
3680		981.066		-723.348
3681		1154.23		-173.768
3682		1025.83		401.241
3683		618.474		846.917
3684		29.093		1038.35
3685		-594.923		913.526
3686		-1092.78		490.544
3687		-1331.28		-135.387
3688		-1239.23		-814.663
3689		-826.741		-1380.03
3690		-184.128		-1688.21
3691		539.089		-1655.97
3692		1170.15		-1281.69
3693		1555.05		-647.033
3694		1596.32		101.706
3695		1277.41		788.134
3696		667.809		1247.86
3697		-92.5556		1368.15
3698		-825.976		1115.61
3699		-1359.11		545.17
3700		-1564.65		-212.11
3701		-1392.44		-979.825
3702		-882.249		-1578.49
3703		-154.619		-1869.09
3704		618.333		-1787.17
3705		1255.25		-1358.53
3706		1610.39		-692.383
3707		1609.38		46.7131
3708		1266.65		680.776
3709		679.873		1063.3
3710		3.06963		1115.25
3711		-594.052		842.72
3712		-969.594		332.26
3713		-1044.23		-274.459
3714		-818.484		-818.98
3715		-368.903		-1167.03
3716		174.962		-1241.45
3717		665.86		-1039.16
3718		977.039		-628.778
3719		1033.78		-130.401
3720		830.83		316.802
3721		432.094		590.868
3722		-47.079		618.408
3723		-470.434		393.503
3724		-716.843		-20.5494
3725		-712.946		-507.393
3726		-454.001		-928.123
3727		-7.04519		-1158.79
3728		505.326		-1125.23
3729		937.136		-825.681
3730		1159.1		-334.116
3731		1095.71		217.411
3732		748.718		673.569
3733		199.714		898.39
3734		-409.652		813.896
3735		-914.764		423.614
3736		-1172.33		-185.948
3737		-1099.58		-866.508
3738		-697.54		-1446.12
3739		-52.1978		-1773.77
3740		686.573		-1758.6
3741		1342.4		-1393.47
3742		1756.33		-757.419
3743		1826.1		3.44869
3744		1531.33		711.248
3745		938.828		1199.2
3746		186.849		1351.75
3747		-547.615		1132.48
3748		-1091		593.224
3749		-1314.79		-137.83
3750		-1166.69		-886.638
3751		-683.522		-1475.17
3752		17.4831		-1764.67
3753		767.415		-1689.57
3754		1387.36		-1273.27
3755		1732.62		-621.73
3756		1728.11		103.763
3757		1385.95		727.482
3758		800.667		1103.23
3759		123.845		1150.07
3760		-475.095		870.815
3761		-851.613		349.136
3762		-921.494		-273.504
3763		-680.42		-834.734
3764		-203.256		-1192.6
3765		376.376		-1261.16
3766		901.027		-1031.63
3767		1230.28		-574.138
3768		1277.44		-19.1712
3769		1032.79		476.718
3770		566.993		772.828
3771		12.9134		782.963
3772		-469.979		500.265
3773		-739.726		0.722046
3774		-712.314		-576.583
3775		-386.645		-1067.74
3776		153.749		-1330.24
3777		763.374		-1283.78
3778		1275.49		-933.486
3779		1548.89		-368.576
3780		1507.02		262.818
3781		1158.07		794.932
3782		591.129		1089.23
3783		-49.3488		1070.09
3784		-602.377		742.154
3785		-931.143		186.261
3786		-955.177		-463.061
3787		-667.1		-1051.17
3788		-131.846		-1439.21
3789		529.623		-1534.55
3790		1167.51		-1310.28
3791		1635.61		-811.027
3792		1823.11		-144.301
3793		1680.03		541.406
3794		1231.01		1088.42
3795		573.258		1366.02
3796		-142.831		1303.15
3797		-747.854		909.054
3798		-1095.2		274.765
3799		-1099.7		-446.95
3800		-761.784		-1079.68
3801		-168.96		-1469.56
3802		526.945		-1526.43
3803		1150.83		-1247.49
3804		1551.61		-716.275
3805		1641.61		-77.5954
3806		1416.96		503.494
3807		953.932		886.011
3808		384.085		987.881
3809		-143.12		802.56
3810		-498.926		394.924
3811		-605.147		-120.095
3812		-449.152		-608.777
3813		-82.4206		-951.432
3814		395.089		-1069.57
3815		860.296		-942.501
3816		1196.61		-610.842
3817		1322.05		-166.281
3818		1210.01		270.724
3819		897.522		581.424
3820		477.538		680.815
3821		75.283		542.858
3822		-186.515		210.725
3823		-224.328		-212.849
3824		-21.0507		-594.236
3825		365.98		-809.103
3826		820.317		-781.715
3827		1201.37		-510.191
3828		1388.16		-68.6613
3829		1317.39		414.969
3830		1003.23		798.422
3831		532.446		968.455
3832		37.3567		874.132
3833		-343.903		539.951
3834		-506.511		56.1741
3835		-405.999		-448.68
3836		-66.7975		-843.395
3837		427.607		-1027.04
3838		957.734		-951.45
3839		1397.03		-629.826
3840		1639.8		-131.777
3841		1623.5		432.231
3842		1342.34		933.737
3843		850.688		1253.02
3844		254.831		1305.96
3845		-307.177		1066.3
3846		-695.709		577.32
3847		-804.442		-52.0939
3848		-591.299		-669.424
3849		-95.5912		-1115.48
3850		566.202		-1267.58
3851		1227.65		-1076.23
3852		1716.54		-583.084
3853		1903.48		87.2168
3854		1739.67		760.293
3855		1271.67		1260.84
3856		628.042		1461.98
3857		-17.7431		1319.97
3858		-496.4		884.044
3859		-688.722		279.597
3860		-555.194		-328.881
3861		-142.17		-783.022
3862		434.962		-970.958
3863		1024.9		-852.708
3864		1479.8		-465.824
3865		1690.78		87.9069
3866		1612		669.742
3867		1269.09		1138.12
3868		751.113		1382.07
3869		188.571		1347.12
3870		-278.245		1048.14
3871		-533.635		566.103
3872		-515.882		28.4917
3873		-233.989		-422.788
3874		233.556		-668.552
3875		758.894		-644.672
3876		1199.24		-360.107
3877		1436.32		105.349
3878		1409.21		623.634
3879		1130.65		1054.89
3880		681.877		1286.9
3881		187.762		1265.53
3882		-219.489		1007.41
3883		-436.967		591.946
3884		-417.248		136.373
3885		-177.584		-237.781
3886		208.843		-436.629
3887		635.352		-416.03
3888		990.581		-189.319
3889		1185.97		179.454
3890		1175.79		593.553
3891		966.243		947.791
3892		612.675		1153.58
3893		205.958		1159.8
3894		-149.158		965.412
3895		-359.588		620.799
3896		-367.933		216.762
3897		-169.002		-137.483
3898		186.316		-342.775
3899		602.342		-337.809
3900		963.412		-118.141
3901		1166.09		260.116
3902		1149.5		694.306
3903		914.341		1063.77
3904		523.961		1264.74
3905		86.6505		1240.85
3906		-275.686		999.755
3907		-462.82		610.616
3908		-424.573		183.552
3909		-173.969		-162.263
3910		218.11		-331.922
3911		644.123		-279.845
3912		989.928		-20.0905
3913		1164.81		379.682
3914		1123.64		817.637
3915		876.351		1184.44
3916		483.571		1390.2
3917		40.6841		1385.47
3918		-345.473		1172.15
3919		-581.916		802.585
3920		-611.513		367.239
3921		-427.034		-26.4647
3922		-73.9192		-279.81
3923		359.509		-327.388
3924		762.94		-154.605
3925		1031.7		196.894
3926		1094.32		638.331
3927		932.585		1056.07
3928		587.708		1341.69
3929		150.227		1421.8
3930		-264.411		1278.71
3931		-547.859		955.676
3932		-629.217		544.767
3933		-494.699		160.535
3934		-190.746		-92.6125
3935		190.262		-149.743
3936		537.238		-2.85292
3937		752.342		298.418
3938		778.263		662.528
3939		613.163		983.186
3940		309.479		1169.78
3941		-42.4314		1172.4
3942		-340.695		994.723
3943		-500.711		691.721
3944		-478.422		353.256
3945		-281.962		78.5454
3946		31.1365		-51.4915
3947		370.135		3.4355
3948		636.181		231.858
3949		749.545		573.49
3950		671.712		935.425
3951		416.411		1217.28
3952		46.5328		1338.58
3953		-342.337		1260.94
3954		-647.401		999.097
3955		-786.3		617.599
3956		-719.411		214.028
3957		-460.74		-106.67
3958		-74.5004		-259.816
3959		341.57		-203.142
3960		681.519		52.3882
3961		858.278		445.682
3962		825.45		881.386
3963		588.387		1254.06
3964		202.122		1474.31
3965		-242.819		1490.29
3966		-642.861		1299.61
3967		-906.405		949.133
3968		-975.503		523.019
3969		-839.217		122.215
3970		-535.727		-159.836
3971		-142.751		-259.566
3972		241.527		-158.511
3973		522.637		112.366
3974		633.317		480.554
3975		550.42		850.5
3976		300.622		1128.31
3977		-46.9784		1246.3
3978		-399.763		1180.65
3979		-667.03		957.038
3980		-784.787		642.415
3981		-732.633		325.062
3982		-537.696		88.9798
3983		-264.549		-9.68619
3984		5.4871		43.0281
3985		198.888		217.917
3986		270.481		454.61
3987		213.817		681.99
3988		58.8885		839.928
3989		-140.896		895.352
3990		-327.189		848.212
3991		-454.117		726.743
3992		-499.348		575.071
3993		-466.437		438.258
3994		-379.364		349.81
3995		-272.505		324.817
3996		-179.954		359.355
3997		-127.183		434.705
3998		-126.393		523.994
3999		-175.395		599.231
4000		-259.2		637.536
4001		-353.622		626.139
4002		-430.637		565.814
4003		-465.249		471.971
4004		-443.001		372.346
4005		-366.222		300.562
4006		-256.418		286.2
4007		-150.624		343.877
4008		-91.3735		465.2
4009		-112.547		617.464
4010		-225.748		751.079
4011		-412.596		814.474
4012		-626.858		771.908
4013		-806.921		617.794
4014		-895.023		381.784
4015		-856.726		121.947
4016		-693.587		-92.1866
4017		-444.259		-201.108
4018		-173.477		-173.915
4019		47.2528		-17.7257
4020		160.619		224.92
4021		139.296		489.204
4022		-7.9548		706.834
4023		-240.758		824.32
4024		-499.613		815.542
4025		-721.875		686.031
4026		-856.639		469.198
4027		-875.26		216.776
4028		-776.11		-13.5181
4029		-583.623		-170.427
4030		-342.46		-219.691
4031		-107.92		-151.202
4032		66.0036		18.4882
4033		138.95		249.232
4034		94.2493		486.086
4035		-56.1901		672.503
4036		-274.28		764.894
4037		-505.615		744.367
4038		-694.41		621.723
4039		-799.043		433.678
4040		-803.095		231.277
4041		-718.201		64.3524
4042		-578.019		-32.5825
4043		-425.891		-48.3162
4044		-301.036		5.39319
4045		-228.219		101.304
4046		-213.964		207.583
4047		-249.36		297.583
4048		-316.886		355.265
4049		-397.598		375.503
4050		-475.783		360.917
4051		-540.22		317.998
4052		-583.196		254.742
4053		-599.387		180.349
4054		-586.158		105.822
4055		-545.294		43.6568
4056		-484.684		5.49434
4057		-418.02		-1.77441
4058		-361.53		20.5061
4059		-328.499		61.9747
4060		-324.006		106.364
4061		-342.596		137.671
4062		-370.504		146.749
4063		-391.778		135.116
4064		-395.611		113.918
4065		-381.359		98.3101
4066		-358.711		99.8067
4067		-342.777		120.307
4068		-346.37		150.749
4069		-373.197		175.167
4070		-415.267		178.281
4071		-455.831		153.069
4072		-476.542		104.763
4073		-465.59		49.4141
4074		-423.168		7.69313
4075		-361.96		-3.32599
4076		-302.595		23.0944
4077		-266.122		80.7383
4078		-266.611		152.686
4079		-306.614		217.195
4080		-376.771		254.774
4081		-459.211		253.947
4082		-533.151		214.094
4083		-580.761		144.991
4084		-591.71		63.6637
4085		-565.485		-10.3065
4086		-511.24		-59.8508
4087		-445.326		-74.7708
4088		-387.011		-54.4659
4089		-353.251		-8.27075
4090		-353.796		46.9651
4091		-388.103		91.699
4092		-445.328		109.666
4093		-507.716		93.0374
4094		-556.453		44.8219
4095		-577.889		-22.5822

 
--------------------------------------


