InputSignal - Magnitude   FFT Frequency Resolution: 1.95312
 
0	1.49239
1	0.899226
2	0.886981
3	0.363664
4	1.29379
5	1.46106
6	1.38004
7	1.18264
8	1.50329
9	1.21068
10	0.97673
11	2.22914
12	1.82902
13	1.2216
14	1.00716
15	1.36991
16	1.59294
17	1.22271
18	0.208761
19	1.63104
20	1.53701
21	0.825622
22	0.960201
23	2.2843
24	2.39298
25	0.99197
26	1.43835
27	2.37136
28	3.10896
29	2.6991
30	1.89005
31	1.05913
32	1.52814
33	1.40707
34	1.84477
35	1.544
36	1.78887
37	1.38759
38	0.734089
39	0.416304
40	0.117877
41	0.961065
42	1.41778
43	1.29928
44	0.695557
45	0.466989
46	0.994012
47	1.37089
48	0.704694
49	1.04495
50	1.81059
51	1.12488
52	0.658344
53	1.25229
54	1.81486
55	1.65721
56	1.2231
57	0.798233
58	0.203613
59	0.608289
60	0.802163
61	0.807329
62	0.627891
63	0.611251
64	0.586633
65	1.01579
66	0.693771
67	0.381824
68	1.01221
69	0.724755
70	0.447003
71	0.670249
72	1.51749
73	1.55361
74	1.23367
75	0.694305
76	0.514751
77	1.17689
78	0.776875
79	1.45868
80	1.0055
81	0.616387
82	0.35916
83	0.471925
84	0.352316
85	0.35608
86	0.145167
87	0.390219
88	0.415451
89	0.330139
90	0.337516
91	0.627219
92	0.813025
93	0.431709
94	0.332563
95	0.81011
96	0.985823
97	0.482346
98	0.380608
99	0.18701
100	0.529318
101	1.16755
102	1.29944
103	0.574898
104	0.321362
105	0.289468
106	0.728136
107	0.707357
108	0.676338
109	0.76507
110	0.228321
111	0.347905
112	1.82099
113	1.34034
114	0.156465
115	0.34296
116	0.638877
117	0.706628
118	0.635057
119	0.287682
120	0.294951
121	0.385694
122	0.71643
123	0.171262
124	0.460475
125	0.03164
126	0.267189
127	0.528443
128	0.24683
129	0.507412
130	0.905942
131	0.430682
132	0.231297
133	0.106648
134	0.522263
135	0.98703
136	1.14703
137	0.517239
138	0.515095
139	1.06547
140	1.12478
141	0.505621
142	0.425746
143	0.940138
144	0.853148
145	0.754294
146	0.570559
147	0.0622813
148	0.452348
149	0.381121
150	0.669429
151	0.588003
152	0.116492
153	0.340131
154	0.221018
155	0.421875
156	0.932053
157	0.851693
158	0.824185
159	0.700386
160	0.44325
161	0.302639
162	0.763922
163	0.468361
164	0.266533
165	0.591165
166	0.805917
167	1.25904
168	1.18902
169	0.28431
170	0.111904
171	0.525281
172	0.818288
173	0.454511
174	0.254613
175	0.307282
176	0.442895
177	0.575735
178	0.594163
179	0.63254
180	0.626118
181	0.631227
182	0.250342
183	0.86381
184	0.73233
185	0.227447
186	0.171344
187	0.145184
188	0.505257
189	0.594705
190	0.383857
191	0.7707
192	0.406375
193	0.518803
194	0.746212
195	0.255781
196	0.18878
197	0.158494
198	0.444933
199	0.600915
200	0.406273
201	0.626205
202	0.478442
203	0.30495
204	0.135433
205	0.388664
206	0.660517
207	0.442054
208	0.222664
209	0.396376
210	0.183931
211	0.417821
212	0.0240807
213	0.150511
214	0.290621
215	0.369301
216	0.352955
217	0.537362
218	0.108238
219	0.310085
220	0.411866
221	0.451047
222	0.874289
223	0.58634
224	0.728943
225	0.919215
226	0.48595
227	0.416448
228	0.410938
229	0.31129
230	0.6082
231	0.721652
232	0.253394
233	0.191515
234	0.536444
235	0.562736
236	0.661502
237	0.553333
238	0.460635
239	0.57348
240	0.37766
241	0.156132
242	0.518577
243	0.690297
244	0.425348
245	0.10017
246	0.303453
247	0.377205
248	0.213756
249	0.210188
250	0.055426
251	0.275198
252	0.178271
253	0.397903
254	0.55067
255	0.456511
256	0.421377
257	0.410466
258	0.251567
259	0.499995
260	0.374205
261	0.274123
262	0.351742
263	0.289619
264	0.349213
265	0.303662
266	0.189865
267	0.445244
268	0.183272
269	0.674061
270	0.665768
271	0.312516
272	0.161208
273	0.0818861
274	0.329385
275	0.692848
276	0.203855
277	0.230171
278	0.169607
279	0.230903
280	0.310423
281	0.105047
282	0.0687065
283	0.132338
284	0.0938724
285	0.15334
286	0.473816
287	0.61055
288	0.192873
289	0.461214
290	0.328641
291	0.386187
292	0.576608
293	0.446355
294	0.292579
295	0.527674
296	0.788484
297	0.599256
298	0.430252
299	0.673167
300	0.527024
301	0.296099
302	0.539701
303	0.576195
304	0.13841
305	0.742813
306	0.943254
307	0.654841
308	0.298228
309	0.100794
310	0.417301
311	0.484135
312	0.122561
313	0.268612
314	0.157363
315	0.393693
316	0.346239
317	0.386023
318	0.358632
319	0.253059
320	0.111717
321	0.222028
322	0.360676
323	0.508805
324	0.338172
325	0.184747
326	0.321366
327	0.360848
328	0.277252
329	0.108393
330	0.232662
331	0.0246347
332	0.385257
333	0.501406
334	0.300344
335	0.352797
336	0.371171
337	0.415043
338	0.190713
339	0.173216
340	0.289615
341	0.181969
342	0.162998
343	0.0484206
344	0.145881
345	0.335503
346	0.235055
347	0.130261
348	0.285251
349	0.539234
350	0.406049
351	0.214539
352	0.664913
353	0.77711
354	0.534744
355	0.237147
356	0.345582
357	0.124742
358	0.035373
359	0.137471
360	0.441912
361	0.860023
362	0.629269
363	0.14296
364	0.395951
365	0.298107
366	0.354084
367	0.923854
368	0.505702
369	0.300643
370	0.352697
371	0.174432
372	0.264509
373	0.404928
374	0.124056
375	0.469875
376	0.190411
377	0.357227
378	0.322817
379	0.512506
380	0.457487
381	0.0537152
382	0.119241
383	0.0904119
384	0.204913
385	0.338336
386	0.0680443
387	0.340524
388	0.303686
389	0.456981
390	0.620432
391	0.337088
392	0.125459
393	0.4801
394	0.643255
395	0.263725
396	0.792546
397	0.629269
398	0.523638
399	0.326789
400	0.353731
401	0.229314
402	0.273794
403	0.459426
404	0.391065
405	0.424979
406	0.491177
407	0.704635
408	0.611675
409	0.174145
410	0.179115
411	0.0207363
412	0.201287
413	0.10681
414	0.0957403
415	0.0625838
416	0.268479
417	0.395956
418	0.115252
419	0.193632
420	0.224365
421	0.593724
422	0.730824
423	0.337804
424	0.375754
425	0.827133
426	0.459331
427	0.213821
428	0.199692
429	0.100496
430	0.363474
431	0.539947
432	0.274097
433	0.172759
434	0.236112
435	0.240214
436	0.330915
437	0.0548031
438	0.495851
439	0.523987
440	0.263314
441	0.11138
442	0.152196
443	0.271747
444	0.485043
445	0.576286
446	0.596603
447	0.357222
448	0.351154
449	0.432685
450	0.676967
451	0.81324
452	0.520717
453	0.300344
454	0.401449
455	0.534782
456	0.394738
457	0.0591753
458	0.377138
459	0.125172
460	0.521564
461	0.522388
462	0.235146
463	0.267774
464	0.323858
465	0.513804
466	0.504444
467	0.665423
468	0.44599
469	0.314909
470	0.384967
471	0.329802
472	0.302205
473	0.104263
474	0.298791
475	0.264827
476	0.248456
477	0.226084
478	0.0832962
479	0.548687
480	0.511446
481	0.342931
482	0.384065
483	0.499737
484	0.338476
485	0.344463
486	0.182176
487	0.052281
488	0.44206
489	0.5185
490	0.373045
491	0.306779
492	0.56699
493	0.39964
494	0.0873452
495	0.497356
496	0.840561
497	0.492588
498	0.151061
499	0.294573
500	0.413632
501	0.236036
502	0.605249
503	1.34055
504	1.16877
505	0.290003
506	0.518146
507	0.429047
508	0.137324
509	0.691836
510	0.864631
511	0.57267
512	0.192794
513	0.167834
514	0.275699
515	0.204221
516	0.59812
517	0.702702
518	0.855123
519	0.83871
520	0.377425
521	0.071914
522	0.325102
523	0.141593
524	0.438333
525	0.629565
526	0.520809
527	0.123185
528	0.591793
529	0.400955
530	0.243636
531	0.362509
532	0.0683523
533	0.155178
534	0.341241
535	0.12817
536	0.269872
537	0.0738642
538	0.343663
539	0.154426
540	0.0442634
541	0.214832
542	0.0381845
543	0.0817521
544	0.237729
545	0.205193
546	0.264371
547	0.152917
548	0.159221
549	0.351565
550	0.343754
551	0.175696
552	0.453524
553	0.481578
554	0.347555
555	0.35955
556	0.275936
557	0.0936042
558	0.0729098
559	0.126646
560	0.298287
561	0.688211
562	0.566468
563	0.191003
564	0.308207
565	0.587648
566	0.400032
567	0.426308
568	0.258897
569	0.172072
570	0.25522
571	0.363628
572	0.2853
573	0.280159
574	0.354561
575	0.498015
576	0.465658
577	0.333988
578	0.147222
579	0.482128
580	0.171239
581	0.228971
582	0.145144
583	0.287218
584	0.394525
585	0.432008
586	0.419204
587	0.711766
588	1.03227
589	0.572432
590	0.128645
591	0.142052
592	0.283858
593	0.232073
594	0.464123
595	0.260887
596	0.379049
597	0.537258
598	0.0705993
599	0.662515
600	0.525037
601	0.265626
602	0.350618
603	0.418595
604	0.293695
605	0.429695
606	0.507417
607	0.198827
608	0.190115
609	0.157677
610	0.297663
611	0.305903
612	0.151396
613	0.196579
614	0.286638
615	1.34043
616	1.0899
617	0.152446
618	0.275763
619	0.306583
620	0.355579
621	0.546392
622	0.43563
623	0.0783766
624	0.460048
625	0.519231
626	0.291727
627	0.17833
628	0.133881
629	0.234666
630	0.407193
631	0.431286
632	0.589375
633	0.582819
634	0.413366
635	0.38547
636	0.271529
637	0.0178657
638	0.141554
639	0.243095
640	0.328704
641	0.250062
642	0.0765694
643	0.259075
644	0.46158
645	0.0502849
646	0.292077
647	0.375724
648	0.257592
649	0.161315
650	0.340746
651	0.282016
652	0.321046
653	0.327235
654	0.0452041
655	0.222143
656	0.219607
657	0.147075
658	0.207093
659	0.242995
660	0.341964
661	0.467023
662	0.207912
663	0.398131
664	0.229214
665	0.101613
666	0.246445
667	0.223022
668	0.277942
669	0.215291
670	0.168971
671	0.447594
672	0.579676
673	0.207062
674	0.0643226
675	0.0798542
676	0.0760462
677	0.0581469
678	0.109403
679	0.157875
680	0.267714
681	0.184984
682	0.39558
683	0.401037
684	0.128161
685	0.452846
686	0.604219
687	0.506694
688	0.391256
689	0.221282
690	0.390407
691	0.686617
692	0.240013
693	0.293149
694	0.362329
695	0.516123
696	0.56865
697	0.431896
698	0.278098
699	0.169549
700	0.22439
701	0.331772
702	0.217572
703	0.267809
704	0.545605
705	0.519092
706	0.523193
707	0.314432
708	0.220617
709	0.202928
710	0.163632
711	0.121876
712	0.24712
713	0.389627
714	0.545136
715	0.57141
716	0.300146
717	0.358756
718	0.487883
719	0.219241
720	0.410297
721	0.600193
722	0.558874
723	0.51803
724	0.339533
725	0.149336
726	0.119075
727	0.363402
728	0.424557
729	0.36554
730	0.149385
731	0.124448
732	0.237834
733	0.227007
734	0.16677
735	0.130508
736	0.191795
737	0.266301
738	0.265607
739	0.181185
740	0.1223
741	0.144897
742	0.217198
743	0.301469
744	0.161585
745	0.23295
746	0.361601
747	0.386206
748	0.572765
749	0.532385
750	0.186744
751	0.179813
752	0.356447
753	0.328088
754	0.0864504
755	0.234814
756	0.308366
757	0.232451
758	0.393164
759	0.477379
760	0.223908
761	0.207227
762	0.520437
763	0.317676
764	0.301941
765	0.218634
766	0.217903
767	0.301207
768	0.0695807
769	0.405739
770	0.431186
771	0.251537
772	0.138683
773	0.219827
774	0.140903
775	0.117255
776	0.426942
777	0.535614
778	0.315822
779	0.195477
780	0.103561
781	0.297365
782	0.250287
783	0.551262
784	0.460612
785	0.293404
786	0.351421
787	0.387836
788	0.128178
789	0.167861
790	0.0702635
791	0.256893
792	0.21908
793	0.165301
794	0.366448
795	0.101523
796	0.0544315
797	0.196087
798	0.157206
799	0.247245
800	0.33656
801	0.127624
802	0.286342
803	0.319315
804	0.261568
805	0.0338522
806	0.270621
807	0.201339
808	0.419549
809	0.144667
810	0.32806
811	0.238032
812	0.116047
813	0.244414
814	0.429026
815	0.332554
816	0.17233
817	0.215632
818	0.25036
819	0.266862
820	0.310953
821	0.260113
822	0.217609
823	0.0909189
824	0.102703
825	0.240242
826	0.239029
827	0.273183
828	0.563731
829	0.54089
830	0.500736
831	0.369345
832	0.239852
833	0.395739
834	0.554102
835	0.401031
836	0.257094
837	0.376202
838	0.488192
839	0.538965
840	0.499741
841	0.391466
842	0.408921
843	0.324213
844	0.465242
845	0.270202
846	0.0732018
847	0.347739
848	0.480919
849	0.2964
850	0.330817
851	0.0498477
852	0.56871
853	0.448018
854	0.145524
855	0.146699
856	0.215326
857	0.354884
858	0.239496
859	0.315935
860	0.168021
861	0.384594
862	0.456555
863	0.19467
864	0.39712
865	0.397193
866	0.235649
867	0.0602112
868	0.0743525
869	0.0614857
870	0.259772
871	0.51141
872	0.235802
873	0.257362
874	0.156189
875	0.64003
876	0.698412
877	0.530673
878	0.517862
879	0.289686
880	0.15026
881	0.522272
882	0.612894
883	0.570114
884	0.384973
885	0.179085
886	0.107714
887	0.318223
888	0.443075
889	0.488829
890	0.274666
891	0.103544
892	0.261609
893	0.241744
894	0.144962
895	0.666523
896	0.774464
897	0.270284
898	0.152457
899	0.0800157
900	0.240942
901	0.424449
902	0.283405
903	0.309862
904	0.355984
905	0.126628
906	0.199672
907	0.16779
908	0.321588
909	0.353915
910	0.204622
911	0.0620306
912	0.284508
913	0.292954
914	0.35302
915	0.151191
916	0.0456273
917	0.273411
918	0.13282
919	0.381597
920	0.399014
921	0.293162
922	0.245217
923	0.137321
924	0.300687
925	0.47272
926	0.585707
927	0.418043
928	0.199916
929	0.306571
930	0.278046
931	0.0273866
932	0.0488314
933	0.265431
934	0.308578
935	0.562484
936	0.53996
937	0.334937
938	0.365572
939	0.861989
940	0.846595
941	0.298534
942	0.250463
943	0.0953607
944	0.283122
945	0.112183
946	0.322375
947	0.524921
948	0.373316
949	0.134909
950	0.401836
951	0.256775
952	0.200818
953	0.263362
954	0.399733
955	0.202948
956	0.342076
957	0.286837
958	0.089506
959	0.0440932
960	0.124209
961	0.315042
962	0.189284
963	0.327309
964	0.297879
965	0.480276
966	0.280045
967	0.233923
968	0.21648
969	0.322968
970	0.427228
971	0.130002
972	0.455791
973	0.334274
974	0.107497
975	0.310393
976	0.349613
977	0.406962
978	0.22914
979	0.119002
980	0.224163
981	0.218505
982	0.0730594
983	0.382156
984	0.290069
985	0.145619
986	0.0492029
987	0.0954576
988	0.135982
989	0.273051
990	0.0994936
991	0.00861815
992	0.422696
993	0.241452
994	0.526006
995	0.119914
996	0.126607
997	0.262971
998	0.1432
999	0.386244
1000	0.224428
1001	0.450795
1002	0.331223
1003	1.14249
1004	0.702273
1005	0.257713
1006	0.14532
1007	0.777458
1008	0.335896
1009	0.623087
1010	0.37558
1011	0.0788946
1012	0.748803
1013	0.281176
1014	0.717777
1015	0.497617
1016	0.313484
1017	0.771452
1018	0.821816
1019	0.903125
1020	0.264248
1021	2.6093
1022	10.288
1023	338.495
1024	600.612
1025	266.711
1026	7.10201
1027	3.38425
1028	0.78948
1029	0.60452
1030	1.82156
1031	0.452369
1032	0.420015
1033	0.387943
1034	0.179497
1035	0.530489
1036	0.134721
1037	0.464246
1038	0.222564
1039	0.207199
1040	0.525364
1041	0.646615
1042	0.840281
1043	0.488403
1044	0.679182
1045	0.304729
1046	0.335954
1047	0.273794
1048	0.187153
1049	0.261819
1050	0.281608
1051	0.103566
1052	0.161858
1053	0.0390666
1054	0.390904
1055	0.763563
1056	0.652845
1057	0.344962
1058	0.353215
1059	0.311934
1060	0.236358
1061	0.197754
1062	0.218354
1063	0.278318
1064	0.125532
1065	0.165914
1066	0.155128
1067	0.298865
1068	0.29226
1069	0.478377
1070	0.634543
1071	0.705752
1072	0.448049
1073	0.0505022
1074	0.231853
1075	0.466487
1076	0.574356
1077	0.428864
1078	0.223195
1079	0.207205
1080	0.188715
1081	0.122184
1082	0.318317
1083	0.255147
1084	0.146359
1085	0.297637
1086	0.0819822
1087	0.101355
1088	0.0753628
1089	0.355134
1090	0.443841
1091	0.250151
1092	0.190834
1093	0.347258
1094	0.324979
1095	0.357742
1096	0.337932
1097	0.212781
1098	0.222598
1099	0.25715
1100	0.383611
1101	0.123265
1102	0.0958981
1103	0.403998
1104	0.519419
1105	0.549562
1106	0.271954
1107	0.433081
1108	0.632099
1109	0.139974
1110	0.551887
1111	0.582039
1112	0.413383
1113	0.475364
1114	0.0978492
1115	0.147168
1116	0.237907
1117	0.317029
1118	0.0422698
1119	0.141991
1120	0.140996
1121	0.325127
1122	0.256039
1123	0.402764
1124	0.289626
1125	0.646936
1126	0.630331
1127	0.169459
1128	0.0942094
1129	0.241226
1130	0.495457
1131	0.613898
1132	0.553314
1133	0.515809
1134	0.26638
1135	0.270446
1136	0.183082
1137	0.176384
1138	0.393399
1139	0.223066
1140	0.232837
1141	0.340599
1142	0.361545
1143	0.468142
1144	0.195136
1145	0.391198
1146	0.248986
1147	0.160119
1148	0.188776
1149	0.108466
1150	0.273729
1151	0.710971
1152	0.671207
1153	0.931117
1154	0.688165
1155	0.511548
1156	0.19175
1157	0.130975
1158	0.193102
1159	0.299468
1160	0.247585
1161	0.274811
1162	0.231666
1163	0.210666
1164	0.24532
1165	0.510148
1166	0.56952
1167	0.564694
1168	0.33495
1169	0.0426924
1170	0.193125
1171	0.205864
1172	0.135162
1173	0.124178
1174	0.0532363
1175	0.0654517
1176	0.0599723
1177	0.420992
1178	0.454583
1179	0.142279
1180	0.250959
1181	0.333624
1182	0.175363
1183	0.0479118
1184	0.161326
1185	0.151952
1186	0.253122
1187	0.316806
1188	0.265493
1189	0.0993071
1190	0.404738
1191	0.557494
1192	0.57712
1193	0.234257
1194	0.125098
1195	0.266474
1196	0.136347
1197	0.150117
1198	0.358425
1199	0.389032
1200	0.388202
1201	0.227754
1202	0.203954
1203	0.392746
1204	0.284484
1205	0.326572
1206	0.517378
1207	0.425286
1208	0.141322
1209	0.297014
1210	0.321619
1211	0.274917
1212	0.245185
1213	0.321131
1214	0.123231
1215	0.0127537
1216	0.119271
1217	0.235398
1218	0.230887
1219	0.230728
1220	0.267826
1221	0.385846
1222	0.352412
1223	0.391294
1224	0.318317
1225	0.223142
1226	0.170423
1227	0.306859
1228	0.44392
1229	0.217486
1230	0.161502
1231	0.326603
1232	0.0581328
1233	0.202785
1234	0.111091
1235	0.228982
1236	0.351496
1237	0.43702
1238	0.349505
1239	0.221145
1240	0.579751
1241	0.611896
1242	0.393952
1243	0.215057
1244	0.173138
1245	0.333069
1246	0.337844
1247	0.230346
1248	0.315222
1249	0.342701
1250	0.371556
1251	0.48415
1252	0.170911
1253	0.13473
1254	0.277859
1255	0.306314
1256	0.256645
1257	0.134363
1258	0.435936
1259	0.407957
1260	0.246973
1261	0.432726
1262	0.111665
1263	0.207231
1264	0.249823
1265	0.248329
1266	0.127502
1267	0.177997
1268	0.0398327
1269	0.288573
1270	0.371861
1271	0.195088
1272	0.267658
1273	0.240659
1274	0.120982
1275	0.240732
1276	0.564281
1277	0.400887
1278	0.435919
1279	0.169004
1280	0.345475
1281	0.131294
1282	0.290053
1283	0.0519098
1284	0.298703
1285	0.548745
1286	0.410311
1287	0.171551
1288	0.100862
1289	0.0528772
1290	0.0646712
1291	0.349395
1292	0.262177
1293	0.0567313
1294	0.288929
1295	0.194384
1296	0.224403
1297	0.422734
1298	0.256682
1299	0.376918
1300	0.739476
1301	0.644742
1302	0.309981
1303	0.198012
1304	0.442254
1305	0.41797
1306	0.289963
1307	0.0680624
1308	0.212693
1309	0.254781
1310	0.118458
1311	0.334039
1312	0.386848
1313	0.116053
1314	0.192635
1315	0.077173
1316	0.416561
1317	0.617972
1318	0.859251
1319	0.43629
1320	0.118866
1321	0.10657
1322	0.377767
1323	0.402908
1324	0.255213
1325	0.251999
1326	0.170384
1327	0.299383
1328	0.148903
1329	0.450877
1330	0.559656
1331	0.229699
1332	0.289393
1333	0.535297
1334	0.593682
1335	0.34297
1336	0.114612
1337	0.19194
1338	0.417181
1339	0.387944
1340	0.374694
1341	0.234282
1342	0.140311
1343	0.168981
1344	0.208937
1345	0.234603
1346	0.348435
1347	0.503773
1348	0.19392
1349	0.222681
1350	0.242045
1351	0.105613
1352	0.363715
1353	0.512886
1354	0.293712
1355	0.108024
1356	0.224553
1357	0.0401254
1358	0.315585
1359	0.22765
1360	0.374242
1361	0.240484
1362	0.204266
1363	0.0895128
1364	0.335294
1365	0.548867
1366	0.521381
1367	0.638919
1368	0.574201
1369	0.494056
1370	0.373188
1371	0.074804
1372	0.177325
1373	0.38834
1374	0.375923
1375	0.334479
1376	0.875646
1377	0.752104
1378	0.45821
1379	0.654766
1380	0.387368
1381	0.257925
1382	0.46847
1383	0.201149
1384	0.388526
1385	0.257941
1386	0.156981
1387	0.211547
1388	0.399537
1389	0.35757
1390	0.266987
1391	0.501286
1392	0.3165
1393	0.298386
1394	0.306683
1395	0.285835
1396	0.371494
1397	0.280874
1398	0.237355
1399	0.161191
1400	0.178973
1401	0.211402
1402	0.411434
1403	0.297776
1404	0.0690932
1405	0.393169
1406	0.321856
1407	0.0356364
1408	0.207783
1409	0.310454
1410	0.0576015
1411	0.372381
1412	0.362467
1413	0.0718722
1414	0.273476
1415	0.432941
1416	0.267838
1417	0.136418
1418	0.155542
1419	0.0351592
1420	0.130535
1421	0.193846
1422	0.283802
1423	0.234276
1424	0.245881
1425	0.380435
1426	0.468158
1427	0.260148
1428	0.322411
1429	0.381246
1430	0.235878
1431	0.289349
1432	1.29605
1433	1.43327
1434	0.232523
1435	0.04535
1436	0.193869
1437	0.0552936
1438	0.228358
1439	0.149662
1440	0.286251
1441	0.247894
1442	0.293442
1443	0.396141
1444	0.143091
1445	0.11814
1446	0.17429
1447	0.392945
1448	0.725174
1449	0.912969
1450	0.604184
1451	0.186125
1452	0.300027
1453	0.317884
1454	0.352114
1455	0.115855
1456	0.0557522
1457	0.0784328
1458	0.0937671
1459	0.248479
1460	0.508218
1461	0.304398
1462	0.353043
1463	0.604437
1464	0.487742
1465	0.524318
1466	0.326695
1467	0.0423027
1468	0.267073
1469	0.434401
1470	0.342607
1471	0.283161
1472	0.350257
1473	0.253876
1474	0.310841
1475	0.33467
1476	0.364205
1477	0.329198
1478	0.0119762
1479	0.197615
1480	0.401114
1481	0.552905
1482	0.591044
1483	0.353144
1484	0.313035
1485	0.401617
1486	0.533942
1487	0.329233
1488	0.169476
1489	0.0510492
1490	0.32976
1491	0.421499
1492	0.224852
1493	0.0832153
1494	0.212801
1495	0.2302
1496	0.26157
1497	0.169995
1498	0.07831
1499	0.159916
1500	0.22317
1501	0.350545
1502	0.499806
1503	0.402311
1504	0.0968642
1505	0.0795944
1506	0.25484
1507	0.131226
1508	0.302302
1509	0.258599
1510	0.265204
1511	0.55435
1512	0.581131
1513	0.565269
1514	0.512351
1515	0.240088
1516	0.157829
1517	0.136964
1518	0.146263
1519	0.159333
1520	0.243434
1521	0.0273728
1522	0.362912
1523	0.286462
1524	0.191207
1525	0.122956
1526	0.152784
1527	0.288583
1528	0.218407
1529	0.400648
1530	0.256513
1531	0.424164
1532	0.390067
1533	0.186609
1534	0.165246
1535	0.143916
1536	0.240432
1537	0.281362
1538	0.706129
1539	0.893301
1540	0.457685
1541	0.466498
1542	0.476887
1543	0.454367
1544	1.17035
1545	1.38022
1546	0.502113
1547	0.124002
1548	0.198379
1549	0.391794
1550	0.134919
1551	0.399768
1552	0.463527
1553	0.462971
1554	0.314177
1555	0.0214254
1556	0.28362
1557	0.405784
1558	0.439332
1559	0.529221
1560	0.26208
1561	0.335139
1562	0.620036
1563	0.454661
1564	0.0802159
1565	0.227797
1566	0.0221676
1567	0.535706
1568	0.145603
1569	0.492411
1570	0.670277
1571	0.677183
1572	0.272177
1573	0.221861
1574	0.364879
1575	0.31054
1576	0.378146
1577	0.760295
1578	0.425672
1579	0.216264
1580	0.242519
1581	0.486475
1582	0.410472
1583	0.456475
1584	0.554301
1585	0.261743
1586	0.269694
1587	0.318713
1588	0.254764
1589	0.274592
1590	0.305904
1591	0.245909
1592	0.013477
1593	0.368271
1594	0.284216
1595	0.297188
1596	0.182475
1597	0.141385
1598	0.0939887
1599	0.0483379
1600	0.0757143
1601	0.457129
1602	0.793025
1603	0.861482
1604	0.937771
1605	0.654185
1606	0.227518
1607	0.261788
1608	0.355688
1609	0.404785
1610	0.526354
1611	0.60799
1612	0.556962
1613	0.411088
1614	0.329667
1615	0.359108
1616	0.369098
1617	0.0843511
1618	0.217028
1619	0.253518
1620	0.277371
1621	0.321851
1622	0.392902
1623	0.192511
1624	0.435152
1625	0.55996
1626	0.418319
1627	0.253816
1628	0.0921245
1629	0.304521
1630	0.248246
1631	0.35892
1632	0.391457
1633	0.334127
1634	0.421888
1635	0.73967
1636	0.667712
1637	0.249946
1638	0.389242
1639	0.664356
1640	0.615787
1641	0.446038
1642	0.455305
1643	0.657797
1644	0.498502
1645	0.26474
1646	0.312335
1647	0.410046
1648	0.218141
1649	0.219968
1650	0.0578284
1651	0.0834386
1652	0.535588
1653	0.519191
1654	0.399215
1655	0.378143
1656	0.0531186
1657	0.622638
1658	0.613757
1659	0.136776
1660	0.0969248
1661	0.0912531
1662	0.253445
1663	0.272919
1664	0.122554
1665	0.290137
1666	0.287993
1667	0.16853
1668	0.274256
1669	0.506312
1670	0.380013
1671	0.113027
1672	0.307557
1673	0.426273
1674	0.440147
1675	0.231357
1676	0.226962
1677	0.49563
1678	0.424762
1679	0.197365
1680	0.112534
1681	0.250736
1682	0.358789
1683	0.13979
1684	0.209808
1685	0.325273
1686	0.324407
1687	0.374453
1688	0.505222
1689	0.445896
1690	0.0767092
1691	0.0833074
1692	0.129954
1693	0.143029
1694	0.249719
1695	0.383047
1696	0.437397
1697	0.540788
1698	0.00631176
1699	0.294054
1700	0.26465
1701	0.272216
1702	0.553578
1703	0.994506
1704	0.588981
1705	0.388171
1706	0.205876
1707	0.165998
1708	0.299036
1709	0.221296
1710	0.0214224
1711	0.117782
1712	0.318402
1713	0.161612
1714	0.173052
1715	0.529729
1716	0.452464
1717	0.138564
1718	0.0655439
1719	0.119104
1720	0.138699
1721	0.0342565
1722	0.0817489
1723	0.112908
1724	0.0741302
1725	0.175121
1726	0.136192
1727	0.204983
1728	0.275976
1729	0.502464
1730	0.534776
1731	0.671421
1732	0.413027
1733	0.0183018
1734	0.120398
1735	0.300819
1736	0.279874
1737	0.122945
1738	0.159179
1739	0.18348
1740	0.116833
1741	0.377183
1742	0.380465
1743	0.192887
1744	0.187185
1745	0.273896
1746	0.249481
1747	0.169204
1748	0.306581
1749	0.55632
1750	0.624447
1751	0.222032
1752	0.166805
1753	0.166847
1754	0.159622
1755	0.394353
1756	0.495907
1757	0.298827
1758	0.353302
1759	0.658186
1760	0.6654
1761	0.298822
1762	0.233457
1763	0.270634
1764	0.259712
1765	0.321956
1766	0.162252
1767	0.211798
1768	0.477393
1769	0.410895
1770	0.203284
1771	0.066038
1772	0.158816
1773	0.330386
1774	0.233089
1775	0.447804
1776	0.511577
1777	0.202404
1778	0.145372
1779	0.126561
1780	0.405061
1781	0.115089
1782	0.459308
1783	0.642936
1784	0.375496
1785	0.385174
1786	0.425996
1787	0.41769
1788	0.585368
1789	0.559863
1790	0.445587
1791	0.492106
1792	0.113858
1793	0.143579
1794	0.162928
1795	0.110184
1796	0.525533
1797	0.349523
1798	0.10433
1799	0.435244
1800	0.435067
1801	0.583964
1802	0.519322
1803	0.267588
1804	0.174105
1805	0.153625
1806	0.111802
1807	0.171082
1808	0.175736
1809	0.194518
1810	0.23393
1811	0.387237
1812	0.128392
1813	0.161762
1814	0.275593
1815	0.427725
1816	0.541036
1817	0.542134
1818	0.277613
1819	0.0483597
1820	0.223039
1821	0.356764
1822	0.276159
1823	0.158535
1824	0.379786
1825	0.586802
1826	0.692226
1827	0.623896
1828	0.467771
1829	0.644378
1830	0.607155
1831	0.196913
1832	0.195224
1833	0.440692
1834	0.491261
1835	0.570176
1836	0.451172
1837	0.208094
1838	0.27673
1839	0.291123
1840	0.43992
1841	0.17631
1842	0.397539
1843	0.25664
1844	0.209863
1845	0.198207
1846	0.188123
1847	0.202927
1848	0.211235
1849	0.117022
1850	0.183129
1851	0.165884
1852	0.101703
1853	0.317871
1854	0.29531
1855	0.0241909
1856	0.355761
1857	0.349677
1858	0.131101
1859	0.352748
1860	0.451682
1861	0.161502
1862	0.562515
1863	0.493135
1864	0.231695
1865	0.118873
1866	0.268125
1867	0.415664
1868	0.41786
1869	0.259747
1870	0.26918
1871	0.592027
1872	0.540059
1873	0.319492
1874	0.181694
1875	0.0999344
1876	0.12032
1877	0.353524
1878	0.543194
1879	0.563193
1880	1.9102
1881	1.31943
1882	0.513701
1883	0.667777
1884	0.664357
1885	0.211684
1886	0.27124
1887	0.239435
1888	0.251323
1889	0.48624
1890	0.403111
1891	0.259999
1892	0.118831
1893	0.223708
1894	0.423267
1895	0.465868
1896	0.479746
1897	0.362028
1898	0.231065
1899	0.184995
1900	0.0703974
1901	0.328003
1902	0.634215
1903	0.748368
1904	0.588116
1905	0.206279
1906	0.152354
1907	0.479785
1908	0.719312
1909	0.474302
1910	0.317656
1911	0.0837254
1912	0.476508
1913	0.443521
1914	0.417939
1915	0.454563
1916	0.32243
1917	0.0634322
1918	0.21379
1919	0.331794
1920	0.425178
1921	0.425319
1922	0.11193
1923	0.169848
1924	0.278124
1925	0.319004
1926	0.423315
1927	0.565646
1928	0.301451
1929	0.110735
1930	0.401106
1931	0.729049
1932	0.630598
1933	0.538121
1934	0.313271
1935	1.00513
1936	1.59971
1937	0.194757
1938	0.730668
1939	0.326821
1940	0.461138
1941	0.669944
1942	0.32776
1943	0.0695878
1944	0.150731
1945	0.570097
1946	1.57913
1947	1.09257
1948	0.63508
1949	0.535942
1950	0.412125
1951	0.216626
1952	0.162267
1953	0.347998
1954	0.520318
1955	0.386735
1956	0.227185
1957	0.21279
1958	0.299635
1959	0.429346
1960	0.348657
1961	0.144582
1962	0.130531
1963	0.0695315
1964	0.165543
1965	0.168323
1966	0.114524
1967	0.063274
1968	0.315673
1969	0.46512
1970	0.361073
1971	0.444117
1972	0.0510587
1973	0.287796
1974	0.507071
1975	0.561713
1976	0.284812
1977	0.163048
1978	0.364385
1979	0.272029
1980	0.453055
1981	0.287563
1982	0.51283
1983	0.107826
1984	0.250871
1985	0.282411
1986	0.191146
1987	0.628097
1988	0.575402
1989	0.633081
1990	0.481684
1991	0.735501
1992	1.54724
1993	1.33429
1994	0.742849
1995	0.600262
1996	0.671696
1997	0.1448
1998	0.711703
1999	0.908747
2000	0.78692
2001	1.21031
2002	1.27406
2003	0.465961
2004	0.338029
2005	0.810506
2006	0.92455
2007	0.469074
2008	0.181057
2009	0.199842
2010	0.378943
2011	0.245375
2012	0.140468
2013	0.718432
2014	1.18197
2015	1.24573
2016	0.51545
2017	1.08445
2018	1.19556
2019	0.872195
2020	1.13324
2021	0.968233
2022	0.176713
2023	1.12187
2024	0.712013
2025	0.638986
2026	1.12686
2027	1.40562
2028	0.890683
2029	0.548811
2030	1.20214
2031	1.44735
2032	1.05582
2033	0.760833
2034	1.23018
2035	1.65128
2036	1.22103
2037	0.829631
2038	0.83369
2039	0.78807
2040	1.73086
2041	2.17688
2042	2.01366
2043	1.65457
2044	0.93089
2045	0.342671
2046	0.244524
2047	1.25186
