InputSignal - Magnitude   FFT Frequency Resolution: 0.976562
 
0	1.02132
1	0.842477
2	0.858284
3	0.495986
4	0.736387
5	1.03027
6	4.79156
7	3.99534
8	0.92765
9	2.88629
10	2.61058
11	2.3551
12	3.00194
13	3.44106
14	4.59296
15	4.73161
16	0.487044
17	1.79584
18	1.6395
19	2.49994
20	2.53343
21	4.81903
22	5.24892
23	6.34508
24	7.96641
25	6.51693
26	4.1849
27	0.458261
28	2.7229
29	2.6822
30	3.91197
31	5.80783
32	4.32934
33	1.08972
34	3.65356
35	6.01698
36	4.20827
37	4.64519
38	5.26239
39	2.11897
40	1.97317
41	3.79345
42	6.30196
43	9.42888
44	10.08
45	7.49552
46	5.1228
47	1.98753
48	0.8892
49	2.29274
50	2.65917
51	1.65206
52	2.19729
53	3.92792
54	1.24106
55	3.09238
56	2.07783
57	0.169143
58	3.05657
59	3.64585
60	0.536758
61	2.24734
62	1.94038
63	2.82819
64	3.43895
65	1.95938
66	1.16869
67	2.83465
68	3.23218
69	2.56447
70	2.45509
71	3.16594
72	2.32511
73	1.12146
74	0.766789
75	0.751421
76	1.01849
77	1.45902
78	0.745496
79	0.407483
80	0.396014
81	0.298946
82	0.505842
83	1.97162
84	2.84541
85	3.01611
86	1.63294
87	1.30702
88	1.81354
89	3.94016
90	3.41339
91	0.672281
92	2.47288
93	2.26145
94	0.956222
95	0.884318
96	2.14016
97	2.28803
98	2.75809
99	3.01281
100	2.47851
101	0.661349
102	1.86848
103	1.03543
104	1.14277
105	0.429137
106	0.503241
107	0.445411
108	1.2693
109	1.33732
110	1.0049
111	6.66956
112	7.74082
113	1.25301
114	1.52296
115	2.03162
116	1.36648
117	1.11234
118	1.72327
119	1.53529
120	1.47136
121	1.99057
122	1.3568
123	0.408031
124	1.29914
125	2.00041
126	1.17973
127	2.58097
128	3.01604
129	1.54529
130	0.49497
131	1.54443
132	1.66272
133	2.37831
134	2.8901
135	1.51452
136	1.78521
137	1.37985
138	1.77639
139	1.19917
140	0.563608
141	0.711625
142	1.04435
143	1.42207
144	1.97802
145	1.44076
146	0.468355
147	1.03984
148	0.189362
149	0.802768
150	1.13405
151	1.20599
152	1.37094
153	1.45087
154	1.34521
155	0.351394
156	0.278613
157	1.2208
158	1.41521
159	1.75137
160	1.78238
161	1.47413
162	1.54739
163	1.66009
164	1.65634
165	1.84215
166	2.00397
167	0.695761
168	0.582626
169	1.52886
170	1.9123
171	1.40811
172	2.75615
173	3.36173
174	1.70632
175	1.68975
176	1.03639
177	0.706656
178	0.412252
179	0.790704
180	0.779319
181	0.594883
182	0.490128
183	0.757094
184	0.0669653
185	0.573619
186	0.765367
187	0.571256
188	1.20537
189	0.48644
190	2.68734
191	3.64595
192	3.28478
193	1.0132
194	0.39363
195	0.925318
196	2.12054
197	1.4685
198	0.965319
199	0.747436
200	1.34893
201	1.63351
202	4.61843
203	10.8134
204	8.11142
205	2.79766
206	2.51578
207	1.61
208	1.19399
209	1.91053
210	1.35497
211	1.4946
212	1.75299
213	0.534722
214	0.965877
215	0.847924
216	0.727964
217	0.840373
218	0.481975
219	1.94443
220	3.09706
221	3.36234
222	4.26809
223	6.50226
224	3.81446
225	1.49023
226	1.8997
227	1.19773
228	1.10847
229	0.87968
230	0.604012
231	0.746667
232	1.08957
233	1.16508
234	0.928092
235	1.53934
236	0.896488
237	0.628974
238	1.191
239	1.15776
240	0.573764
241	0.224226
242	0.548528
243	0.971336
244	1.18953
245	0.882382
246	2.11705
247	1.7675
248	0.834303
249	0.30538
250	0.517373
251	0.976472
252	1.22638
253	1.42902
254	1.285
255	0.445365
256	0.749778
257	1.12707
258	0.941139
259	1.12146
260	0.77694
261	0.542852
262	1.00436
263	1.80825
264	1.34606
265	0.90733
266	1.97859
267	1.99847
268	0.744934
269	0.851732
270	1.15337
271	1.76886
272	0.977879
273	0.530987
274	0.683783
275	0.683847
276	1.19819
277	1.07528
278	0.887787
279	1.60212
280	1.85508
281	1.17376
282	0.530324
283	0.970153
284	1.28998
285	0.994614
286	1.03487
287	0.639319
288	0.867508
289	1.06662
290	0.264685
291	1.7334
292	1.88766
293	0.748282
294	0.77834
295	0.527845
296	1.07012
297	0.800128
298	0.652819
299	0.827301
300	1.0019
301	1.18116
302	1.351
303	0.794135
304	0.771546
305	0.547741
306	0.653077
307	0.771153
308	0.45208
309	0.289557
310	1.13254
311	1.46724
312	2.49531
313	3.00053
314	3.11456
315	2.15495
316	0.580327
317	0.888609
318	0.681668
319	0.234595
320	0.460127
321	0.527068
322	0.457461
323	0.734254
324	0.70777
325	0.438598
326	0.74666
327	0.870933
328	0.999168
329	1.12895
330	1.74821
331	1.93929
332	1.6174
333	0.801387
334	3.17615
335	7.19722
336	4.25059
337	1.62954
338	0.936828
339	0.710342
340	0.944993
341	0.514732
342	0.439642
343	0.408958
344	0.713379
345	0.514131
346	1.09222
347	1.14149
348	0.306379
349	0.303308
350	0.500448
351	0.725196
352	0.705649
353	0.282419
354	0.32994
355	0.54976
356	0.520589
357	0.652179
358	0.566139
359	0.292712
360	0.214019
361	0.344592
362	0.105292
363	0.850245
364	1.46864
365	0.970433
366	0.152847
367	0.33386
368	1.14059
369	1.22602
370	1.01155
371	0.0913254
372	0.80672
373	0.525512
374	0.191103
375	0.593225
376	0.963119
377	0.9788
378	0.870531
379	1.28922
380	0.587906
381	0.510375
382	0.585033
383	0.38684
384	0.887754
385	1.56906
386	1.51771
387	0.848091
388	0.176693
389	0.27646
390	0.779344
391	1.37384
392	1.34581
393	0.803694
394	0.500752
395	0.62852
396	0.405953
397	1.00319
398	0.0525414
399	0.901576
400	0.200604
401	0.677658
402	0.824382
403	0.5539
404	1.31877
405	1.45458
406	0.529423
407	1.03954
408	0.606002
409	0.855241
410	0.660891
411	0.655247
412	0.879661
413	0.874318
414	0.509489
415	1.34817
416	1.74816
417	0.772028
418	0.230877
419	0.676502
420	1.51833
421	1.04362
422	1.10212
423	1.35467
424	1.29718
425	0.852278
426	0.441149
427	1.0508
428	1.22393
429	0.658333
430	0.593458
431	0.543658
432	0.148965
433	0.898595
434	1.36126
435	1.10784
436	0.755679
437	1.43313
438	0.127199
439	1.41712
440	1.81999
441	2.80316
442	3.21088
443	1.59671
444	0.461589
445	1.25096
446	0.582523
447	2.01954
448	2.03044
449	0.898355
450	1.32598
451	1.20397
452	0.44178
453	1.03624
454	0.429259
455	0.286436
456	0.199867
457	0.708046
458	1.23193
459	0.74189
460	1.15274
461	1.4672
462	0.764374
463	0.56398
464	0.737365
465	0.342466
466	0.339608
467	0.139204
468	0.406114
469	0.998404
470	0.898536
471	0.557695
472	0.561417
473	0.903107
474	0.775497
475	0.745685
476	0.705771
477	0.470975
478	0.495663
479	0.294755
480	0.474589
481	0.47779
482	0.73282
483	0.455981
484	0.751031
485	0.840799
486	0.452566
487	0.564579
488	1.22761
489	1.1321
490	0.498951
491	0.132125
492	0.365851
493	0.860905
494	0.178617
495	0.553465
496	0.305667
497	0.576017
498	0.823063
499	0.547933
500	0.557905
501	0.917307
502	1.18278
503	0.777523
504	0.464706
505	0.71316
506	0.45168
507	1.18555
508	1.15279
509	0.715419
510	0.29948
511	0.790078
512	0.366669
513	0.390691
514	0.469506
515	0.310022
516	0.843315
517	1.12542
518	1.47026
519	1.00999
520	0.56519
521	0.185162
522	1.00032
523	1.72652
524	1.08018
525	0.956234
526	0.579764
527	0.677335
528	1.28862
529	0.96704
530	0.309204
531	0.814701
532	0.251118
533	0.155296
534	0.315643
535	0.459172
536	0.70887
537	1.06961
538	0.9314
539	0.242147
540	0.723225
541	0.371456
542	1.00942
543	1.16534
544	0.230782
545	0.455664
546	0.504079
547	0.604355
548	0.645181
549	0.351566
550	0.447817
551	0.738475
552	0.406733
553	0.597503
554	0.750054
555	0.810953
556	0.739325
557	0.956778
558	1.45785
559	0.968955
560	0.768117
561	0.892671
562	0.120173
563	0.807282
564	0.304545
565	0.944365
566	0.702254
567	0.648261
568	0.401592
569	0.759792
570	0.0331848
571	0.653801
572	0.76879
573	0.981493
574	0.587174
575	1.09276
576	0.540317
577	0.270946
578	0.312126
579	0.649253
580	1.15037
581	0.799289
582	0.842812
583	1.00852
584	1.10798
585	0.912517
586	0.217223
587	1.05201
588	0.179959
589	0.808205
590	0.592599
591	0.308916
592	0.88911
593	1.64459
594	1.19586
595	0.60306
596	0.94313
597	0.619698
598	0.332287
599	0.545288
600	0.582756
601	0.905193
602	0.827035
603	0.473636
604	0.64702
605	0.571826
606	0.415466
607	0.891078
608	1.06609
609	0.691998
610	0.348493
611	0.691544
612	0.40203
613	0.501059
614	0.31399
615	0.255303
616	0.588828
617	0.829965
618	0.487389
619	0.350545
620	0.519462
621	0.652211
622	1.25897
623	0.931685
624	0.12556
625	0.79584
626	0.362814
627	0.985611
628	0.820049
629	0.40281
630	0.996713
631	1.36206
632	1.50722
633	1.11841
634	0.817201
635	0.581398
636	0.205565
637	0.173505
638	0.318134
639	0.456069
640	1.06253
641	0.465491
642	1.01515
643	1.00946
644	1.64029
645	1.77599
646	0.550594
647	0.559219
648	0.992009
649	1.29178
650	0.77684
651	0.36129
652	0.232727
653	0.53732
654	1.12454
655	1.52505
656	1.23282
657	0.794461
658	0.215098
659	0.430927
660	0.561811
661	0.664312
662	0.305301
663	0.296784
664	0.851931
665	1.41619
666	1.27983
667	0.812642
668	0.515262
669	0.823801
670	1.66209
671	0.595339
672	0.734487
673	0.315391
674	0.889189
675	0.303672
676	0.393604
677	0.396275
678	0.637547
679	0.710276
680	0.392087
681	0.40105
682	0.433457
683	0.568683
684	0.67275
685	0.295708
686	0.314058
687	0.699218
688	0.404172
689	0.54046
690	0.142621
691	0.464421
692	0.270105
693	0.27937
694	0.76681
695	0.72419
696	0.725829
697	0.284132
698	0.145826
699	0.337622
700	0.479121
701	0.478869
702	0.573155
703	0.175245
704	0.14827
705	0.380429
706	0.627583
707	1.5288
708	1.18588
709	0.45151
710	0.108469
711	0.310216
712	0.440276
713	0.287019
714	0.502579
715	0.617523
716	0.812735
717	0.579646
718	0.656846
719	0.977391
720	0.802806
721	0.404316
722	0.958837
723	0.535727
724	0.61494
725	0.681213
726	0.611458
727	0.763611
728	1.45611
729	0.905248
730	1.13814
731	0.648487
732	0.276692
733	0.137475
734	0.340386
735	0.204907
736	0.181988
737	0.24278
738	0.730245
739	1.23015
740	0.834212
741	1.01918
742	0.899049
743	0.0953936
744	0.601514
745	0.848756
746	0.463408
747	0.0603685
748	0.386099
749	0.337553
750	0.910987
751	0.825047
752	0.499119
753	0.0788307
754	0.0079942
755	0.542441
756	0.621892
757	0.610601
758	0.593131
759	0.178251
760	0.579127
761	0.689426
762	0.85926
763	1.37769
764	1.15179
765	0.469275
766	0.332812
767	0.640976
768	0.51169
769	0.386532
770	0.602191
771	0.358826
772	0.289572
773	0.443212
774	0.585943
775	0.619768
776	0.360248
777	0.366912
778	0.487125
779	0.626621
780	0.652579
781	1.35149
782	1.48364
783	0.609343
784	0.227645
785	0.359868
786	0.0636056
787	0.296655
788	0.21264
789	0.353659
790	0.539164
791	0.545558
792	0.299395
793	0.698067
794	0.330501
795	0.418281
796	0.81323
797	1.17543
798	1.05717
799	0.516287
800	0.797774
801	0.946529
802	0.732582
803	0.498068
804	0.773363
805	1.03026
806	0.394797
807	0.28749
808	0.57045
809	0.787264
810	0.830655
811	0.606837
812	0.547035
813	0.262934
814	0.421635
815	0.259318
816	0.558515
817	1.30302
818	0.959047
819	0.87727
820	0.704708
821	0.311971
822	0.814207
823	0.704176
824	0.262599
825	1.07364
826	1.80757
827	0.856649
828	0.681256
829	0.948903
830	0.262404
831	0.214806
832	0.441494
833	0.151113
834	0.690039
835	0.913049
836	0.591684
837	0.36443
838	0.451396
839	0.496712
840	0.339737
841	0.316345
842	0.604862
843	1.06127
844	0.885629
845	0.253101
846	0.42107
847	0.424901
848	0.340151
849	0.421826
850	0.836345
851	0.758589
852	0.53157
853	0.213572
854	0.404967
855	0.818136
856	0.418134
857	0.281704
858	0.459333
859	1.10427
860	1.03985
861	0.657683
862	0.222448
863	0.351503
864	0.225157
865	0.740712
866	1.05785
867	0.367228
868	0.811037
869	0.333311
870	0.519316
871	0.607334
872	0.819397
873	0.234293
874	0.495366
875	0.330054
876	0.40991
877	0.443307
878	0.573166
879	1.00734
880	1.0631
881	1.01486
882	0.942231
883	1.05038
884	1.3523
885	1.42959
886	0.552601
887	1.09922
888	1.63908
889	0.844575
890	0.423857
891	0.957258
892	1.24878
893	0.444543
894	0.863981
895	0.4002
896	0.657285
897	0.501222
898	0.917225
899	1.1545
900	0.749993
901	0.122348
902	0.819295
903	0.781847
904	0.655881
905	0.794609
906	0.241641
907	0.0759585
908	0.377469
909	0.494246
910	0.478772
911	1.32576
912	1.52056
913	0.638854
914	0.374816
915	0.208128
916	0.408063
917	0.521533
918	0.634288
919	0.499723
920	0.52336
921	0.480955
922	0.0265123
923	0.294269
924	0.928182
925	1.01006
926	0.296068
927	0.122726
928	0.3644
929	0.303597
930	0.738907
931	0.740562
932	0.926939
933	0.80393
934	0.53047
935	0.871681
936	0.831799
937	0.363598
938	0.530471
939	0.587915
940	0.596481
941	0.556695
942	0.32375
943	0.166055
944	0.0891978
945	0.154832
946	0.106527
947	0.417198
948	0.0866375
949	0.866158
950	0.213938
951	0.743438
952	0.415443
953	0.509765
954	0.482553
955	0.399742
956	0.510445
957	0.593375
958	0.578526
959	0.435155
960	1.18085
961	0.932221
962	0.394344
963	0.612394
964	0.788835
965	0.609016
966	0.749291
967	0.205539
968	1.22035
969	1.52815
970	0.882829
971	0.528735
972	0.608407
973	0.920153
974	0.858282
975	0.218497
976	0.352638
977	0.449005
978	0.186256
979	0.0904786
980	0.378402
981	0.384437
982	0.298366
983	0.10014
984	0.683393
985	0.633896
986	0.797426
987	1.00549
988	0.27071
989	0.965987
990	0.637894
991	0.0767453
992	0.396486
993	0.790303
994	0.545741
995	0.378066
996	0.691278
997	0.752818
998	0.925501
999	0.942177
1000	0.735431
1001	0.525608
1002	0.536027
1003	1.05876
1004	3.2163
1005	5.37589
1006	2.71182
1007	0.962865
1008	0.851408
1009	0.393618
1010	0.283791
1011	0.339572
1012	0.453967
1013	1.10097
1014	1.42788
1015	1.07581
1016	0.842684
1017	1.84289
1018	1.55173
1019	1.13452
1020	0.709642
1021	0.460067
1022	0.32774
1023	0.397308
1024	0.694886
1025	0.372414
1026	1.10838
1027	1.32843
1028	0.311291
1029	0.471684
1030	0.792677
1031	0.570897
1032	1.04627
1033	1.12725
1034	0.963787
1035	0.907317
1036	0.486044
1037	0.255109
1038	0.311563
1039	0.462572
1040	0.598779
1041	0.487017
1042	0.183258
1043	0.73237
1044	0.413792
1045	0.638271
1046	1.14961
1047	0.798711
1048	0.447496
1049	0.368852
1050	0.184081
1051	0.149601
1052	0.774721
1053	0.659236
1054	0.442615
1055	0.794758
1056	0.284868
1057	0.840982
1058	0.504166
1059	0.59068
1060	1.08611
1061	0.987998
1062	1.18973
1063	1.28036
1064	0.531602
1065	0.682706
1066	0.870821
1067	0.254255
1068	0.199734
1069	0.510039
1070	0.796153
1071	0.875893
1072	0.604168
1073	0.948256
1074	1.17977
1075	0.896963
1076	1.64177
1077	1.73404
1078	1.79086
1079	1.15015
1080	0.13792
1081	0.404066
1082	0.243825
1083	0.493923
1084	1.05712
1085	0.798271
1086	0.484777
1087	0.629167
1088	0.280089
1089	0.0705094
1090	0.580352
1091	0.717876
1092	1.14913
1093	1.37958
1094	1.22558
1095	0.642586
1096	0.439209
1097	0.389141
1098	0.407194
1099	0.661575
1100	0.866822
1101	0.70622
1102	0.222837
1103	0.298393
1104	0.545708
1105	1.07733
1106	1.00068
1107	0.559563
1108	0.810528
1109	0.554817
1110	0.173733
1111	0.220394
1112	0.365538
1113	0.621285
1114	0.421062
1115	0.598371
1116	0.726295
1117	0.775527
1118	0.612067
1119	0.290361
1120	0.542542
1121	0.32006
1122	0.66391
1123	1.23898
1124	1.36211
1125	1.02467
1126	1.23496
1127	1.06466
1128	0.777083
1129	1.40776
1130	2.0057
1131	2.03356
1132	1.05901
1133	0.808044
1134	0.60323
1135	0.44743
1136	0.878926
1137	2.16437
1138	2.39337
1139	1.93658
1140	1.81183
1141	1.14257
1142	0.648609
1143	1.51377
1144	1.17351
1145	0.847453
1146	0.488286
1147	0.129095
1148	0.685501
1149	1.16759
1150	0.511621
1151	0.723191
1152	0.673211
1153	0.332954
1154	0.471662
1155	1.01087
1156	1.79841
1157	1.37269
1158	0.833703
1159	1.09676
1160	1.20277
1161	1.59186
1162	1.12644
1163	1.02881
1164	1.48604
1165	2.04953
1166	1.81474
1167	0.627358
1168	0.222414
1169	0.637032
1170	0.640951
1171	1.02895
1172	1.2974
1173	0.494286
1174	0.641381
1175	1.02585
1176	0.761327
1177	0.412543
1178	0.497192
1179	0.70061
1180	0.698754
1181	0.965866
1182	1.8976
1183	1.95563
1184	0.896814
1185	0.79369
1186	1.15445
1187	0.552655
1188	0.653991
1189	1.1823
1190	1.28793
1191	0.800348
1192	0.179723
1193	0.41665
1194	0.595523
1195	0.643926
1196	0.308729
1197	0.413263
1198	0.534781
1199	0.421705
1200	1.07279
1201	0.955538
1202	1.03172
1203	1.70556
1204	1.48393
1205	0.992129
1206	0.488849
1207	0.784167
1208	0.359011
1209	0.351603
1210	0.488032
1211	1.01405
1212	1.38654
1213	0.860704
1214	0.7305
1215	0.573343
1216	0.883853
1217	1.27546
1218	0.336099
1219	0.707844
1220	0.334869
1221	0.693256
1222	0.880557
1223	0.645922
1224	0.198156
1225	0.339606
1226	0.631488
1227	2.83641
1228	6.37861
1229	5.53396
1230	1.00854
1231	1.65474
1232	0.844316
1233	0.872669
1234	0.568971
1235	0.597316
1236	0.68372
1237	0.741274
1238	0.460607
1239	0.588124
1240	0.391796
1241	0.184833
1242	0.867959
1243	0.914291
1244	0.201499
1245	0.41495
1246	0.153162
1247	0.660834
1248	0.176541
1249	0.719746
1250	0.248948
1251	0.393971
1252	0.983651
1253	1.57089
1254	1.70415
1255	1.11251
1256	0.738511
1257	0.640307
1258	0.802661
1259	0.904992
1260	0.578156
1261	0.361597
1262	0.487548
1263	0.531646
1264	0.216626
1265	0.823997
1266	0.824786
1267	0.385447
1268	0.952361
1269	0.558222
1270	0.294185
1271	0.349097
1272	0.362849
1273	0.462524
1274	0.301929
1275	0.277343
1276	0.765085
1277	1.02031
1278	0.47346
1279	0.578447
1280	0.629545
1281	0.456967
1282	0.200102
1283	0.188711
1284	0.270468
1285	0.592508
1286	0.142486
1287	0.180426
1288	0.198763
1289	0.277218
1290	0.507132
1291	0.726444
1292	0.418753
1293	0.684871
1294	0.483502
1295	0.117229
1296	0.257087
1297	0.280062
1298	0.489597
1299	0.309123
1300	0.296454
1301	0.180286
1302	0.0485864
1303	0.383063
1304	0.862845
1305	0.959588
1306	0.701048
1307	0.642108
1308	0.122076
1309	0.409304
1310	0.410509
1311	0.156627
1312	0.45484
1313	0.61532
1314	0.266146
1315	0.156527
1316	0.150112
1317	0.509415
1318	0.968516
1319	0.49338
1320	0.683973
1321	1.12354
1322	1.58533
1323	1.38821
1324	1.12057
1325	0.899327
1326	0.631421
1327	0.57185
1328	0.889125
1329	1.06623
1330	0.680115
1331	0.605924
1332	0.380327
1333	0.539171
1334	0.680023
1335	0.569946
1336	0.359287
1337	0.530781
1338	0.501886
1339	1.81394
1340	3.00111
1341	1.66232
1342	1.12234
1343	0.936112
1344	0.555436
1345	1.25726
1346	0.272888
1347	0.319911
1348	0.724222
1349	0.494227
1350	0.245086
1351	0.157666
1352	0.406969
1353	0.653246
1354	0.213948
1355	0.166431
1356	0.269648
1357	0.434015
1358	0.280515
1359	0.208093
1360	0.323002
1361	0.224736
1362	0.266186
1363	0.306159
1364	0.423169
1365	0.830934
1366	0.708622
1367	0.3946
1368	1.07672
1369	1.064
1370	0.795278
1371	0.199834
1372	0.421516
1373	0.406887
1374	0.0730393
1375	0.642126
1376	0.786729
1377	0.63387
1378	0.456769
1379	0.584036
1380	0.307746
1381	0.432743
1382	0.204894
1383	0.398761
1384	0.253409
1385	0.305011
1386	0.618114
1387	1.02789
1388	1.02086
1389	0.686966
1390	0.485542
1391	0.223842
1392	0.0870652
1393	0.483011
1394	0.432291
1395	0.411859
1396	0.152926
1397	0.503401
1398	0.66151
1399	0.624017
1400	0.48822
1401	0.489019
1402	0.535678
1403	0.626296
1404	0.509817
1405	0.79203
1406	0.359
1407	0.463296
1408	0.900435
1409	1.08204
1410	0.415731
1411	0.338657
1412	0.281077
1413	0.353883
1414	0.429183
1415	0.580124
1416	0.613027
1417	0.228476
1418	0.153155
1419	0.578728
1420	0.725823
1421	0.0465077
1422	0.61024
1423	0.807038
1424	0.527136
1425	0.396986
1426	0.586332
1427	0.296229
1428	0.295339
1429	0.447268
1430	0.336371
1431	0.100507
1432	0.35355
1433	0.253387
1434	0.380735
1435	0.339417
1436	0.299889
1437	0.765295
1438	0.662082
1439	0.492595
1440	0.382128
1441	0.540197
1442	0.59716
1443	0.0750729
1444	0.55838
1445	0.142533
1446	0.261511
1447	0.1988
1448	0.535531
1449	0.747117
1450	0.771242
1451	1.23389
1452	1.01916
1453	0.292914
1454	0.222293
1455	0.496672
1456	0.673073
1457	0.470666
1458	0.612101
1459	0.48653
1460	0.429149
1461	0.203829
1462	0.39881
1463	0.294106
1464	0.481838
1465	0.744072
1466	0.574784
1467	0.0309629
1468	0.33705
1469	0.23895
1470	0.150874
1471	0.493406
1472	0.392988
1473	0.0883999
1474	0.231329
1475	0.159879
1476	0.307992
1477	0.43999
1478	0.424284
1479	0.919884
1480	0.756705
1481	0.376039
1482	0.179656
1483	0.222829
1484	0.272262
1485	0.721398
1486	0.762533
1487	0.204526
1488	0.406152
1489	0.457331
1490	0.486628
1491	0.150025
1492	0.444642
1493	0.533833
1494	0.0537716
1495	0.699477
1496	0.382692
1497	0.309151
1498	0.83094
1499	1.27751
1500	0.760088
1501	0.405065
1502	0.470713
1503	0.101407
1504	0.490952
1505	0.30439
1506	0.401644
1507	0.498294
1508	0.611737
1509	0.549155
1510	0.190869
1511	0.474801
1512	0.647431
1513	0.324269
1514	0.349443
1515	0.68455
1516	0.775412
1517	1.13309
1518	1.09792
1519	0.687084
1520	0.337028
1521	0.23993
1522	0.453492
1523	0.401114
1524	0.125224
1525	0.940943
1526	1.0666
1527	0.908536
1528	0.681326
1529	0.35899
1530	0.713583
1531	0.33622
1532	0.375052
1533	0.33729
1534	0.764418
1535	0.597065
1536	0.68394
1537	0.954419
1538	0.112729
1539	0.941542
1540	1.08575
1541	0.505874
1542	0.354866
1543	0.657996
1544	0.362133
1545	0.361354
1546	0.189108
1547	0.6423
1548	1.09279
1549	0.560879
1550	0.156244
1551	0.537807
1552	0.474248
1553	0.659179
1554	0.65207
1555	0.78575
1556	0.38475
1557	0.366096
1558	0.496769
1559	0.478735
1560	0.134445
1561	0.589326
1562	0.2805
1563	0.880719
1564	1.20547
1565	0.331552
1566	0.399453
1567	0.41798
1568	0.31585
1569	0.434717
1570	0.1459
1571	0.518901
1572	2.08497
1573	2.74999
1574	1.1417
1575	0.358293
1576	0.209265
1577	0.300669
1578	0.452554
1579	0.373072
1580	0.508262
1581	0.645194
1582	0.626154
1583	0.353816
1584	0.163413
1585	0.311836
1586	0.446529
1587	0.0664378
1588	0.132608
1589	0.59849
1590	0.482919
1591	0.435195
1592	0.192329
1593	0.458376
1594	0.278566
1595	0.45084
1596	0.954724
1597	0.308601
1598	0.253136
1599	0.471018
1600	0.425422
1601	0.472629
1602	0.323492
1603	0.723167
1604	0.620128
1605	0.396162
1606	0.476588
1607	0.667233
1608	0.984987
1609	1.09723
1610	0.64512
1611	0.3523
1612	0.226164
1613	0.77196
1614	0.754293
1615	0.626592
1616	0.561075
1617	0.383556
1618	0.646872
1619	0.57169
1620	0.288738
1621	0.759845
1622	0.649258
1623	0.981491
1624	1.76727
1625	2.07966
1626	1.10908
1627	0.732636
1628	1.03207
1629	0.652687
1630	1.17827
1631	0.381494
1632	2.80351
1633	1.99915
1634	5.03264
1635	8.39928
1636	20.1968
1637	199.691
1638	828.233
1639	752.484
1640	131.214
1641	14.6115
1642	6.98249
1643	3.68871
1644	2.81916
1645	1.89869
1646	1.17191
1647	0.618766
1648	1.13906
1649	0.622131
1650	1.55071
1651	1.20986
1652	1.99148
1653	1.61005
1654	1.0876
1655	0.902188
1656	1.26879
1657	0.913573
1658	0.300748
1659	0.238059
1660	0.652069
1661	0.414542
1662	0.18174
1663	0.681003
1664	0.522587
1665	0.855579
1666	1.17202
1667	0.514203
1668	0.971326
1669	1.63551
1670	1.52259
1671	1.27643
1672	0.746587
1673	0.20158
1674	1.29275
1675	1.419
1676	0.670981
1677	0.301879
1678	0.303687
1679	0.377368
1680	0.475122
1681	0.51584
1682	0.987588
1683	1.26811
1684	0.850945
1685	0.566337
1686	0.177514
1687	0.478882
1688	0.274335
1689	0.517917
1690	0.342047
1691	0.977549
1692	1.00837
1693	0.275562
1694	0.444493
1695	0.287581
1696	0.548846
1697	0.585322
1698	1.00531
1699	0.852072
1700	0.739825
1701	1.06894
1702	1.10486
1703	1.38234
1704	2.94912
1705	1.74187
1706	0.376818
1707	0.122844
1708	0.294675
1709	0.360949
1710	0.130824
1711	0.33267
1712	0.153335
1713	0.617224
1714	0.642996
1715	0.320331
1716	0.985677
1717	0.375303
1718	0.560179
1719	0.685902
1720	0.284133
1721	0.459472
1722	0.74825
1723	0.362363
1724	0.121823
1725	0.194465
1726	0.233851
1727	0.827178
1728	0.649176
1729	0.33739
1730	0.309227
1731	0.192875
1732	0.288278
1733	0.88258
1734	0.941729
1735	0.948051
1736	0.464981
1737	0.385035
1738	0.291681
1739	0.0995781
1740	0.500093
1741	0.751964
1742	0.466716
1743	0.601106
1744	0.788819
1745	0.605639
1746	0.401135
1747	0.585288
1748	0.412059
1749	0.0705845
1750	0.266776
1751	0.396306
1752	0.309461
1753	0.722778
1754	0.743337
1755	0.46451
1756	0.159387
1757	0.0662711
1758	0.379351
1759	0.656642
1760	0.28222
1761	0.711242
1762	0.937699
1763	0.701129
1764	0.767922
1765	0.619418
1766	0.370643
1767	0.642654
1768	0.0579739
1769	0.195648
1770	0.137443
1771	0.344301
1772	0.64061
1773	0.569768
1774	0.546143
1775	0.783397
1776	0.780286
1777	0.347831
1778	0.737478
1779	1.06209
1780	0.366971
1781	0.162955
1782	0.170391
1783	0.0857583
1784	0.383712
1785	0.6883
1786	2.03167
1787	2.87279
1788	1.1054
1789	1.1057
1790	0.9552
1791	0.602623
1792	0.423504
1793	0.262736
1794	0.414469
1795	0.808589
1796	0.55555
1797	0.271086
1798	0.407222
1799	0.672647
1800	0.816029
1801	0.379523
1802	0.0690256
1803	0.406242
1804	0.564177
1805	0.243256
1806	0.605991
1807	0.664365
1808	0.591767
1809	0.515558
1810	0.388955
1811	0.295459
1812	0.495859
1813	0.458196
1814	0.528293
1815	0.43684
1816	0.255737
1817	0.0236328
1818	0.533826
1819	0.707113
1820	0.461234
1821	0.0650235
1822	0.516067
1823	1.23587
1824	1.18229
1825	0.407842
1826	0.150358
1827	0.309637
1828	0.278784
1829	0.303875
1830	0.507673
1831	0.362974
1832	0.559356
1833	0.394946
1834	0.337125
1835	0.352125
1836	0.309128
1837	0.544129
1838	0.402511
1839	0.0465698
1840	0.643903
1841	0.736355
1842	0.436396
1843	0.12972
1844	0.291342
1845	0.527499
1846	0.693041
1847	0.320814
1848	0.186252
1849	0.617329
1850	0.567537
1851	0.455058
1852	0.503055
1853	0.348865
1854	0.0496616
1855	0.441764
1856	0.631773
1857	0.779801
1858	0.728151
1859	0.885855
1860	0.809248
1861	0.593566
1862	0.509426
1863	0.119299
1864	0.387714
1865	0.27997
1866	0.297518
1867	0.605025
1868	0.408748
1869	0.259053
1870	0.54785
1871	0.69928
1872	0.567296
1873	0.332895
1874	0.236068
1875	0.451754
1876	0.3984
1877	0.362392
1878	0.207987
1879	0.532503
1880	0.160141
1881	0.360154
1882	0.292294
1883	0.371861
1884	0.377715
1885	0.316467
1886	0.390969
1887	0.250566
1888	0.193357
1889	0.594554
1890	0.624647
1891	0.343178
1892	0.531452
1893	0.670458
1894	0.579215
1895	0.342391
1896	0.888065
1897	1.08489
1898	0.904466
1899	0.880508
1900	0.821615
1901	0.441389
1902	0.406781
1903	0.582387
1904	0.291813
1905	0.115035
1906	0.0829101
1907	0.116361
1908	0.27689
1909	0.29359
1910	0.3775
1911	0.128866
1912	0.474909
1913	0.140634
1914	0.502408
1915	0.46674
1916	0.423794
1917	0.401459
1918	0.362958
1919	0.526242
1920	0.555559
1921	0.699366
1922	0.284094
1923	0.317914
1924	0.535699
1925	0.550635
1926	0.820771
1927	0.758478
1928	0.681234
1929	0.600557
1930	0.445435
1931	0.323459
1932	0.559236
1933	0.637456
1934	0.561201
1935	0.348011
1936	0.25768
1937	0.311706
1938	0.17645
1939	0.472805
1940	0.344502
1941	0.207914
1942	0.433436
1943	0.2175
1944	0.349786
1945	0.692867
1946	0.543777
1947	0.396939
1948	0.492592
1949	0.436031
1950	0.308655
1951	0.299784
1952	0.59018
1953	0.863998
1954	0.784743
1955	0.423063
1956	0.416109
1957	0.385065
1958	0.284434
1959	0.765076
1960	0.66225
1961	0.260919
1962	0.259661
1963	0.460653
1964	0.524021
1965	0.281308
1966	0.289157
1967	0.497376
1968	0.410244
1969	0.186392
1970	0.415914
1971	0.364109
1972	0.437581
1973	0.422072
1974	0.532032
1975	0.565578
1976	0.670494
1977	0.852047
1978	0.797864
1979	0.92434
1980	0.618961
1981	0.503337
1982	0.772251
1983	0.426116
1984	0.556663
1985	0.263045
1986	0.518956
1987	0.516171
1988	0.156396
1989	0.580159
1990	0.454684
1991	0.317643
1992	0.176919
1993	0.0782088
1994	0.150686
1995	0.213802
1996	0.48445
1997	0.453115
1998	0.177095
1999	0.276186
2000	0.252632
2001	0.158443
2002	0.494915
2003	0.510426
2004	0.353151
2005	0.536021
2006	0.569754
2007	0.858964
2008	0.482441
2009	0.316226
2010	0.858954
2011	1.21921
2012	0.60855
2013	0.119252
2014	0.232156
2015	0.257354
2016	0.259193
2017	0.170159
2018	0.515351
2019	0.580025
2020	0.511833
2021	0.513832
2022	0.558164
2023	0.576576
2024	0.652091
2025	0.703073
2026	0.646285
2027	0.595844
2028	0.478553
2029	0.575775
2030	0.501533
2031	0.297333
2032	0.307455
2033	0.373811
2034	0.404234
2035	0.544168
2036	0.214373
2037	0.591919
2038	0.595626
2039	0.569134
2040	0.472839
2041	0.476093
2042	0.440094
2043	0.713614
2044	0.628561
2045	0.564989
2046	0.784884
2047	0.622523
2048	0.0837411
2049	0.219953
2050	0.504405
2051	0.4349
2052	0.657393
2053	0.680073
2054	0.431306
2055	0.514947
2056	0.579686
2057	0.48723
2058	1.06718
2059	0.682572
2060	0.436879
2061	0.666211
2062	0.444686
2063	0.340154
2064	0.280349
2065	0.454194
2066	0.383823
2067	0.668718
2068	0.324627
2069	0.0823145
2070	0.0701828
2071	0.579194
2072	0.618479
2073	0.242388
2074	0.195769
2075	0.420722
2076	0.748767
2077	0.644612
2078	0.356477
2079	0.522758
2080	0.295942
2081	0.490536
2082	0.687024
2083	0.351427
2084	0.273314
2085	0.785713
2086	1.23181
2087	0.712708
2088	0.580428
2089	0.0822583
2090	0.163196
2091	0.19442
2092	0.546272
2093	0.506814
2094	0.180653
2095	0.139832
2096	0.332186
2097	0.228767
2098	0.401727
2099	0.467965
2100	0.439851
2101	0.461588
2102	0.222944
2103	0.399126
2104	0.349704
2105	0.584652
2106	0.453877
2107	0.266688
2108	0.221208
2109	0.768342
2110	0.805959
2111	0.611955
2112	0.324491
2113	0.171098
2114	0.0970905
2115	0.411416
2116	0.544347
2117	0.341403
2118	0.53501
2119	0.183832
2120	0.442417
2121	0.438304
2122	0.482267
2123	0.647844
2124	0.74819
2125	0.795018
2126	0.26041
2127	0.552847
2128	0.17747
2129	0.478564
2130	0.427553
2131	0.238151
2132	0.351206
2133	0.385147
2134	0.384015
2135	0.715667
2136	0.501881
2137	0.638592
2138	0.65418
2139	0.20722
2140	0.298161
2141	0.40523
2142	0.67779
2143	0.428793
2144	0.393004
2145	0.631509
2146	0.84589
2147	0.979383
2148	0.541346
2149	0.69329
2150	0.722826
2151	0.518882
2152	0.457448
2153	0.224105
2154	0.637302
2155	0.710098
2156	0.457137
2157	0.475833
2158	0.55474
2159	0.33577
2160	0.662688
2161	1.07893
2162	0.713507
2163	0.681124
2164	0.47171
2165	0.611284
2166	0.409141
2167	0.156855
2168	0.309906
2169	0.528675
2170	0.817704
2171	0.188156
2172	0.468527
2173	0.388763
2174	0.190223
2175	0.344999
2176	0.628518
2177	0.496963
2178	0.421589
2179	0.213642
2180	0.217771
2181	0.528581
2182	0.401456
2183	0.265519
2184	0.368131
2185	0.467069
2186	0.436653
2187	0.48256
2188	0.337266
2189	0.498729
2190	0.0889774
2191	0.573241
2192	0.289592
2193	0.1802
2194	0.313475
2195	0.182029
2196	0.414773
2197	0.279077
2198	0.622961
2199	0.928481
2200	1.07249
2201	1.0257
2202	1.10404
2203	1.61078
2204	1.50433
2205	1.27708
2206	1.01896
2207	0.675583
2208	0.365357
2209	0.249186
2210	0.519205
2211	0.780856
2212	0.549097
2213	0.546961
2214	0.535274
2215	0.603168
2216	1.33935
2217	1.39162
2218	0.882812
2219	0.143438
2220	0.641559
2221	1.02016
2222	0.748201
2223	0.167474
2224	0.805058
2225	0.936565
2226	0.656029
2227	0.554772
2228	0.784333
2229	0.547612
2230	0.257643
2231	0.738852
2232	0.382681
2233	0.671831
2234	0.569037
2235	0.980356
2236	1.15696
2237	0.295782
2238	0.218265
2239	0.597356
2240	0.441423
2241	0.802694
2242	0.524412
2243	1.27989
2244	0.715371
2245	0.355619
2246	0.28995
2247	1.04737
2248	0.373827
2249	0.597207
2250	0.68354
2251	0.518557
2252	0.466975
2253	0.609134
2254	0.171623
2255	0.0715224
2256	0.165463
2257	0.271078
2258	0.619562
2259	0.966506
2260	0.750165
2261	0.336495
2262	0.507245
2263	0.138992
2264	0.323891
2265	0.228483
2266	0.193609
2267	0.210664
2268	0.193481
2269	0.451043
2270	0.0282027
2271	0.185648
2272	0.274882
2273	0.457228
2274	1.0156
2275	1.11414
2276	0.435918
2277	0.18799
2278	0.267295
2279	0.472298
2280	0.51286
2281	0.261716
2282	0.286874
2283	0.186766
2284	0.418547
2285	0.266322
2286	0.107836
2287	0.0942582
2288	0.337016
2289	0.182328
2290	0.674491
2291	0.0715165
2292	0.180944
2293	0.199035
2294	0.516516
2295	0.351612
2296	0.199498
2297	0.456429
2298	0.352306
2299	0.216232
2300	0.396557
2301	0.539656
2302	0.727065
2303	0.804344
2304	0.291501
2305	0.168959
2306	0.444625
2307	0.261306
2308	0.516677
2309	0.824063
2310	0.672897
2311	0.157063
2312	0.678395
2313	0.614822
2314	0.287015
2315	0.482753
2316	0.384062
2317	0.28183
2318	0.186399
2319	0.265484
2320	0.275381
2321	0.425788
2322	0.661925
2323	0.410919
2324	0.503365
2325	0.427717
2326	0.29312
2327	0.589727
2328	0.569976
2329	0.330073
2330	0.376754
2331	0.527496
2332	0.552776
2333	0.430582
2334	0.417597
2335	0.234412
2336	0.338143
2337	0.227785
2338	0.520064
2339	1.04313
2340	0.333084
2341	0.482164
2342	0.308122
2343	0.630582
2344	0.599828
2345	0.441436
2346	0.117093
2347	0.276845
2348	0.331825
2349	0.298412
2350	0.585073
2351	0.751939
2352	0.503384
2353	0.911604
2354	0.913831
2355	0.878369
2356	0.819579
2357	0.655015
2358	0.316136
2359	0.435826
2360	0.644542
2361	0.250376
2362	0.222599
2363	0.681717
2364	0.756176
2365	0.223667
2366	0.384023
2367	0.79327
2368	0.91444
2369	1.03313
2370	0.746737
2371	0.268294
2372	0.111657
2373	0.409878
2374	0.53225
2375	0.211524
2376	0.617338
2377	0.445521
2378	0.273889
2379	0.410075
2380	0.298143
2381	0.476165
2382	0.906857
2383	0.981292
2384	0.560876
2385	0.343155
2386	0.274752
2387	0.277235
2388	0.27412
2389	0.444404
2390	0.799737
2391	0.544062
2392	0.329369
2393	0.211748
2394	0.333549
2395	0.489755
2396	0.937068
2397	0.945928
2398	0.468383
2399	0.160462
2400	0.140704
2401	0.0874633
2402	0.227784
2403	0.499508
2404	1.12958
2405	1.13604
2406	0.865181
2407	0.693105
2408	0.367558
2409	0.484768
2410	0.344615
2411	0.191823
2412	0.154085
2413	0.504398
2414	0.35423
2415	0.192637
2416	0.742886
2417	0.95442
2418	0.531648
2419	0.40579
2420	0.193551
2421	0.260727
2422	0.218046
2423	0.306226
2424	0.121522
2425	0.46201
2426	1.17598
2427	1.2454
2428	0.809802
2429	0.383253
2430	0.213229
2431	0.134209
2432	0.380629
2433	0.602882
2434	0.436229
2435	0.630743
2436	0.481177
2437	0.402779
2438	0.495506
2439	0.19047
2440	0.135369
2441	0.237815
2442	0.217645
2443	0.590893
2444	0.666712
2445	0.292131
2446	0.199277
2447	0.352139
2448	0.386324
2449	0.0709111
2450	0.169436
2451	0.46471
2452	0.610379
2453	0.318157
2454	0.533741
2455	0.903885
2456	1.2173
2457	0.97924
2458	0.101577
2459	0.493281
2460	0.21132
2461	0.186279
2462	0.273784
2463	0.41077
2464	0.416773
2465	0.420049
2466	0.0505221
2467	0.333356
2468	0.358439
2469	0.221259
2470	0.232128
2471	0.38565
2472	0.423565
2473	0.68214
2474	0.956671
2475	0.531631
2476	0.461418
2477	0.607142
2478	0.0831187
2479	0.208039
2480	0.43359
2481	0.589624
2482	0.667245
2483	0.842328
2484	0.376723
2485	0.15725
2486	0.214866
2487	0.0871213
2488	0.150835
2489	0.0674807
2490	0.263352
2491	0.12799
2492	0.318382
2493	0.635417
2494	0.463897
2495	0.0859022
2496	0.0773966
2497	0.343849
2498	0.561025
2499	0.311659
2500	0.214903
2501	0.389681
2502	0.832621
2503	0.311007
2504	0.206641
2505	0.451724
2506	0.97492
2507	0.941629
2508	0.289124
2509	0.377989
2510	0.602563
2511	0.439526
2512	0.048397
2513	0.227787
2514	0.461728
2515	0.351798
2516	0.411734
2517	0.154865
2518	0.23737
2519	0.58718
2520	0.78731
2521	0.947194
2522	0.850362
2523	0.619179
2524	0.245997
2525	0.44536
2526	0.604952
2527	0.135128
2528	0.684683
2529	0.448704
2530	0.120711
2531	0.13945
2532	0.432587
2533	0.455131
2534	0.756006
2535	0.797546
2536	0.428182
2537	0.523043
2538	0.433997
2539	0.393402
2540	0.21632
2541	0.187044
2542	0.156676
2543	0.283444
2544	0.490294
2545	0.366037
2546	0.0758407
2547	0.0912386
2548	0.418958
2549	0.508804
2550	0.340295
2551	0.216998
2552	0.753742
2553	0.666701
2554	0.640467
2555	0.986253
2556	0.628619
2557	0.485293
2558	0.359443
2559	0.582704
2560	0.729101
2561	0.45084
2562	0.954315
2563	0.883877
2564	0.630873
2565	0.860377
2566	1.04771
2567	0.934283
2568	0.517185
2569	0.145242
2570	0.400013
2571	0.467612
2572	0.802248
2573	0.58361
2574	0.321081
2575	0.52321
2576	0.468352
2577	0.285351
2578	0.104743
2579	0.237939
2580	0.394003
2581	0.395825
2582	0.107782
2583	0.515971
2584	0.593892
2585	0.348696
2586	0.494545
2587	0.739365
2588	0.693289
2589	0.190217
2590	0.323063
2591	0.446184
2592	0.417766
2593	0.346409
2594	0.478999
2595	0.186857
2596	0.00565785
2597	0.556636
2598	0.334184
2599	0.359934
2600	0.265498
2601	0.302075
2602	0.234011
2603	0.192004
2604	0.30652
2605	0.388854
2606	0.273562
2607	0.325965
2608	0.533813
2609	0.457228
2610	0.249436
2611	0.336491
2612	0.594002
2613	0.664302
2614	0.615524
2615	0.436601
2616	0.213716
2617	0.342406
2618	0.231131
2619	0.319831
2620	0.31924
2621	0.29846
2622	0.235536
2623	0.337595
2624	0.401859
2625	0.417716
2626	1.05102
2627	0.493296
2628	0.341871
2629	0.371458
2630	0.581347
2631	0.619624
2632	0.419353
2633	0.335372
2634	0.119626
2635	0.473342
2636	0.687961
2637	0.588596
2638	0.325893
2639	0.258155
2640	0.131994
2641	0.331734
2642	0.358655
2643	0.291266
2644	0.372393
2645	0.504231
2646	0.204548
2647	0.150234
2648	0.150101
2649	0.121317
2650	0.172472
2651	0.0374967
2652	0.153374
2653	0.324921
2654	0.128751
2655	0.598937
2656	0.470426
2657	0.398279
2658	0.164423
2659	0.408187
2660	0.448458
2661	0.237183
2662	0.0479457
2663	0.355182
2664	0.709746
2665	0.625797
2666	0.438508
2667	0.788421
2668	0.883011
2669	0.202149
2670	0.292279
2671	0.641615
2672	0.769332
2673	0.412006
2674	0.0780335
2675	0.126426
2676	0.434637
2677	0.49833
2678	0.132074
2679	0.304665
2680	0.497027
2681	0.541293
2682	0.895845
2683	0.585634
2684	0.2325
2685	0.333467
2686	0.286782
2687	0.139732
2688	0.251196
2689	0.541707
2690	0.63654
2691	0.531243
2692	0.615237
2693	0.311148
2694	0.288798
2695	0.374319
2696	0.518841
2697	0.378519
2698	0.0513215
2699	0.36017
2700	0.288787
2701	0.505446
2702	0.749247
2703	0.679675
2704	0.688797
2705	0.507151
2706	0.102383
2707	0.220807
2708	0.674196
2709	0.743841
2710	0.593861
2711	0.325815
2712	0.435236
2713	0.562961
2714	0.352939
2715	0.255102
2716	0.390659
2717	0.154183
2718	0.448372
2719	0.63808
2720	0.28464
2721	0.369418
2722	0.645953
2723	0.620454
2724	0.166451
2725	0.31134
2726	0.507524
2727	0.496214
2728	0.326191
2729	0.350526
2730	0.574721
2731	0.35998
2732	0.44819
2733	0.577094
2734	0.393438
2735	0.0650203
2736	0.139293
2737	0.412624
2738	0.749214
2739	0.528432
2740	0.185817
2741	0.185888
2742	0.499539
2743	0.582533
2744	0.504926
2745	0.0680299
2746	0.678373
2747	0.574174
2748	0.725636
2749	0.439517
2750	0.379335
2751	0.44953
2752	0.293946
2753	0.782509
2754	0.593052
2755	0.310899
2756	0.320889
2757	0.611397
2758	0.619706
2759	0.497345
2760	0.660173
2761	0.604401
2762	0.24777
2763	0.181609
2764	0.28258
2765	0.775848
2766	0.64437
2767	0.121303
2768	0.166845
2769	0.355346
2770	0.807552
2771	0.965853
2772	0.448871
2773	0.576099
2774	0.508683
2775	0.709874
2776	0.769811
2777	0.40954
2778	0.103672
2779	0.706894
2780	1.19929
2781	0.758022
2782	0.243838
2783	0.19891
2784	0.560522
2785	0.547442
2786	0.360838
2787	0.260603
2788	0.388597
2789	0.382614
2790	0.808436
2791	0.973655
2792	0.808056
2793	0.693223
2794	0.334983
2795	0.0854504
2796	0.290457
2797	0.213335
2798	0.461039
2799	0.588689
2800	0.237433
2801	0.254801
2802	0.668575
2803	0.73959
2804	0.360036
2805	0.64345
2806	0.339099
2807	0.199706
2808	0.216611
2809	0.184272
2810	0.207873
2811	0.32067
2812	0.438992
2813	0.239389
2814	0.435797
2815	0.602492
2816	0.266048
2817	0.282588
2818	0.467497
2819	0.183998
2820	0.155746
2821	0.459503
2822	0.628246
2823	0.435302
2824	0.0866917
2825	0.449888
2826	0.616206
2827	0.865461
2828	0.478711
2829	0.92266
2830	0.696468
2831	0.219897
2832	0.30088
2833	0.316007
2834	0.331372
2835	0.907069
2836	0.879164
2837	0.345246
2838	0.24437
2839	0.260557
2840	0.138293
2841	0.282088
2842	0.224196
2843	0.1686
2844	0.0618534
2845	0.234525
2846	0.577554
2847	0.668186
2848	0.491172
2849	0.597814
2850	0.912297
2851	0.345639
2852	0.337909
2853	0.494042
2854	0.653619
2855	0.668556
2856	0.638149
2857	0.442399
2858	0.284872
2859	0.727582
2860	0.481044
2861	0.269012
2862	0.209453
2863	0.308439
2864	0.180347
2865	0.369117
2866	0.709247
2867	0.742242
2868	0.445177
2869	0.575916
2870	0.15583
2871	0.198891
2872	0.639174
2873	0.383943
2874	0.720084
2875	0.920317
2876	0.64271
2877	0.917014
2878	0.596718
2879	0.247809
2880	0.156973
2881	0.0650443
2882	0.255492
2883	0.444773
2884	0.325511
2885	0.456935
2886	0.944901
2887	0.853047
2888	0.387727
2889	0.255052
2890	0.456709
2891	0.790312
2892	0.515332
2893	0.370852
2894	0.154952
2895	0.256625
2896	0.397028
2897	0.594113
2898	0.51778
2899	0.254554
2900	0.277353
2901	0.230581
2902	0.235037
2903	0.166214
2904	0.427218
2905	0.362211
2906	0.234463
2907	0.334663
2908	0.270697
2909	0.204787
2910	0.0972194
2911	0.331414
2912	0.151492
2913	0.610876
2914	0.062616
2915	0.682963
2916	0.303902
2917	0.287226
2918	0.33386
2919	0.24752
2920	0.466686
2921	0.634319
2922	0.549001
2923	0.366798
2924	0.282501
2925	0.289202
2926	0.349761
2927	0.270283
2928	0.518117
2929	0.534621
2930	0.323897
2931	0.203537
2932	0.277043
2933	0.344823
2934	0.160378
2935	0.0884603
2936	0.307294
2937	0.30452
2938	0.196973
2939	0.13834
2940	0.205977
2941	0.241315
2942	0.318582
2943	0.0249467
2944	0.260967
2945	0.14362
2946	0.265133
2947	0.197776
2948	0.182422
2949	0.131433
2950	0.339904
2951	0.32251
2952	0.202677
2953	0.294938
2954	0.29187
2955	0.225447
2956	0.480074
2957	0.670187
2958	0.526778
2959	0.316929
2960	0.496488
2961	0.511709
2962	0.142706
2963	0.364727
2964	0.654309
2965	1.217
2966	1.18316
2967	0.958262
2968	0.440246
2969	0.574042
2970	0.709269
2971	0.510185
2972	0.574014
2973	0.260541
2974	0.183246
2975	0.3532
2976	0.188031
2977	0.281351
2978	0.187339
2979	0.277986
2980	0.324717
2981	0.371177
2982	0.159941
2983	0.11962
2984	0.565401
2985	1.04172
2986	0.548359
2987	0.193259
2988	0.488683
2989	0.632567
2990	0.893889
2991	0.442157
2992	0.261921
2993	0.132576
2994	0.125286
2995	0.181278
2996	0.402436
2997	0.45779
2998	0.343873
2999	0.147362
3000	0.274279
3001	0.569172
3002	0.593851
3003	0.333218
3004	0.65819
3005	0.549413
3006	0.189458
3007	0.0237268
3008	0.196694
3009	0.414614
3010	0.730155
3011	1.27255
3012	0.844482
3013	0.521481
3014	0.469386
3015	0.158586
3016	0.111477
3017	0.0929632
3018	0.138245
3019	0.172832
3020	0.549221
3021	0.837627
3022	0.413083
3023	0.330602
3024	0.0930517
3025	0.597848
3026	0.625709
3027	0.38065
3028	0.515134
3029	0.222501
3030	0.152152
3031	0.211457
3032	0.192567
3033	0.486336
3034	0.274405
3035	0.151733
3036	0.0591565
3037	0.138723
3038	0.306763
3039	0.247895
3040	0.186436
3041	0.434929
3042	0.566076
3043	0.259829
3044	0.431045
3045	0.343688
3046	0.514446
3047	0.53801
3048	0.132218
3049	0.372608
3050	0.666511
3051	0.468069
3052	0.372169
3053	0.189418
3054	0.395404
3055	0.446241
3056	0.6786
3057	0.573212
3058	0.139913
3059	0.328988
3060	0.46199
3061	0.593829
3062	0.202509
3063	0.76817
3064	0.437973
3065	0.218056
3066	0.472831
3067	0.477665
3068	0.323563
3069	0.806549
3070	0.45858
3071	0.480243
3072	0.48867
3073	0.369537
3074	0.122799
3075	0.220831
3076	0.242325
3077	0.486957
3078	0.501471
3079	0.498972
3080	0.512614
3081	0.144697
3082	0.333422
3083	0.104649
3084	0.136021
3085	0.451414
3086	0.937044
3087	0.95658
3088	0.474832
3089	0.250164
3090	0.340195
3091	0.366157
3092	0.116364
3093	0.111705
3094	0.0485683
3095	0.240022
3096	0.387091
3097	0.0642145
3098	0.370953
3099	0.722259
3100	0.796508
3101	0.645335
3102	0.462612
3103	0.264587
3104	0.409671
3105	0.515782
3106	0.723566
3107	0.756301
3108	0.752705
3109	0.809803
3110	0.593369
3111	0.146329
3112	0.184394
3113	0.214066
3114	0.579174
3115	0.604556
3116	0.511528
3117	0.830903
3118	0.417932
3119	0.306977
3120	0.612882
3121	0.544649
3122	0.493385
3123	0.551593
3124	0.41485
3125	0.494428
3126	0.52366
3127	0.0286745
3128	0.438288
3129	0.10337
3130	0.364815
3131	0.473974
3132	0.472892
3133	0.303933
3134	0.0640527
3135	0.126461
3136	0.45918
3137	0.407532
3138	0.482336
3139	0.816971
3140	0.720555
3141	0.197648
3142	0.649753
3143	0.785029
3144	0.410126
3145	0.140828
3146	0.636042
3147	0.509346
3148	0.28116
3149	0.365378
3150	0.399688
3151	0.453658
3152	0.614041
3153	0.638203
3154	0.499266
3155	0.534635
3156	0.824144
3157	0.281183
3158	0.60288
3159	0.532471
3160	0.459332
3161	0.4609
3162	0.573961
3163	0.571142
3164	0.501005
3165	0.0701287
3166	0.362621
3167	0.334953
3168	0.450903
3169	0.886151
3170	0.714525
3171	0.553611
3172	0.287854
3173	0.395033
3174	0.319752
3175	0.310213
3176	0.207153
3177	0.483058
3178	0.683377
3179	0.305727
3180	0.209652
3181	0.526631
3182	0.545269
3183	0.301166
3184	0.20649
3185	0.285341
3186	0.264219
3187	0.585155
3188	0.568207
3189	0.49681
3190	0.290685
3191	0.232226
3192	0.3377
3193	0.500244
3194	0.395157
3195	0.161831
3196	0.440167
3197	0.516065
3198	0.350226
3199	0.246974
3200	0.24019
3201	0.413378
3202	0.274294
3203	0.277549
3204	0.255546
3205	0.65013
3206	0.555356
3207	0.256278
3208	0.876678
3209	0.753217
3210	0.426576
3211	1.92482
3212	1.76735
3213	0.623333
3214	0.423417
3215	0.450742
3216	0.425652
3217	0.226147
3218	0.239793
3219	0.508667
3220	0.305493
3221	0.520285
3222	0.562772
3223	0.326178
3224	0.416615
3225	0.499887
3226	0.175562
3227	0.494968
3228	0.383502
3229	0.446071
3230	0.563846
3231	0.151126
3232	0.26171
3233	0.579359
3234	0.656348
3235	0.549308
3236	0.457692
3237	0.207248
3238	0.34214
3239	0.220592
3240	0.13309
3241	0.410125
3242	0.161457
3243	0.0245793
3244	0.284101
3245	0.351554
3246	0.304139
3247	0.119149
3248	0.235798
3249	0.253499
3250	0.641877
3251	0.274966
3252	0.350803
3253	0.232862
3254	0.419582
3255	0.637973
3256	0.283043
3257	0.18616
3258	0.233705
3259	0.208272
3260	0.561042
3261	0.532489
3262	0.295284
3263	0.27309
3264	0.221574
3265	0.225622
3266	0.333958
3267	0.361661
3268	0.3029
3269	0.354999
3270	0.11958
3271	0.406646
3272	0.365993
3273	0.801131
3274	0.560137
3275	2.38721
3276	36.5383
3277	57.5452
3278	22.445
3279	1.50847
3280	0.153127
3281	0.5271
3282	0.268297
3283	0.498838
3284	0.390322
3285	0.527281
3286	0.182077
3287	0.571294
3288	0.566071
3289	0.359035
3290	0.270204
3291	0.70975
3292	1.00653
3293	0.673696
3294	0.637225
3295	0.56649
3296	0.139427
3297	0.28978
3298	0.440661
3299	0.206019
3300	0.355831
3301	0.306552
3302	0.699256
3303	0.733201
3304	0.41063
3305	0.528998
3306	0.33362
3307	0.183212
3308	0.469319
3309	0.307192
3310	0.171948
3311	0.814683
3312	0.837592
3313	0.0417522
3314	0.474575
3315	0.0587138
3316	0.393807
3317	0.241257
3318	0.567643
3319	0.663477
3320	0.437999
3321	0.359273
3322	0.0995245
3323	0.626886
3324	0.544893
3325	0.40675
3326	0.551237
3327	0.450932
3328	0.326753
3329	0.658383
3330	0.540254
3331	0.588775
3332	0.746546
3333	0.387195
3334	0.170079
3335	0.519453
3336	0.365842
3337	0.658186
3338	0.418401
3339	0.264366
3340	0.193541
3341	0.843088
3342	1.73788
3343	1.2186
3344	0.53305
3345	0.373969
3346	0.437987
3347	0.113055
3348	0.28376
3349	0.197998
3350	0.242274
3351	0.396331
3352	0.20074
3353	0.0753387
3354	0.185594
3355	0.224504
3356	0.131496
3357	0.445434
3358	0.454529
3359	0.305933
3360	0.481386
3361	0.597084
3362	0.536706
3363	0.720859
3364	0.529089
3365	0.333292
3366	0.639548
3367	0.744962
3368	0.278996
3369	0.321479
3370	0.382659
3371	0.422999
3372	0.495385
3373	0.498974
3374	0.38687
3375	0.254095
3376	0.362331
3377	0.281493
3378	0.73132
3379	0.542438
3380	0.0681852
3381	0.205198
3382	0.648093
3383	0.612579
3384	0.329953
3385	0.141308
3386	0.377418
3387	0.298317
3388	0.237196
3389	0.555875
3390	0.362536
3391	0.190648
3392	0.337359
3393	0.472338
3394	0.835374
3395	0.919677
3396	0.79287
3397	0.757624
3398	0.661706
3399	0.678546
3400	0.514117
3401	0.580546
3402	0.450487
3403	0.774305
3404	0.843678
3405	0.356946
3406	0.058358
3407	0.272478
3408	0.337597
3409	0.43653
3410	0.287214
3411	0.428506
3412	0.828485
3413	0.797493
3414	0.404636
3415	0.270365
3416	0.10473
3417	0.257653
3418	0.744519
3419	0.494733
3420	0.302484
3421	0.306265
3422	0.218603
3423	0.215055
3424	0.324922
3425	0.611951
3426	0.388189
3427	0.465966
3428	0.511417
3429	0.640733
3430	1.07762
3431	1.02763
3432	0.419578
3433	0.43142
3434	0.527691
3435	0.328794
3436	0.147117
3437	0.0772986
3438	0.291779
3439	0.18434
3440	0.0791979
3441	0.211285
3442	0.364071
3443	0.159462
3444	0.491182
3445	0.685224
3446	0.569012
3447	0.622858
3448	0.58411
3449	0.586479
3450	0.56185
3451	0.235755
3452	0.329151
3453	0.30733
3454	0.201054
3455	0.480799
3456	0.641686
3457	0.483425
3458	0.241272
3459	0.192512
3460	0.391423
3461	0.405362
3462	0.786012
3463	0.777654
3464	0.531901
3465	0.516309
3466	1.03071
3467	0.622603
3468	0.123859
3469	0.328283
3470	0.473582
3471	0.518052
3472	0.184876
3473	0.118691
3474	0.391804
3475	0.581268
3476	0.717328
3477	0.323105
3478	0.29684
3479	0.306505
3480	0.213173
3481	0.128744
3482	0.287906
3483	0.389605
3484	0.280762
3485	0.158389
3486	0.2417
3487	0.138892
3488	0.237955
3489	0.8834
3490	0.93966
3491	0.777144
3492	0.798876
3493	0.709062
3494	0.459069
3495	0.2547
3496	0.181073
3497	0.470041
3498	0.417534
3499	0.4945
3500	0.113668
3501	0.0893143
3502	0.329316
3503	0.341883
3504	0.750475
3505	0.559712
3506	0.202282
3507	0.395915
3508	0.690626
3509	0.789938
3510	0.699138
3511	0.277324
3512	0.414255
3513	0.228499
3514	0.312789
3515	0.0476952
3516	0.372555
3517	0.231986
3518	0.232959
3519	0.22414
3520	0.517453
3521	0.382662
3522	0.371303
3523	0.252287
3524	0.404929
3525	0.528475
3526	0.168246
3527	0.198114
3528	0.0547656
3529	0.112615
3530	0.19513
3531	0.153908
3532	0.543974
3533	0.631016
3534	0.218548
3535	0.276622
3536	0.621761
3537	0.695759
3538	0.587819
3539	0.369342
3540	0.122802
3541	0.188651
3542	0.692612
3543	0.671867
3544	0.399758
3545	0.389797
3546	0.273014
3547	0.329631
3548	0.486632
3549	0.235365
3550	0.570817
3551	0.529834
3552	0.618395
3553	0.357562
3554	0.0900176
3555	0.176465
3556	0.442249
3557	0.232265
3558	0.22483
3559	0.22609
3560	0.382482
3561	0.264368
3562	0.519561
3563	0.807825
3564	0.381235
3565	0.424278
3566	0.321108
3567	0.480087
3568	0.550221
3569	0.45779
3570	0.218475
3571	0.394854
3572	0.3648
3573	0.799702
3574	0.603896
3575	0.191482
3576	0.34285
3577	0.340478
3578	0.308858
3579	0.247683
3580	0.0756979
3581	0.802347
3582	0.806257
3583	0.37562
3584	0.332489
3585	0.584201
3586	0.357814
3587	0.280345
3588	0.0809761
3589	0.258339
3590	0.509809
3591	0.680703
3592	0.63735
3593	0.242199
3594	0.541815
3595	0.145852
3596	0.618606
3597	0.7453
3598	0.830361
3599	0.414205
3600	0.355565
3601	0.291556
3602	0.375078
3603	0.283026
3604	0.443971
3605	0.777416
3606	1.05957
3607	1.18169
3608	0.756431
3609	0.387711
3610	0.643468
3611	0.558592
3612	0.306023
3613	0.0943764
3614	0.00139871
3615	0.342068
3616	0.257695
3617	0.366344
3618	0.497325
3619	0.37966
3620	0.377619
3621	0.576623
3622	0.246233
3623	0.266786
3624	0.110728
3625	0.129081
3626	0.114238
3627	0.354199
3628	0.66014
3629	0.187605
3630	0.481333
3631	0.651709
3632	0.563238
3633	0.329184
3634	0.116993
3635	0.0575487
3636	0.165633
3637	0.235081
3638	0.285263
3639	0.492308
3640	0.155689
3641	0.89418
3642	1.25406
3643	0.742168
3644	0.637259
3645	0.836529
3646	0.708779
3647	0.675439
3648	0.819557
3649	0.470911
3650	0.436465
3651	0.362869
3652	0.54913
3653	0.107532
3654	0.30036
3655	0.241505
3656	0.319147
3657	0.192319
3658	0.368783
3659	0.0369757
3660	0.267764
3661	0.794031
3662	0.728217
3663	0.285343
3664	0.265333
3665	0.471566
3666	0.573707
3667	0.335461
3668	0.268327
3669	0.339584
3670	0.190641
3671	0.125021
3672	0.379255
3673	0.948162
3674	0.651702
3675	0.323832
3676	0.0490471
3677	0.0864556
3678	0.292831
3679	0.0783603
3680	0.194808
3681	0.244874
3682	0.266939
3683	0.0456814
3684	0.095989
3685	0.2089
3686	0.0426465
3687	0.227122
3688	0.173623
3689	0.790783
3690	0.870413
3691	0.597232
3692	0.553986
3693	0.779574
3694	0.466214
3695	0.361604
3696	0.42814
3697	0.342775
3698	0.383078
3699	0.436439
3700	0.161559
3701	0.198304
3702	0.454222
3703	0.563121
3704	0.333474
3705	0.216149
3706	0.346963
3707	0.411839
3708	0.442547
3709	0.828856
3710	0.707732
3711	0.620253
3712	0.755212
3713	0.512324
3714	0.211508
3715	0.31714
3716	0.391042
3717	0.377605
3718	0.318402
3719	0.299581
3720	0.454241
3721	0.5499
3722	0.445271
3723	0.291409
3724	0.404323
3725	0.295658
3726	0.222335
3727	0.181833
3728	0.397369
3729	0.50873
3730	0.264794
3731	0.192004
3732	0.0349009
3733	0.132465
3734	0.306685
3735	0.451747
3736	0.271234
3737	0.383404
3738	0.108642
3739	0.1605
3740	0.237842
3741	0.408806
3742	0.449907
3743	0.442122
3744	0.161985
3745	0.335602
3746	0.423201
3747	0.278558
3748	0.851344
3749	0.584707
3750	0.368011
3751	0.825898
3752	0.659201
3753	0.148068
3754	0.470625
3755	0.604878
3756	0.214943
3757	0.36221
3758	0.220428
3759	0.544368
3760	0.780689
3761	0.492233
3762	0.266723
3763	0.365417
3764	0.735022
3765	0.355923
3766	0.226522
3767	0.356828
3768	0.394782
3769	0.291136
3770	0.392509
3771	0.302908
3772	0.341489
3773	0.183596
3774	0.0739367
3775	0.484231
3776	0.76466
3777	0.726235
3778	0.575068
3779	0.0964054
3780	0.250471
3781	0.336143
3782	0.0915267
3783	0.490733
3784	0.740487
3785	0.551104
3786	0.408904
3787	0.420392
3788	0.234609
3789	0.164396
3790	0.229094
3791	0.33654
3792	0.439512
3793	0.328626
3794	0.402246
3795	0.515102
3796	0.226724
3797	0.306655
3798	0.152237
3799	0.110193
3800	0.0308268
3801	0.305915
3802	0.489363
3803	0.464769
3804	0.407521
3805	0.461178
3806	0.197064
3807	0.0253047
3808	0.355674
3809	0.10427
3810	0.554361
3811	0.338005
3812	0.0795489
3813	0.382349
3814	0.345101
3815	0.368094
3816	0.581057
3817	0.356381
3818	0.167847
3819	0.419447
3820	0.42441
3821	0.387037
3822	0.514726
3823	0.248197
3824	0.375068
3825	0.370272
3826	0.445776
3827	0.22465
3828	0.247116
3829	0.529046
3830	0.429902
3831	0.202671
3832	0.261803
3833	0.360257
3834	0.258458
3835	0.193838
3836	0.27
3837	0.649134
3838	0.485291
3839	0.065604
3840	0.540453
3841	0.543436
3842	0.481237
3843	0.683997
3844	0.57083
3845	0.251431
3846	0.182688
3847	0.671082
3848	0.378604
3849	0.0572965
3850	0.426259
3851	0.40778
3852	0.322794
3853	0.464282
3854	0.29899
3855	0.210796
3856	0.165368
3857	0.215952
3858	0.106528
3859	0.32515
3860	0.162119
3861	0.653346
3862	0.793495
3863	0.677098
3864	0.254309
3865	0.315567
3866	0.260999
3867	0.297874
3868	0.339621
3869	0.614973
3870	0.365027
3871	0.30663
3872	0.748532
3873	0.712737
3874	0.71812
3875	0.44892
3876	0.572366
3877	0.646405
3878	0.327203
3879	0.170104
3880	0.129182
3881	0.143533
3882	0.133073
3883	0.203508
3884	0.620444
3885	0.840451
3886	0.343248
3887	0.567774
3888	0.200761
3889	0.619703
3890	0.680958
3891	0.309864
3892	0.25366
3893	0.310922
3894	0.460517
3895	0.233793
3896	0.59407
3897	0.342431
3898	0.113633
3899	0.284469
3900	0.384386
3901	0.250609
3902	0.448383
3903	0.620844
3904	0.292104
3905	0.192899
3906	0.453375
3907	0.681352
3908	0.281867
3909	0.14571
3910	0.0966108
3911	0.344118
3912	0.521966
3913	0.621426
3914	0.691801
3915	0.494386
3916	0.428199
3917	0.36884
3918	0.0381842
3919	0.306794
3920	0.429311
3921	0.387457
3922	0.327899
3923	0.249666
3924	0.223407
3925	0.426591
3926	0.183096
3927	0.166514
3928	0.183848
3929	0.411514
3930	0.737086
3931	0.256042
3932	0.226113
3933	0.298684
3934	0.221571
3935	0.23695
3936	0.489429
3937	0.650244
3938	0.84433
3939	0.820336
3940	0.483334
3941	0.299669
3942	0.136808
3943	0.0726869
3944	0.256014
3945	0.300609
3946	0.567985
3947	0.348172
3948	0.188717
3949	0.321596
3950	0.211197
3951	0.448408
3952	0.75773
3953	0.70574
3954	0.509474
3955	0.642596
3956	0.580313
3957	0.471387
3958	0.417827
3959	0.160274
3960	0.626104
3961	0.654242
3962	0.479761
3963	0.292152
3964	0.109234
3965	0.224438
3966	0.16948
3967	0.274619
3968	0.391177
3969	0.515253
3970	0.181918
3971	0.631529
3972	0.638876
3973	0.462948
3974	0.450881
3975	0.602023
3976	0.432973
3977	0.327476
3978	0.165476
3979	0.461578
3980	0.317704
3981	0.189846
3982	0.123534
3983	0.0801968
3984	0.227499
3985	0.674661
3986	0.486589
3987	0.320923
3988	0.477625
3989	0.212627
3990	0.416117
3991	0.489234
3992	0.190559
3993	0.202278
3994	0.5709
3995	0.664601
3996	0.370843
3997	0.231661
3998	0.447724
3999	0.392233
4000	0.907119
4001	0.489752
4002	0.432945
4003	0.325822
4004	0.268672
4005	0.495643
4006	0.38413
4007	0.181708
4008	0.0280636
4009	0.320084
4010	0.282061
4011	0.247508
4012	0.441736
4013	0.435623
4014	0.638079
4015	0.329098
4016	0.615388
4017	0.448723
4018	0.0491844
4019	0.25541
4020	0.476461
4021	0.503194
4022	0.229994
4023	0.166785
4024	0.53345
4025	0.260139
4026	0.178845
4027	0.240287
4028	0.19389
4029	0.296245
4030	0.559577
4031	0.476233
4032	0.22482
4033	0.192481
4034	0.137463
4035	0.0615066
4036	0.387122
4037	0.72356
4038	0.998387
4039	1.18515
4040	1.0248
4041	0.339103
4042	0.511426
4043	0.527757
4044	0.976349
4045	0.65734
4046	0.177853
4047	0.399798
4048	0.307153
4049	0.339904
4050	0.222295
4051	0.301197
4052	0.533841
4053	0.377602
4054	0.350223
4055	0.344878
4056	0.183768
4057	0.405789
4058	0.491802
4059	0.350663
4060	0.312445
4061	0.549939
4062	0.509052
4063	0.43727
4064	0.140191
4065	0.795937
4066	0.952964
4067	0.385443
4068	0.239052
4069	0.0985373
4070	0.0377523
4071	0.3307
4072	0.263224
4073	0.0494038
4074	0.324911
4075	0.483414
4076	0.39148
4077	0.356504
4078	0.410069
4079	0.29769
4080	0.282098
4081	0.118093
4082	0.436507
4083	0.545753
4084	0.424197
4085	0.415069
4086	0.700534
4087	0.424442
4088	0.446762
4089	0.623313
4090	0.441648
4091	0.400459
4092	0.729293
4093	0.300633
4094	0.435151
4095	0.77181
