Compute Correlation 
 
0		-149.167		88.4179
1		-249.545		85.211
2		-335.816		46.597
3		-398.787		-17.1053
4		-434.377		-95.0065
5		-442.269		-177.472
6		-424.246		-256.726
7		-382.965		-326.452
8		-321.583		-380.945
9		-244.255		-414.488
10		-157.132		-421.513
11		-69.1547		-397.755
12		8.03663		-342.11
13		61.5129		-258.519
14		79.7047		-156.975
15		55.6412		-52.9192
16		-10.2628		35.2251
17		-108.949		89.9585
18		-223.682		99.0249
19		-333.24		58.8432
20		-416.576		-24.0795
21		-457.672		-134.287
22		-449.188		-250.799
23		-393.923		-351.853
24		-303.773		-419.616
25		-196.663		-443.652
26		-92.4303		-422.38
27		-8.82528		-362.471
28		41.4686		-276.671
29		52.3553		-180.864
30		24.4408		-91.1594
31		-35.8839		-21.5076
32		-117.932		17.9437
33		-208.43		21.823
34		-293.288		-10.0414
35		-359.369		-72.6764
36		-396.237		-156.527
37		-397.731		-248.607
38		-363.15		-334.254
39		-297.723		-399.362
40		-212.158		-432.79
41		-121.173		-428.524
42		-41.1388		-387.146
43		12.8314		-316.248
44		29.8872		-229.55
45		5.96225		-144.719
46		-54.762		-80.113
47		-139.944		-50.9366
48		-230.991		-65.5582
49		-306.703		-122.888
50		-348.061		-211.686
51		-343.143		-312.337
52		-290.81		-401.077
53		-201.935		-455.845
54		-97.4303		-462.334
55		-3.21412		-418.451
56		56.7142		-335.64
57		67.1883		-236.338
58		26.6287		-147.988
59		-52.013		-95.2007
60		-144.664		-92.4028
61		-223.065		-139.296
62		-263.203		-220.684
63		-252.639		-310.871
64		-194.414		-381.347
65		-106.248		-409.437
66		-15.2537		-385.195
67		50.2031		-314.436
68		68.968		-216.979
69		33.2863		-120.721
70		-49.1102		-53.4296
71		-157.531		-34.8024
72		-264.538		-71.1664
73		-343.825		-154.278
74		-377.326		-264.367
75		-359.502		-376.251
76		-297.727		-466.498
77		-208.983		-519.402
78		-114.195		-530.106
79		-32.1767		-504.213
80		24.9068		-454.425
81		53.3118		-395.653
82		56.5457		-340.423
83		42.1046		-296.096
84		17.634		-264.624
85		-11.8965		-244.528
86		-44.9615		-233.936
87		-82.0635		-233.16
88		-122.954		-245.542
89		-163.915		-276.089
90		-196.56		-328.362
91		-209.008		-400.944
92		-189.365		-485.096
93		-130.42		-564.893
94		-33.8711		-620.31
95		87.671		-632.611
96		212.005		-590.466
97		312.05		-494.786
98		362.837		-360.486
99		348.819		-214.237
100		269.241		-88.4817
101		139.776		-13.1884
102		-10.3956		-7.61063
103		-145.497		-74.4874
104		-232.308		-198.513
105		-249.029		-349.742
106		-191.279		-491.16
107		-73.4235		-588.375
108		75.2795		-618.695
109		218.66		-576.944
110		323.444		-476.318
111		367.984		-344.066
112		347.361		-213.362
113		273.427		-113.953
114		170.024		-64.4431
115		65.1254		-68.5224
116		-17.4002		-115.996
117		-63.7433		-187.872
118		-72.1316		-263.397
119		-50.6482		-326.465
120		-12.2191		-369.236
121		31.0009		-392.108
122		71.6253		-400.611
123		108.085		-400.975
124		142.75		-396.458
125		178.371		-385.98
126		214.719		-365.465
127		247.069		-331.07
128		267.247		-282.648
129		266.802		-225.768
130		240.919		-171.275
131		191.392		-132.432
132		127.395		-120.696
133		63.6518		-141.678
134		16.5925		-192.731
135		-0.239243		-262.984
136		19.8927		-335.787
137		74.7887		-392.799
138		153.487		-418.584
139		238.618		-404.544
140		310.341		-351.281
141		350.966		-268.886
142		349.294		-175.058
143		303.72		-91.3136
144		223.29		-37.9907
145		126.222		-29.0822
146		35.923		-68.1813
147		-24.7759		-146.797
148		-39.7815		-245.839
149		-4.52341		-340.245
150		72.2506		-405.682
151		170.514		-425.448
152		264.476		-395.372
153		329.995		-325.046
154		351.538		-234.853
155		326.413		-149.711
156		264.901		-91.6097
157		186.358		-73.4622
158		112.796		-96.2265
159		62.2791		-150.038
160		44.3743		-218.577
161		58.967		-284.791
162		98.3685		-335.784
163		151.396		-365.284
164		207.531		-373.247
165		259.529		-363.398
166		303.756		-340.247
167		338.694		-307.107
168		362.858		-265.921
169		373.513		-218.699
170		367.091		-169.482
171		341.21		-125.475
172		297.343		-96.3422
173		242.693		-91.5642
174		190.062		-116.684
175		155.246		-169.949
176		152.55		-240.861
177		189.805		-311.588
178		264.7		-361.157
179		363.865		-371.339
180		465.371		-332.44
181		544.143		-247.087
182		578.836		-130.638
183		558.135		-7.85423
184		484.535		93.3914
185		374.337		149.631
186		253.691		148.365
187		151.742		91.714
188		92.7903		-3.98692
189		89.7606		-112.58
190		140.856		-205.212
191		230.362		-258.115
192		333.296		-258.781
193		422.448		-208.815
194		475.707		-122.754
195		481.563		-23.4273
196		441.35		64.6165
197		367.848		121.625
198		280.942		137.28
199		201.856		112.381
200		147.652		57.437
201		127.449		-11.0876
202		141.133		-75.5914
203		180.568		-121.846
204		232.691		-142.088
205		283.474		-136.087
206		321.678		-110.149
207		341.446		-74.4949
208		343.161		-39.8206
209		332.397		-14.0287
210		317.346		-0.0776978
211		305.51		4.37779
212		300.777		5.40231
213		301.96		9.74529
214		303.444		21.4393
215		297.873		39.3902
216		279.957		57.0934
217		249.867		64.8794
218		214.671		54.0631
219		186.844		21.4557
220		180.056		-27.6884
221		203.613		-79.8129
222		257.699		-116.703
223		331.521		-121.615
224		405.447		-85.7357
225		456.765		-12.4674
226		467.168		82.3109
227		429.307		174.398
228		349.954		238.566
229		248.55		256.498
230		151.561		222.63
231		84.5996		145.914
232		64.972		47.0419
233		97.0357		-47.748
234		171.616		-114.113
235		269.283		-135.911
236		366.081		-108.66
237		439.761		-39.5742
238		474.773		55.2872
239		464.965		155.514
240		413.834		241.09
241		332.769		296.319
242		238.091		312.344
243		147.617		288.119
244		77.3716		229.955
245		38.8904		149.878
246		37.4798		63.1228
247		71.6924		-14.7831
248		134.092		-70.8064
249		213.101		-96.4661
250		295.42		-88.7658
251		368.357		-49.9384
252		421.527		13.6571
253		447.704		92.9145
254		443.074		177.134
255		407.341		254.802
256		344.093		314.291
257		261.364		345.014
258		171.861		339.394
259		92.0276		295.449
260		39.3591		219.115
261		28.122		125.018
262		64.5719		34.6141
263		143.439		-28.5223
264		247.427		-45.2465
265		350.627		-7.17868
266		425.284		79.5563
267		449.977		194.908
268		416.444		310.064
269		332.56		395.748
270		220.268		430.951
271		109.021		409.161
272		26.9268		339.976
273		-7.43642		245.702
274		10.0741		154.204
275		68.9146		90.532
276		147.971		70.0164
277		222.378		94.7968
278		270.73		154.441
279		280.567		229.979
280		250.835		299.796
281		191.093		345.565
282		118.083		356.706
283		50.8452		332.495
284		5.64435		281.562
285		-8.10532		219.105
286		9.97006		162.55
287		51.4167		126.704
288		101.584		119.629
289		144.075		140.395
290		165.831		179.522
291		161.272		222.161
292		134.052		253.149
293		95.6475		262.295
294		61.0908		247.988
295		43.3137		217.679
296		48.2076		184.913
297		72.37		163.95
298		104.519		164.056
299		130.085		185.745
300		137.174		220.563
301		121.462		254.513
302		88.0282		273.767
303		49.3708		270.314
304		20.429		245.259
305		12.6659		208.483
306		29.5661		174.878
307		65.2625		158.727
308		106.678		168.461
309		138.189		203.716
310		146.95		255.593
311		126.961		309.752
312		80.639		351.004
313		17.7045		367.749
314		-47.9025		354.922
315		-101.88		314.866
316		-133.048		256.26
317		-135.707		191.72
318		-110.582		134.823
319		-64.4147		97.183
320		-8.41103		86.0383
321		44.1773		102.72
322		80.958		142.303
323		93.2495		194.644
324		78.1899		246.73
325		39.4436		285.866
326		-13.8385		302.858
327		-69.5891		294.193
328		-116.128		262.494
329		-145.067		215.126
330		-152.84		161.577
331		-140.444		110.687
332		-111.792		68.8446
333		-71.6687		39.693
334		-24.3733		25.1157
335		26.3189		26.5867
336		76.0746		45.7868
337		118.74		83.8352
338		146.087		139.34
339		149.332		206.319
340		122.28		273.399
341		64.9274		325.342
342		-14.1714		346.964
343		-98.2563		328.332
344		-165.952		269.303
345		-197.287		181.449
346		-180.209		86.2066
347		-115.281		9.45795
348		-16.7037		-25.8718
349		90.9051		-6.81348
350		179.113		65.3787
351		223.617		175.118
352		211.058		296.583
353		142.672		400.733
354		33.7864		463.094
355		-90.528		470.071
356		-202.258		422.091
357		-277.714		332.909
358		-303.301		225.475
359		-278.383		125.669
360		-214.679		55.6218
361		-132.525		28.3879
362		-55.1583		45.2323
363		-2.56152		96.1245
364		13.4751		163.153
365		-8.16916		225.827
366		-58.4987		266.736
367		-121.687		275.994
368		-180.024		253.258
369		-218.998		206.894
370		-231.016		150.72
371		-216.753		99.4858
372		-183.932		64.5572
373		-144.163		51.1135
374		-109.011		57.5415
375		-86.6203		76.9607
376		-79.8492		100.129
377		-86.3059		118.64
378		-99.9954		127.381
379		-113.846		125.599
380		-122.216		116.437
381		-122.616		105.29
382		-116.224		97.6001
383		-107.132		96.8248
384		-100.644		103.17
385		-101.155		113.476
386		-110.298		122.318
387		-125.972		124.018
388		-142.694		114.987
389		-153.313		95.5565
390		-151.648		70.5703
391		-135.193		48.271
392		-106.817		37.644
393		-74.6346		45.0103
394		-49.7642		71.1113
395		-42.578		109.936
396		-58.7152		150.008
397		-96.4266		177.926
398		-146.447		183.008
399		-194.672		161.3
400		-226.811		117.366
401		-233.299		63.0159
402		-212.616		13.3943
403		-171.717		-18.143
404		-123.432		-24.3956
405		-81.9171		-6.31531
406		-57.9493		27.9981
407		-55.8622		66.701
408		-73.101		98.4973
409		-102.255		116.078
410		-134.427		117.517
411		-162.38		105.418
412		-182.242		84.6033
413		-193.344		59.6412
414		-196.708		33.3699
415		-193.248		6.91891
416		-182.724		-19.1017
417		-163.981		-43.1332
418		-136.243		-61.8833
419		-100.699		-70.7571
420		-61.461		-65.3966
421		-25.3019		-43.6552
422		-0.144089		-7.13702
423		7.19849		38.3824
424		-6.76154		83.883
425		-40.7367		119.121
426		-88.4278		135.167
427		-139.573		126.802
428		-182.053		94.1855
429		-204.639		43.4089
430		-199.843		-14.2966
431		-166.257		-64.6952
432		-109.741		-93.7759
433		-42.9066		-91.4709
434		17.3611		-54.9374
435		54.0159		9.67519
436		54.6691		87.8403
437		15.684		159.896
438		-55.919		206.274
439		-143.682		213.234
440		-225.985		177.241
441		-282.192		106.392
442		-298.711		18.2331
443		-272.915		-65.4019
444		-213.609		-124.85
445		-137.922		-148.187
446		-65.8004		-134.096
447		-14.062		-91.2642
448		8.00708		-34.781
449		0.245758		18.9522
450		-29.7457		56.9877
451		-70.0441		72.793
452		-108.473		66.7967
453		-135.924		44.8224
454		-148.079		15.3447
455		-145.422		-13.3499
456		-131.945		-35.2693
457		-113.258		-47.7194
458		-94.6982		-51.2374
459		-79.8965		-48.7181
460		-69.9913		-44.0552
461		-63.6188		-40.6277
462		-57.6817		-39.9743
463		-48.7719		-41.0465
464		-34.8973		-40.3895
465		-16.9243		-33.3943
466		0.931763		-16.3677
467		12.031		11.275
468		9.5951		45.6436
469		-10.338		78.6548
470		-46.4576		100.211
471		-91.4036		101.717
472		-133.316		79.6719
473		-159.433		37.8318
474		-160.531		-13.1327
475		-134.522		-58.6239
476		-87.7137		-84.7951
477		-33.1148		-83.2144
478		13.673		-53.7531
479		39.4787		-4.6073
480		37.6517		50.5097
481		9.78802		96.8881
482		-35.3629		123.352
483		-85.1846		125.225
484		-127.303		104.906
485		-153.03		70.1896
486		-159.122		31.2621
487		-147.629		-2.40124
488		-124.313		-24.2556
489		-96.4848		-31.5886
490		-71.0603		-25.244
491		-53.2637		-8.64462
492		-46.0476		13.3849
493		-50.0353		35.6828
494		-63.7782		53.6089
495		-84.215		63.7149
496		-107.314		64.2174
497		-128.863		55.1873
498		-145.275		38.3615
499		-154.176		16.5889
500		-154.594		-6.89948
501		-146.716		-29.0965
502		-131.447		-47.455
503		-110.099		-59.7418
504		-84.4865		-63.7781
505		-57.3912		-57.4832
506		-33.015		-39.5162
507		-16.8705		-10.4351
508		-14.7065		26.1557
509		-30.5385		63.2386
510		-64.4398		91.4192
511		-111.12		101.423
512		-160.227		87.3806
513		-198.729		49.6531
514		-214.835		-4.08718
515		-202.149		-60.2996
516		-162.461		-103.337
517		-105.947		-120.363
518		-48.4949		-105.69
519		-6.93718		-62.9503
520		6.17389		-4.23975
521		-13.5229		53.4795
522		-60.9054		93.4976
523		-123.031		104.28
524		-183.087		82.6495
525		-225.272		34.376
526		-239.111		-27.8046
527		-222.028		-87.9502
528		-179.664		-131.284
529		-124.05		-147.999
530		-70.2613		-135.615
531		-32.4459		-99.4255
532		-20.1543		-51.0035
533		-35.8361		-5.12109
534		-74.132		24.2083
535		-123.24		27.6069
536		-168.132		3.06913
537		-194.835		-43.3196
538		-194.569		-99.0561
539		-166.422		-148.927
540		-117.584		-179.648
541		-60.9813		-183.923
542		-11.0348		-162.486
543		20.9612		-123.424
544		30.1979		-79.0227
545		19.2641		-41.379
546		-3.60065		-18.433
547		-28.0867		-11.8788
548		-45.7228		-17.5776
549		-52.5871		-28.0668
550		-49.9124		-35.9494
551		-42.6229		-36.722
552		-36.6834		-30.0055
553		-36.5047		-18.9424
554		-43.4336		-8.32314
555		-55.7185		-2.43103
556		-69.6511		-3.51619
557		-81.1582		-11.3345
558		-87.1255		-23.6285
559		-86.0734		-37.066
560		-78.2294		-48.1465
561		-65.2925		-53.8405
562		-50.1487		-52.0256
563		-36.568		-41.9112
564		-28.6978		-24.5135
565		-30.1661		-2.97766
566		-42.8584		17.6322
567		-65.7805		31.3659
568		-94.6286		33.1579
569		-122.547		20.7741
570		-142.079		-3.91191
571		-147.698		-35.0396
572		-137.907		-64.4591
573		-115.948		-84.4628
574		-88.6982		-90.4586
575		-64.1573		-82.4418
576		-48.5934		-64.6265
577		-44.5829		-43.4429
578		-50.766		-24.8689
579		-63.2894		-12.3585
580		-78.0925		-6.28848
581		-92.8005		-5.03754
582		-107.251		-6.95467
583		-122.447		-12.0103
584		-138.624		-22.1141
585		-153.635		-39.8252
586		-162.748		-66.1028
587		-160.225		-98.3489
588		-142.094		-129.964
589		-108.803		-151.953
590		-66.3787		-156.109
591		-25.3102		-138.496
592		2.62636		-101.675
593		8.41498		-54.622
594		-10.8627		-10.2192
595		-50.7287		18.7804
596		-100.542		23.8169
597		-146.763		3.16176
598		-177.036		-37.7062
599		-183.69		-87.9427
600		-165.611		-134.606
601		-128.147		-166.219
602		-81.3315		-175.595
603		-37.1402		-161.336
604		-6.56017		-127.854
605		2.90554		-84.1377
606		-11.1135		-41.6212
607		-45.2879		-11.56
608		-91.2329		-2.37326
609		-137.354		-17.4659
610		-171.643		-54.1057
611		-184.852		-103.824
612		-173.178		-154.47
613		-139.566		-193.526
614		-93.0302		-211.76
615		-46.0243		-206.024
616		-10.6296		-180.174
617		5.17353		-143.717
618		-0.163071		-108.59
619		-21.6427		-85.2361
620		-49.8214		-79.3653
621		-74.2688		-90.5453
622		-87.0713		-112.993
623		-85.1236		-138.113
624		-70.5143		-157.694
625		-49.0963		-166.56
626		-27.9896		-163.812
627		-13.049		-152.443
628		-7.16759		-137.734
629		-9.83067		-125.185
630		-17.8173		-118.746
631		-26.5956		-119.821
632		-31.8644		-127.171
633		-30.808		-137.551
634		-22.8233		-146.799
635		-9.64276		-151.079
636		5.13931		-148.044
637		17.0649		-137.65
638		22.1689		-122.401
639		18.375		-106.818
640		6.48399		-96.1436
641		-9.69762		-94.5576
642		-24.3258		-103.496
643		-31.4171		-120.746
644		-27.0744		-140.826
645		-11.1768		-156.696
646		12.2276		-162.251
647		36.1271		-154.687
648		52.9892		-135.719
649		57.5255		-111.127
650		48.6688		-88.706
651		29.9538		-75.4404
652		8.14799		-75.0177
653		-9.28199		-86.6666
654		-16.8233		-105.719
655		-12.638		-125.56
656		1.23386		-140.092
657		20.1009		-145.689
658		38.608		-141.959
659		52.5912		-131.215
660		60.1037		-117.087
661		61.3911		-103.032
662		58.0868		-91.3293
663		52.1738		-82.8616
664		45.222		-77.4987
665		38.1381		-74.7192
666		31.3418		-74.0771
667		25.0967		-75.3474
668		19.7395		-78.4154
669		15.7123		-83.1027
670		13.4796		-89.0797
671		13.4603		-95.8732
672		16.0288		-102.867
673		21.5048		-109.207
674		29.9834		-113.655
675		40.9526		-114.589
676		52.8488		-110.363
677		62.8847		-100.084
678		67.49		-84.5455
679		63.465		-66.8264
680		49.533		-52.0327
681		27.6272		-45.9515
682		3.15817		-52.9235
683		-16.1679		-73.7261
684		-22.7964		-104.454
685		-12.2027		-137.11
686		14.977		-161.932
687		52.5723		-170.733
688		90.605		-159.936
689		118.578		-132.088
690		129.088		-95.1286
691		120.341		-59.6688
692		96.5927		-35.3364
693		66.3896		-27.6171
694		39.3947		-36.3805
695		23.1053		-56.528
696		20.7156		-80.3104
697		30.7867		-100.237
698		48.5827		-111.394
699		68.2734		-112.41
700		84.9953		-104.967
701		96.0189		-92.4077
702		100.819		-78.2121
703		100.367		-64.9889
704		96.2227		-54.2022
705		89.902		-46.4308
706		82.679		-41.7599
707		75.6614		-39.9844
708		69.838		-40.5753
709		65.9199		-42.5988
710		64.0391		-44.8437
711		63.566		-46.2418
712		63.3045		-46.4102
713		62.0985		-45.9659
714		59.5913		-46.3128
715		56.6909		-48.8811
716		55.3779		-54.1436
717		57.8077		-60.9454
718		65.075		-66.6092
719		76.2603		-67.9135
720		88.3268		-62.5798
721		97.0628		-50.5802
722		98.7439		-34.5834
723		91.7979		-19.2241
724		77.6941		-9.42619
725		60.5993		-8.4771
726		45.901		-16.6953
727		38.217		-31.2725
728		39.7339		-47.3472
729		49.5499		-59.8215
730		64.2268		-65.1362
731		79.2186		-62.2955
732		90.506		-52.8318
733		95.7687		-39.8831
734		94.7267		-26.9099
735		88.7109		-16.6294
736		79.8428		-10.5184
737		70.2754		-8.88693
738		61.7776		-11.2583
739		55.6664		-16.7252
740		52.8792		-24.1035
741		53.9587		-31.9281
742		58.8709		-38.4925
743		66.7809		-42.1048
744		76.0194		-41.562
745		84.4092		-36.6383
746		89.9037		-28.2981
747		91.2769		-18.445
748		88.5191		-9.26469
749		82.7195		-2.4587
750		75.4861		1.24581
751		68.2202		2.06279
752		61.6586		0.640579
753		55.9445		-2.58253
754		51.1691		-7.72127
755		48.013		-15.2079
756		47.9996		-25.0541
757		53.0491		-36.0385
758		64.4203		-45.3878
759		81.5273		-49.3361
760		101.316		-44.5078
761		118.702		-29.5889
762		128.12		-6.48869
763		125.642		19.6878
764		110.782		42.0476
765		87.1426		54.263
766		61.4712		52.9521
767		41.4219		39.0836
768		32.8548		17.7753
769		37.7605		-3.48277
770		53.6335		-17.4837
771		74.5218		-19.7852
772		93.2832		-10.062
773		104.117		8.12512
774		104.389		28.9359
775		95.1265		46.4966
776		80.1512		56.8712
777		64.3538		59.0628
778		51.872		54.8179
779		44.8605		47.5091
780		43.1886		40.6714
781		44.9855		36.7905
782		47.6537		36.7147
783		48.8865		39.7438
784		47.3522		44.1917
785		42.9211		48.1146
786		36.4991		49.949
787		29.6278		48.922
788		23.993		45.2128
789		20.9418		39.8872
790		21.0698		34.6288
791		23.9588		31.2875
792		28.1581		31.3026
793		31.496		35.1376
794		31.7108		41.928
795		27.2524		49.5387
796		17.9808		55.1093
797		5.45741		55.9749
798		-7.36164		50.659
799		-16.996		39.5551
800		-20.6015		24.9913
801		-16.9987		10.5976
802		-7.16937		0.171799
803		5.97691		-3.55226
804		18.4913		0.205505
805		26.6063		10.0325
806		27.8586		22.7858
807		21.7557		34.5572
808		9.82185		41.79
809		-4.91615		42.2004
810		-18.7783		35.2764
811		-28.3459		22.2963
812		-31.2221		5.95195
813		-26.5171		-10.284
814		-15.017		-22.9025
815		0.961166		-29.0986
816		18.0173		-27.4033
817		32.3751		-18.0832
818		40.7497		-3.18377
819		41.1874		13.8711
820		33.6332		29.0923
821		20.0043		38.9704
822		3.68085		41.4403
823		-11.4699		36.4322
824		-22.2228		25.7926
825		-26.8817		12.5873
826		-25.6004		0.0455666
827		-20.0412		-9.44724
828		-12.5473		-14.9243
829		-5.20105		-16.792
830		0.823975		-16.2529
831		5.37337		-14.5199
832		8.9028		-12.2184
833		11.8201		-9.25343
834		13.9576		-5.17293
835		14.4727		0.201828
836		12.2453		6.2462
837		6.57616		11.4202
838		-2.17047		13.6858
839		-12.33		11.2994
840		-21.2702		3.63203
841		-26.1992		-8.35678
842		-25.1348		-22.2239
843		-17.6509		-34.7102
844		-5.10735		-42.7277
845		9.71407		-44.2994
846		23.4204		-39.1298
847		32.9656		-28.6401
848		36.4429		-15.5074
849		33.4957		-2.90425
850		25.2873		6.30947
851		14.1084		10.2239
852		2.7792		8.2299
853		-5.99441		1.05606
854		-10.1816		-9.4618
855		-8.82163		-20.8098
856		-2.19827		-30.3435
857		8.23758		-35.8597
858		20.1997		-36.0844
859		31.0992		-30.958
860		38.6633		-21.627
861		41.4743		-10.1229
862		39.2652		1.18981
863		32.8814		10.2291
864		23.9279		15.6742
865		14.2435		17.1589
866		5.40222		15.1448
867		-1.58367		10.5711
868		-6.28423		4.45942
869		-8.65614		-2.34734
870		-8.78578		-9.22557
871		-6.7381		-15.6291
872		-2.60117		-20.9063
873		3.30726		-24.2383
874		10.214		-24.7945
875		16.8197		-22.0692
876		21.4927		-16.2511
877		22.7118		-8.42951
878		19.6061		-0.489288
879		12.3764		5.32356
880		2.40535		7.04098
881		-8.01762		3.59595
882		-16.2852		-4.79464
883		-20.1839		-16.625
884		-18.4985		-29.4732
885		-11.3276		-40.6238
886		-0.0371284		-47.7442
887		13.1019		-49.4235
888		25.4634		-45.4524
889		34.6481		-36.814
890		38.9703		-25.4283
891		37.7682		-13.7339
892		31.5106		-4.20013
893		21.6993		1.15434
894		10.586		1.16533
895		0.73838		-4.21704
896		-5.48342		-13.8714
897		-6.44986		-25.6904
898		-1.66422		-37.0033
899		8.06772		-45.1646
900		20.774		-48.1772
901		33.7504		-45.1903
902		44.1987		-36.7253
903		49.9026		-24.556
904		49.7585		-11.2638
905		44.0097		0.408606
906		34.1255		8.2275
907		22.3664		10.9731
908		11.1717		8.64619
909		2.55061		2.33748
910		-2.34919		-6.18067
911		-3.38811		-14.9961
912		-1.28096		-22.5595
913		2.7762		-27.999
914		7.54852		-31.1688
915		12.1176		-32.4556
916		16.0303		-32.4475
917		19.2146		-31.6226
918		21.7346		-30.1914
919		23.5242		-28.1592
920		24.2553		-25.5651
921		23.4306		-22.7613
922		20.6854		-20.5644
923		16.1667		-20.1486
924		10.7926		-22.666
925		6.21814		-28.7182
926		4.4421		-37.8999
927		7.15194		-48.6435
928		15.0378		-58.5023
929		27.3617		-64.827
930		41.9931		-65.622
931		55.9542		-60.2644
932		66.3084		-49.7967
933		71.0794		-36.6559
934		69.8598		-23.9232
935		63.8846		-14.3647
936		55.5561		-9.61618
937		47.6166		-9.79832
938		42.2929		-13.6669
939		40.7242		-19.1878
940		42.8389		-24.2702
941		47.649		-27.3642
942		53.7655		-27.7291
943		59.8812		-25.3498
944		65.031		-20.6409
945		68.5896		-14.146
946		70.1076		-6.39721
947		69.1639		2.02647
948		65.3748		10.3362
949		58.5878		17.4307
950		49.1595		21.9911
951		38.1425		22.7957
952		27.233		19.1515
953		18.4361		11.2519
954		13.5439		0.288239
955		13.6145		-11.7644
956		18.6492		-22.6248
957		27.5825		-30.2805
958		38.5734		-33.4648
959		49.4776		-31.8963
960		58.3321		-26.2463
961		63.7209		-17.9022
962		64.9629		-8.64079
963		62.1486		-0.309666
964		56.0834		5.44205
965		48.1798		7.393
966		40.2955		4.96389
967		34.481		-1.59397
968		32.612		-11.0984
969		35.9413		-21.5164
970		44.6814		-30.2919
971		57.775		-34.901
972		72.9874		-33.5101
973		87.3577		-25.5348
974		97.9153		-11.8951
975		102.453		5.14719
976		100.107		22.5448
977		91.5662		37.2462
978		78.8319		46.9551
979		64.6438		50.6399
980		51.7551		48.659
981		42.2936		42.5136
982		37.3722		34.3502
983		37.0113		26.3977
984		40.3216		20.4995
985		45.8376		17.831
986		51.8775		18.8127
987		56.8492		23.1671
988		59.4722		30.0588
989		58.9231		38.2689
990		54.9187		46.3857
991		47.7429		53.0107
992		38.2045		56.9691
993		27.514		57.5008
994		17.0858		54.3915
995		8.29693		48.0094
996		2.25448		39.2325
997		-0.380377		29.2889
998		0.520611		19.5461
999		4.55418		11.2978
1000		10.8597		5.57727
1001		18.2443		3.01022
1002		25.3472		3.71117
1003		30.8421		7.23131
1004		33.6702		12.5803
1005		33.2759		18.3527
1006		29.7896		22.9724
1007		24.0866		25.033
1008		17.6647		23.6604
1009		12.3329		18.7933
1010		9.77259		11.2777
1011		11.0876		2.71693
1012		16.4799		-4.89812
1013		25.159		-9.68584
1014		35.5173		-10.3498
1015		45.5204		-6.49721
1016		53.1924		1.28198
1017		57.0611		11.5817
1018		56.4498		22.5228
1019		51.5674		32.1659
1020		43.408		38.8899
1021		33.5165		41.6662
1022		23.6888		40.2024
1023		15.6619		34.9582
1024		10.8314		27.0555
1025		10.0202		18.0975
1026		13.3215		9.91143
1027		20.0453		4.23739
1028		28.7946		2.39948
1029		37.684		5.02102
1030		44.6768		11.8474
1031		47.9875		21.734
1032		46.4626		32.8177
1033		39.857		42.8494
1034		28.9398		49.6265
1035		15.4005		51.4371
1036		1.56729		47.431
1037		-10.0167		37.8415
1038		-17.0872		24.0093
1039		-18.1366		8.18673
1040		-12.7799		-6.86471
1041		-1.91617		-18.4268
1042		12.3815		-24.4278
1043		27.2674		-23.9562
1044		39.7556		-17.5404
1045		47.4474		-7.08053
1046		49.1582		4.59008
1047		45.2482		14.4296
1048		37.5312		20.0012
1049		28.7628		20.1335
1050		21.8499		15.2124
1051		19.029		7.00655
1052		21.2773		-1.91496
1053		28.1415		-8.97031
1054		38.0184		-12.2861
1055		48.7543		-11.1158
1056		58.3259		-5.84479
1057		65.3511		2.36318
1058		69.2726		12.0901
1059		70.207		22.1263
1060		68.5941		31.6931
1061		64.8533		40.3825
1062		59.2213		47.9101
1063		51.8367		53.8626
1064		42.995		57.6147
1065		33.4027		58.4913
1066		24.2485		56.1135
1067		16.9956		50.7553
1068		12.9381		43.5106
1069		12.6917		36.1379
1070		15.8455		30.5913
1071		20.9535		28.3903
1072		25.9127		30.0707
1073		28.6149		34.9418
1074		27.6413		41.2656
1075		22.7358		46.8088
1076		14.8815		49.5689
1077		5.95058		48.4099
1078		-1.9346		43.3776
1079		-7.08574		35.5949
1080		-8.72809		26.7998
1081		-7.11641		18.7225
1082		-3.27928		12.5468
1083		1.47057		8.64675
1084		6.0439		6.66666
1085		9.89653		5.86456
1086		13.0606		5.5414
1087		15.9123		5.3588
1088		18.8176		5.41773
1089		21.8363		6.08765
1090		24.6256		7.69227
1091		26.5821		10.2167
1092		27.145		13.183
1093		26.1166		15.7573
1094		23.8445		17.0433
1095		21.1855		16.4349
1096		19.2594		13.8796
1097		19.0959		9.94913
1098		21.3089		5.69855
1099		25.9088		2.37865
1100		32.2973		1.11138
1101		39.4169		2.62811
1102		45.9817		7.12547
1103		50.7195		14.2365
1104		52.5845		23.0844
1105		50.9372		32.3904
1106		45.6983		40.6324
1107		37.464		46.2745
1108		27.5336		48.0769
1109		17.7793		45.4503
1110		10.3115		38.7557
1111		6.96722		29.4186
1112		8.74046		19.7423
1113		15.3459		12.399
1114		25.1057		9.70264
1115		35.2625		12.878
1116		42.6743		21.5814
1117		44.6962		33.8636
1118		39.9698		46.6237
1119		28.8557		56.4225
1120		13.3709		60.4024
1121		-3.33886		57.0235
1122		-17.8028		46.4078
1123		-27.0499		30.2298
1124		-29.2233		11.2441
1125		-23.863		-7.36574
1126		-11.8615		-22.6229
1127		4.81553		-32.2509
1128		23.5275		-34.9799
1129		41.3937		-30.6854
1130		55.7302		-20.3864
1131		64.478		-6.10786
1132		66.5863		9.41927
1133		62.2769		23.2306
1134		53.0797		32.727
1135		41.5628		36.2722
1136		30.7676		33.6099
1137		23.4763		25.9419
1138		21.5293		15.6085
1139		25.4114		5.45732
1140		34.2395		-1.89203
1141		46.1265		-4.64263
1142		58.758		-2.09849
1143		69.9528		5.40619
1144		78.0237		16.8117
1145		81.8826		30.6827
1146		80.9741		45.4437
1147		75.1916		59.4578
1148		64.9016		71.0376
1149		51.0794		78.5368
1150		35.4316		80.6302
1151		20.3207		76.7505
1152		8.36785		67.5038
1153		1.77057		54.8158
1154		1.55461		41.6239
1155		7.08053		31.1189
1156		16.0728		25.7584
1157		25.2474		26.4236
1158		31.3542		32.0742
1159		32.2561		40.0783
1160		27.6242		47.1131
1161		18.9798		50.2971
1162		9.08143		48.1147
1163		0.922905		40.7924
1164		-3.24582		30.0296
1165		-2.50677		18.2538
1166		2.69884		7.75443
1167		11.0193		0.0449295
1168		20.8422		-4.33811
1169		30.8353		-5.62617
1170		40.1766		-4.40136
1171		48.4669		-1.22762
1172		55.4777		3.49465
1173		60.9457		9.44026
1174		64.5511		16.1674
1175		66.0816		23
1176		65.6528		29.0984
1177		63.8239		33.6994
1178		61.5097		36.3979
1179		59.7162		37.3108
1180		59.2299		37.0327
1181		60.4178		36.4143
1182		63.2163		36.2917
1183		67.2779		37.3114
1184		72.145		39.9182
1185		77.3196		44.4566
1186		82.1847		51.2454
1187		85.8539		60.5005
1188		87.1207		72.0768
1189		84.6496		85.1491
1190		77.4375		98.048
1191		65.3897		108.444
1192		49.7423		113.938
1193		33.0592		112.889
1194		18.6859		105.179
1195		9.77963		92.5515
1196		8.24296		78.312
1197		13.9752		66.4303
1198		24.7573		60.3272
1199		36.8529		61.7816
1200		46.1279		70.3523
1201		49.2991		83.5178
1202		44.8823		97.4666
1203		33.5466		108.242
1204		17.8095		112.848
1205		1.23489		109.986
1206		-12.5658		100.254
1207		-20.8252		85.8257
1208		-22.1927		69.8003
1209		-16.9106		55.4152
1210		-6.62791		45.3268
1211		6.05426		41.0768
1212		18.2002		42.8155
1213		27.2118		49.3148
1214		31.4393		58.2833
1215		30.5968		66.9493
1216		25.8483		72.8094
1217		19.4911		74.3586
1218		14.2667		71.5713
1219		12.4833		65.9398
1220		15.2281		60.0039
1221		21.9669		56.493
1222		30.7067		57.3671
1223		38.6924		63.1143
1224		43.3951		72.5835
1225		43.4119		83.4303
1226		38.9278		93.0069
1227		31.5558		99.3446
1228		23.63		101.834
1229		17.2465		101.336
1230		13.4508		99.7023
1231		11.8976		98.9089
1232		11.1019		100.192
1233		9.15546		103.526
1234		4.59296		107.648
1235		-2.95185		110.601
1236		-12.5557		110.534
1237		-22.3336		106.457
1238		-30.1279		98.6178
1239		-34.2709		88.4202
1240		-34.1273		77.9128
1241		-30.2336		69.0957
1242		-24.0208		63.304
1243		-17.265		60.8875
1244		-11.4964		61.2643
1245		-7.58386		63.2797
1246		-5.62139		65.6955
1247		-5.10941		67.6069
1248		-5.31307		68.6394
1249		-5.62196		68.8843
1250		-5.75488		68.6432
1251		-5.73696		68.1311
1252		-5.68237		67.2926
1253		-5.51165		65.8351
1254		-4.76414		63.4695
1255		-2.63303		60.2487
1256		1.74969		56.8333
1257		8.86909		54.5194
1258		18.4084		54.9584
1259		29.0553		59.6249
1260		38.6687		69.2128
1261		44.8014		83.1971
1262		45.4298		99.7593
1263		39.6393		116.15
1264		28.0159		129.395
1265		12.5872		137.129
1266		-3.67947		138.269
1267		-17.6607		133.318
1268		-26.891		124.221
1269		-30.1665		113.832
1270		-27.7892		105.186
1271		-21.4358		100.783
1272		-13.7369		102.048
1273		-7.69861		109.044
1274		-6.08539		120.444
1275		-10.8421		133.736
1276		-22.6154		145.642
1277		-40.4464		152.733
1278		-61.7388		152.206
1279		-82.6135		142.684
1280		-98.692		124.834
1281		-106.206		101.54
1282		-103.164		77.4399
1283		-90.1794		57.8198
1284		-70.5929		47.1192
1285		-49.7237		47.5073
1286		-33.3739		58.0543
1287		-26.0485		74.8703
1288		-29.5038		92.2506
1289		-42.1751		104.478
1290		-59.7312		107.653
1291		-76.5741		100.885
1292		-87.7304		86.4013
1293		-90.4258		68.5633
1294		-84.7629		52.1943
1295		-73.2954		40.9018
1296		-59.7436		36.0395
1297		-47.4316		36.669
1298		-38.107		40.4437
1299		-31.6032		44.9568
1300		-26.4119		48.9249
1301		-20.8344		52.6904
1302		-14.1439		57.8562
1303		-7.21234		66.26
1304		-2.31554		78.7841
1305		-2.20277		94.5537
1306		-8.83701		110.901
1307		-22.3483		124.132
1308		-40.6513		130.814
1309		-59.9013		129.064
1310		-75.641		119.363
1311		-84.2261		104.574
1312		-84.0317		89.156
1313		-76.0311		77.8304
1314		-63.5614		74.1556
1315		-51.3633		79.4448
1316		-44.2028		92.3611
1317		-45.497		109.293
1318		-56.344		125.38
1319		-75.2277		135.878
1320		-98.4637		137.467
1321		-121.243		129.135
1322		-138.965		112.392
1323		-148.473		90.7762
1324		-148.845		68.8033
1325		-141.52		50.6867
1326		-129.75		39.1988
1327		-117.56		35.0082
1328		-108.551		36.6635
1329		-104.909		41.1916
1330		-106.902		45.0942
1331		-112.979		45.4078
1332		-120.381		40.5108
1333		-126.045		30.4603
1334		-127.476		16.8166
1335		-123.368		2.07077
1336		-113.8		-11.0998
1337		-100.046		-20.5113
1338		-84.1052		-24.9098
1339		-68.1367		-24.0901
1340		-53.9801		-18.7305
1341		-42.8674		-10.0518
1342		-35.3659		0.562592
1343		-31.5103		11.8611
1344		-31.0298		22.8616
1345		-33.5595		32.8208
1346		-38.7399		41.0926
1347		-46.1583		46.9774
1348		-55.1638		49.677
1349		-64.6528		48.4379
1350		-72.9751		42.8809
1351		-78.0895		33.4197
1352		-78.0229		21.579
1353		-71.5494		10.01
1354		-58.8749		2.06482
1355		-42.0378		0.952438
1356		-24.777		8.68205
1357		-11.7707		25.1444
1358		-7.38474		47.7055
1359		-14.284		71.5616
1360		-32.3751		90.8589
1361		-58.4889		100.299
1362		-86.9964		96.7458
1363		-111.238		80.3016
1364		-125.363		54.4707
1365		-126.015		25.3076
1366		-113.33		-0.216309
1367		-90.9383		-16.145
1368		-64.9469		-19.1887
1369		-42.2195		-9.60828
1370		-28.453		8.91989
1371		-26.6088		30.4059
1372		-36.1388		48.289
1373		-53.2178		57.3229
1374		-71.911		55.0703
1375		-85.9506		42.5799
1376		-90.6142		24.0425
1377		-84.1627		5.5015
1378		-68.3874		-7.02489
1379		-48.0657		-9.4575
1380		-29.4412		-1.00179
1381		-18.1743		15.5412
1382		-17.4143		34.6612
1383		-26.6575		49.9866
1384		-41.8354		56.509
1385		-56.667		52.4142
1386		-64.8598		39.8478
1387		-62.404		24.284
1388		-49.1314		12.6668
1389		-28.9445		10.9537
1390		-8.59057		21.9332
1391		4.61123		44.1131
1392		5.29153		72.0952
1393		-8.09501		98.3119
1394		-32.6967		115.515
1395		-62.1769		119.145
1396		-88.7695		108.773
1397		-105.752		88.1733
1398		-109.514		64.0373
1399		-100.564		43.8296
1400		-83.233		33.4865
1401		-64.2205		35.6856
1402		-50.5074		49.1655
1403		-47.2737		69.2357
1404		-56.4268		89.2654
1405		-76.1276		102.679
1406		-101.411		104.879
1407		-125.699		94.552
1408		-142.76		73.9981
1409		-148.542		48.3773
1410		-142.336		24.1012
1411		-126.887		6.85012
1412		-107.405		-0.155296
1413		-89.7946		2.95299
1414		-78.6874		12.9466
1415		-75.9889		24.8208
1416		-80.4626		33.689
1417		-88.4966		36.5272
1418		-95.7255		33.091
1419		-98.8237		25.6605
1420		-96.7181		17.7687
1421		-90.7191		12.5067
1422		-83.5652		11.1833
1423		-77.8656		12.9482
1424		-74.715		15.5237
1425		-73.1591		16.666
1426		-70.7831		15.6114
1427		-65.146		13.7663
1428		-55.3548		14.2578
1429		-42.9944		20.5105
1430		-31.9127		34.4919
1431		-26.898		55.4433
1432		-31.7993		79.6995
1433		-47.8902		101.712
1434		-73.1672		115.861
1435		-102.841		118.324
1436		-130.787		108.294
1437		-151.353		88.1508
1438		-160.875		62.6667
1439		-158.469		37.629
1440		-146.015		18.4071
1441		-127.546		8.82707
1442		-108.321		10.4981
1443		-93.8182		22.5407
1444		-88.7105		41.6485
1445		-95.8331		62.5046
1446		-115.262		78.6685
1447		-143.778		83.9862
1448		-175.105		74.3488
1449		-201.177		49.303
1450		-214.34		12.832
1451		-209.871		-27.2558
1452		-187.901		-61.4308
1453		-153.82		-81.4837
1454		-116.772		-83.4192
1455		-86.6053		-69.0003
1456		-70.3604		-45.1751
1457		-69.7386		-21.4631
1458		-80.6329		-6.27876
1459		-95.0077		-3.69508
1460		-104.379		-12.0295
1461		-103.421		-24.8779
1462		-92.1478		-34.16
1463		-75.704		-33.8392
1464		-61.8852		-22.68
1465		-57.4864		-4.82956
1466		-65.1016		12.0171
1467		-81.7771		20.0454
1468		-100.087		14.8411
1469		-111.142		-2.50717
1470		-108.246		-25.576
1471		-89.6827		-44.9264
1472		-59.5778		-51.5844
1473		-26.5753		-40.3025
1474		-0.959976		-11.4218
1475		8.66118		29.2115
1476		-2.02621		72.0706
1477		-31.8732		106.756
1478		-74.7073		124.856
1479		-121.057		122.078
1480		-160.576		99.2433
1481		-184.56		62.0361
1482		-188.042		19.6727
1483		-171.083		-17.2419
1484		-138.96		-39.2815
1485		-101.101		-40.6781
1486		-68.8479		-21.0966
1487		-52.4405		13.9001
1488		-58.0183		54.0457
1489		-85.5682		87.0998
1490		-128.625		102.406
1491		-175.997		94.1591
1492		-215.08		63.2439
1493		-235.664		16.924
1494		-232.915		-33.527
1495		-208.485		-76.3987
1496		-169.438		-102.992
1497		-125.538		-109.721
1498		-86.0652		-98.2527
1499		-57.3884		-73.9125
1500		-42.0871		-43.2718
1501		-39.617		-12.0497
1502		-47.8413		15.869
1503		-64.4481		38.1717
1504		-87.5055		53.1539
1505		-115.014		58.9119
1506		-143.944		53.3798
1507		-169.591		35.3383
1508		-185.935		5.89478
1509		-187.168		-30.4369
1510		-169.883		-65.8361
1511		-135.03		-90.7383
1512		-88.688		-96.475
1513		-41.1842		-78.0968
1514		-4.68938		-36.3569
1515		9.97024		21.8738
1516		-3.69374		84.9368
1517		-45.916		139.064
1518		-110.332		171.64
1519		-185.229		174.22
1520		-256.036		144.6
1521		-308.494		87.5468
1522		-331.862		14.0368
1523		-321.525		-60.912
1524		-280.438		-121.479
1525		-218.903		-154.781
1526		-152.512		-154.273
1527		-98.469		-121.875
1528		-71.0761		-67.9909
1529		-77.6028		-9.1068
1530		-115.87		36.6136
1531		-174.52		54.5688
1532		-236.145		38.1597
1533		-282.436		-9.09558
1534		-299.758		-74.5998
1535		-283.287		-140.626
1536		-238.293		-189.891
1537		-178.161		-210.88
1538		-119.858		-201.133
1539		-78.4743		-167.476
1540		-62.6647		-123.269
1541		-72.4587		-83.7704
1542		-99.9426		-61.2552
1543		-132.359		-61.4687
1544		-156.418		-82.386
1545		-162.388		-115.417
1546		-146.789		-148.44
1547		-113.069		-169.601
1548		-70.2944		-170.77
1549		-30.3666		-149.781
1550		-4.58495		-110.965
1551		-0.43232		-63.9188
1552		-19.3883		-20.8499
1553		-56.3511		6.87318
1554		-100.906		12.0686
1555		-140.218		-5.95702
1556		-162.842		-40.934
1557		-162.327		-81.3002
1558		-139.452		-113.675
1559		-102.194		-127.124
1560		-63.2873		-116.802
1561		-36.0714		-85.6559
1562		-30.0263		-43.4787
1563		-47.604		-3.563
1564		-83.5381		21.8647
1565		-126.897		25.76
1566		-165.096		8.40012
1567		-188.313		-23.2004
1568		-192.651		-58.2736
1569		-180.899		-86.4295
1570		-160.772		-101.289
1571		-141.493		-102.269
1572		-130.178		-93.9892
1573		-129.442		-83.7621
1574		-137.045		-78.3489
1575		-147.479		-81.3319
1576		-154.663		-92.0739
1577		-154.533		-106.491
1578		-146.536		-119.119
1579		-133.546		-125.512
1580		-120.442		-124.003
1581		-112.013		-116.219
1582		-111.069		-106.297
1583		-117.414		-99.2129
1584		-127.964		-98.8928
1585		-137.893		-106.775
1586		-142.338		-121.263
1587		-138.121		-138.216
1588		-124.905		-152.293
1589		-105.457		-158.739
1590		-84.852		-155.066
1591		-68.8524		-142.057
1592		-61.9051		-123.703
1593		-65.4407		-105.974
1594		-77.1236		-94.7343
1595		-91.4602		-93.4842
1596		-101.706		-101.772
1597		-102.487		-115.001
1598		-92.1708		-125.884
1599		-74.0007		-127.158
1600		-55.384		-114.606
1601		-45.4236		-89.1978
1602		-51.5114		-57.392
1603		-76.2566		-29.3302
1604		-115.98		-15.4668
1605		-161.447		-22.8436
1606		-200.662		-52.4073
1607		-222.74		-98.3913
1608		-221.45		-150.005
1609		-197.182		-194.802
1610		-156.698		-222.507
1611		-110.854		-227.975
1612		-71.2115		-212.361
1613		-46.7193		-182.289
1614		-41.5049		-147.506
1615		-54.3039		-117.926
1616		-79.4458		-101.038
1617		-108.86		-100.325
1618		-134.38		-114.966
1619		-149.696		-140.624
1620		-151.571		-170.947
1621		-140.148		-199.308
1622		-118.452		-220.365
1623		-91.2627		-231.121
1624		-63.689		-231.278
1625		-39.8073		-222.835
1626		-21.7608		-209.033
1627		-9.6178		-193.021
1628		-2.05494		-176.714
1629		2.39307		-160.345
1630		4.0697		-142.972
1631		1.57242		-123.782
1632		-7.77692		-103.612
1633		-26.3804		-85.8777
1634		-54.3101		-76.2278
1635		-87.718		-80.7293
1636		-118.671		-103.098
1637		-136.895		-142.053
1638		-133.118		-190.06
1639		-102.924		-234.337
1640		-49.6117		-260.18
1641		15.2765		-255.716
1642		74.3243		-216.463
1643		109.027		-147.988
1644		105.551		-65.5071
1645		59.5654		9.7357
1646		-21.5532		56.3037
1647		-119.984		58.8563
1648		-211.938		12.9103
1649		-274.043		-73.415
1650		-289.737		-181.22
1651		-253.833		-285.678
1652		-173.97		-362.501
1653		-68.6144		-394.215
1654		37.7598		-374.53
1655		120.949		-309.713
1656		163.053		-216.687
1657		156.705		-118.459
1658		106.438		-38.1779
1659		26.9585		6.58981
1660		-61.1082		7.84091
1661		-136.734		-31.5958
1662		-183.699		-99.7105
1663		-194.067		-179.226
1664		-169.089		-252.483
1665		-117.523		-305.788
1666		-52.1867		-332
1667		13.9432		-330.819
1668		70.7787		-307.105
1669		112.477		-268.19
1670		137.06		-221.398
1671		144.961		-172.667
1672		137.513		-126.521
1673		116.255		-86.9114
1674		83.3373		-58.0334
1675		42.5956		-44.2708
1676		0.414764		-48.9829
1677		-34.5419		-72.5485
1678		-53.1265		-110.669
1679		-48.6416		-154.016
1680		-19.8372		-189.867
1681		27.3606		-205.53
1682		80.3942		-192.532
1683		123.074		-150.054
1684		140.26		-86.229
1685		122.717		-16.5937
1686		70.5043		39.9842
1687		-6.3454		66.7158
1688		-90.154		53.9339
1689		-160.295		2.19656
1690		-198.847		-77.5012
1691		-195.559		-166.452
1692		-150.74		-243.088
1693		-75.3212		-288.6
1694		11.8429		-291.816
1695		88.7034		-252.128
1696		135.544		-179.745
1697		139.954		-93.2717
1698		100.039		-15.1592
1699		25.0581		33.8524
1700		-66.712		39.9803
1701		-152.452		-0.0020752
1702		-210.543		-77.7984
1703		-226.121		-175.611
1704		-194.92		-270.72
1705		-124.297		-341.426
1706		-31.0646		-372.716
1707		63.2803		-359.982
1708		138.522		-309.703
1709		181.076		-236.908
1710		187.076		-160.274
1711		162.316		-96.5094
1712		119.212		-55.8609
1713		71.9922		-40.1893
1714		31.8907		-44.0849
1715		4.06997		-58.39
1716		-12.7087		-74.6238
1717		-23.7407		-88.5023
1718		-34.4803		-101.151
1719		-46.8342		-117.567
1720		-57.3123		-143.017
1721		-57.9654		-178.963
1722		-39.884		-220.374
1723		2.0715		-255.805
1724		65.2705		-270.58
1725		137.882		-252.139
1726		200.983		-195.633
1727		233.872		-107.563
1728		220.942		-5.7926
1729		157.749		84.5091
1730		53.9974		137.947
1731		-67.9048		136.796
1732		-178.534		77.0632
1733		-249.738		-29.4358
1734		-262.886		-157.822
1735		-214.432		-276.965
1736		-116.983		-358.226
1737		4.42334		-383.382
1738		119.567		-349.301
1739		201.478		-268.079
1740		233.455		-162.844
1741		212.699		-60.777
1742		149.782		14.3875
1743		64.5207		48.1685
1744		-20.1804		38.0114
1745		-84.5717		-7.53552
1746		-116.668		-72.4571
1747		-114.228		-138.369
1748		-83.9527		-189.542
1749		-38.4776		-216.584
1750		7.7901		-218.007
1751		42.8212		-199.534
1752		60.0434		-171.529
1753		59.6205		-145.338
1754		47.6613		-129.601
1755		33.6181		-127.568
1756		26.6538		-136.265
1757		32.1237		-147.817
1758		49.3752		-152.574
1759		71.7211		-143.019
1760		88.7357		-117.075
1761		90.1564		-79.5019
1762		69.9921		-40.731
1763		29.2552		-13.4248
1764		-23.8258		-7.98691
1765		-76.2945		-28.7328
1766		-114.756		-72.2263
1767		-129.809		-128.437
1768		-118.909		-184.219
1769		-86.6117		-227.678
1770		-42.2935		-251.646
1771		3.52337		-255.001
1772		42.5657		-241.55
1773		70.543		-217.326
1774		86.7429		-187.81
1775		92.1032		-156.428
1776		87.1126		-124.927
1777		70.887		-95.1225
1778		42.0471		-70.7281
1779		0.948429		-57.897
1780		-48.0512		-63.7611
1781		-95.7924		-93.3634
1782		-129.88		-146.352
1783		-138.382		-215.137
1784		-114.312		-285.722
1785		-59.0252		-341.284
1786		17.0611		-367.36
1787		96.941		-356.711
1788		161.941		-311.994
1789		197.352		-245.212
1790		196.797		-174.141
1791		163.899		-117.045
1792		110.87		-87.4649
1793		54.7008		-90.6962
1794		12.312		-122.803
1795		-3.88648		-172.119
1796		11.0085		-222.54
1797		53.3196		-257.632
1798		111.622		-264.67
1799		169.219		-237.933
1800		207.886		-180.71
1801		212.405		-105.528
1802		175.132		-32.1864
1803		99.4861		16.5352
1804		1.08459		20.9624
1805		-94.5332		-28.923
1806		-157.795		-128.477
1807		-163.543		-257.01
1808		-99.7395		-381.342
1809		26.508		-464.091
1810		188.168		-474.717
1811		343.862		-399.982
1812		448.783		-250.213
1813		467.95		-58.7803
1814		387.64		125.724
1815		221.162		252.627
1816		6.75909		283.797
1817		-202.062		205.21
1818		-351.018		31.8203
1819		-400.063		-195.855
1820		-334.461		-422.431
1821		-168.766		-592.435
1822		57.2668		-664.881
1823		289.41		-623.586
1824		473.13		-480.599
1825		567.21		-272.221
1826		553.34		-49.0705
1827		439.479		136.84
1828		256.605		244.604
1829		50.1375		253.459
1830		-131.488		166.454
1831		-248.182		8.30937
1832		-276.85		-181.593
1833		-215.541		-359.082
1834		-82.5001		-485.46
1835		89.2576		-535.798
1836		260.296		-503.546
1837		393.917		-400.716
1838		464.038		-253.96
1839		460.155		-97.7278
1840		388.558		33.7527
1841		269.848		113.859
1842		133.58		128.815
1843		11.3852		79.8774
1844		-69.9317		-17.767
1845		-93.915		-138.942
1846		-57.5799		-254.341
1847		28.4009		-337.05
1848		142.416		-368.41
1849		256.96		-342.025
1850		344.959		-265.031
1851		385.997		-156.332
1852		371.059		-42.0996
1853		304.625		50.4699
1854		203.54		99.7044
1855		92.8707		94.7097
1856		-0.30542		37.9917
1857		-53.6219		-55.2583
1858		-54.9684		-161.069
1859		-5.42421		-252.806
1860		81.1734		-307.942
1861		181.917		-313.736
1862		270.825		-270.379
1863		325.602		-190.776
1864		333.431		-97.0302
1865		294.274		-14.4951
1866		220.775		35.0595
1867		134.731		39.3697
1868		60.991		-0.962021
1869		20.3992		-72.6903
1870		23.7927		-153.806
1871		68.8491		-220.075
1872		140.872		-252.356
1873		217.428		-242.458
1874		275.501		-195.599
1875		298.929		-128.539
1876		283.625		-63.8683
1877		238.768		-22.2761
1878		183.418		-15.4282
1879		139.669		-41.9553
1880		124.671		-88.0327
1881		144.364		-132.413
1882		191.169		-154.169
1883		246.493		-140.422
1884		287.196		-91.3011
1885		293.755		-20.4255
1886		257.317		49.2764
1887		183.28		92.9496
1888		90.2578		91.9513
1889		4.8465		40.1476
1890		-46.1373		-53.5153
1891		-43.6036		-166.837
1892		17.8976		-269.975
1893		127.842		-333.285
1894		261.544		-335.362
1895		385.701		-269.322
1896		466.464		-145.765
1897		478.237		8.47641
1898		411.17		155.837
1899		275.328		256.868
1900		100.052		280.575
1901		-71.984		213.648
1902		-195.099		65.8718
1903		-232.929		-130.399
1904		-169.357		-327.302
1905		-14.5668		-473.692
1906		196.13		-529.316
1907		410.954		-476.703
1908		575.608		-326.924
1909		648.456		-117.137
1910		612.229		99.5884
1911		478.619		269.084
1912		284.411		350.95
1913		80.5773		328.964
1914		-82.0487		214.121
1915		-166.038		39.9341
1916		-155.837		-147.935
1917		-59.5909		-304.146
1918		95.2732		-394.537
1919		270.556		-402.782
1920		427.018		-331.927
1921		532.815		-201.484
1922		569.137		-41.6552
1923		532.59		113.601
1924		434.634		233.32
1925		298.591		295.237
1926		154.778		289.833
1927		34.3293		222.168
1928		-37.4449		110.92
1929		-46.8747		-15.599
1930		4.59647		-126.024
1931		100.572		-193.718
1932		213.893		-203.691
1933		313.972		-156.483
1934		375.182		-67.6422
1935		383.706		37.1549
1936		340.67		129.786
1937		260.704		187.618
1938		166.681		199.163
1939		82.6655		165.9
1940		27.5094		100.193
1941		10.9264		20.6001
1942		32.6972		-53.4802
1943		84.4102		-106.152
1944		152.47		-127.524
1945		221.175		-114.523
1946		275.289		-70.7071
1947		302.228		-5.64339
1948		294.239		66.1195
1949		250.636		126.975
1950		179.478		159.588
1951		97.5345		151.5
1952		27.4804		99.9143
1953		-7.82147		14.7441
1954		7.29752		-81.9617
1955		74.7296		-161.075
1956		179.618		-195.052
1957		292.9		-167.559
1958		379.35		-80.5494
1959		408.868		44.2835
1960		367.204		170.862
1961		262.128		259.612
1962		122.479		280.394
1963		-10.0248		223.012
1964		-93.6663		101.566
1965		-100.083		-49.0276
1966		-23.6418		-183.308
1967		116.206		-259.01
1968		280.28		-249.907
1969		420.937		-153.815
1970		495.709		6.48488
1971		479.324		189.423
1972		370.791		345.905
1973		193.88		432.432
1974		-8.86261		422.587
1975		-186.843		314.088
1976		-294.146		129.782
1977		-301.2		-87.5517
1978		-202.611		-285.379
1979		-19.2607		-414.248
1980		206.024		-440.277
1981		418.457		-354.255
1982		564.72		-174.872
1983		606.595		55.0422
1984		531.246		278.695
1985		355.243		439.522
1986		120.983		495.758
1987		-113.782		431.435
1988		-290.617		260.732
1989		-365.305		24.4217
1990		-318.966		-220.597
1991		-162.441		-415.771
1992		67.0145		-515.408
1993		315.554		-497.452
1994		526.214		-367.957
1995		652.452		-158.549
1996		668.445		81.9839
1997		574.001		299.529
1998		393.431		446.926
1999		169.156		493.964
2000		-48.1488		433.204
2001		-210.62		280.769
2002		-283.23		72.2906
2003		-250.909		-144.959
2004		-121.518		-322.153
2005		75.8493		-419.259
2006		296.928		-413.672
2007		491.635		-305.379
2008		614.917		-117.466
2009		636.912		108.346
2010		550.193		320.472
2011		372.323		468.852
2012		142.85		516.582
2013		-84.9322		449.136
2014		-255.915		278.871
2015		-326.245		43.4324
2016		-274.477		-202.011
2017		-107.99		-397.278
2018		137.3		-491.69
2019		404.336		-457.141
2020		628.096		-296.271
2021		751.562		-43.3025
2022		740.517		243.188
2023		593.184		494.159
2024		341.845		647.346
2025		45.6234		663.378
2026		-224.003		536.386
2027		-401.245		296.064
2028		-442.808		0.442947
2029		-338.917		-278.76
2030		-115.604		-474.293
2031		172.24		-540.14
2032		455.033		-462.547
2033		665.967		-262.605
2034		757.187		9.90776
2035		710.698		289.475
2036		541.585		511.041
2037		293.234		625.387
2038		26.0954		610.124
2039		-197.065		474.001
2040		-325.932		253.857
2041		-334.107		5.15656
2042		-224.754		-211.609
2043		-29.1915		-345.52
2044		201.265		-367.418
2045		408.364		-276.721
2046		541.731		-101.031
2047		571.652		111.557
2048		496.336		305.57
2049		341.539		433.206
2050		152.5		467.045
2051		-19.4992		406.683
2052		-131.907		277.313
2053		-162.488		120.786
2054		-114.182		-17.8585
2055		-11.9573		-103.979
2056		106.927		-122.661
2057		205.678		-81.0251
2058		259.319		-3.28339
2059		260.995		79.1826
2060		221.608		138.919
2061		163.638		160.791
2062		111.93		145.149
2063		84.9804		105.363
2064		89.6204		61.3434
2065		120.383		31.841
2066		163.042		28.2987
2067		200.444		52.0278
2068		218.352		95.0258
2069		209.463		143.488
2070		174.782		182.417
2071		122.534		199.807
2072		65.4598		189.403
2073		17.4882		151.753
2074		-9.38619		93.708
2075		-7.54927		26.7924
2076		24.7195		-35.1707
2077		82.8052		-78.8079
2078		156.481		-93.931
2079		231.774		-75.7873
2080		293.728		-26.3135
2081		329.529		45.9885
2082		331.293		127.625
2083		297.83		202.809
2084		234.992		256.638
2085		154.591		278.047
2086		72.2402		261.945
2087		4.59354		210.3
2088		-33.5799		132.106
2089		-32.1838		42.3225
2090		11.7958		-40.2167
2091		92.6307		-95.9563
2092		195.517		-108.687
2093		298.233		-69.9755
2094		375.184		17.1396
2095		403.49		136.634
2096		369.859		261.418
2097		276.125		359.081
2098		141.235		400.514
2099		-1.82527		369.076
2100		-114.078		267.275
2101		-161.646		118.264
2102		-126.542		-39.08
2103		-13.4828		-160.561
2104		149.9		-209.603
2105		320.006		-168.638
2106		449.491		-45.1745
2107		501.047		129.591
2108		458.449		309.318
2109		331.427		445.626
2110		152.979		501.744
2111		-29.9474		462.654
2112		-169.463		338.933
2113		-229.659		163.454
2114		-195.874		-17.811
2115		-78.0506		-158.115
2116		92.4086		-222.058
2117		271.172		-194.423
2118		412.56		-83.6724
2119		481.239		80.606
2120		461.154		255.566
2121		359.477		396.323
2122		204.551		467.715
2123		38.2119		453.563
2124		-95.5984		360.892
2125		-162.901		217.77
2126		-149.024		65.1984
2127		-62.4049		-54.7641
2128		68.4143		-111.148
2129		203.783		-92.7906
2130		305.161		-10.8762
2131		346.685		105.487
2132		322.377		219.135
2133		246.772		296.851
2134		148.972		319.5
2135		62.359		287.068
2136		13.585		217.2
2137		14.4938		138.117
2138		59.4369		78.6155
2139		128.457		58.6349
2140		194.832		83.3997
2141		234.204		142.707
2142		232.279		215.126
2143		188.858		275.364
2144		117.333		302.322
2145		40.205		285.415
2146		-17.8009		227.564
2147		-36.9609		144.278
2148		-8.233		59.3351
2149		63.9758		-1.7021
2150		162.563		-18.4861
2151		261.816		18.3212
2152		333.898		103.899
2153		356.227		219.662
2154		317.917		337.315
2155		223.543		425.754
2156		93.019		459.191
2157		-42.6414		424.398
2158		-148.816		325.018
2159		-196.132		181.604
2160		-168.344		27.1821
2161		-67.064		-100.614
2162		87.9709		-168.811
2163		263.199		-157.348
2164		418.979		-64.2461
2165		518.833		93.546
2166		537.954		283.718
2167		469.077		465.659
2168		324.484		599.388
2169		133.78		654.446
2170		-62.0852		616.928
2171		-219.424		493.217
2172		-301.408		309.528
2173		-286.74		107.103
2174		-175.49		-66.2858
2175		9.48609		-167.002
2176		226.328		-166.15
2177		422.831		-57.5905
2178		548.388		138.889
2179		566.562		380.54
2180		465.159		610.623
2181		260.966		771.6
2182		-2.47308		819.525
2183		-264.054		736.012
2184		-459.375		534.524
2185		-536.791		259.008
2186		-471.267		-25.2913
2187		-272.394		-246.998
2188		15.8509		-346.323
2189		324.102		-291.005
2190		573.677		-86.3211
2191		696.159		223.851
2192		651.687		565.855
2193		441.099		853.46
2194		108.221		1009.54
2195		-269.071		986.8
2196		-597.428		781.844
2197		-791.849		438.287
2198		-798.49		37.3438
2199		-610.058		-322.178
2200		-269.17		-549.387
2201		141.719		-585.38
2202		521.321		-419.103
2203		775.738		-90.4941
2204		842.651		319.987
2205		706.85		712.385
2206		403.11		992.875
2207		6.11353		1096.96
2208		-389.293		1004.25
2209		-691.841		741.558
2210		-835.341		374.345
2211		-792.878		-10.4829
2212		-580.97		-325.596
2213		-253.632		-502.983
2214		111.491		-508.17
2215		431.316		-346.33
2216		635.808		-59.5892
2217		682.957		283.482
2218		567.322		603.793
2219		320.442		829.697
2220		2.96812		913.185
2221		-309.879		840.626
2222		-546.342		635.421
2223		-655.345		351.656
2224		-618.529		60.1244
2225		-453.857		-169.797
2226		-209.738		-287.598
2227		48.7004		-273.662
2228		257.264		-142.636
2229		369.23		62.5279
2230		366.19		283.75
2231		260.546		464.079
2232		89.6039		562.297
2233		-96.3038		562.008
2234		-247.845		473.389
2235		-328.915		328.041
2236		-324.234		169.175
2237		-241.152		40.1696
2238		-106.116		-25.6747
2239		42.6728		-12.198
2240		164.52		76.6745
2241		225.579		218.235
2242		206.682		376.116
2243		108.314		508.41
2244		-48.4212		577.505
2245		-225.534		559.814
2246		-376.468		453.133
2247		-457.661		279.337
2248		-440.754		80.892
2249		-322.068		-88.8264
2250		-126.147		-179.492
2251		98.5		-158.437
2252		291.088		-21.5658
2253		394.886		203.116
2254		373.649		461.08
2255		223.212		684.937
2256		-25.5005		812.585
2257		-313.326		804.715
2258		-567.937		656.561
2259		-723.039		400.393
2260		-736.341		97.8997
2261		-601.344		-175.515
2262		-349.706		-350.296
2263		-43.5669		-380.919
2264		240.112		-257.919
2265		429.104		-10.6681
2266		474.34		299.769
2267		362.513		595.861
2268		119.702		803.088
2269		-194.94		868.761
2270		-503.896		775.467
2271		-730.75		545.688
2272		-819.528		236.341
2273		-749.003		-75.4739
2274		-538.232		-311.993
2275		-241.836		-414.594
2276		63.8665		-358.799
2277		300.352		-160.569
2278		406.975		127.788
2279		356.469		431.03
2280		161.868		670.265
2281		-126.906		783.105
2282		-435.835		739.539
2283		-685.676		549.525
2284		-812.072		260.423
2285		-781.826		-54.979
2286		-601.317		-316.788
2287		-314.986		-458.061
2288		5.65634		-441.613
2289		279.743		-269.417
2290		437.085		17.6933
2291		435.571		349.924
2292		271.635		645.539
2293		-18.7375		830.782
2294		-368.661		857.758
2295		-696.433		715.94
2296		-925.009		434.554
2297		-1000.1		75.4907
2298		-902.563		-281.349
2299		-652.437		-556.535
2300		-303.881		-689.016
2301		67.3067		-649.413
2302		380.557		-445.991
2303		567.927		-122.409
2304		588.401		251.891
2305		436.375		596.408
2306		142.839		836.364
2307		-230.781		918.311
2308		-604.995		821.612
2309		-898.549		563.51
2310		-1045.67		196.566
2311		-1010.81		-201.471
2312		-797.587		-543.784
2313		-449.6		-753.527
2314		-42.084		-781.703
2315		334.231		-619.563
2316		593.833		-302.094
2317		676.896		98.912
2318		564.3		491.111
2319		283.11		783.528
2320		-99.3436		908.757
2321		-491.61		839.699
2322		-800.581		596.372
2323		-954.522		240.852
2324		-920.731		-138.434
2325		-713.233		-449.026
2326		-388.567		-617.586
2327		-30.8427		-607.924
2328		269.984		-429.327
2329		440.952		-133.18
2330		444.192		201.077
2331		285.702		486.9
2332		12.6951		653.013
2333		-299.645		661.401
2334		-568.403		516.312
2335		-724.785		262.062
2336		-731.822		-29.6507
2337		-593.308		-279.367
2338		-351.731		-421.129
2339		-75.9817		-419.635
2340		157.658		-278.808
2341		285.959		-39.6817
2342		275.092		231.497
2343		128.662		461.421
2344		-114.378		589.06
2345		-390.914		581.033
2346		-630.589		439.207
2347		-773.789		199.014
2348		-786.069		-80.5506
2349		-665.693		-332.232
2350		-442.865		-497.063
2351		-171.387		-538.128
2352		84.8357		-448.495
2353		267.046		-251.838
2354		335.084		4.0086
2355		276.104		258.798
2356		106.761		454.086
2357		-131.402		546.639
2358		-382.203		518.013
2359		-588.211		378.167
2360		-704.134		162.365
2361		-707.026		-77.8118
2362		-600.93		-287.056
2363		-414.978		-419.437
2364		-195.586		-448.808
2365		5.13165		-374.11
2366		141.775		-218.523
2367		185.92		-23.0028
2368		131.947		163.974
2369		-2.59887		297.871
2370		-181.854		348.164
2371		-360.366		304.939
2372		-493.708		180.798
2373		-548.75		7.80846
2374		-511.53		-169.884
2375		-390.992		-306.361
2376		-217.59		-365.135
2377		-36.6084		-328.771
2378		102.723		-204.48
2379		160.079		-23.7767
2380		115.651		164.419
2381		-22.8389		306.15
2382		-220.292		357.338
2383		-422.295		297.171
2384		-569.496		135.796
2385		-614.522		-86.4977
2386		-536.534		-309.04
2387		-348.862		-467.113
2388		-97.0671		-510.322
2389		152.386		-417.616
2390		329.801		-204.486
2391		381.283		79.8744
2392		283.811		364.687
2393		52.2047		575.627
2394		-263.716		653.902
2395		-590.878		571.419
2396		-850.449		338.389
2397		-976.732		1.71342
2398		-933.051		-365.249
2399		-721.114		-679.109
2400		-381.806		-865.434
2401		12.8411		-876.218
2402		375.016		-701.99
2403		620.771		-375.659
2404		689.78		33.2503
2405		560.606		433.309
2406		257.505		731.97
2407		-153.553		857.757
2408		-579.403		778.326
2409		-921.646		509.482
2410		-1100.68		112.299
2411		-1075.49		-321.365
2412		-853.864		-691.395
2413		-490.082		-914.066
2414		-70.8567		-942.224
2415		306.614		-775.735
2416		558.417		-459.785
2417		633.273		-72.0553
2418		522.821		297.25
2419		260.942		567.011
2420		-86.7131		683.024
2421		-439.593		628.237
2422		-720.956		423.856
2423		-874.151		122.103
2424		-873.312		-206.932
2425		-726.935		-491.106
2426		-474.291		-671.393
2427		-175.894		-713.657
2428		99.9288		-615.017
2429		291.774		-403.755
2430		358.38		-132.786
2431		287.665		132.162
2432		99.5221		327.36
2433		-158.535		405.79
2434		-422.22		348.37
2435		-625.592		168.886
2436		-716.976		-88.8499
2437		-671.806		-361.218
2438		-499.12		-580.117
2439		-239.893		-689.719
2440		42.5478		-660.519
2441		277.818		-497.142
2442		405.799		-237.875
2443		391.761		54.1102
2444		235.559		305.83
2445		-27.4609		452.323
2446		-334.261		452.955
2447		-608.936		302.19
2448		-781.155		32.0056
2449		-803.8		-294.901
2450		-665.379		-599.78
2451		-393.913		-806.965
2452		-51.0113		-862.793
2453		282.679		-749.484
2454		527.166		-490.241
2455		622.966		-144.069
2456		545.98		208.522
2457		313.492		485.304
2458		-20.2788		622.472
2459		-377.815		589.948
2460		-677.472		397.994
2461		-853.149		93.7082
2462		-869.493		-251.372
2463		-729.047		-559.065
2464		-469.989		-763.113
2465		-155.552		-823.962
2466		141.851		-736.48
2467		357.72		-529.221
2468		449.736		-255.966
2469		406.081		18.0382
2470		246.277		231.665
2471		14.7565		341.649
2472		-230.971		331.419
2473		-434.554		213.192
2474		-553.974		23.1267
2475		-570.53		-189.006
2476		-491.591		-372.896
2477		-346.684		-490.098
2478		-178.207		-522.618
2479		-29.468		-475.611
2480		66.6149		-373.794
2481		95.123		-252.93
2482		61.2163		-149.051
2483		-13.4703		-88.6138
2484		-98.6268		-82.2315
2485		-164.691		-123.421
2486		-191.108		-192.207
2487		-171.271		-262.061
2488		-113.177		-307.925
2489		-36.1501		-313.052
2490		35.0644		-273.09
2491		77.0657		-196.726
2492		73.7658		-103.193
2493		20.3757		-17.4851
2494		-75.204		35.5368
2495		-193.693		36.9936
2496		-308.157		-21.2476
2497		-389.561		-133.786
2498		-413.268		-281.551
2499		-365.285		-434.682
2500		-246.872		-558.229
2501		-76.1816		-619.849
2502		113.975		-597.925
2503		282.289		-488.134
2504		388.037		-306.521
2505		401.1		-87.8025
2506		310.38		121.249
2507		128.235		272.122
2508		-110.634		326.21
2509		-355.987		264.858
2510		-553.174		95.075
2511		-655.984		-150.783
2512		-638.024		-421.592
2513		-499.7		-658.889
2514		-268.915		-810.458
2515		4.86815		-842.76
2516		261.872		-749.128
2517		445.909		-551.638
2518		517.578		-296.121
2519		463.533		-41.4507
2520		299.556		154.306
2521		66.6573		247.549
2522		-178.85		219.264
2523		-378.849		79.1881
2524		-487.206		-136.981
2525		-480.479		-376.556
2526		-362.979		-582.749
2527		-165.083		-708.293
2528		64.6887		-726.462
2529		271.758		-636.902
2530		408.717		-464.974
2531		446.501		-254.945
2532		380.858		-58.8116
2533		232.699		76.4536
2534		42.3694		120.143
2535		-140.64		64.8709
2536		-269.99		-72.163
2537		-313.791		-253.921
2538		-262.178		-433.041
2539		-129.358		-563.741
2540		50.3089		-613.153
2541		231.164		-569.31
2542		367.772		-443.821
2543		426.203		-268.664
2544		392.277		-87.9909
2545		274.77		52.8917
2546		102.952		118.574
2547		-80.7549		91.9125
2548		-231.023		-22.1812
2549		-310.204		-198.208
2550		-296.809		-396.172
2551		-190.117		-570.668
2552		-10.1813		-680.825
2553		206.498		-699.03
2554		414.529		-616.782
2555		568.877		-446.738
2556		634.101		-220.652
2557		591.949		16.4233
2558		445.927		214.764
2559		221.819		330.047
2560		-36.3104		333.054
2561		-274.295		217.014
2562		-438.986		0.719852
2563		-490.151		-273.801
2564		-410.478		-549.154
2565		-211.025		-764.716
2566		69.6585		-870.446
2567		373.089		-839.083
2568		633.656		-673.49
2569		793.738		-407.031
2570		817.397		-96.5326
2571		699.141		190.596
2572		465.452		391.973
2573		168.657		464.707
2574		-125.316		395.147
2575		-352.252		201.616
2576		-464.254		-70.3985
2577		-440.21		-359.228
2578		-289.798		-601.423
2579		-50.3153		-746.104
2580		222.666		-765.963
2581		468.47		-662.551
2582		635.197		-464.822
2583		691.13		-221.497
2584		631.146		10.8468
2585		476.778		181.104
2586		270.062		255.258
2587		62.7516		223.586
2588		-96.4184		101.812
2589		-173.282		-73.949
2590		-155.772		-257.043
2591		-55.6414		-402.35
2592		95.8791		-477.429
2593		257.176		-469.878
2594		387.529		-389.177
2595		457.525		-262.733
2596		455.883		-127.493
2597		391.086		-19.583
2598		287.692		35.1472
2599		178.653		27.2152
2600		95.9538		-35.1597
2601		62.1803		-129.483
2602		85.1537		-225.911
2603		156.798		-295.601
2604		256.186		-318.21
2605		355.651		-286.723
2606		428.187		-208.612
2607		454.219		-103.361
2608		426.18		2.76938
2609		350.018		83.2921
2610		243.499		117.781
2611		131.937		96.5431
2612		42.393		22.7853
2613		-2.38268		-88.0366
2614		10.9614		-211.451
2615		83.2156		-319.1
2616		201.994		-384.789
2617		343.841		-390.295
2618		478.784		-329.8
2619		576.57		-211.944
2620		613.442		-58.866
2621		578.026		97.8824
2622		474.873		223.956
2623		324.559		290.104
2624		159.904		279.541
2625		18.8244		192.868
2626		-64.6852		49.0138
2627		-69.2403		-118.442
2628		7.92525		-268.998
2629		149.48		-365.22
2630		321.745		-382.406
2631		482.924		-315.26
2632		593.745		-179.592
2633		627.636		-8.42691
2634		577.624		156.524
2635		458.036		275.719
2636		300.531		322.008
2637		145.586		287.45
2638		31.8319		184.943
2639		-13.8944		44.3596
2640		16.8321		-95.6266
2641		112.347		-197.776
2642		244.422		-235.871
2643		375.935		-201.26
2644		470.653		-104.807
2645		502.657		26.1367
2646		463.103		154.922
2647		362.664		245.185
2648		229.017		270.485
2649		99.8908		221.605
2650		13.279		109.609
2651		-2.80833		-36.3068
2652		61.5834		-175.875
2653		194.714		-268.146
2654		365.18		-282.608
2655		529.391		-208.057
2656		642.76		-56.6589
2657		671.687		138.168
2658		603.069		329.749
2659		448.593		470.022
2660		242.494		522.124
2661		33.2539		470.247
2662		-128.534		324.065
2663		-202.88		116.576
2664		-170.322		-103.998
2665		-36.5596		-285.983
2666		169.181		-386.593
2667		401.362		-381.747
2668		608.885		-271.158
2669		746.636		-77.7821
2670		785.186		157.84
2671		716.655		386.764
2672		555.788		562.18
2673		336.351		649.069
2674		103.804		631.163
2675		-94.1488		513.971
2676		-217.311		323.452
2677		-241.181		100.61
2678		-162.007		-106.935
2679		2.32899		-254.831
2680		215.918		-311.356
2681		432.314		-264.301
2682		604.474		-123.801
2683		695.049		79.6876
2684		684.722		301.981
2685		576.627		494.993
2686		395.687		617.594
2687		182.907		644.987
2688		-14.12		574.342
2689		-152.291		425.29
2690		-203.014		235.11
2691		-158.739		49.7173
2692		-34.4115		-87.3494
2693		136.513		-145.283
2694		310.502		-113.157
2695		444.733		-2.11465
2696		507.542		157.898
2697		485.92		326.016
2698		388.204		460.905
2699		241.348		531.104
2700		83.5405		522.613
2701		-45.8232		441.845
2702		-116.192		313.277
2703		-113.32		172.551
2704		-42.2924		56.9489
2705		74.5205		-4.19933
2706		203.85		3.29926
2707		310.44		75.473
2708		366.084		191.899
2709		356.497		321.496
2710		284.397		430.743
2711		168.224		492.155
2712		37.0278		490.914
2713		-77.0458		428.132
2714		-146.747		320.119
2715		-156.254		193.976
2716		-104.743		80.7184
2717		-6.22401		7.6479
2718		114.198		-8.18989
2719		226.679		36.1062
2720		303.991		128.946
2721		328.047		247.462
2722		293.999		363.42
2723		210.911		450.26
2724		98.9423		489.447
2725		-16.0945		474.513
2726		-109.285		411.861
2727		-162.482		318.293
2728		-168.016		216.167
2729		-129.464		127.643
2730		-59.5929		69.6222
2731		23.6478		50.5916
2732		101.771		69.9122
2733		159.768		119.312
2734		188.628		185.799
2735		186.104		255.004
2736		155.966		314.084
2737		106.326		353.719
2738		47.6109		369.087
2739		-9.38599		360.01
2740		-55.1966		330.468
2741		-83.0455		287.689
2742		-89.8524		240.836
2743		-76.7401		199.36
2744		-48.8475		171.16
2745		-14.2996		160.867
2746		17.6205		168.713
2747		38.7642		190.402
2748		44.2885		218.19
2749		34.0391		243.026
2750		12.632		257.192
2751		-11.9102		256.678
2752		-30.644		242.514
2753		-36.5953		220.568
2754		-27.1562		199.784
2755		-5.199		189.338
2756		21.5147		195.565
2757		42.535		219.59
2758		47.9364		256.475
2759		31.6088		296.202
2760		-6.37977		326.334
2761		-59.125		335.641
2762		-114.249		317.672
2763		-157.022		273.202
2764		-174.446		210.763
2765		-159.176		144.942
2766		-112.124		92.8136
2767		-42.9086		69.3935
2768		32.1113		83.3593
2769		93.791		134.272
2770		125.13		212.149
2771		115.843		299.597
2772		65.2983		376.005
2773		-16.9997		422.7
2774		-113.558		427.698
2775		-203.113		388.8
2776		-265.82		314.227
2777		-288.091		220.663
2778		-265.857		129.22
2779		-205.5		60.3658
2780		-122.243		29.058
2781		-36.4465		41.2513
2782		31.2771		92.5952
2783		64.9693		169.607
2784		57.0584		253.027
2785		10.0321		322.536
2786		-64.3661		361.688
2787		-148.22		361.815
2788		-222.015		323.926
2789		-269.518		258.097
2790		-281.646		180.557
2791		-258.323		109.311
2792		-207.882		59.5404
2793		-144.303		40.0825
2794		-83.2287		51.8895
2795		-37.9939		88.7139
2796		-16.786		139.558
2797		-21.5799		191.921
2798		-48.8045		234.78
2799		-91.1549		260.525
2800		-139.71		265.611
2801		-185.659		250.22
2802		-221.354		217.505
2803		-240.848		172.898
2804		-240.314		123.669
2805		-218.691		78.4833
2806		-178.513		46.5354
2807		-126.502		35.9717
2808		-73.2984		51.7115
2809		-31.8514		93.2917
2810		-14.4943		153.651
2811		-29.3779		219.669
2812		-77.3931		274.739
2813		-150.781		302.922
2814		-234.184		293.505
2815		-308.097		244.535
2816		-353.851		164.095
2817		-358.663		68.789
2818		-319.272		-20.2085
2819		-243.077		-82.4229
2820		-146.485		-103.201
2821		-51.0031		-77.312
2822		21.8468		-10.1827
2823		55.4807		83.4135
2824		41.9396		182.75
2825		-16.4252		265.761
2826		-107.516		313.834
2827		-212.103		315.818
2828		-307.942		270.453
2829		-374.567		186.722
2830		-397.806		81.988
2831		-373.004		-21.7828
2832		-306.169		-102.968
2833		-212.613		-145.289
2834		-113.31		-141.608
2835		-29.8049		-95.4876
2836		21.0006		-20.0292
2837		30.7682		65.7259
2838		1.26709		141.809
2839		-56.8156		192.303
2840		-127.322		208.888
2841		-193.185		192.05
2842		-240.7		149.848
2843		-262.347		94.8726
2844		-257.573		40.5277
2845		-231.676		-2.2316
2846		-193.478		-26.8975
2847		-152.674		-31.9043
2848		-117.632		-19.881
2849		-94.0519		3.78999
2850		-84.5059		32.5537
2851		-88.6391		60.0308
2852		-103.74		81.0034
2853		-125.49		92.0624
2854		-148.803		91.9732
2855		-168.741		81.757
2856		-181.435		64.4252
2857		-184.864		44.3214
2858		-179.281		26.1299
2859		-167.119		13.7503
2860		-152.339		9.33295
2861		-139.366		12.7579
2862		-131.905		21.7155
2863		-131.959		32.3616
2864		-139.306		40.3563
2865		-151.532		42.0102
2866		-164.596		35.2713
2867		-173.775		20.3521
2868		-174.817		-0.123085
2869		-165.089		-21.5015
2870		-144.504		-38.0104
2871		-115.981		-44.0963
2872		-85.214		-35.9735
2873		-59.6276		-13.015
2874		-46.6071		21.4693
2875		-51.3776		60.4666
2876		-75.1351		94.6696
2877		-114.1		114.835
2878		-159.979		114.478
2879		-201.886		92.041
2880		-229.277		51.7634
2881		-234.999		2.81419
2882		-217.472		-43.1355
2883		-181.241		-75.1887
2884		-135.67		-86.3031
2885		-92.2063		-75.1854
2886		-61.0858		-46.4189
2887		-48.5572		-8.84982
2888		-55.4341		27.1788
2889		-77.3322		52.82
2890		-106.378		63.0341
2891		-133.752		57.605
2892		-152.252		40.7062
2893		-158.17		19.2847
2894		-152.048		0.819958
2895		-138.205		-8.90363
2896		-123.263		-7.4464
2897		-114.062		3.60538
2898		-115.509		19.0845
2899		-128.908		31.735
2900		-151.233		34.4202
2901		-175.665		22.4981
2902		-193.357		-4.31306
2903		-196.073		-41.2193
2904		-178.976		-79.1742
2905		-142.682		-107.183
2906		-93.8152		-115.528
2907		-43.6918		-98.9525
2908		-5.38535		-58.7586
2909		10.0139		-3.02215
2910		-3.21793		55.2586
2911		-43.5108		101.595
2912		-102.173		123.979
2913		-165.623		116.178
2914		-218.966		79.3641
2915		-249.817		21.6721
2916		-251.269		-44.0531
2917		-223.247		-103.551
2918		-172.087		-144.486
2919		-108.675		-158.994
2920		-45.8079		-144.949
2921		4.49926		-105.892
2922		33.2087		-49.8954
2923		35.6691		12.2293
2924		12.1552		68.9984
2925		-32.4055		110.264
2926		-89.4211		128.934
2927		-148.208		122.186
2928		-197.952		91.9699
2929		-229.756		44.6446
2930		-238.388		-10.2623
2931		-223.323		-61.9877
2932		-188.795		-100.766
2933		-142.81		-119.846
2934		-95.3426		-116.818
2935		-56.156		-93.9412
2936		-32.7647		-57.4453
2937		-28.9919		-16.0219
2938		-44.3826		21.1009
2939		-74.5199		46.0751
2940		-112.108		53.9708
2941		-148.572		43.6812
2942		-175.874		18.06
2943		-188.225		-16.7349
2944		-183.357		-52.602
2945		-163.087		-81.3415
2946		-132.936		-96.6212
2947		-100.828		-95.6
2948		-75.0679		-79.7391
2949		-62.1119		-54.4915
2950		-64.7359		-27.8532
2951		-81.1931		-8.11791
2952		-105.672		-1.46883
2953		-129.976		-10.1417
2954		-145.942		-31.7408
2955		-147.861		-59.939
2956		-134.168		-86.3453
2957		-107.888		-102.962
2958		-75.7477		-104.486
2959		-46.254		-89.7977
2960		-27.324		-62.2437
2961		-24.139		-28.7075
2962		-37.7741		2.2354
2963		-64.9162		22.5601
2964		-98.6963		26.8673
2965		-130.41		13.7966
2966		-151.713		-13.5548
2967		-156.774		-48.3229
2968		-143.855		-81.5513
2969		-115.898		-104.482
2970		-79.8799		-110.895
2971		-45.0284		-98.8688
2972		-20.3319		-71.3899
2973		-12.0265		-35.58
2974		-21.8344		-0.676315
2975		-46.5401		24.6442
2976		-79.0763		34.7589
2977		-110.784		28.5944
2978		-134.086		9.63396
2979		-144.669		-15.5318
2980		-142.445		-39.5524
2981		-131.034		-56.6998
2982		-116.067		-64.4484
2983		-103.018		-63.7686
2984		-95.3938		-58.1686
2985		-93.8958		-51.9898
2986		-96.7295		-48.685
2987		-100.766		-49.7231
2988		-102.984		-54.4233
2989		-101.592		-60.6144
2990		-96.4834		-65.706
2991		-88.9905		-67.6845
2992		-81.2066		-65.6861
2993		-75.2324		-60.0598
2994		-72.635		-52.0642
2995		-74.2119		-43.44
2996		-79.9812		-36.0501
2997		-89.2535		-31.6404
2998		-100.685		-31.6533
2999		-112.334		-36.9981
3000		-121.825		-47.7561
3001		-126.71		-62.9135
3002		-125.028		-80.288
3003		-115.917		-96.7891
3004		-100.042		-109.023
3005		-79.6641		-114.097
3006		-58.2513		-110.376
3007		-39.7561		-97.9399
3008		-27.7684		-78.6168
3009		-24.7911		-55.6228
3010		-31.7936		-32.9531
3011		-48.0694		-14.7102
3012		-71.3318		-4.48634
3013		-97.9648		-4.8295
3014		-123.408		-16.7699
3015		-142.726		-39.4159
3016		-151.411		-69.7227
3017		-146.394		-102.624
3018		-127.058		-131.699
3019		-95.914		-150.427
3020		-58.5819		-153.804
3021		-22.8641		-139.907
3022		3.00304		-110.86
3023		12.5023		-72.7599
3024		2.75845		-34.4316
3025		-24.4062		-5.27511
3026		-62.6835		7.20816
3027		-102.763		-0.526443
3028		-134.684		-27.0433
3029		-150.388		-66.237
3030		-145.758		-108.874
3031		-121.607		-144.911
3032		-83.4067		-165.961
3033		-39.8924		-167.28
3034		-0.924068		-148.819
3035		24.8511		-115.156
3036		32.0086		-74.3534
3037		19.5905		-36.0272
3038		-8.69102		-9.05258
3039		-45.3544		0.575272
3040		-80.9822		-8.77783
3041		-106.583		-33.9602
3042		-115.908		-67.8329
3043		-107.092		-101.15
3044		-83.1349		-125.05
3045		-51.0223		-133.474
3046		-19.7162		-124.784
3047		2.40983		-102.094
3048		9.90118		-72.2057
3049		1.60754		-43.499
3050		-19.273		-23.477
3051		-46.4291		-16.7413
3052		-72.4701		-23.9949
3053		-91.05		-42.279
3054		-98.4211		-66.2216
3055		-94.0292		-89.7687
3056		-80.1409		-107.8
3057		-60.8118		-117.176
3058		-40.6467		-117.064
3059		-23.75		-108.657
3060		-13.0678		-94.5561
3061		-10.1189		-78.1006
3062		-14.9788		-62.7953
3063		-26.3802		-51.8434
3064		-41.879		-47.7239
3065		-58.1319		-51.7693
3066		-71.3687		-63.7925
3067		-78.0809		-81.9021
3068		-75.8279		-102.667
3069		-63.948		-121.702
3070		-43.9278		-134.608
3071		-19.2522		-138.037
3072		5.28211		-130.593
3073		24.6397		-113.288
3074		34.729		-89.4232
3075		33.3952		-63.9157
3076		20.9851		-42.2315
3077		0.364571		-29.1769
3078		-23.6075		-27.7993
3079		-45.0479		-38.616
3080		-58.2915		-59.3276
3081		-59.1896		-85.1071
3082		-46.2132		-109.475
3083		-21.0932		-125.657
3084		11.2321		-128.202
3085		43.4732		-114.488
3086		67.5689		-85.7168
3087		76.6788		-47.0251
3088		67.0873		-6.55496
3089		39.4681		26.3947
3090		-0.930396		43.7058
3091		-45.3301		40.645
3092		-83.494		17.2928
3093		-106.294		-21.2462
3094		-108.084		-65.9584
3095		-88.2199		-106.088
3096		-51.3221		-131.785
3097		-6.20507		-136.546
3098		36.233		-118.82
3099		65.6219		-82.4085
3100		74.5895		-35.5681
3101		60.5064		10.9315
3102		26.1066		46.3384
3103		-21.1528		62.4406
3104		-70.8466		55.4947
3105		-112.05		27.0997
3106		-135.94		-16.2121
3107		-137.896		-64.594
3108		-118.549		-107.333
3109		-83.4945		-135.501
3110		-41.7237		-144.116
3111		-3.20242		-133.198
3112		23.7165		-107.459
3113		34.3065		-74.7434
3114		28.3505		-43.7209
3115		9.70681		-21.5591
3116		-15.1997		-12.2652
3117		-39.3974		-16.1153
3118		-57.2243		-30.1959
3119		-65.4926		-49.7157
3120		-63.7459		-69.5409
3121		-53.7442		-85.4429
3122		-38.5503		-94.7639
3123		-21.6243		-96.5041
3124		-6.19497		-91.0508
3125		5.05711		-79.8336
3126		10.1546		-65.0859
3127		8.0086		-49.697
3128		-1.27629		-36.996
3129		-16.0762		-30.2838
3130		-33.1443		-32.063
3131		-47.9827		-43.1317
3132		-55.7853		-61.8829
3133		-52.7921		-84.1886
3134		-37.653		-104.093
3135		-12.3005		-115.254
3136		18.0684		-112.772
3137		46.0278		-94.8393
3138		63.7591		-63.6641
3139		65.1887		-25.3153
3140		47.8131		11.5333
3141		13.6814		37.6539
3142		-30.7574		45.5822
3143		-75.9251		31.6089
3144		-111.211		-3.04588
3145		-127.42		-52.1656
3146		-119.021		-105.624
3147		-85.7158		-151.425
3148		-32.9143		-178.321
3149		29.0323		-178.459
3150		86.8132		-149.492
3151		127.011		-95.585
3152		139.25		-26.9776
3153		118.894		41.975
3154		68.568		95.9373
3155		-2.01775		122.218
3156		-78.0281		113.971
3157		-142.871		72.0975
3158		-182.143		5.26179
3159		-187.132		-72.0504
3160		-156.929		-142.962
3161		-98.5872		-192.224
3162		-25.3116		-209.767
3163		46.7994		-192.886
3164		102.576		-146.55
3165		131.173		-81.8864
3166		128.241		-13.3105
3167		96.4544		44.8867
3168		44.4084		81.6633
3169		-15.709		91.3725
3170		-71.0425		74.5443
3171		-110.896		37.256
3172		-128.858		-10.6519
3173		-123.83		-58.0382
3174		-99.7997		-95.0227
3175		-64.5012		-115.075
3176		-27.3211		-116.189
3177		3.02579		-100.918
3178		20.4817		-75.329
3179		22.8273		-47.1854
3180		11.8143		-23.8766
3181		-7.70264		-10.6323
3182		-29.3224		-9.45995
3183		-46.8712		-19.0028
3184		-55.9132		-35.2423
3185		-54.6651		-52.7544
3186		-44.1879		-66.1361
3187		-27.9433		-71.2613
3188		-10.9122		-66.1548
3189		1.50134		-51.4068
3190		4.61408		-30.1382
3191		-4.46689		-7.53809
3192		-25.9687		10.0197
3193		-56.9443		16.2558
3194		-91.3572		6.54037
3195		-120.953		-20.5613
3196		-136.954		-62.1934
3197		-132.335		-111.041
3198		-104.13		-156.419
3199		-55.0477		-186.581
3200		6.27961		-191.808
3201		66.7478		-167.407
3202		111.762		-115.703
3203		129.02		-46.2373
3204		112.039		26.0649
3205		62.3507		84.3919
3206		-10.3713		114.291
3207		-90.3634		107.489
3208		-159.506		64.2028
3209		-201.74		-6.6819
3210		-207.006		-89.6235
3211		-173.714		-166.077
3212		-109.157		-218.856
3213		-27.8293		-236.147
3214		51.9317		-214.25
3215		112.17		-158.438
3216		139.469		-81.7641
3217		128.094		-2.05492
3218		81.3986		62.259
3219		11.0932		96.5535
3220		-65.5423		93.618
3221		-129.931		55.5145
3222		-166.939		-6.89442
3223		-168.845		-76.7613
3224		-137.399		-135.772
3225		-83.2935		-169.167
3226		-23.0847		-169.829
3227		25.6062		-140.2
3228		49.2108		-91.3969
3229		42.1046		-39.7671
3230		8.07942		-1.91869
3231		-41.0301		10.2299
3232		-89.0931		-7.12579
3233		-120.588		-48.7748
3234		-125.147		-102.278
3235		-100.404		-151.775
3236		-52.4351		-182.573
3237		6.16137		-185.162
3238		59.8142		-157.61
3239		94.0664		-105.85
3240		99.125		-42.0288
3241		72.0984		18.4918
3242		17.5816		60.6736
3243		-53.3504		73.1035
3244		-125.412		50.4777
3245		-182.172		-5.10399
3246		-209.402		-84.224
3247		-198.172		-171.637
3248		-147.13		-249.018
3249		-63.4565		-298.606
3250		37.9026		-307.111
3251		136.796		-269.078
3252		211.902		-188.843
3253		245.465		-80.42
3254		227.641		34.9161
3255		159.344		132.976
3256		52.7308		192.035
3257		-70.969		197.957
3258		-185.9		147.794
3259		-267.31		50.876
3260		-297.207		-72.9341
3261		-268.588		-197.497
3262		-187.201		-296.176
3263		-70.4032		-347.804
3264		56.6362		-341.456
3265		166.522		-278.924
3266		235.739		-174.327
3267		249.896		-50.9357
3268		206.907		64.0607
3269		117.399		145.685
3270		2.22443		176.794
3271		-112.361		151.911
3272		-200.759		78.3717
3273		-243.94		-25.5056
3274		-233.806		-134.82
3275		-174.965		-224.041
3276		-83.4683		-273.112
3277		17.2241		-272.212
3278		102.077		-224.025
3279		150.711		-142.907
3280		152.462		-51.1266
3281		108.987		26.8999
3282		33.7118		70.9479
3283		-51.8024		70.2503
3284		-123.644		26.2917
3285		-162.006		-47.6603
3286		-156.561		-130.216
3287		-109.282		-197.772
3288		-33.8643		-231.064
3289		48.1146		-220.537
3290		113.262		-168.998
3291		142.943		-90.7839
3292		128.471		-7.67104
3293		73.4496		57.2746
3294		-7.39312		86.1211
3295		-92.4618		70.9154
3296		-159.336		15.6127
3297		-190.817		-65.3397
3298		-179.29		-151.202
3299		-128.285		-220.593
3300		-51.0355		-256.955
3301		33.3458		-252.397
3302		104.84		-209.072
3303		147.289		-138.031
3304		151.823		-56.099
3305		118.34		18.2383
3306		54.9547		68.9286
3307		-24.2028		85.5801
3308		-102.23		65.3011
3309		-163.024		12.9499
3310		-194.534		-60.1387
3311		-191.119		-138.659
3312		-154.579		-206.603
3313		-93.6422		-250.671
3314		-21.9555		-263.101
3315		45.0409		-243.282
3316		93.6487		-197.702
3317		115.001		-138.213
3318		106.913		-79.0285
3319		74.0183		-33.244
3320		26.2047		-9.81712
3321		-24.1506		-11.7812
3322		-65.3318		-36.0763
3323		-88.9578		-74.8884
3324		-91.5521		-117.978
3325		-74.7733		-155.284
3326		-44.4622		-179.145
3327		-8.91817		-185.719
3328		23.1151		-175.452
3329		44.3535		-152.684
3330		50.4885		-124.539
3331		41.1301		-99.3187
3332		20.0133		-84.577
3333		-5.67152		-85.1771
3334		-26.8777		-101.727
3335		-35.0623		-129.883
3336		-24.8324		-160.958
3337		3.86977		-183.966
3338		44.8671		-188.788
3339		86.719		-169.635
3340		115.61		-127.69
3341		119.511		-71.8677
3342		92.3997		-17.1138
3343		37.101		19.5304
3344		-34.3916		24.0735
3345		-103.517		-9.64903
3346		-150.119		-77.175
3347		-158.391		-163.674
3348		-121.986		-247.423
3349		-46.6291		-305.615
3350		50.6914		-320.862
3351		145.874		-286.451
3352		214.084		-208.759
3353		236.574		-106.053
3354		205.997		-3.92269
3355		128.709		71.3986
3356		23.3643		100.01
3357		-83.8098		73.6898
3358		-165.795		-1.83507
3359		-201.79		-108.31
3360		-182.567		-219.664
3361		-112.764		-308.724
3362		-9.55333		-354.138
3363		101.903		-345.673
3364		194.938		-286.531
3365		248.058		-192.185
3366		250.057		-86.1591
3367		202.357		6.0125
3368		118.112		63.0101
3369		18.5309		72.5682
3370		-72.4615		33.8559
3371		-133.812		-42.9539
3372		-151.856		-139.546
3373		-122.876		-233.861
3374		-53.3959		-304.936
3375		41.602		-337.162
3376		141.972		-323.256
3377		226.507		-265.528
3378		277.126		-175.369
3379		282.469		-71.0748
3380		240.324		25.6478
3381		158.405		93.978
3382		53.1909		118.354
3383		-53.1307		92.0577
3384		-137.184		19.1509
3385		-179.519		-85.8427
3386		-169.178		-200.667
3387		-106.579		-300.021
3388		-3.88745		-361.196
3389		117.35		-369.351
3390		230.828		-321.116
3391		311.322		-225.631
3392		340.371		-102.742
3393		310.5		21.2341
3394		227.034		119.216
3395		107.134		169.261
3396		-23.7323		159.424
3397		-137.136		90.5392
3398		-207.773		-23.6584
3399		-219.049		-159.156
3400		-166.997		-286.596
3401		-61.5973		-377.596
3402		74.9387		-411.152
3403		212.767		-378.709
3404		321.028		-286.598
3405		375.051		-155.067
3406		362.408		-13.8942
3407		286.215		104.526
3408		164.677		172.999
3409		26.8338		176.247
3410		-94.5211		114.743
3411		-170.952		4.58352
3412		-185.393		-126.628
3413		-136.221		-246.789
3414		-37.3502		-327.366
3415		85.6263		-350.375
3416		202.128		-312.526
3417		284.329		-225.524
3418		313.927		-112.624
3419		286.286		-2.42485
3420		211.008		78.3982
3421		108.969		111.596
3422		6.67997		91.4893
3423		-70.5077		25.8369
3424		-104.638		-66.6556
3425		-89.3031		-161.444
3426		-30.7665		-234.508
3427		54.1244		-268.331
3428		142.586		-256.022
3429		211.842		-202.609
3430		244.815		-123.293
3431		234.137		-39.2544
3432		183.567		27.8263
3433		106.608		61.0821
3434		22.8499		52.3236
3435		-46.921		3.62691
3436		-85.6047		-73.5511
3437		-83.5554		-161.323
3438		-40.5045		-239.571
3439		34.6113		-290.423
3440		125.735		-302.085
3441		213.18		-271.336
3442		277.832		-204.263
3443		305.279		-115.098
3444		289.073		-23.3317
3445		232.45		50.417
3446		148		89.0177
3447		55.1987		82.9377
3448		-23.8431		32.844
3449		-69.5358		-50.0789
3450		-69.6628		-146.371
3451		-22.6602		-232.719
3452		61.6246		-287.545
3453		164.013		-296.37
3454		260.48		-255.554
3455		327.943		-173.412
3456		349.912		-68.3913
3457		320.592		35.2498
3458		246.443		113.206
3459		144.844		146.971
3460		40.1481		128.407
3461		-41.9929		61.9886
3462		-80.8052		-35.835
3463		-65.7083		-140.156
3464		0.500961		-223.371
3465		101.527		-262.032
3466		210.862		-243.238
3467		298.036		-168.872
3468		336.567		-56.3065
3469		311.621		65.0904
3470		225.185		161.181
3471		96.9322		202.382
3472		-39.9885		172.557
3473		-147.507		74.7436
3474		-193.348		-68.3449
3475		-160.803		-219.625
3476		-54.4979		-337.57
3477		99.8653		-387.989
3478		261.988		-354.148
3479		387.938		-242.117
3480		442.4		-79.645
3481		408.604		91.1636
3482		293.06		225.198
3483		123.836		286.407
3484		-56.9269		257.188
3485		-203.985		142.659
3486		-280.339		-31.031
3487		-266.043		-223.521
3488		-162.499		-390.129
3489		8.40771		-492.228
3490		209.692		-505.736
3491		397.637		-426.069
3492		531.221		-268.841
3493		580.714		-66.4447
3494		533.883		138.654
3495		398.728		302.603
3496		202.23		389.262
3497		-14.7737		377.999
3498		-205.78		268.603
3499		-328.404		82.1149
3500		-353.785		-142.899
3501		-273.501		-358.148
3502		-102.237		-516.009
3503		124.678		-580.243
3504		358.594		-534.561
3505		548.193		-386.872
3506		651.083		-168.068
3507		643.597		74.5362
3508		526.463		287.675
3509		324.954		424.11
3510		83.4332		453.368
3511		-144.487		368.761
3512		-307.951		189.072
3513		-370.343		-45.4789
3514		-317.665		-282.146
3515		-161.908		-467.491
3516		61.4098		-559.532
3517		301.101		-537.496
3518		501.908		-406.899
3519		617.314		-198.661
3520		620.629		37.7399
3521		511.688		245.688
3522		317.408		374.881
3523		85.8069		393.659
3524		-125.31		297.144
3525		-262.413		109.019
3526		-289.667		-123.746
3527		-198.292		-342.155
3528		-9.36566		-489.797
3529		230.886		-527.174
3530		462.305		-442.078
3531		625.832		-253.236
3532		678.568		-6.11198
3533		604.97		238.205
3534		421.236		418.292
3535		171.625		487.968
3536		-82.4092		428.154
3537		-277.53		251.926
3538		-364.381		1.45579
3539		-319.938		-262.375
3540		-153.229		-475.022
3541		96.9329		-584.134
3542		371.562		-562.241
3543		605.896		-413.188
3544		744.952		-170.856
3545		756.395		109.291
3546		637.727		363.576
3547		416.252		535.04
3548		142.131		586.356
3549		-123.591		507.803
3550		-323.008		318.688
3551		-414.148		62.1867
3552		-379.74		-204.921
3553		-230.186		-425.124
3554		-0.37162		-552.687
3555		258.697		-563.112
3556		491.397		-457.64
3557		649.502		-262.079
3558		702.151		-20.4513
3559		641.741		214.947
3560		484.701		394.832
3561		267.221		483.137
3562		37.0297		464.091
3563		-156.9		344.83
3564		-274.538		153.212
3565		-292.827		-68.5424
3566		-210.014		-272.951
3567		-45.531		-417.232
3568		164.447		-472.109
3569		374.829		-427.734
3570		541.228		-295.547
3571		629.431		-105.665
3572		622.764		99.7177
3573		525.727		275.627
3574		362.989		384.369
3575		173.807		404.125
3576		2.95186		334.041
3577		-109.85		194.473
3578		-139.469		22.1252
3579		-81.5155		-138.911
3580		46.5902		-248.103
3581		210.053		-278.664
3582		365.631		-224.337
3583		472.832		-100.913
3584		504.44		58.0094
3585		453.601		209.953
3586		335.523		314.872
3587		183.31		345.833
3588		39.0092		296.193
3589		-57.7579		181.367
3590		-80.5402		34.6572
3591		-23.3034		-101.743
3592		97.7876		-188.209
3593		248.57		-198.544
3594		386		-127.316
3595		469.782		8.33114
3596		473.418		172.964
3597		391.671		322.152
3598		242.38		414.326
3599		62.0793		422.005
3600		-103.458		339.342
3601		-211.189		183.93
3602		-232.06		-7.60882
3603		-158.513		-189.023
3604		-6.30548		-316.201
3605		189.677		-358.143
3606		384.31		-304.302
3607		533.289		-166.583
3608		603.462		24.1563
3609		579.953		225.844
3610		468.702		394.97
3611		294.292		495.994
3612		94.0408		508.418
3613		-90.0262		430.373
3614		-219.612		278.438
3615		-267.504		84.1096
3616		-222.768		-112.3
3617		-93.0816		-269.306
3618		96.2046		-352.339
3619		306.347		-340.984
3620		492.445		-234.025
3621		612.627		-50.9759
3622		637.503		170.749
3623		557.752		383.036
3624		387.715		537.515
3625		163.599		597.052
3626		-63.908		545.436
3627		-241.209		392.556
3628		-324.886		173.321
3629		-292.974		-59.8368
3630		-151.35		-249.291
3631		66.6472		-346.407
3632		307.537		-324.004
3633		510.317		-183.88
3634		621.359		42.6322
3635		607.962		301.379
3636		467.219		527.925
3637		227.917		663.042
3638		-55.2026		667.535
3639		-313.737		532.829
3640		-481.843		284.61
3641		-512.671		-21.7394
3642		-391.059		-313.255
3643		-139.118		-516.601
3644		187.131		-576.421
3645		509.887		-470.326
3646		747.952		-216.454
3647		837.113		128.832
3648		747.364		483.171
3649		492.303		757.761
3650		127.812		879.587
3651		-260.171		810.633
3652		-576.087		558.953
3653		-738.424		178.418
3654		-700.603		-243.177
3655		-463.656		-604.911
3656		-77.2824		-817.339
3657		371.195		-824.763
3658		777.384		-619.548
3659		1044.88		-244.839
3660		1108.69		215.11
3661		951.261		654.705
3662		607.109		972.113
3663		154.949		1093.62
3664		-300.899		991.268
3665		-655.271		689.586
3666		-827.097		259.614
3667		-778.458		-198.141
3668		-523.144		-577.708
3669		-122.753		-792.676
3670		328.558		-796.156
3671		726.755		-590.936
3672		982.378		-227.631
3673		1040.84		208.364
3674		893.896		617.604
3675		579.966		909.796
3676		173.718		1023.96
3677		-232.113		941.105
3678		-548.195		686.876
3679		-708.408		324.22
3680		-683.752		-61.9381
3681		-487.616		-384.289
3682		-171.607		-572.685
3683		186.928		-589.482
3684		502.877		-437.462
3685		702.969		-158.671
3686		742.689		175.673
3687		616.673		482.079
3688		359.999		684.778
3689		39.7993		734.188
3690		-261.121		619.296
3691		-464.861		370.712
3692		-518.133		53.295
3693		-406.064		-250.041
3694		-156.355		-459.384
3695		167.439		-518.364
3696		481.907		-408.847
3697		705.006		-155.917
3698		777.038		178.153
3699		676.043		509.397
3700		423.743		753.182
3701		80.5833		845.488
3702		-268.851		759.212
3703		-536.503		511.529
3704		-652.636		160.504
3705		-583.543		-208.348
3706		-340.874		-502.531
3707		19.894		-645.336
3708		411.852		-595.503
3709		737.358		-358.802
3710		912.291		11.7401
3711		887.899		427.624
3712		664.476		786.306
3713		292.82		997.147
3714		-137.526		1005.2
3715		-520.691		806.315
3716		-761.852		449.07
3717		-802.184		22.6045
3718		-634.424		-366.632
3719		-304.599		-622.898
3720		100.638		-686.191
3721		477.459		-547.345
3722		732.461		-249.184
3723		806.719		126.254
3724		689.852		480.476
3725		420.705		724.701
3726		75.1244		802.274
3727		-255.228		701.63
3728		-486.986		456.993
3729		-565.754		137.427
3730		-478.362		-172.254
3731		-254.23		-393.471
3732		43.8395		-473.213
3733		336.602		-396.249
3734		548.663		-187.652
3735		627.182		94.5517
3736		554.634		374.583
3737		352.744		578.203
3738		76.7316		651.482
3739		-198.736		574.51
3740		-398.52		366.695
3741		-466.308		82.2296
3742		-379.428		-203.312
3743		-155.381		-412.05
3744		151.737		-483.829
3745		464.204		-392.168
3746		699.932		-151.989
3747		793.273		182.947
3748		712.164		532.456
3749		467.292		809.254
3750		110.868		940.542
3751		-274.904		886.607
3752		-597.061		651.832
3753		-774.366		285.265
3754		-757.713		-129.71
3755		-543.432		-494.478
3756		-176		-718.788
3757		260.972		-743.267
3758		663.806		-555.254
3759		933.604		-193.704
3760		1000.92		258.61
3761		844.014		694.202
3762		495.65		1006.89
3763		36.3902		1118.28
3764		-424.471		997.948
3765		-775.643		671.805
3766		-931.483		216.355
3767		-853.422		-259.896
3768		-559.617		-643.143
3769		-120.409		-842.273
3770		359.148		-811.029
3771		765.141		-558.905
3772		1002.46		-148.268
3773		1017.54		321.293
3774		810.703		737.352
3775		435.484		1001.76
3776		-14.7458		1054.07
3777		-429.56		885.742
3778		-708.232		541.938
3779		-784.183		110.38
3780		-641.272		-300.16
3781		-317.86		-586.716
3782		102.597		-677.862
3783		512.45		-551.853
3784		807.206		-242.345
3785		912.432		170.131
3786		803.078		579.039
3787		509.91		879.728
3788		111.11		996.896
3789		-288.77		904.133
3790		-586.753		630.189
3791		-708.516		250.367
3792		-627.224		-134.346
3793		-369.187		-424.364
3794		-5.30095		-547.248
3795		368.783		-475.283
3796		657.904		-230.688
3797		791.164		122.105
3798		738.295		494.235
3799		515.126		795.1
3800		177.685		954.072
3801		-192.774		936.24
3802		-509.707		749.032
3803		-701.401		438.903
3804		-726.883		79.3925
3805		-584.386		-246.44
3806		-310.798		-465.258
3807		27.6304		-530.124
3808		351.21		-430.927
3809		585.765		-196.116
3810		680.166		114.76
3811		618.158		426.02
3812		421.447		664.67
3813		143.215		778.247
3814		-146.222		747.054
3815		-377.688		587.584
3816		-500.368		346.483
3817		-493.371		87.0326
3818		-368.854		-127.804
3819		-166.421		-250.997
3820		58.9783		-261.697
3821		251.877		-167.963
3822		369.757		-2.08322
3823		391.969		189.462
3824		322.562		358.3
3825		187.154		465.633
3826		25.3086		490.477
3827		-119.521		433.374
3828		-210.301		315.264
3829		-225.017		171.998
3830		-161.974		45.5794
3831		-40.606		-26.2653
3832		102.738		-20.087
3833		223.639		66.1062
3834		281.446		210.7
3835		251.343		372.675
3836		133.184		501.899
3837		-45.978		553.292
3838		-237.325		501.066
3839		-382.959		348.604
3840		-432.702		130.366
3841		-360.131		-95.5901
3842		-172.743		-263.004
3843		87.398		-316.538
3844		353.406		-228.979
3845		551.312		-11.121
3846		620.839		288.978
3847		533.141		597.564
3848		300.225		834.485
3849		-26.7896		934.826
3850		-370.226		866.782
3851		-645.764		640.822
3852		-784.272		307.654
3853		-749.704		-54.3721
3854		-548.397		-358.973
3855		-227.489		-533.549
3856		136.95		-537.137
3857		458.872		-370.231
3858		663.418		-74.1815
3859		704.969		279.489
3860		577.686		606.993
3861		316.079		832.835
3862		-14.3357		907.884
3863		-333.742		820.545
3864		-567.801		598.421
3865		-665.494		300.294
3866		-610.647		0.710163
3867		-424.473		-228.761
3868		-158.815		-336.801
3869		117.85		-303.905
3870		337.854		-145.602
3871		450.741		93.0577
3872		434.626		349.945
3873		300.012		561.795
3874		85.5457		679.569
3875		-152.775		679.541
3876		-355.977		567.713
3877		-476.431		376.889
3878		-488.724		157.528
3879		-394.727		-35.1295
3880		-221.991		-154.442
3881		-16.1756		-173.139
3882		170.447		-89.094
3883		291.58		74.9934
3884		317.645		277.677
3885		242.289		468.978
3886		83.3409		602.25
3887		-121.793		644.926
3888		-325.062		585.795
3889		-478.88		437.286
3890		-546.906		232.441
3891		-512.158		17.3752
3892		-380.784		-159.023
3893		-180.794		-255.932
3894		43.9395		-249.689
3895		243.129		-139.258
3896		371.055		53.1096
3897		396.792		286.237
3898		311.509		508.653
3899		131.137		669.793
3900		-106.402		731.434
3901		-349.061		676.801
3902		-542.108		515.119
3903		-640.645		280.31
3904		-620.27		23.8368
3905		-483.224		-196.822
3906		-258.372		-331.414
3907		5.18249		-348.683
3908		249.36		-243.73
3909		420.554		-39.1185
3910		481.95		220.547
3911		421.719		479.199
3912		255.171		682.378
3913		20.4829		789.595
3914		-230.783		783.052
3915		-445.951		670.748
3916		-583.272		483.451
3917		-620.894		266.466
3918		-560.739		68.3625
3919		-426.534		-70.5366
3920		-256.679		-127.084
3921		-93.9082		-99.5313
3922		25.5435		-6.13376
3923		80.4029		121.307
3924		68.2784		247.039
3925		4.12223		341.304
3926		-86.0804		387.764
3927		-174.286		386.322
3928		-239.131		350.716
3929		-271.652		301.96
3930		-276.306		260.041
3931		-267.215		236.811
3932		-261.251		232.493
3933		-270.646		236.854
3934		-297.84		234.363
3935		-334.405		211.237
3936		-364.267		161.677
3937		-369.888		91.0008
3938		-339.06		14.6582
3939		-269.9		-46.3984
3940		-172.401		-72.2574
3941		-66.2136		-50.2837
3942		24.4187		20.8502
3943		76.9157		130.335
3944		76.0138		257.537
3945		17.5008		376.569
3946		-90.5961		461.889
3947		-229.364		493.717
3948		-372.494		462.341
3949		-491.286		370.613
3950		-560.428		234.169
3951		-563.602		79.0798
3952		-497.771		-62.9915
3953		-374.955		-161.47
3954		-220.59		-194.069
3955		-68.358		-152.676
3956		47.5945		-46.0936
3957		101.095		101.504
3958		80.6445		256.327
3959		-7.71436		383.463
3960		-142.294		455.649
3961		-291.842		459.729
3962		-423.843		398.966
3963		-512.474		290.839
3964		-543.952		161.409
3965		-518.138		38.3359
3966		-446.627		-55.3264
3967		-348.602		-105.092
3968		-246.085		-106.43
3969		-159.793		-64.1277
3970		-106.074		9.46221
3971		-94.7431		96.6456
3972		-127.496		176.979
3973		-196.917		230.512
3974		-286.673		241.825
3975		-373.727		204.354
3976		-433.032		123.722
3977		-444.179		18.3955
3978		-398.252		-83.5498
3979		-302.422		-151.54
3980		-180.014		-161.789
3981		-65.1248		-105.776
3982		7.13577		5.29112
3983		11.8497		142.194
3984		-56.914		265.624
3985		-182.997		338.018
3986		-332.149		335.449
3987		-462.025		255.485
3988		-534.915		118.332
3989		-529.01		-39.0858
3990		-444.598		-174.057
3991		-303.468		-250.339
3992		-142.108		-247.906
3993		-1.25591		-167.492
3994		84.8312		-29.1427
3995		96.386		134.1
3996		31.6789		285.038
3997		-94.0813		391.088
3998		-253.465		430.975
3999		-413.534		398.265
4000		-542.923		301.594
4001		-617.999		162.005
4002		-627.202		8.1276
4003		-572.932		-129.939
4004		-470.61		-227.011
4005		-344.922		-268.21
4006		-223.826		-252.058
4007		-131.637		-190.278
4008		-83.0285		-104.045
4009		-79.8259		-17.579
4010		-111.743		49.0335
4011		-160.955		85.4027
4012		-208.965		92.811
4013		-243.244		81.8596
4014		-261.117		66.71
4015		-269.345		58.2433
4016		-279.611		58.9712
4017		-301.781		61.8903
4018		-337.871		53.8658
4019		-379.382		22.2294
4020		-409.392		-38.1492
4021		-408.793		-120.362
4022		-364.344		-205.642
4023		-275.336		-268.482
4024		-156.139		-285.017
4025		-33.4135		-241.639
4026		61.238		-140.704
4027		100.72		-1.22504
4028		70.8175		145.744
4029		-25.2366		265.507
4030		-167.329		329.174
4031		-323.791		321.268
4032		-459.63		243.423
4033		-545.179		113.433
4034		-562.829		-39.6089
4035		-510.393		-182.443
4036		-400.741		-285.085
4037		-258.297		-326.915
4038		-113.53		-300.376
4039		3.28999		-211.929
4040		67.9507		-80.3956
4041		66.8781		66.8563
4042		-0.225494		199.247
4043		-120.163		289.018
4044		-268.643		316.953
4045		-415.084		276.642
4046		-529.053		176.227
4047		-587.03		36.9653
4048		-577.882		-111.353
4049		-505.58		-237.205
4050		-388.272		-314.726
4051		-253.839		-329.779
4052		-133.037		-283.055
4053		-52.0797		-189.397
4054		-26.6252		-73.6346
4055		-58.6909		35.8187
4056		-137.082		113.793
4057		-240.905		143.851
4058		-344.963		121.255
4059		-425.521		53.0598
4060		-465.126		-44.2478
4061		-455.694		-148.679
4062		-399.601		-237.28
4063		-308.971		-290.505
4064		-203.417		-295.925
4065		-106.553		-250.888
4066		-41.5271		-163.75
4067		-26.0581		-53.1923
4068		-67.7699		54.7366
4069		-160.996		131.857
4070		-286.311		154.642
4071		-413.648		111.04
4072		-508.935		5.32187
4073		-542.961		-140.949
4074		-500.149		-292.847
4075		-384.453		-410.468
4076		-220.145		-459.742
4077		-46.6668		-422.567
4078		91.4248		-303.03
4079		156.637		-127.506
4080		129.228		61.7447
4081		13.0737		217.749
4082		-165.127		301.486
4083		-363.093		292.264
4084		-534.393		192.776
4085		-640.6		27.5579
4086		-660.632		-164.376
4087		-594.842		-340.245
4088		-463.146		-464.278
4089		-298.313		-515.593
4090		-136.812		-491.387
4091		-9.97217		-405.226
4092		62.2723		-281.626
4093		73.8857		-148.937
4094		31.5327		-32.653
4095		-49.2754		49.2792

 
--------------------------------------


