Compute Correlation 
 
0		259.865		-220.044
1		383.878		-93.0764
2		420.815		79.8157
3		359.44		245.823
4		217.919		353.919
5		38.6438		370.076
6		-124.251		287.569
7		-221.008		129.153
8		-221.117		-59.6136
9		-122.419		-223.904
10		48.3326		-315.875
11		243.537		-308.687
12		408.864		-204.084
13		499.058		-31.4185
14		490.676		161.334
15		388.122		321.618
16		221.552		407.1
17		37.6495		396.944
18		-113.678		296.606
19		-192.752		135.242
20		-180.065		-43.0204
21		-80.3496		-191.157
22		79.7791		-271.29
23		259.477		-263.661
24		414.289		-170.623
25		506.971		-15.1195
26		516.004		165.53
27		440.08		328.818
28		297.858		436.992
29		123.288		465.613
30		-42.3247		408.972
31		-159.778		281.321
32		-200.959		113.692
33		-155.445		-53.0513
34		-33.2548		-177.49
35		136.971		-227.311
36		314.131		-187.185
37		453.951		-63.008
38		519.406		118.666
39		489.887		316.094
40		366.888		481.678
41		174.687		573.118
42		-44.3809		563.843
43		-239.185		450.166
44		-361.601		253.337
45		-378.169		15.7627
46		-278.854		-207.968
47		-80.7264		-363.401
48		174.548		-409.153
49		429.139		-327.51
50		621.783		-130.094
51		702.141		143.009
52		643.55		430.91
53		451.075		665.075
54		162.57		785.331
55		-158.131		755.123
56		-434.935		572.237
57		-597.428		271.899
58		-598.868		-79.2932
59		-429.638		-397.923
60		-122.188		-603.811
61		254.615		-640.736
62		611.132		-492.294
63		859.095		-188.198
64		934.642		201.4
65		815.891		582.721
66		529.901		862.214
67		146.617		971.063
68		-238.894		883.536
69		-531.183		623.926
70		-659.322		260.057
71		-595.064		-114.805
72		-359.37		-406.506
73		-15.8168		-544.18
74		346.884		-497.57
75		638.139		-283.198
76		788.139		41.6114
77		764.18		394.61
78		576.986		689.775
79		276.187		858.203
80		-63.2154		863.805
81		-359.634		710.5
82		-544.351		439.794
83		-577.242		119.787
84		-455.415		-171.611
85		-213.03		-365.366
86		87.5857		-417.654
87		371.48		-320.061
88		569.652		-101.131
89		636.142		181.288
90		559.259		455.123
91		363.882		652.801
92		104.115		728.602
93		-151.743		669.891
94		-339.664		499.122
95		-416.506		266.247
96		-370.103		34.0039
97		-220.3		-139.332
98		-11.2318		-214.628
99		202.158		-180.066
100		368.945		-51.19
101		454.089		136.101
102		444.548		336.617
103		349.077		507.307
104		193.103		616.054
105		11.1182		646.359
106		-161.007		598.011
107		-292.258		484.907
108		-360.791		331.323
109		-356.555		167.564
110		-282.523		25.2577
111		-154.519		-67.6745
112		0.818405		-92.1306
113		150.315		-42.221
114		260.654		72.3412
115		305.835		227.098
116		273.826		387.484
117		170.368		516.598
118		18.3955		584.26
119		-147.151		574.848
120		-287.961		491.583
121		-372.095		355.889
122		-382.171		201.934
123		-319.732		67.8188
124		-204.686		-14.2242
125		-70.0287		-26.0475
126		46.7553		31.8264
127		113.438		140.373
128		111.545		266.961
129		41.4771		373.855
130		-77.1427		428.338
131		-210.259		411.94
132		-318.4		326.262
133		-367.799		193.511
134		-340.626		51.1116
135		-241.245		-58.5721
136		-96.2177		-100.74
137		52.4817		-59.2003
138		159.443		57.637
139		189.542		218.068
140		129.119		375.708
141		-9.07232		482.974
142		-188.903		505.288
143		-361.042		431.533
144		-477.081		277.509
145		-503.205		81.4718
146		-429.339		-106.609
147		-271.345		-238.586
148		-66.187		-280.444
149		137.957		-220.159
150		293.539		-69.6161
151		364.313		139.124
152		332.662		361.542
153		202.595		550.238
154		-1.48901		664.417
155		-239.606		677.818
156		-463.683		584.08
157		-626.75		398.76
158		-692.564		157.375
159		-643.986		-90.7531
160		-488.157		-292.317
161		-256.657		-401.854
162		0.196175		-392.925
163		224.245		-265.602
164		363.225		-47.7775
165		383.783		210.604
166		280.152		449.246
167		75.9146		612.118
168		-181.69		661.058
169		-433.31		584.741
170		-621.687		400.853
171		-704.82		151.27
172		-664.998		-108.084
173		-511.996		-319.979
174		-280.261		-438.241
175		-21.1856		-437.332
176		207.755		-317.576
177		354.978		-105.324
178		385.861		151.955
179		290.942		395.036
180		89.4788		565.458
181		-172.997		619.041
182		-433.479		537.537
183		-625.558		335.283
184		-695.96		58.3178
185		-619.457		-224.909
186		-407.777		-439.822
187		-109.241		-525.212
188		201.75		-450.669
189		443.246		-226.749
190		547.557		95.6408
191		480.248		437.08
192		250.755		709.862
193		-88.6538		841.17
194		-455.573		792.788
195		-758.453		571.89
196		-920.249		229.919
197		-898.411		-150.086
198		-696.028		-474.325
199		-361.378		-661.763
200		23.8366		-664.401
201		364.472		-479.31
202		575.165		-149.62
203		601.17		245.646
204		431.867		610.4
205		103.753		854.489
206		-307.817		915.451
207		-706.269		773.854
208		-996.764		458.494
209		-1109.02		40.0435
210		-1014.49		-385.521
211		-733.62		-719.839
212		-331.196		-885.913
213		99.2309		-846.775
214		458.038		-614.372
215		663.707		-246.361
216		672.38		168.379
217		487.87		531.789
218		159.715		760.568
219		-230.021		805.91
220		-587.558		664.182
221		-830.371		376.154
222		-906.485		15.4318
223		-805.502		-330.531
224		-559.086		-581.811
225		-231.414		-684.443
226		97.4825		-621.706
227		351.097		-416.081
228		473.884		-122.108
229		442.96		187.617
230		271.889		439.732
231		6.24401		576.761
232		-287.666		569.659
233		-538.281		423.814
234		-685.213		177.469
235		-693.214		-107.095
236		-560.773		-357.885
237		-321.26		-510.181
238		-35.9691		-522.589
239		219.979		-388.362
240		376.084		-138.869
241		385.06		162.419
242		236.76		434.813
243		-36.7689		601.041
244		-367.36		608.54
245		-667.252		445.493
246		-852.28		146.579
247		-865.592		-214.014
248		-695.06		-541.246
249		-378.915		-744.827
250		2.6748		-764.744
251		348.314		-589.266
252		562.844		-259.943
253		583.901		138.231
254		399.957		499.052
255		54.6312		723.639
256		-364.083		747.379
257		-746.763		557.845
258		-991.437		198.807
259		-1030.62		-240.707
260		-849.349		-649.304
261		-489.557		-922.036
262		-39.7		-987.619
263		387.634		-827.093
264		684.434		-479.166
265		775.033		-30.827
266		635.864		404.495
267		302.079		715.836
268		-140.879		823.372
269		-578.881		699.458
270		-898.548		376.387
271		-1016.97		-61.4824
272		-903.784		-499.49
273		-589.612		-822.799
274		-158.213		-946.898
275		275.652		-840.208
276		596.827		-532.546
277		720.501		-107.058
278		614.682		322.181
279		308.35		640.693
280		-116.769		763.915
281		-548.298		659.119
282		-872.984		353.298
283		-1006.07		-74.6786
284		-912.643		-515.119
285		-615.755		-855.892
286		-189.747		-1010.72
287		259.015		-940.346
288		618.817		-661.661
289		800.024		-243.017
290		756.726		212.755
291		497.67		593.321
292		84.1479		803.865
293		-384.518		789.871
294		-794.483		550.439
295		-1044.45		139.017
296		-1070.05		-348.711
297		-859.737		-797.129
298		-458.404		-1098.07
299		42.5175		-1176.88
300		526.246		-1010.87
301		878.331		-635.608
302		1014.21		-137.178
303		899.975		367.814
304		561.143		759.945
305		77.1852		945.699
306		-437.1		880.236
307		-858.936		578.611
308		-1087.11		112.584
309		-1066.51		-406.327
310		-801.732		-853.569
311		-356.202		-1121.64
312		162.963		-1146.21
313		630.883		-921.93
314		935.357		-503.802
315		1004.34		6.21754
316		823.637		484.326
317		440.27		815.485
318		-49.4137		921.916
319		-524.027		782.274
320		-867.735		436.568
321		-999.358		-24.4776
322		-892.539		-482.939
323		-581.769		-824.04
324		-152.738		-965.492
325		280.469		-878.21
326		605.34		-593.078
327		740.251		-192.02
328		655.46		214.193
329		380.309		515.572
330		-5.22396		632.14
331		-392.383		535.069
332		-673.108		254.097
333		-769.299		-130.77
334		-654.036		-511.131
335		-358.988		-779.832
336		34.115		-860.416
337		415.76		-728.359
338		678.742		-418.201
339		747.871		-14.4465
340		601.086		371.419
341		276.048		631.58
342		-139.75		691.768
343		-532.742		532.066
344		-794.391		192.815
345		-851.031		-236.082
346		-684.221		-639.499
347		-335.971		-908.369
348		102.512		-969.292
349		515.418		-804.387
350		793.495		-456.061
351		863.283		-15.5291
352		706.59		401.691
353		365.057		686.612
354		-71.256		765.643
355		-488.087		619.81
356		-777.422		289.281
357		-866.01		-137.9
358		-734.33		-549.737
359		-420.969		-840.345
360		-11.3582		-938.005
361		385.949		-823.596
362		668.853		-534.478
363		768.916		-152.944
364		668.74		217.297
365		404.862		479.842
366		55.7743		571.348
367		-281.144		477.213
368		-516.859		233.183
369		-594.293		-86.931
370		-501.899		-393.268
371		-274.048		-604.969
372		20.9849		-671.174
373		301.26		-582.55
374		493.52		-371.048
375		551.621		-98.977
376		466.662		158.823
377		267.077		334.616
378		9.60217		384.292
379		-235.964		297.192
380		-404.249		97.5522
381		-450.07		-162.21
382		-359.141		-414.531
383		-151.534		-593.129
384		122.858		-649.245
385		396.064		-564.076
386		598.594		-354.324
387		677.074		-69.1104
388		608.59		221.574
389		407.74		444.44
390		123.994		542.17
391		-170.517		489.151
392		-399.846		299.052
393		-504.614		21.7501
394		-458.135		-269.83
395		-273.568		-499.345
396		-0.0253906		-607.504
397		291.137		-567.531
398		525.711		-391.36
399		646.074		-125.182
400		625.303		163.889
401		472.482		405.844
402		228.453		545.388
403		-46.0845		554.619
404		-286.444		438.038
405		-439.552		229.412
406		-475.636		-17.9668
407		-393.709		-244.809
408		-220.177		-399.821
409		-1.35777		-451.109
410		208.143		-392.689
411		358.557		-244.876
412		416.647		-48.5244
413		373.266		145.533
414		244.934		289.424
415		68.8582		350.344
416		-107.42		318.622
417		-239.087		209.478
418		-296.166		57.8447
419		-271.161		-92.2917
420		-179.959		-200.877
421		-55.8025		-243.129
422		61.6874		-215.782
423		138.835		-136.454
424		157.657		-36.6143
425		120.063		49.2705
426		45.5291		94.7252
427		-36.5745		88.8756
428		-97.1225		38.5152
429		-116.424		-35.5469
430		-89.6581		-106.182
431		-27.25		-148.895
432		49.4105		-149.178
433		115.119		-106.258
434		148.499		-32.5545
435		137.947		50.514
436		84.4965		118.85
437		1.17555		152.293
438		-90.642		139.894
439		-166.828		82.7317
440		-206.676		-6.25561
441		-198.283		-105.308
442		-141.918		-189.129
443		-50.5057		-235.288
444		53.1017		-230.273
445		141.655		-173.621
446		190.643		-78.8152
447		185.21		29.6085
448		124.823		122.308
449		24.1261		173.171
450		-90.5957		166.866
451		-188.548		103.561
452		-243.138		-0.783012
453		-239.629		-118.821
454		-179.322		-219.646
455		-78.9519		-277.622
456		34.4753		-279.477
457		131.673		-227.48
458		189.307		-137.931
459		195.929		-35.684
460		153.984		53.2738
461		77.7091		108.769
462		-11.9696		120.888
463		-93.5527		90.9831
464		-150.165		29.5676
465		-172.536		-47.66
466		-159.487		-124.089
467		-116.534		-185.53
468		-53.6327		-222.104
469		17.0273		-228.867
470		82.7684		-205.762
471		131.826		-157.384
472		154.777		-92.6734
473		146.226		-24.205
474		106.532		33.4102
475		42.9074		66.2291
476		-30.9469		64.4459
477		-97.1779		25.6753
478		-137.931		-43.202
479		-140.311		-126.657
480		-100.616		-203.879
481		-26.2912		-254.202
482		65.3201		-263.028
483		151.336		-226.386
484		209.614		-152.539
485		225.058		-60.0221
486		194.002		27.4199
487		125.297		87.4525
488		37.7753		105.36
489		-45.0922		78.0016
490		-101.749		14.4117
491		-118.384		-67.0103
492		-92.4279		-143.812
493		-32.8492		-195.723
494		42.7079		-210.053
495		113.024		-184.851
496		159.189		-129.033
497		169.662		-59.5932
498		143.192		3.30301
499		88.8569		41.939
500		23.2889		45.8701
501		-34.1207		14.6393
502		-66.6827		-42.3263
503		-65.0083		-108.575
504		-29.4636		-165.401
505		30.1857		-197.148
506		97.7846		-195.504
507		155.523		-161.583
508		188.973		-105.255
509		190.966		-42.0091
510		163.223		11.6245
511		115.389		42.7196
512		61.8934		45.3111
513		17.6478		21.5936
514		-6.10004		-19.2411
515		-4.61794		-64.0425
516		19.4721		-99.6344
517		57.4636		-116.489
518		97.4561		-111.138
519		127.964		-86.7128
520		141.194		-51.5783
521		135.063		-16.5102
522		113.419		8.68932
523		84.4561		18.1185
524		57.8314		11.3522
525		41.4484		-6.81157
526		38.9503		-28.3285
527		48.7787		-44.9127
528		65.1062		-51.006
529		80.2864		-45.6341
530		87.8888		-32.4748
531		85.1535		-18.1357
532		73.9155		-9.34261
533		59.6613		-10.1775
534		49.1393		-20.4786
535		47.5386		-36.0234
536		56.4083		-50.3623
537		73.1509		-57.4779
538		92.2176		-54.1247
539		107.405		-40.8971
540		114.211		-21.6781
541		111.253		-1.85101
542		100.266		13.8314
543		84.8525		22.7612
544		68.7406		24.8003
545		54.4181		21.4716
546		42.7348		14.6121
547		33.4995		5.27871
548		26.5782		-6.52407
549		22.7754		-21.2266
550		23.9543		-38.6146
551		32.2976		-56.9529
552		49.083		-72.8506
553		73.5953		-82.0061
554		102.715		-80.5309
555		131.377		-66.2943
556		153.7		-39.7784
557		164.361		-4.19951
558		159.766		35.0224
559		138.826		71.1803
560		103.311		97.3364
561		57.8792		107.423
562		9.78888		97.4067
563		-31.8754		66.5003
564		-57.6456		18.1667
565		-59.8022		-39.5492
566		-34.8096		-94.8949
567		14.7302		-134.725
568		79.5363		-147.924
569		145.156		-128.974
570		195.455		-80.3777
571		217.182		-12.8198
572		204.112		57.3139
573		159.247		112.448
574		94.1666		138.915
575		25.6749		130.884
576		-29.1282		91.8007
577		-57.632		32.9266
578		-54.8031		-30.3466
579		-23.743		-82.9998
580		26.126		-114.185
581		82.2964		-119.27
582		132.586		-99.894
583		167.724		-62.4914
584		182.673		-16.1333
585		176.81		29.5891
586		153.365		66.2476
587		118.491		87.7894
588		80.0993		91.3789
589		46.443		77.8628
590		24.4829		51.674
591		18.2874		19.9404
592		27.9705		-9.23006
593		49.6776		-28.9214
594		76.8229		-35.3298
595		102.251		-28.6654
596		120.525		-12.618
597		129.398		7.40849
598		129.885		26.5065
599		124.966		41.9049
600		117.691		53.3182
601		109.679		61.9654
602		100.818		68.9345
603		90.2418		73.9289
604		77.9268		75.204
605		65.8422		70.8133
606		57.7801		60.4662
607		57.7318		46.8502
608		67.5386		35.445
609		85.0841		32.609
610		104.168		42.6773
611		116.431		65.4495
612		114.666		95.4122
613		96.0658		123.291
614		63.8892		139.434
615		26.6562		137.617
616		-4.86798		117.618
617		-21.6533		85.4117
618		-19.6699		50.9479
619		-1.1227		24.4755
620		26.7222		12.9993
621		54.4445		18.242
622		73.7881		36.7274
623		80.075		61.6416
624		72.9896		85.4613
625		55.8074		102.24
626		33.7465		108.856
627		12.2556		105.133
628		-4.22321		93.2439
629		-12.9299		76.8618
630		-13.0964		60.3449
631		-6.07791		47.9124
632		4.75127		42.6764
633		14.6065		45.577
634		18.6162		54.6042
635		13.69		64.8911
636		0.260036		70.0891
637		-17.0469		64.8559
638		-30.5216		47.5793
639		-32.2392		22.0395
640		-17.7137		-3.09256
641		11.2659		-17.1659
642		46.1469		-11.9577
643		74.116		14.2378
644		82.8997		54.7784
645		65.9916		96.236
646		26.0302		123.037
647		-25.3182		123.445
648		-71.1668		94.4184
649		-95.5022		43.2585
650		-89.1257		-14.7335
651		-53.04		-61.6807
652		2.02994		-83.4438
653		59.6662		-74.3322
654		103.59		-38.4968
655		122.952		12.2591
656		115.177		63.0629
657		85.6328		100.967
658		44.7534		118.494
659		4.09967		114.756
660		-27.0386		94.2962
661		-43.4975		64.6373
662		-44.4111		33.7326
663		-32.2542		8.15352
664		-11.5186		-7.77298
665		12.4455		-12.1471
666		34.3113		-5.39621
667		49.5551		9.92056
668		55.279		29.5133
669		50.9693		48.1937
670		38.8174		61.1867
671		23.221		65.6062
672		9.39468		61.4876
673		1.50065		51.7997
674		1.07369		41.2591
675		6.50162		34.3549
676		13.8836		33.4491
677		18.9223		37.8557
678		18.9675		44.3636
679		14.2134		48.9649
680		7.46236		48.93
681		2.57867		44.1919
682		2.43033		37.3496
683		7.36346		32.3055
684		14.9749		32.2492
685		21.2697		38.0125
686		22.5935		47.6064
687		17.3639		57.1247
688		6.77289		62.5121
689		-5.80286		61.3039
690		-16.2987		53.5273
691		-21.5764		41.4504
692		-20.4136		28.4584
693		-13.5389		17.721
694		-2.91995		11.2957
695		9.15506		9.94971
696		20.6852		13.5259
697		30.0631		21.4037
698		35.8846		32.6712
699		36.8635		45.9401
700		32.1365		59.0967
701		21.8867		69.4084
702		7.87152		74.2148
703		-6.64253		72.0221
704		-17.7774		63.4464
705		-22.52		51.3913
706		-20.1091		40.1532
707		-12.5724		33.7166
708		-4.00296		33.9948
709		1.20889		39.9064
710		0.394569		47.8318
711		-6.12071		53.3204
712		-15.1764		53.2638
713		-22.3525		47.4594
714		-24.2246		38.7501
715		-20.1818		31.6182
716		-12.8727		29.8875
717		-7.00941		34.6622
718		-7.06925		43.5341
719		-14.9902		51.4914
720		-28.9724		53.1357
721		-43.975		45.1882
722		-53.7005		28.1385
723		-53.1802		6.29561
724		-40.8333		-13.7528
725		-19.1541		-25.5796
726		6.17523		-25.2216
727		28.2853		-12.4646
728		41.3748		9.26834
729		42.3865		34.2078
730		31.6269		56.0891
731		12.3296		69.8716
732		-10.4818		72.854
733		-31.3612		65.0372
734		-45.6719		48.8542
735		-50.4948		28.4766
736		-45.163		8.87654
737		-31.393		-5.24387
738		-12.9561		-10.5351
739		5.15678		-5.89215
740		17.9969		7.1257
741		22.0662		24.5963
742		16.4251		41.3069
743		3.05246		52.3404
744		-13.7671		54.6497
745		-28.8738		48.0241
746		-37.9718		35.0537
747		-39.0076		20.0925
748		-32.6632		7.64978
749		-21.8179		0.862778
750		-10.2782		0.64394
751		-1.35544		5.75978
752		3.11938		13.6758
753		3.03077		21.6929
754		-0.475113		27.8533
755		-5.77136		31.2961
756		-11.4278		32.0721
757		-16.5127		30.6855
758		-20.5175		27.6974
759		-23.1172		23.5939
760		-24.0241		18.8893
761		-23.0582		14.2711
762		-20.3611		10.5845
763		-16.5487		8.59162
764		-12.6275		8.63388
765		-9.6557		10.4217
766		-8.32003		13.1205
767		-8.67602		15.7195
768		-10.2197		17.4804
769		-12.2538		18.2002
770		-14.3187		18.1197
771		-16.403		17.5426
772		-18.775		16.4231
773		-21.5254		14.2291
774		-24.1197		10.2374
775		-25.3027		4.14214
776		-23.5233		-3.37255
777		-17.7391		-10.49
778		-8.20117		-14.7497
779		3.23839		-14.0279
780		13.5577		-7.57492
781		19.6273		3.41801
782		19.4565		16.0559
783		13.0486		26.7381
784		2.45094		32.4948
785		-9.03579		32.0683
786		-18.1297		26.2627
787		-22.7427		17.4426
788		-22.5556		8.45906
789		-18.8026		1.52625
790		-13.4567		-2.45288
791		-8.26571		-3.88138
792		-4.09496		-3.8996
793		-0.820358		-3.61642
794		2.29056		-3.53731
795		5.99054		-3.41212
796		10.5784		-2.47757
797		15.7221		0.115234
798		20.5669		4.92404
799		23.9804		12.0108
800		24.7955		20.8857
801		22.0116		30.5043
802		15.0209		39.2715
803		3.93128		45.1299
804		-10.0619		45.8779
805		-24.4614		39.8075
806		-35.6846		26.5518
807		-39.8798		7.80317
808		-34.2178		-12.534
809		-18.2265		-29.0613
810		5.4418		-36.4218
811		31.2956		-31.1806
812		52.436		-13.3159
813		62.7197		13.3646
814		58.8609		42.1728
815		41.6363		65.5848
816		15.6913		77.636
817		-11.9883		75.7599
818		-34.3335		61.4042
819		-46.3109		39.273
820		-46.1549		15.5989
821		-35.3983		-3.81857
822		-17.8925		-15.0923
823		1.63584		-16.8445
824		18.8944		-9.95361
825		30.824		3.19998
826		35.8352		19.5624
827		33.685		36.0338
828		25.2445		49.8559
829		12.2884		58.8821
830		-2.7326		61.8509
831		-17.0595		58.6497
832		-28.1806		50.4186
833		-34.4575		39.3203
834		-35.5603		27.9408
835		-32.4717		18.5004
836		-26.9997		12.2109
837		-21.0022		9.08327
838		-15.7		8.27557
839		-11.4249		8.77342
840		-7.90756		10.0042
841		-4.89185		12.0196
842		-2.65344		15.1426
843		-2.04649		19.3171
844		-3.98444		23.6165
845		-8.63393		26.3137
846		-14.8327		25.5973
847		-20.1813		20.6168
848		-21.9105		12.2725
849		-18.174		3.23083
850		-9.11858		-2.98031
851		2.8744		-3.44602
852		13.9922		2.7906
853		20.5173		14.1974
854		20.3624		27.335
855		13.8691		38.2864
856		3.50061		44.2353
857		-7.37521		44.4266
858		-15.9512		40.0886
859		-20.9386		33.4622
860		-22.5849		26.5553
861		-21.8764		20.3477
862		-19.5176		14.8591
863		-15.3906		9.93823
864		-8.86957		6.16431
865		0.201004		5.15752
866		10.5307		8.94473
867		19.1633		18.6327
868		22.3808		33.1461
869		17.437		48.884
870		4.26279		60.7283
871		-13.8432		64.1166
872		-31.1005		57.2422
873		-41.4842		42.2493
874		-41.3475		24.6959
875		-31.1746		11.3824
876		-15.5554		7.47388
877		-1.30165		14.2496
878		5.46614		28.5527
879		1.92		44.2189
880		-10.3853		54.8109
881		-26.4022		56.3768
882		-39.9788		48.9654
883		-46.5762		36.271
884		-45.0495		23.6932
885		-37.7544		15.826
886		-29.0859		14.5806
887		-23.2904		18.7353
888		-22.6485		24.9434
889		-26.8144		29.5335
890		-33.4416		30.1399
891		-39.5722		26.4321
892		-42.9824		19.7782
893		-42.8455		12.2456
894		-39.5603		5.60886
895		-34.0816		0.883263
896		-27.3074		-1.52144
897		-19.9159		-1.35114
898		-12.6596		1.76431
899		-6.75623		8.11264
900		-3.92938		17.3296
901		-5.87631		27.8857
902		-13.3546		37.1027
903		-25.3967		41.8952
904		-39.1886		39.9946
905		-50.8319		31.0662
906		-56.7336		17.1151
907		-54.9955		1.90088
908		-46.1404		-10.412
909		-32.8315		-16.7479
910		-18.7502		-16.0693
911		-7.21559		-9.39569
912		-0.210632		0.996597
913		1.79593		12.6704
914		-0.682556		23.8066
915		-6.91516		33.315
916		-16.3928		40.3817
917		-28.6561		43.9271
918		-42.6734		42.5002
919		-56.2893		34.8412
920		-66.286		20.8758
921		-69.2767		2.5396
922		-63.1353		-16.183
923		-48.2766		-30.2633
924		-28.0631		-35.3817
925		-7.98267		-29.6822
926		6.16711		-14.7027
927		10.3485		5.0015
928		3.71564		23.4261
929		-11.1892		35.212
930		-29.5054		37.3811
931		-45.8546		30.048
932		-56.0731		15.9491
933		-58.2114		-0.83107
934		-52.5752		-16.2708
935		-41.0518		-27.3823
936		-26.2344		-32.5167
937		-10.7851		-31.1794
938		2.81593		-23.7321
939		12.3151		-11.2803
940		15.8318		4.24043
941		12.2823		20.0295
942		1.95792		32.7495
943		-13.1075		39.3323
944		-29.3622		38.0296
945		-42.6673		29.2235
946		-49.6514		15.5151
947		-48.9086		0.920807
948		-41.4633		-10.5448
949		-30.248		-16.2766
950		-18.8321		-15.8303
951		-10.0196		-10.6915
952		-4.99414		-3.24442
953		-3.3783		4.46925
954		-4.06973		11.5278
955		-6.29		18.0618
956		-10.1877		24.4682
957		-16.6214		30.4577
958		-26.256		34.5952
959		-38.5452		34.7016
960		-51.2769		28.97
961		-61.0723		17.1923
962		-64.6897		1.37462
963		-60.5054		-14.6943
964		-49.397		-26.8013
965		-34.5334		-31.9653
966		-20.1347		-29.5801
967		-9.80214		-21.4889
968		-5.2354		-10.9845
969		-5.93527		-1.28609
970		-9.95132		5.7127
971		-15.1819		9.8157
972		-20.4653		11.9229
973		-25.8673		12.9094
974		-32.0621		12.7173
975		-39.2499		10.2387
976		-46.3345		4.08667
977		-50.9419		-6.19609
978		-50.3783		-19.2329
979		-43.0672		-31.8241
980		-29.6927		-40.0034
981		-13.3805		-40.688
982		1.27547		-33.1284
983		9.94147		-19.4256
984		10.2396		-3.83546
985		2.63675		8.82939
986		-9.84364		14.9679
987		-22.8897		13.3546
988		-32.5144		5.26452
989		-36.2909		-6.34924
990		-33.7636		-18.1134
991		-26.0511		-27.3001
992		-15.0414		-32.2963
993		-2.69368		-32.4743
994		9.23874		-27.7945
995		19.0991		-18.549
996		25.1485		-5.4635
997		25.6722		9.95871
998		19.5062		25.2103
999		6.78105		37.0296
1000		-10.5526		42.2325
1001		-28.8385		38.8648
1002		-43.6028		27.1604
1003		-50.9542		9.79919
1004		-48.9395		-8.75279
1005		-38.2727		-23.6199
1006		-22.1139		-31.0742
1007		-4.99612		-29.6554
1008		8.64996		-20.4506
1009		15.7865		-6.50467
1010		15.4342		8.30988
1011		8.59091		20.4703
1012		-2.403		27.6219
1013		-14.6912		28.8679
1014		-25.6013		24.6246
1015		-33.073		16.2637
1016		-35.8544		5.73883
1017		-33.5831		-4.73395
1018		-26.8265		-12.9905
1019		-17.0432		-17.2898
1020		-6.36554		-16.7174
1021		2.85895		-11.4854
1022		8.6924		-2.94451
1023		10.1796		6.78676
1024		7.61666		15.4925
1025		2.36225		21.5767
1026		-3.74688		24.5163
1027		-9.1161		24.8536
1028		-12.9176		23.755
1029		-15.1936		22.3785
1030		-16.5364		21.3815
1031		-17.5703		20.7994
1032		-18.5464		20.3078
1033		-19.2745		19.6571
1034		-19.3937		18.9858
1035		-18.7762		18.8107
1036		-17.7806		19.7045
1037		-17.1689		21.8809
1038		-17.728		24.9698
1039		-19.8265		28.1486
1040		-23.2018		30.5709
1041		-27.132		31.8317
1042		-30.9103		32.1656
1043		-34.3342		32.2219
1044		-37.8813		32.5239
1045		-42.4145		32.9309
1046		-48.5358		32.4622
1047		-55.9456		29.6601
1048		-63.2057		23.3653
1049		-68.1172		13.5186
1050		-68.6012		1.54738
1051		-63.6826		-9.92876
1052		-54.0932		-17.9931
1053		-42.1771		-20.5431
1054		-31.1164		-17.1153
1055		-23.822		-9.05997
1056		-21.9763		0.980011
1057		-25.608		10.0092
1058		-33.2968		15.6031
1059		-42.803		16.4584
1060		-51.7641		12.4582
1061		-58.1698		4.4046
1062		-60.5355		-6.30638
1063		-57.9195		-17.8693
1064		-50.0042		-28.1171
1065		-37.3474		-34.6236
1066		-21.6917		-35.0782
1067		-6.04518		-27.9824
1068		5.7466		-13.4562
1069		9.98805		6.25555
1070		4.41356		26.9658
1071		-10.7599		43.5418
1072		-32.5236		51.4563
1073		-55.7639		48.3226
1074		-74.7633		34.7845
1075		-84.9687		14.376
1076		-84.3485		-7.60155
1077		-73.8507		-25.7274
1078		-56.8722		-35.9957
1079		-38.0558		-36.708
1080		-21.9531		-28.5422
1081		-12.0243		-13.9778
1082		-10.1777		3.5289
1083		-16.7529		20.2733
1084		-30.6887		32.7981
1085		-49.6827		38.2541
1086		-70.3432		34.809
1087		-88.5223		22.1637
1088		-100.021		2.01048
1089		-101.658		-21.9029
1090		-92.4085		-44.3974
1091		-74.0923		-60.1863
1092		-51.1754		-65.5298
1093		-29.563		-59.5782
1094		-14.7349		-44.7851
1095		-9.93359		-26.1227
1096		-15.1559		-9.3537
1097		-27.3733		0.943207
1098		-41.8645		2.77966
1099		-54.0432		-2.95288
1100		-60.9734		-13.328
1101		-61.963		-24.8597
1102		-58.1218		-34.8604
1103		-51.281		-42.077
1104		-42.9412		-46.4452
1105		-33.809		-48.2903
1106		-24.0785		-47.5759
1107		-14.1491		-43.7039
1108		-5.21426		-35.9926
1109		0.751114		-24.5085
1110		1.6989		-10.6831
1111		-3.43927		2.75903
1112		-13.9522		12.6486
1113		-27.3076		16.6298
1114		-39.9819		14.1986
1115		-48.8067		6.97314
1116		-52.1922		-1.96806
1117		-50.6422		-9.36785
1118		-46.3384		-13.0714
1119		-42.0492		-12.709
1120		-39.9306		-9.51704
1121		-40.8018		-5.48795
1122		-44.1712		-2.35653
1123		-48.8699		-0.9571
1124		-53.8445		-1.21271
1125		-58.6358		-2.63359
1126		-63.3187		-4.91855
1127		-68.0392		-8.24486
1128		-72.5309		-13.0722
1129		-75.9867		-19.6282
1130		-77.4059		-27.4641
1131		-76.2071		-35.4317
1132		-72.6928		-42.1612
1133		-68.0182		-46.7825
1134		-63.6101		-49.4389
1135		-60.3407		-51.2281
1136		-57.9524		-53.5309
1137		-55.1315		-57.0697
1138		-50.2737		-61.2463
1139		-42.5705		-64.2037
1140		-32.814		-63.6788
1141		-23.4103		-58.2631
1142		-17.4901		-48.4174
1143		-17.4853		-36.6608
1144		-23.8607		-26.7477
1145		-34.6528		-22.1614
1146		-46.0892		-24.6155
1147		-54.0394		-33.272
1148		-55.6366		-45.0421
1149		-50.341		-55.8177
1150		-40.0049		-62.0483
1151		-27.986		-61.9574
1152		-17.7945		-55.916
1153		-11.9151		-45.9406
1154		-11.2749		-34.6932
1155		-15.4354		-24.5311
1156		-23.2144		-17.0231
1157		-33.2859		-13.0047
1158		-44.4233		-12.9207
1159		-55.3598		-17.0713
1160		-64.5294		-25.5091
1161		-70.0437		-37.6281
1162		-70.1136		-51.7574
1163		-63.8099		-65.1405
1164		-51.7917		-74.5093
1165		-36.5592		-77.126
1166		-21.9742		-71.8788
1167		-12.1393		-59.9222
1168		-10.0486		-44.5282
1169		-16.5521		-30.1555
1170		-30.0409		-21.0887
1171		-46.9523		-20.1633
1172		-62.8545		-28.0205
1173		-73.6822		-43.0769
1174		-76.7156		-62.103
1175		-71.0735		-81.1178
1176		-57.7238		-96.2934
1177		-39.1478		-104.678
1178		-18.8168		-104.687
1179		-0.56237		-96.3784
1180		12.1348		-81.5073
1181		16.8937		-63.2842
1182		13.0812		-45.7682
1183		2.12679		-32.9177
1184		-12.7135		-27.5083
1185		-27.2005		-30.2784
1186		-37.3587		-39.669
1187		-40.695		-52.3341
1188		-36.9075		-64.2794
1189		-27.7858		-72.1926
1190		-16.3559		-74.4176
1191		-5.66681		-71.1843
1192		2.21909		-64.063
1193		6.59944		-54.9837
1194		7.77711		-45.3657
1195		6.28006		-35.8042
1196		2.17989		-26.4242
1197		-5.04457		-17.6151
1198		-15.9849		-10.6187
1199		-30.4203		-7.51059
1200		-46.632		-10.452
1201		-61.4223		-20.527
1202		-70.9961		-36.7697
1203		-72.401		-55.9641
1204		-64.8798		-73.4527
1205		-50.4709		-84.7042
1206		-33.5045		-86.9893
1207		-19.1506		-80.4366
1208		-11.6096		-67.9992
1209		-12.6979		-54.3519
1210		-21.3853		-44.2058
1211		-34.4051		-40.747
1212		-47.5909		-44.7992
1213		-57.3325		-54.9383
1214		-61.5734		-68.3617
1215		-60.0633		-82.0371
1216		-53.9394		-93.6312
1217		-44.9765		-101.929
1218		-34.8923		-106.742
1219		-24.9509		-108.531
1220		-15.8901		-108.001
1221		-8.03594		-105.849
1222		-1.4435		-102.655
1223		4.01324		-98.8506
1224		8.57108		-94.6656
1225		12.4544		-90.078
1226		15.6842		-84.8492
1227		17.9093		-78.7208
1228		18.4121		-71.7491
1229		16.3911		-64.6111
1230		11.4687		-58.6586
1231		4.196		-55.5723
1232		-3.74804		-56.6678
1233		-9.88268		-62.1297
1234		-11.7516		-70.5574
1235		-7.95844		-79.1297
1236		1.04037		-84.43
1237		12.7843		-83.6674
1238		23.445		-75.8109
1239		29.053		-62.1566
1240		26.8592		-46.0722
1241		16.3124		-31.9998
1242		-0.698624		-24.0897
1243		-20.3899		-24.9581
1244		-38.1722		-34.9648
1245		-49.8936		-52.177
1246		-52.8644		-72.932
1247		-46.4426		-92.7615
1248		-32.1295		-107.414
1249		-13.238		-113.783
1250		5.78129		-110.614
1251		20.2746		-98.8941
1252		26.4744		-81.8146
1253		22.5513		-64.1915
1254		9.33536		-51.3478
1255		-9.61715		-47.643
1256		-28.8026		-55.0617
1257		-42.3033		-72.3809
1258		-45.6433		-95.3313
1259		-37.3106		-117.834
1260		-19.3238		-133.959
1261		3.45037		-139.897
1262		25.0262		-135.18
1263		40.4115		-122.643
1264		47.2619		-107.145
1265		46.4152		-93.6022
1266		41.1365		-85.1594
1267		35.4635		-82.2578
1268		32.4202		-82.9326
1269		32.8816		-84.1028
1270		35.5316		-83.2003
1271		37.8283		-79.3738
1272		37.4447		-73.7635
1273		33.4819		-68.8061
1274		26.9221		-66.9777
1275		20.1877		-69.5919
1276		16.0858		-76.1776
1277		16.6524		-84.6401
1278		22.376		-92.048
1279		32.0475		-95.6547
1280		43.1824		-93.7531
1281		52.765		-86.122
1282		58.0294		-74.0341
1283		57.0897		-59.9427
1284		49.3578		-46.9806
1285		35.7503		-38.3532
1286		18.6639		-36.6574
1287		1.64713		-43.1843
1288		-11.2959		-57.3659
1289		-16.7172		-76.6043
1290		-12.8126		-96.6977
1291		-0.192101		-112.892
1292		18.0485		-121.305
1293		37.1256		-120.244
1294		52.0496		-110.858
1295		59.276		-96.8156
1296		57.8814		-83.0446
1297		49.7797		-74.0224
1298		38.8876		-72.2789
1299		29.6049		-77.7168
1300		25.2575		-87.9696
1301		27.1407		-99.5652
1302		34.4893		-109.322
1303		45.2572		-115.355
1304		57.2312		-117.314
1305		68.907		-115.888
1306		79.7437		-111.965
1307		89.787		-105.953
1308		98.9782		-97.6278
1309		106.616		-86.5437
1310		111.308		-72.7251
1311		111.462		-57.205
1312		106.071		-42.0862
1313		95.3871		-30.0448
1314		81.1458		-23.4863
1315		66.2426		-23.7104
1316		53.9825		-30.413
1317		47.2003		-41.6782
1318		47.5306		-54.4104
1319		54.9986		-65.0284
1320		67.9626		-70.2316
1321		83.3612		-67.7078
1322		97.2184		-56.7093
1323		105.384		-38.4264
1324		104.464		-16.0362
1325		92.8095		5.71785
1326		71.2859		21.4859
1327		43.4839		26.6921
1328		15.1269		18.9794
1329		-7.32608		-0.792732
1330		-18.5324		-28.4578
1331		-15.9635		-57.5395
1332		-0.80468		-81.0999
1333		22.3326		-93.8328
1334		46.8412		-93.656
1335		66.1855		-82.2223
1336		75.8637		-64.1958
1337		74.5819		-45.605
1338		64.3013		-31.9167
1339		49.267		-26.5139
1340		34.4832		-30.0184
1341		24.2146		-40.5296
1342		20.9617		-54.5215
1343		25.0897		-67.9922
1344		35.0375		-77.5116
1345		47.91		-80.9688
1346		60.2646		-77.9686
1347		68.9718		-69.8736
1348		72.0477		-59.4734
1349		69.3044		-50.25
1350		62.5802		-45.3002
1351		55.3142		-46.1645
1352		51.4106		-51.9928
1353		53.6537		-59.5171
1354		62.2591		-64.0713
1355		74.266		-61.4639
1356		84.2542		-50.0289
1357		86.3354		-31.9346
1358		76.7436		-12.9905
1359		55.9321		-0.776443
1360		29.1394		-1.67699
1361		4.9538		-18.0023
1362		-7.73204		-46.4792
1363		-3.22013		-78.9103
1364		18.4989		-104.896
1365		51.3633		-115.61
1366		85.2116		-107.108
1367		109.355		-81.8314
1368		116.319		-47.7127
1369		104.293		-15.292
1370		77.4036		5.93088
1371		43.8747		10.4709
1372		12.997		-1.88943
1373		-7.82446		-26.7988
1374		-14.8672		-57.4096
1375		-8.31741		-86.7888
1376		8.77542		-109.713
1377		32.0594		-123.376
1378		57.1977		-127.133
1379		80.5426		-121.806
1380		99.235		-109.087
1381		111.108		-91.2994
1382		114.763		-71.4062
1383		109.927		-52.9206
1384		97.873		-39.4473
1385		81.5367		-33.8525
1386		65.0602		-37.3684
1387		52.8007		-49.0669
1388		48.1539		-66.0039
1389		52.6619		-84.0197
1390		65.746		-98.8644
1391		85.0909		-107.192
1392		107.404		-107.088
1393		129.162		-98.0976
1394		147.065		-80.9645
1395		158.227		-57.4119
1396		160.3		-30.1092
1397		151.825		-2.72198
1398		132.84		20.266
1399		105.522		34.2454
1400		74.3834		35.6958
1401		45.6512		23.5594
1402		25.7588		0.15447
1403		19.3653		-28.94
1404		27.6442		-56.2199
1405		47.5945		-74.4703
1406		72.7676		-79.0758
1407		95.2281		-69.5445
1408		108.05		-49.6497
1409		107.436		-26.1462
1410		93.7121		-6.5796
1411		70.9646		2.99049
1412		45.5597		-0.410011
1413		24.1959		-16.1582
1414		12.1405		-40.5715
1415		12.0985		-68.1304
1416		23.8428		-92.9306
1417		44.4967		-110.013
1418		69.2846		-116.392
1419		92.6086		-111.698
1420		109.35		-98.3465
1421		116.225		-81.0817
1422		112.885		-65.8245
1423		102.319		-57.928
1424		90.1929		-60.2962
1425		83.0859		-72.0601
1426		86.0782		-88.492
1427		100.571		-102.455
1428		123.315		-107.047
1429		147.272		-98.4764
1430		164.167		-77.9518
1431		167.832		-51.631
1432		156.956		-28.465
1433		135.976		-16.6828
1434		113.624		-20.347
1435		99.5731		-37.4553
1436		100.558		-60.4679
1437		117.556		-79.1119
1438		145.213		-84.3453
1439		173.762		-71.8787
1440		192.622		-43.8612
1441		194.256		-8.13168
1442		176.795		24.5681
1443		144.571		44.2654
1444		106.538		44.9465
1445		73.3434		26.2404
1446		54.1513		-6.74713
1447		54.2058		-45.1231
1448		73.6706		-78.7056
1449		107.798		-98.5785
1450		148.162		-99.1601
1451		184.581		-79.4961
1452		207.405		-43.635
1453		209.836		0.00657654
1454		189.862		40.3346
1455		151.301		66.1833
1456		103.408		69.3645
1457		58.8416		47.3333
1458		30.2744		4.50502
1459		26.5709		-48.4881
1460		49.824		-97.6519
1461		94.4173		-129.824
1462		148.635		-136.792
1463		198.371		-117.838
1464		231.636		-79.7116
1465		242.199		-34.0638
1466		231.037		6.64264
1467		205.19		33.1449
1468		174.653		41.8141
1469		148.707		34.7697
1470		133.171		17.951
1471		129.495		-1.75624
1472		135.718		-18.9928
1473		148.449		-31.035
1474		164.751		-37.371
1475		182.997		-38.3463
1476		202.492		-33.8561
1477		222.329		-22.8945
1478		240.341		-4.19665
1479		252.908		22.4487
1480		255.855		55.0201
1481		246.078		88.96
1482		223.115		118.044
1483		189.927		136.137
1484		152.466		139.153
1485		118.195		126.442
1486		94.0779		101.125
1487		84.747		69.3287
1488		91.3709		38.6257
1489		111.444		16.2143
1490		139.429		7.2827
1491		168.015		13.8729
1492		189.716		34.398
1493		198.554		63.8776
1494		191.551		94.9154
1495		169.697		119.353
1496		138.034		130.35
1497		104.623		124.41
1498		78.452		102.686
1499		66.7815		70.99
1500		72.7589		38.2701
1501		94.2086		13.871
1502		124.192		4.4634
1503		153.289		11.7572
1504		172.862		31.9303
1505		178.095		57.0781
1506		169.62		78.1936
1507		153.092		88.5459
1508		136.847		86.1469
1509		128.576		74.3474
1510		132.33		60.3642
1511		146.99		52.3526
1512		166.757		56.1909
1513		183.397		73.1988
1514		189.333		99.5952
1515		180.445		127.808
1516		157.599		149.09
1517		126.461		156.485
1518		95.7557		147.171
1519		74.5749		123.495
1520		69.5641		92.4402
1521		82.7889		63.7296
1522		110.84		47.0821
1523		145.442		49.3277
1524		175.479		72.1299
1525		190.024		110.972
1526		181.631		155.831
1527		149.004		193.562
1528		98.1318		211.537
1529		41.3144		201.584
1530		-5.90395		163.027
1531		-29.1989		103.689
1532		-20.0142		38.2979
1533		21.3133		-15.4855
1534		85.0341		-42.2969
1535		154.456		-33.9045
1536		210.757		7.9958
1537		238.644		72.0515
1538		230.994		140.588
1539		190.941		194.943
1540		130.726		221.033
1541		67.7609		213.346
1542		19.2838		176.121
1543		-2.62183		121.489
1544		5.92892		65.3719
1545		40.3048		22.6263
1546		89.5952		3.02152
1547		140.409		9.21345
1548		180.853		37.073
1549		203.43		77.9174
1550		206.146		121.632
1551		191.815		159.548
1552		166.17		186.213
1553		135.65		199.76
1554		105.715		201.115
1555		80.0998		192.669
1556		61.0046		177.129
1557		49.767		156.988
1558		47.4544		134.704
1559		54.917		113.238
1560		72.2069		96.4362
1561		97.6543		88.7797
1562		127.164		94.3434
1563		154.291		115.244
1564		171.382		150.179
1565		171.596		193.77
1566		151.218		237.2
1567		111.385		270.179
1568		58.5319		283.73
1569		3.19571		272.934
1570		-42.5556		238.701
1571		-68.3354		187.922
1572		-68.3097		131.903
1573		-42.859		83.5274
1574		1.43325		53.9744
1575		53.4092		49.9287
1576		100.074		71.973
1577		129.699		114.495
1578		134.548		167.029
1579		112.656		216.662
1580		68.3326		250.958
1581		11.3125		260.829
1582		-45.3472		242.771
1583		-88.2553		199.941
1584		-106.99		141.702
1585		-96.9282		81.5234
1586		-60.7409		33.5845
1587		-7.93647		8.87825
1588		47.688		11.983
1589		92.0913		39.6335
1590		115.305		81.7684
1591		114.523		124.893
1592		94.7612		156.693
1593		66.7097		170.256
1594		42.4923		166.259
1595		30.9189		152.231
1596		34.1118		139.11
1597		46.8906		136.442
1598		59.2067		148.185
1599		60.6577		170.856
1600		45.232		194.821
1601		14.3144		208.253
1602		-23.3132		202.153
1603		-54.5191		174.413
1604		-66.7403		131.296
1605		-52.8735		85.7288
1606		-14.2976		53.0694
1607		39.0545		45.888
1608		91.5487		69.6253
1609		126.585		120.549
1610		131.625		186.578
1611		101.971		250.599
1612		42.2485		295.171
1613		-34.6774		307.27
1614		-110.964		281.805
1615		-168.318		223.089
1616		-192.664		143.928
1617		-177.823		62.5647
1618		-127.284		-1.84392
1619		-53.5375		-34.1273
1620		24.9758		-27.1319
1621		88.6396		16.2728
1622		121.886		83.9002
1623		117.37		157.592
1624		77.7855		218.279
1625		14.7378		251.218
1626		-54.9574		249.747
1627		-114.262		216.405
1628		-150.49		161.232
1629		-158.005		98.077
1630		-138.395		40.4102
1631		-98.5017		-1.8447
1632		-47.479		-23.5913
1633		5.77927		-24.0139
1634		53.9598		-5.06628
1635		91.3489		29.8867
1636		113.255		76.526
1637		115.801		129.154
1638		96.6843		180.122
1639		56.7653		220.081
1640		1.56624		239.643
1641		-58.4496		232.228
1642		-109.586		197.017
1643		-138.455		140.6
1644		-136.247		76.2606
1645		-102.096		20.7257
1646		-44.105		-10.657
1647		22.5589		-8.65706
1648		79.9304		26.891
1649		112.437		86.9563
1650		111.266		155.97
1651		76.5843		216.271
1652		17.1136		252.854
1653		-52.5046		257.041
1654		-115.58		228.264
1655		-157.368		173.815
1656		-168.34		106.932
1657		-146.231		43.78
1658		-96.6302		-0.116226
1659		-32.0285		-13.4402
1660		30.7118		7.93772
1661		74.2236		59.3084
1662		85.1982		127.517
1663		58.5048		193.777
1664		-0.518196		238.579
1665		-76.7256		247.472
1666		-149.061		215.899
1667		-196.773		151.238
1668		-206.006		71.0091
1669		-174.408		-2.45425
1670		-111.979		-49.1433
1671		-37.6921		-57.8068
1672		26.9427		-29.3151
1673		65.0048		24.2545
1674		69.3601		84.3687
1675		44.1122		132.712
1676		2.01352		157.222
1677		-40.8846		155.32
1678		-71.1143		133.432
1679		-81.9885		103.402
1680		-74.7991		77.5001
1681		-57.0108		64.0474
1682		-38.5715		65.1354
1683		-27.9671		76.8854
1684		-29.4223		91.6979
1685		-41.9501		101.362
1686		-60.1639		99.8852
1687		-76.2525		85.3082
1688		-82.3938		60.2666
1689		-73.0354		31.4103
1690		-46.6814		7.90233
1691		-6.91193		-0.791634
1692		37.6664		12.4398
1693		74.8367		49.7235
1694		91.6258		106.351
1695		78.1772		170.586
1696		31.6214		225.738
1697		-41.4707		254.441
1698		-125.325		244.1
1699		-198.413		191.774
1700		-239.453		106.575
1701		-234.175		8.29848
1702		-180.498		-77.6837
1703		-90.1219		-127.85
1704		14.3082		-127.818
1705		105.693		-76.9719
1706		160.505		11.2324
1707		165.64		113.389
1708		121.856		203.238
1709		42.7951		259.276
1710		-49.7857		270.396
1711		-132.734		237.921
1712		-187.845		173.806
1713		-205.903		96.0673
1714		-187.572		23.2913
1715		-141.443		-29.9611
1716		-80.4422		-55.6803
1717		-18.0688		-52.6506
1718		34.4145		-25.0066
1719		69.353		19.9049
1720		82.84		73.4655
1721		74.2085		127.071
1722		45.4662		172.807
1723		0.973274		203.874
1724		-52.7228		215.156
1725		-107.239		204.069
1726		-153.247		171.504
1727		-182.024		122.398
1728		-187.413		65.4732
1729		-167.645		11.8868
1730		-126.361		-27.0816
1731		-72.3379		-42.756
1732		-17.7785		-31.4413
1733		24.487		4.30975
1734		44.1741		56.0059
1735		36.2063		111.116
1736		2.10335		156.088
1737		-50.3093		179.681
1738		-108.793		175.722
1739		-159.671		144.583
1740		-191.114		93.029
1741		-195.905		32.5536
1742		-173.079		-23.359
1743		-128.105		-62.3732
1744		-71.6144		-76.1593
1745		-16.9789		-62.3723
1746		22.7933		-25.3343
1747		38.2169		24.7846
1748		25.8578		74.2345
1749		-10.44		109.038
1750		-60.1196		118.724
1751		-108.393		99.484
1752		-140.21		55.7312
1753		-144.724		-0.664452
1754		-118.866		-53.5542
1755		-68.7214		-87.3541
1756		-7.96172		-92.0747
1757		46.4125		-66.7692
1758		79.7187		-20.0033
1759		84.6358		33.0493
1760		63.7106		76.0044
1761		28.2349		97.2152
1762		-6.21761		93.9777
1763		-25.9387		73.2773
1764		-24.5039		48.6866
1765		-5.24866		34.5863
1766		20.2626		40.0211
1767		37.2207		64.7086
1768		34.0164		98.8839
1769		7.52574		127.117
1770		-34.9386		134.618
1771		-77.8562		113.543
1772		-103.094		66.812
1773		-96.7566		7.935
1774		-54.7306		-43.1118
1775		15.0692		-66.4716
1776		94.5234		-49.1417
1777		160.519		10.3973
1778		191.808		101.084
1779		175.374		201.944
1780		110.479		287.617
1781		9.36583		335.143
1782		-105.498		330.171
1783		-206.863		271.058
1784		-269.498		169.838
1785		-276.745		49.7814
1786		-225.195		-60.0272
1787		-126.223		-131.897
1788		-3.72874		-146.809
1789		111.606		-99.8135
1790		190.252		-1.8746
1791		211.827		122.633
1792		170.797		242.326
1793		78.0481		327.38
1794		-42.2935		357.697
1795		-159.855		328.161
1796		-246.619		249.345
1797		-284.383		143.621
1798		-268.819		38.1435
1799		-209.143		-42.8385
1800		-123.994		-83.8822
1801		-35.337		-80.8991
1802		37.4137		-40.167
1803		81.3213		25.1322
1804		91.2639		99.1863
1805		69.1201		167.152
1806		21.8697		217.356
1807		-40.3672		242.222
1808		-105.867		238.544
1809		-162.564		207.668
1810		-199.505		155.674
1811		-208.786		93.1308
1812		-187.704		33.807
1813		-140.354		-7.94764
1814		-77.6982		-20.7693
1815		-15.5677		0.258682
1816		29.1717		51.5525
1817		43.2209		121.346
1818		20.7104		192.516
1819		-35.0037		247.1
1820		-112.205		271.08
1821		-194		257.934
1822		-262.727		209.982
1823		-304.217		137.375
1824		-310.83		55.2931
1825		-282.694		-19.7009
1826		-227.215		-73.2055
1827		-157.235		-95.7999
1828		-88.3204		-84.8001
1829		-35.5979		-44.8019
1830		-10.5472		13.1027
1831		-18.2528		73.501
1832		-55.782		120.08
1833		-112.372		139.734
1834		-171.796		126.341
1835		-216.621		82.9595
1836		-233.315		21.4407
1837		-216.568		-40.8147
1838		-171.231		-86.1662
1839		-110.94		-102.429
1840		-53.6669		-86.9331
1841		-15.6317		-47.3777
1842		-5.73132		0.97641
1843		-22.5525		40.8484
1844		-55.1195		59.2261
1845		-87.1483		52.0912
1846		-103.268		25.8259
1847		-94.9351		-5.23566
1848		-63.8851		-24.2422
1849		-21.8488		-18.3109
1850		13.412		16.2336
1851		24.435		71.7266
1852		0.638947		130.962
1853		-57.0589		172.455
1854		-135.214		177.599
1855		-210.958		137.47
1856		-258.525		57.0973
1857		-257.391		-44.3802
1858		-199.617		-138.081
1859		-93.9865		-193.327
1860		34.654		-187.042
1861		151.165		-111.801
1862		219.682		20.1414
1863		214.361		178.492
1864		128.029		322.235
1865		-24.1347		410.812
1866		-207.398		415.94
1867		-376.268		330.465
1868		-486.853		171.381
1869		-509.165		-24.083
1870		-435.651		-208.259
1871		-283.436		-335.838
1872		-89.6863		-375.91
1873		98.3887		-319.844
1874		235.909		-182.954
1875		291.567		0.14753
1876		254.845		184.916
1877		137.623		328.185
1878		-29.7879		398.458
1879		-206.78		382.776
1880		-352.529		288.783
1881		-435.537		141.869
1882		-440.509		-21.6665
1883		-371.106		-163.673
1884		-248.11		-253.244
1885		-103.549		-273.689
1886		27.6782		-225.732
1887		116.498		-126.181
1888		146.369		-2.56688
1889		116.254		114.645
1890		39.2115		199.932
1891		-62.6335		238.409
1892		-164.889		227.853
1893		-247.163		176.964
1894		-296.945		101.026
1895		-310.385		16.9034
1896		-290.542		-60.7782
1897		-244.569		-121.36
1898		-181.394		-158.012
1899		-110.702		-166.871
1900		-42.9983		-146.699
1901		10.3303		-99.6464
1902		38.0978		-32.6593
1903		31.9708		41.7699
1904		-10.0513		106.834
1905		-80.989		145.133
1906		-164.837		144.032
1907		-239.996		100.663
1908		-285.517		24.2684
1909		-288.037		-65.5915
1910		-246.675		-144.783
1911		-173.742		-192.384
1912		-90.7561		-197.575
1913		-21.1571		-162.979
1914		17.487		-103.167
1915		18.8502		-39.0315
1916		-11.0961		9.66126
1917		-57.4118		30.6429
1918		-102.254		22.2021
1919		-131.143		-7.79833
1920		-137.138		-46.0277
1921		-121.765		-78.9447
1922		-92.9729		-97.1537
1923		-61.4226		-97.5572
1924		-36.7267		-83.105
1925		-24.8016		-60.8356
1926		-26.7722		-39.2362
1927		-39.2265		-25.7495
1928		-55.3947		-24.8356
1929		-66.9331		-36.6931
1930		-66.1782		-56.7489
1931		-48.6965		-76.2037
1932		-15.6342		-83.9833
1933		25.0349		-70.131
1934		59.3702		-29.9832
1935		70.962		32.2841
1936		46.5629		102.484
1937		-17.841		158.907
1938		-112.948		178.479
1939		-216.242		144.99
1940		-297.178		56.5207
1941		-326.374		-71.0336
1942		-285.948		-206.341
1943		-177.249		-310.861
1944		-22.8528		-350.581
1945		138.445		-307.391
1946		262.398		-186.102
1947		312.477		-14.4877
1948		271.158		163.906
1949		145.646		301.953
1950		-33.7442		362.316
1951		-221.937		327.879
1952		-371.463		206.231
1953		-445.106		27.1906
1954		-425.275		-165.555
1955		-317.763		-326.036
1956		-149.323		-417.531
1957		39.859		-421.104
1958		206.526		-339.245
1959		314.799		-194.112
1960		344.212		-21.1791
1961		293.585		139.886
1962		180.076		254.773
1963		33.9187		302.199
1964		-109.617		277.943
1965		-218.91		194.483
1966		-273.098		76.5931
1967		-265.929		-45.654
1968		-205.655		-144.482
1969		-111.405		-200.565
1970		-7.41182		-206.335
1971		83.1112		-166.009
1972		142.837		-92.897
1973		162.987		-5.19275
1974		143.679		78.4054
1975		92.4926		142.243
1976		22.0687		175.982
1977		-52.5658		175.646
1978		-116.57		143.711
1979		-157.645		88.451
1980		-168.117		22.5673
1981		-146.536		-38.9703
1982		-98.3707		-81.7975
1983		-35.3337		-95.3485
1984		26.8627		-75.6207
1985		72.0614		-26.6387
1986		87.7075		40.0381
1987		68.271		107.865
1988		16.9925		159.36
1989		-54.6372		180.568
1990		-129.575		164.718
1991		-189.382		114.085
1992		-218.742		39.5935
1993		-209.23		-41.6593
1994		-161.46		-110.344
1995		-85.1899		-149.384
1996		2.65059		-148.034
1997		81.6242		-104.682
1998		132.472		-27.7061
1999		141.858		65.9764
2000		106.054		154.59
2001		32.4862		216.764
2002		-61.5696		237.167
2003		-153.139		210.935
2004		-219.649		145.44
2005		-245.299		58.5483
2006		-225.682		-26.3679
2007		-169.049		-87.2772
2008		-93.6154		-110.022
2009		-21.6851		-92.3333
2010		27.456		-43.9135
2011		43.4361		17.4343
2012		27.4397		72.2446
2013		-9.25519		106.059
2014		-50.1927		113.953
2015		-80.2114		101.372
2016		-91.0723		81.129
2017		-84.2339		67.8033
2018		-69.8677		71.6644
2019		-62.5764		94.3287
2020		-75.4003		127.669
2021		-114.226		156.341
2022		-174.521		163.095
2023		-241.538		135.167
2024		-294.08		69.7123
2025		-310.828		-23.4936
2026		-277.495		-123.129
2027		-192.681		-201.219
2028		-70.5347		-230.791
2029		60.9847		-194.321
2030		166.314		-90.5432
2031		211.688		62.6897
2032		175.307		230.918
2033		55.2475		370.902
2034		-127.63		442.037
2035		-333.254		418.213
2036		-511.959		296.495
2037		-617.698		99.6505
2038		-621.028		-128.705
2039		-517.852		-335.247
2040		-331.117		-471.19
2041		-104.815		-505.386
2042		107.882		-432.368
2043		258.74		-273.043
2044		316.602		-68.156
2045		274.19		133.167
2046		148.088		286.175
2047		-27.4241		360.876
2048		-210.245		347.54
2049		-360.955		256.582
2050		-451.164		113.739
2051		-468.088		-47.4223
2052		-415.038		-193.422
2053		-308.586		-297.426
2054		-173.705		-343.435
2055		-38.1753		-327.892
2056		72.6869		-258.948
2057		140.291		-153.904
2058		155.544		-35.3683
2059		119.841		73.2352
2060		44.1314		152.098
2061		-53.7665		188.604
2062		-153.112		179.347
2063		-234.585		130.156
2064		-284.065		54.1914
2065		-295.005		-31.3485
2066		-268.996		-109.045
2067		-214.609		-164.675
2068		-145.034		-189.566
2069		-75.1926		-181.624
2070		-18.9332		-145.114
2071		13.2971		-89.4893
2072		16.1384		-27.5526
2073		-9.74295		26.8525
2074		-57.5968		61.4367
2075		-115.608		68.0785
2076		-169.109		44.9707
2077		-203.822		-2.34407
2078		-209.55		-61.6451
2079		-183.332		-116.639
2080		-130.991		-151.117
2081		-66.2672		-153.638
2082		-7.45415		-121.298
2083		27.7134		-61.2527
2084		27.4327		10.7567
2085		-10.2594		74.674
2086		-76.4317		111.994
2087		-153.567		111.418
2088		-220.634		72.4454
2089		-259.377		5.68015
2090		-259.816		-70.3257
2091		-223.181		-134.714
2092		-161.323		-170.641
2093		-92.8165		-170.236
2094		-37.04		-136.62
2095		-8.193		-82.3678
2096		-11.2133		-25.0019
2097		-40.8886		18.9198
2098		-84.3759		39.1075
2099		-126.179		34.4521
2100		-153.799		12.604
2101		-162.073		-13.5563
2102		-154.657		-31.2453
2103		-142.169		-32.9584
2104		-137.648		-19.6111
2105		-150.979		-0.458038
2106		-184.322		10.2564
2107		-230.243		-1.19836
2108		-273.365		-42.2807
2109		-295.128		-110.205
2110		-280.196		-191.248
2111		-222.437		-263.783
2112		-128.48		-304.297
2113		-17.5357		-294.675
2114		82.7238		-228.585
2115		143.274		-114.97
2116		141.981		22.5873
2117		70.6836		150.771
2118		-60.9534		234.655
2119		-226.173		247.06
2120		-386.618		176.65
2121		-501.494		32.4368
2122		-538.169		-156.861
2123		-481.42		-348.871
2124		-338.619		-497.772
2125		-139.104		-566.099
2126		72.4645		-534.907
2127		247.21		-409.33
2128		344.62		-217.73
2129		343.036		-4.51782
2130		245.022		181.383
2131		76.0877		299.085
2132		-122.71		325.681
2133		-305.891		260.866
2134		-435.026		125.262
2135		-487.278		-46.5252
2136		-458.989		-215.585
2137		-364		-348.097
2138		-228.053		-421.958
2139		-81.5274		-429.473
2140		47.2812		-376.37
2141		136.885		-278.39
2142		174.96		-156.995
2143		158.792		-35.3145
2144		94.5432		65.2097
2145		-4.13331		127.574
2146		-118.076		141.562
2147		-225.414		105.603
2148		-305.28		27.6206
2149		-342.035		-75.8131
2150		-329.055		-182.448
2151		-270.802		-269.161
2152		-182.227		-317.515
2153		-85.3003		-318.469
2154		-3.47105		-274.712
2155		44.3453		-199.827
2156		48.4696		-114.477
2157		10.4965		-40.8418
2158		-57.7644		3.03934
2159		-137.897		7.41722
2160		-209.804		-27.4515
2161		-256.538		-92.1528
2162		-267.914		-170.963
2163		-242.292		-245.781
2164		-186.436		-300.221
2165		-113.678		-323.098
2166		-40.8243		-310.767
2167		15.687		-267.886
2168		43.668		-206.372
2169		38.269		-142.559
2170		3.38326		-93.028
2171		-49.2661		-70.0732
2172		-103.39		-78.1391
2173		-142.975		-112.48
2174		-157.23		-160.711
2175		-143.917		-206.932
2176		-109.793		-237.091
2177		-67.8805		-243.669
2178		-32.5357		-227.917
2179		-14.1651		-198.785
2180		-15.6504		-168.958
2181		-31.8628		-149.626
2182		-52.396		-146.077
2183		-66.3402		-155.892
2184		-67.1089		-170.398
2185		-55.3518		-178.728
2186		-38.8141		-172.787
2187		-29.2443		-151.139
2188		-37.5867		-120.308
2189		-69.2822		-93.0446
2190		-121.362		-84.1893
2191		-182.306		-105.575
2192		-234.687		-161.595
2193		-259.801		-246.752
2194		-243.002		-345.869
2195		-178.385		-436.953
2196		-71.6598		-496.12
2197		59.6084		-503.586
2198		188.726		-449.433
2199		285.353		-337.716
2200		322.831		-187.601
2201		285.755		-30.633
2202		175.717		95.8402
2203		13.1895		157.922
2204		-165.7		134.789
2205		-317.345		25.795
2206		-401.932		-147.498
2207		-394.655		-345.598
2208		-293.357		-520.922
2209		-119.933		-630.503
2210		85.2158		-647.726
2211		274.113		-569.429
2212		404.147		-416.176
2213		448.986		-225.803
2214		404.278		-42.5465
2215		286.819		94.6406
2216		128.14		161.042
2217		-34.866		150.159
2218		-169.094		72.4211
2219		-251.648		-49.9266
2220		-272.471		-189.43
2221		-233.646		-319.366
2222		-146.74		-417.818
2223		-29.6537		-469.844
2224		96.229		-468.427
2225		208.591		-414.953
2226		286.929		-319.398
2227		315.849		-199.763
2228		288.606		-79.9503
2229		209.833		14.3511
2230		96.0839		61.3659
2231		-26.8051		49.0921
2232		-129.446		-20.6331
2233		-186.406		-131.572
2234		-183.238		-256.689
2235		-120.72		-365.12
2236		-14.8024		-430.47
2237		107.807		-437.875
2238		217.027		-387.666
2239		287.446		-294.672
2240		304.635		-183.63
2241		268.112		-82.3068
2242		190.503		-14.4347
2243		93.569		5.7077
2244		2.47998		-24.0134
2245		-60.1385		-93.8437
2246		-79.157		-184.895
2247		-50.0876		-273.616
2248		19.9873		-337.092
2249		113.847		-358.311
2250		207.831		-330.411
2251		277.331		-258.954
2252		303.102		-161.333
2253		276.874		-62.9557
2254		204.518		9.29645
2255		105.37		34.7905
2256		7.32068		5.74454
2257		-61.2714		-69.6515
2258		-80.4706		-169.084
2259		-45.4264		-262.791
2260		31.735		-323.117
2261		125.798		-333.709
2262		207.029		-294.998
2263		251.477		-223.815
2264		249.26		-147.103
2265		207.694		-91.9465
2266		148.048		-75.6441
2267		97.1114		-99.5454
2268		76.7989		-149.01
2269		95.7401		-199.457
2270		146.058		-226.151
2271		206.49		-213.968
2272		250.589		-163.453
2273		256.872		-90.9726
2274		217.137		-23.0048
2275		139.99		13.2355
2276		48.4781		-0.547737
2277		-27.2024		-67.1149
2278		-59.3106		-172.186
2279		-31.3295		-288.311
2280		56.7395		-382.667
2281		187.91		-426.304
2282		332.431		-402.202
2283		455.327		-310.09
2284		525.212		-166.98
2285		522.251		-3.46945
2286		443.457		143.271
2287		304.149		238.259
2288		135.112		257.306
2289		-24.0868		193.5
2290		-134.362		59.8669
2291		-166.876		-112.769
2292		-110.848		-282.618
2293		22.8455		-407.056
2294		203.619		-453.556
2295		388.526		-408.386
2296		533.188		-280.484
2297		603.309		-99.2027
2298		583.413		93.537
2299		480.282		254.381
2300		320.198		349.647
2301		141.083		363.177
2302		-17.8629		298.883
2303		-125.805		177.737
2304		-166.565		30.7266
2305		-140.263		-109.689
2306		-60.6718		-216.996
2307		50.1147		-275.151
2308		167.661		-279.735
2309		270.113		-236.398
2310		341.254		-157.899
2311		371.787		-60.94
2312		359.47		36.5388
2313		308.74		117.548
2314		230.075		168.06
2315		138.889		179.073
2316		53.5469		148.585
2317		-7.7211		82.866
2318		-30.7029		-3.76271
2319		-8.99036		-91.191
2320		53.5407		-157.736
2321		142.633		-185.464
2322		236.393		-165.197
2323		310.463		-99.6337
2324		344.344		-3.4588
2325		327.138		99.8773
2326		260.989		184.019
2327		161.098		226.69
2328		52.1344		215.875
2329		-38.1017		153.426
2330		-86.1099		54.9831
2331		-79.1615		-53.907
2332		-18.981		-144.493
2333		78.4711		-192.56
2334		187.147		-185.054
2335		277.904		-123.709
2336		326.398		-24.6043
2337		319.667		86.2529
2338		259.498		180.071
2339		161.681		233.091
2340		51.3862		232.837
2341		-43.8973		181.055
2342		-101.786		92.6283
2343		-110.665		-9.06409
2344		-72.0922		-98.8462
2345		0.539978		-156.499
2346		86.4602		-171.69
2347		163.631		-145.846
2348		214.716		-90.6756
2349		231.273		-24.0119
2350		215.15		35.7078
2351		176.872		74.7007
2352		131.649		87.3823
2353		94.2066		77.2478
2354		74.0244		54.8871
2355		72.4028		33.738
2356		82.351		24.8828
2357		91.4545		32.5655
2358		86.9354		52.0321
2359		61.2933		70.6724
2360		16.5184		72.405
2361		-34.8812		44.0695
2362		-72.858		-18.3207
2363		-76.2524		-105.848
2364		-30.7461		-197.25
2365		64.4019		-264.162
2366		193.459		-279.747
2367		326.672		-228.04
2368		427.798		-110.805
2369		464.62		50.6723
2370		419.17		219.863
2371		294.329		354.325
2372		114.553		417.379
2373		-79.6825		388.608
2374		-242.119		270.042
2375		-332.694		86.2545
2376		-327.879		-121.539
2377		-226.648		-305.633
2378		-50.7233		-423.426
2379		160.711		-447.52
2380		360.283		-371.987
2381		503.376		-213.556
2382		558.26		-7.65004
2383		513.213		199.706
2384		379.162		362.334
2385		187.239		444.439
2386		-18.3362		428.928
2387		-190.549		321.496
2388		-290.79		149.353
2389		-298.204		-45.3658
2390		-214.744		-216.036
2391		-64.4262		-323.234
2392		113.149		-344.558
2393		273.324		-279.879
2394		378.033		-150.56
2395		405.311		7.01682
2396		354.097		151.657
2397		243.207		248.261
2398		105.137		276.416
2399		-23.2476		234.503
2400		-110.373		138.644
2401		-137.459		17.2596
2402		-102.203		-96.9514
2403		-18.1559		-175.394
2404		89.6283		-200.363
2405		191.385		-168.842
2406		260.254		-92.6974
2407		279.038		4.68552
2408		244.624		94.5755
2409		168.928		150.576
2410		75.9088		156.007
2411		-4.92816		109.002
2412		-47.0444		23.6405
2413		-35.0664		-73.6292
2414		29.9341		-151.658
2415		130.064		-184.24
2416		235.679		-158.7
2417		314.576		-80.4287
2418		342.388		28.4235
2419		310.633		135.924
2420		229.529		210.735
2421		124.501		232.315
2422		27.5894		197.388
2423		-33.1925		120.432
2424		-42.7708		28.1866
2425		-3.18405		-49.6978
2426		68.1814		-90.4466
2427		145.311		-85.0247
2428		202.596		-39.9919
2429		223.005		25.8202
2430		202.829		88.229
2431		151.902		125.666
2432		89.7407		125.67
2433		39.2044		88.241
2434		19.6542		25.507
2435		41.3791		-41.7878
2436		102.444		-89.9134
2437		188.514		-98.5954
2438		275.717		-56.9599
2439		336.162		32.2896
2440		345.263		151.647
2441		289.38		271.399
2442		171.783		356.178
2443		14.7809		374.478
2444		-143.534		308.879
2445		-258.081		163.826
2446		-289.368		-32.0659
2447		-216.389		-230.986
2448		-45.6059		-377.734
2449		187.534		-425.433
2450		426		-350.471
2451		606.01		-161.697
2452		675.17		99.591
2453		608.351		369.507
2454		416.2		578.686
2455		143.402		671.609
2456		-142.975		622.279
2457		-371.597		441.57
2458		-486.041		174.168
2459		-459.477		-113.746
2460		-300.895		-352.247
2461		-51.5586		-485.672
2462		226.759		-486.01
2463		468.102		-358.462
2464		618.664		-138.315
2465		649.026		119.373
2466		559.622		354.155
2467		378.674		514.859
2468		153.69		571.014
2469		-61.0235		518.639
2470		-217.648		379.398
2471		-285.803		193.718
2472		-258.693		9.78882
2473		-153.166		-128.74
2474		-3.89916		-193.312
2475		146.661		-176.657
2476		259.881		-93.1313
2477		310.914		26.7127
2478		294.395		145.694
2479		224.375		230.9
2480		128.716		262.736
2481		39.7864		239.553
2482		-15.6099		176.64
2483		-23.988		100.145
2484		11.6697		38.0339
2485		74.1118		11.0512
2486		138.391		26.5319
2487		180.489		76.8606
2488		185.147		142.803
2489		150.442		200.371
2490		87.889		228.828
2491		18.2877		217.266
2492		-35.1081		167.794
2493		-53.8362		94.6005
2494		-29.694		19.4652
2495		33.0272		-34.7078
2496		118.914		-50.36
2497		205.736		-19.993
2498		270.319		51.9362
2499		294.402		150.165
2500		269.134		252.3
2501		197.327		334.036
2502		93.1286		374.781
2503		-20.766		362.579
2504		-117.872		297.389
2505		-173.843		191.974
2506		-172.491		69.9843
2507		-110.571		-38.7692
2508		-0.00826263		-105.187
2509		133.501		-108.531
2510		255.777		-42.9287
2511		332.559		79.3322
2512		339.08		229.234
2513		268.13		367.526
2514		133.893		455.042
2515		-30.19		464.157
2516		-179.602		387.941
2517		-271.061		243.881
2518		-275.495		70.4853
2519		-187.663		-82.7578
2520		-29.196		-169.425
2521		156.302		-160.086
2522		314.967		-51.8437
2523		397.937		129.586
2524		375.687		336.11
2525		247.188		510.143
2526		41.1744		600.494
2527		-190.914		576.76
2528		-388.322		438.192
2529		-497.038		214.651
2530		-484.187		-40.5424
2531		-347.033		-263.912
2532		-114.329		-397.822
2533		160.243		-405.129
2534		410.908		-278.895
2535		575.774		-44.7928
2536		612.132		244.431
2537		507.392		521.211
2538		282.923		719.339
2539		-10.3357		790.246
2540		-303.698		715.406
2541		-527.329		511.622
2542		-627.629		227.594
2543		-580.984		-67.7183
2544		-400.187		-302.209
2545		-131.583		-418.946
2546		156.576		-390.846
2547		391.682		-227.716
2548		515.607		26.4123
2549		499.728		305.04
2550		352.032		536.922
2551		114.329		664.906
2552		-149.59		660.718
2553		-371.529		531.661
2554		-497.233		317.511
2555		-500.448		78.6521
2556		-388.882		-121.05
2557		-200.64		-231.745
2558		7.59304		-230.582
2559		177.052		-126.698
2560		263.297		42.9146
2561		247.898		225.162
2562		142.285		366.634
2563		-17.0321		428.77
2564		-180.174		398.122
2565		-298.9		288.968
2566		-340.475		137.844
2567		-296.449		-8.08376
2568		-184.052		-105.206
2569		-40.1305		-126.012
2570		90.2991		-66.4696
2571		167.353		53.6169
2572		167.581		197.041
2573		90.1965		320.27
2574		-43.2468		385.855
2575		-195.299		372.721
2576		-323.135		281.664
2577		-390.172		134.852
2578		-375.718		-30.246
2579		-280.293		-170.734
2580		-125.468		-249.333
2581		51.5568		-243.867
2582		207.194		-152.95
2583		302.281		3.44214
2584		311.864		188.623
2585		231.642		357.985
2586		79.4521		469.896
2587		-108.66		496.117
2588		-287.004		429.162
2589		-411.463		284.685
2590		-450.648		98.0968
2591		-394.157		-83.9275
2592		-255.701		-215.067
2593		-70.1483		-261.193
2594		114.959		-209.379
2595		251.353		-71.669
2596		302.441		117.506
2597		252.985		309.719
2598		113.504		454.728
2599		-81.832		513.4
2600		-283.412		468.115
2601		-438.589		327.953
2602		-505.244		127.196
2603		-463.146		-82.692
2604		-320.121		-245.848
2605		-111.225		-316.514
2606		109.235		-271.636
2607		281.185		-118.161
2608		354.583		107.212
2609		303.477		346.265
2610		134.422		533.831
2611		-113.434		615.141
2612		-377.188		561.406
2613		-586.088		379.156
2614		-680.51		110.375
2615		-628.885		-177.176
2616		-437.711		-407.237
2617		-151.512		-515.473
2618		157.669		-467.456
2619		408.707		-269.101
2620		532.885		33.5545
2621		492.62		365.452
2622		292.22		641.672
2623		-22.3351		789.582
2624		-374.68		768.042
2625		-677.46		578.531
2626		-854.751		265.215
2627		-861.609		-96.0756
2628		-695.65		-417.065
2629		-397.682		-619.436
2630		-41.2724		-654.602
2631		285.979		-515.784
2632		504.588		-239.339
2633		563.021		104.896
2634		450.16		431.612
2635		197.307		661.658
2636		-130.601		741.663
2637		-452.071		656.662
2638		-689.828		432.67
2639		-789.872		128.859
2640		-734.018		-178.313
2641		-542.995		-414.671
2642		-269.74		-526.517
2643		14.9724		-492.952
2644		240.639		-329.597
2645		354.244		-83.2165
2646		332.481		180.959
2647		186.288		395.855
2648		-43.017		508.992
2649		-294.79		494.89
2650		-504.49		360.646
2651		-619.781		143.512
2652		-613.467		-98.8983
2653		-490.151		-303.436
2654		-284.884		-417.69
2655		-53.9698		-413.663
2656		139.917		-295.222
2657		244.561		-97.1829
2658		232.49		124.039
2659		108.671		305.885
2660		-90.7274		397.077
2661		-308.42		372.071
2662		-482.185		238.322
2663		-562.553		34.1388
2664		-526.843		-182.318
2665		-385.453		-349.678
2666		-178.651		-420.77
2667		35.0755		-375.741
2668		195.559		-227.26
2669		257.578		-16.5618
2670		202.95		198.216
2671		44.9978		357.888
2672		-175.419		417.876
2673		-400.864		359.619
2674		-572.171		195.098
2675		-643.387		-36.3087
2676		-593.269		-277.595
2677		-430.77		-468.064
2678		-193.365		-558.23
2679		61.4573		-522.3
2680		269.747		-365.366
2681		376.783		-123.403
2682		351.308		144.341
2683		194.714		369.251
2684		-57.5213		490.558
2685		-343.197		471.657
2686		-588.323		311.136
2687		-726.204		45.0772
2688		-715.742		-260.681
2689		-553.789		-526.864
2690		-277.724		-681.643
2691		43.0157		-680.442
2692		324.596		-519.056
2693		491.021		-236.127
2694		494.885		96.0395
2695		330.852		390.051
2696		38.0189		566.455
2697		-309.607		575.002
2698		-622.044		408.398
2699		-816.668		104.854
2700		-839.807		-261.246
2701		-680.955		-598.128
2702		-375.955		-819.999
2703		1.66312		-869.028
2704		359.006		-730.331
2705		607.172		-436.159
2706		683.763		-58.176
2707		568.861		310.304
2708		290.377		577.685
2709		-82.6872		677.209
2710		-457.445		583.919
2711		-740.502		321.081
2712		-861.542		-45.6475
2713		-791.051		-424.877
2714		-547.597		-722.687
2715		-192.788		-866.362
2716		184.71		-822.52
2717		491.874		-605.002
2718		654.79		-270.635
2719		636.845		95.8378
2720		447.106		403.57
2721		136.989		578.438
2722		-213.603		581.084
2723		-516.875		415.784
2724		-699.119		128.213
2725		-718.553		-206.987
2726		-574.784		-505.423
2727		-307.801		-694.031
2728		12.9165		-728.802
2729		306.243		-604.921
2730		499.683		-357.065
2731		547.074		-50.0041
2732		439.483		237.979
2733		206.752		434.685
2734		-90.496		491.765
2735		-376.303		396.366
2736		-578.385		173.884
2737		-646.01		-118.722
2738		-562.399		-407.301
2739		-348.676		-618.997
2740		-58.4964		-700.28
2741		235.277		-630.181
2742		458.578		-425.524
2743		554.453		-136.926
2744		497.28		163.483
2745		299.429		399.7
2746		8.69414		510.638
2747		-303.013		465.532
2748		-557.135		272.15
2749		-687.946		-24.3787
2750		-659.295		-352.077
2751		-474.337		-629.638
2752		-175.585		-786.744
2753		165.059		-782.111
2754		464.037		-614.522
2755		647.261		-323.785
2756		669.183		18.93
2757		524.728		329.052
2758		250.786		530.264
2759		-83.2704		574.126
2760		-393.591		452.405
2761		-603.559		198.801
2762		-663.391		-120.326
2763		-562.418		-423.632
2764		-330.906		-636.02
2765		-31.1818		-707.711
2766		259.295		-626.204
2767		468.217		-418.225
2768		546.682		-141.534
2769		480.794		130.92
2770		293.912		330.109
2771		39.3604		408.339
2772		-214.175		350.651
2773		-400.652		177.575
2774		-473.473		-61.1565
2775		-416.939		-300.1
2776		-249.656		-475.298
2777		-19.1595		-540.833
2778		210.795		-480.609
2779		377.064		-312.422
2780		433.81		-83.2464
2781		364.787		143.107
2782		187.993		302.902
2783		-48.6726		349.616
2784		-279.776		266.813
2785		-439.652		73.2527
2786		-480.154		-181.314
2787		-384.138		-428.744
2788		-170.95		-600.34
2789		107.694		-645.26
2790		380.563		-544.591
2791		575.213		-317.285
2792		636.997		-16.2212
2793		543.774		284.673
2794		312.43		508.996
2795		-4.56148		597.365
2796		-331.705		522.798
2797		-589.014		298.075
2798		-711.814		-26.8287
2799		-666.861		-376.561
2800		-460.771		-668.512
2801		-138.732		-832.725
2802		226.137		-828.735
2803		550.095		-655.261
2804		758.54		-350.523
2805		803.469		16.8072
2806		674.537		363.715
2807		401.213		612.148
2808		45.6717		706.93
2809		-311.76		628.179
2810		-591.12		395.458
2811		-730.989		62.854
2812		-702.191		-293.712
2813		-513.995		-593.964
2814		-211.535		-771.513
2815		134.852		-788.746
2816		445.914		-645.061
2817		651.659		-376.621
2818		707.346		-47.7296
2819		603.618		264.245
2820		368.467		486.97
2821		60.4598		570.109
2822		-245.265		497.174
2823		-475.043		289.377
2824		-574.508		0.41695
2825		-521.861		-296.698
2826		-333.214		-527.703
2827		-58.547		-635.601
2828		230.897		-594.994
2829		460.707		-418.508
2830		572.331		-153.532
2831		538.123		130.007
2832		368.467		357.753
2833		109.034		470.243
2834		-171.145		438.382
2835		-397.728		271.026
2836		-510.497		12.6431
2837		-479.098		-268.295
2838		-311.002		-497.187
2839		-49.6251		-612.743
2840		236.868		-582.982
2841		473.16		-413.649
2842		596.237		-146.937
2843		571.73		149.161
2844		402.979		398.136
2845		130.514		534.493
2846		-177.934		520.599
2847		-444.407		356.556
2848		-600.417		80.566
2849		-604.384		-240.358
2850		-452.392		-527.063
2851		-179.457		-708.106
2852		149.052		-737.749
2853		453.718		-607.496
2854		660.92		-348.197
2855		721.143		-22.1957
2856		621.063		292.407
2857		386.356		521.259
2858		74.6904		611.971
2859		-239.12		546.432
2860		-481.786		344.26
2861		-599.207		56.8283
2862		-568.74		-246.239
2863		-403.315		-494.398
2864		-146.804		-632.911
2865		137.703		-634.957
2866		383.521		-506.553
2867		535.972		-283.6
2868		564.427		-22.2217
2869		468.277		215.004
2870		275.871		373.65
2871		36.9819		419.66
2872		-189.306		346.605
2873		-348.562		176.545
2874		-403.729		-45.6201
2875		-343.792		-263.082
2876		-186.345		-420.908
2877		26.6739		-479.556
2878		239.31		-424.856
2879		395.648		-271.875
2880		454.212		-61.4206
2881		399.001		150.209
2882		244.123		305.809
2883		30.5453		362.447
2884		-184.401		303.161
2885		-342.12		141.919
2886		-398.438		-79.6745
2887		-335.608		-303.136
2888		-167.363		-468.483
2889		64.4038		-530.107
2890		300.385		-468.888
2891		479.176		-297.391
2892		553.09		-56.8438
2893		500.423		193.187
2894		331.098		389.707
2895		84.4219		481.997
2896		-180.391		444.247
2897		-398.52		282.116
2898		-515.224		31.7227
2899		-499.184		-248.67
2900		-350.393		-492.304
2901		-100.689		-639.77
2902		193.261		-653.347
2903		463.018		-526.44
2904		644.516		-285.781
2905		693.488		14.3343
2906		596.455		304.569
2907		374.478		516.975
2908		78.5675		601.381
2909		-222.292		537.704
2910		-457.671		341.037
2911		-572.721		58.1557
2912		-541.461		-243.779
2913		-372.984		-493.531
2914		-109.038		-633.051
2915		186.377		-631.402
2916		442.768		-491.912
2917		600.286		-250.868
2918		624.036		31.8018
2919		512.076		287.463
2920		295.259		455.57
2921		29.1081		498.207
2922		-220.178		408.861
2923		-392.082		213.399
2924		-446.461		-36.8893
2925		-373.02		-278.353
2926		-193.307		-450.884
2927		45.1653		-512.707
2928		281.131		-450.429
2929		455.016		-281.914
2930		523.74		-51.3534
2931		471.213		182.128
2932		311.967		359.42
2933		87.1388		436.139
2934		-146.081		393.488
2935		-328.802		242.626
2936		-414.991		21.6251
2937		-382.693		-214.11
2938		-239.257		-405.505
2939		-19.4369		-504.218
2940		223.06		-484.34
2941		428.492		-348.683
2942		545.399		-128.236
2943		542.972		125.026
2944		418.623		350.307
2945		198.978		492.339
2946		-65.9856		514.59
2947		-314.382		408.259
2948		-486.859		194.892
2949		-540.718		-78.133
2950		-460.352		-348.32
2951		-261.461		-552.569
2952		12.1012		-642.105
2953		298.243		-594.245
2954		531.042		-418.142
2955		656.255		-153.013
2956		644.224		140.798
2957		497.048		395.861
2958		248.263		553.463
2959		-44.913		577.424
2960		-314.961		462.622
2961		-499.897		236.202
2962		-557.815		-48.8373
2963		-476.687		-326.165
2964		-277.092		-531.797
2965		-7.2047		-619.221
2966		268.806		-570.343
2967		486.205		-399.625
2968		595.247		-150.356
2969		573.067		116.075
2970		428.968		335.32
2971		201.744		455.873
2972		-50.2989		451.603
2973		-264.124		327.846
2974		-387.79		119.521
2975		-393.273		-118.198
2976		-283.039		-324.208
2977		-88.7453		-447.065
2978		137.456		-457.801
2979		336.651		-356.749
2980		458.297		-172.749
2981		472.864		44.8546
2982		378.841		239.227
2983		202.5		360.614
2984		-9.33789		378.796
2985		-201.513		290.352
2986		-324.583		119.078
2987		-347.189		-90.3836
2988		-263.73		-284.012
2989		-95.544		-412.05
2990		114.617		-441.451
2991		313.378		-364.092
2992		450.115		-198.752
2993		489.602		13.5886
2994		420.803		219.955
2995		259.653		368.539
2996		45.1449		421.552
2997		-170.268		364.576
2998		-333.56		210.136
2999		-404.097		-5.35968
3000		-363.501		-230.475
3001		-220.062		-411.179
3002		-6.69462		-503.788
3003		226.93		-485.328
3004		426.146		-358.911
3005		544.11		-152.963
3006		552.712		85.4221
3007		449.096		301.397
3008		256.37		445.029
3009		18.3552		482.84
3010		-210.427		405.625
3011		-377.307		230.729
3012		-443.701		-1.78328
3013		-394.227		-238.293
3014		-240.479		-424.095
3015		-18.4857		-516.281
3016		219.694		-493.983
3017		418.322		-363.415
3018		531.314		-156.43
3019		533.305		77.1808
3020		425.671		281.765
3021		236.003		409.29
3022		11.1799		430.886
3023		-194.213		343.59
3024		-331.184		170.698
3025		-368.09		-44.2689
3026		-297.992		-248.39
3027		-139.94		-392.256
3028		66.0059		-441.818
3029		268.702		-386.394
3030		418.383		-240.992
3031		478.671		-42.4721
3032		435.341		159.491
3033		299.739		314.532
3034		106.048		383.919
3035		-97.0334		350.145
3036		-258.264		221.404
3037		-336.618		29.7651
3038		-311.677		-176.654
3039		-188.972		-345.666
3040		1.16783		-434.199
3041		211.126		-419.314
3042		387.998		-304.18
3043		487.036		-117.396
3044		483.053		94.2248
3045		376.814		277.517
3046		194.785		386.411
3047		-17.6301		393.476
3048		-207.546		296.654
3049		-327.771		119.559
3050		-348.367		-94.5679
3051		-263.779		-293.614
3052		-93.9357		-429.318
3053		120.805		-468.837
3054		329.5		-402.461
3055		482.831		-245.73
3056		544.789		-35.5651
3057		501.115		178.586
3058		362.571		346.5
3059		162.305		429.058
3060		-52.0679		407.479
3061		-229.816		287.717
3062		-329.168		98.9541
3063		-327.236		-113.465
3064		-225.365		-298.968
3065		-48.605		-413.902
3066		160.54		-431.908
3067		352.526		-349.992
3068		482.729		-188.856
3069		521.992		12.505
3070		463.215		206.475
3071		322.498		348.315
3072		134.728		406.643
3073		-55.1398		370.437
3074		-202.89		251.033
3075		-275.329		78.8451
3076		-257.694		-104.229
3077		-156.591		-254.825
3078		2.05756		-338.186
3079		179.425		-336.029
3080		333.03		-250.477
3081		426.667		-103.258
3082		438.786		69.6025
3083		367.421		226.346
3084		230.549		329.359
3085		61.7859		354.081
3086		-97.6287		294.861
3087		-208.697		166.368
3088		-244.073		0.136269
3089		-194.756		-162.957
3090		-72.4181		-282.57
3091		93.265		-328.753
3092		261.717		-289.384
3093		391.316		-173.336
3094		449.65		-8.52106
3095		421.626		164.784
3096		313.423		303.767
3097		151.218		373.678
3098		-25.0798		356.572
3099		-171.602		255.982
3100		-251.418		96.2887
3101		-243.827		-83.1296
3102		-149.697		-237.584
3103		8.56789		-328.179
3104		192.455		-331.558
3105		356.838		-245.8
3106		461.162		-90.9779
3107		479.49		95.7768
3108		406.894		269.435
3109		260.617		388.149
3110		75.7703		423.467
3111		-103.309		367.186
3112		-233.856		233.204
3113		-284.984		54.0014
3114		-245.009		-127.301
3115		-124.109		-267.358
3116		48.2702		-332.972
3117		230.578		-308.963
3118		379.17		-201.698
3119		458.785		-37.4683
3120		450.988		143.922
3121		358.565		298.813
3122		204.767		390.303
3123		27.5545		397.211
3124		-129.782		319.185
3125		-229.315		176.642
3126		-247.792		5.52335
3127		-182.217		-151.79
3128		-50.2729		-257.09
3129		114.458		-285.726
3130		271.167		-232.399
3131		382.079		-111.95
3132		421.625		44.8927
3133		382.272		199.533
3134		275.69		315.124
3135		129.23		365.327
3136		-21.1715		340.147
3137		-139.747		247.642
3138		-199.191		111.384
3139		-186.636		-35.49
3140		-106.139		-158.117
3141		22.6722		-227.833
3142		169.325		-228.509
3143		299.512		-160.017
3144		382.864		-38.1437
3145		399.843		109.009
3146		346.254		247.403
3147		234.346		344.881
3148		90.1361		378.688
3149		-52.5419		340.955
3150		-159.986		240.777
3151		-206.709		102.244
3152		-181.693		-41.2026
3153		-91.1915		-154.8
3154		42.6626		-210.917
3155		187.184		-195.821
3156		307.08		-113.065
3157		373.04		17.3758
3158		368.854		163.982
3159		295.298		291.351
3160		169.9		368.755
3161		22.6635		377.516
3162		-111.16		315.461
3163		-199.523		197.405
3164		-221.238		51.6028
3165		-171.062		-87.0004
3166		-60.9838		-185.123
3167		82.5937		-219.149
3168		225.157		-180.868
3169		332.405		-79.5367
3170		378.6		60.2789
3171		352.923		204.654
3172		262.191		318.622
3173		129.219		374.84
3174		-12.8362		360.399
3175		-128.781		280.056
3176		-190.228		154.995
3177		-182.717		17.418
3178		-109.293		-97.6505
3179		10.4004		-161.26
3180		145.259		-157.82
3181		260.733		-88.9124
3182		327.651		27.3094
3183		329.563		160.956
3184		266.743		278.168
3185		155.867		349.787
3186		25.4994		358.699
3187		-91.3792		303.97
3188		-165.844		200.779
3189		-180.294		76.2308
3190		-132.669		-37.8018
3191		-36.5923		-112.873
3192		82.4929		-131.075
3193		194.092		-89.2562
3194		270.483		0.647383
3195		293.57		115.108
3196		259.044		225.274
3197		176.933		304.305
3198		68.5943		333.884
3199		-38.9266		308.342
3200		-119.642		235.548
3201		-154.803		134.521
3202		-137.107		30.5349
3203		-72.0693		-51.0371
3204		23.5922		-90.6891
3205		126.105		-79.2454
3206		210.321		-19.8812
3207		255.661		72.7066
3208		251.014		175.795
3209		197.457		264.043
3210		108.134		315.617
3211		5.1984		317.607
3212		-85.5301		269.379
3213		-140.97		182.959
3214		-146.655		80.2181
3215		-100.538		-12.5141
3216		-13.6778		-71.0802
3217		92.4332		-79.6432
3218		191.236		-34.7332
3219		257.749		53.8624
3220		274.752		165.557
3221		236.954		274.068
3222		152.156		353.798
3223		39.2625		385.895
3224		-76.2464		362.569
3225		-168.215		288.772
3226		-215.725		181.009
3227		-207.777		63.6479
3228		-145.798		-36.4437
3229		-43.523		-95.8257
3230		75.7782		-99.8063
3231		184.248		-46.0446
3232		255.647		54.4261
3233		271.552		179.178
3234		226.106		299.18
3235		128.04		385.514
3236		-0.800735		416.502
3237		-130.359		383.428
3238		-229.662		293.227
3239		-274.697		167.193
3240		-254.743		35.8345
3241		-175.331		-68.8583
3242		-56.9194		-121.673
3243		70.4248		-110.672
3244		174.876		-40.1327
3245		231.051		70.8505
3246		226.314		193.619
3247		163.57		297.518
3248		59.9368		357.666
3249		-58.1188		360.896
3250		-161.735		308.45
3251		-226.801		214.957
3252		-239.526		104.229
3253		-199.197		3.09756
3254		-117.674		-65.0876
3255		-15.9705		-85.7688
3256		81.1014		-56.1534
3257		150.884		14.6897
3258		178.043		108.472
3259		157.802		202.334
3260		96.6012		274.349
3261		10.1237		308.573
3262		-80.748		298.484
3263		-155.002		248.075
3264		-196.353		170.436
3265		-196.749		84.3049
3266		-157.778		9.50523
3267		-89.7862		-37.5724
3268		-9.08559		-47.4184
3269		65.9503		-19.0873
3270		118.95		40.0886
3271		138.884		116.501
3272		122.076		193.409
3273		72.6149		254.492
3274		1.23691		287.134
3275		-77.0255		284.842
3276		-145.95		248.43
3277		-191.418		185.773
3278		-204.303		110.166
3279		-182.371		37.5746
3280		-130.794		-16.7318
3281		-61.072		-41.459
3282		11.4403		-31.7602
3283		70.9147		9.70186
3284		104.552		73.3876
3285		105.382		145.081
3286		73.6939		209.126
3287		16.7835		251.914
3288		-52.8704		264.785
3289		-120.496		245.711
3290		-172.277		199.45
3291		-198.22		136.245
3292		-194.066		69.4447
3293		-161.927		12.6092
3294		-109.596		-23.293
3295		-48.7333		-32.064
3296		7.69415		-13.427
3297		48.209		27.0745
3298		65.2948		79.4283
3299		56.99		131.511
3300		27.2		171.957
3301		-15.419		192.866
3302		-59.7899		191.642
3303		-95.3801		171.421
3304		-114.988		139.919
3305		-116.526		106.998
3306		-103.243		81.6634
3307		-82.3072		69.4386
3308		-62.2253		70.9531
3309		-49.952		82.192
3310		-48.6802		96.284
3311		-57.0459		106.17
3312		-69.978		107.193
3313		-80.8361		98.6926
3314		-84.0197		84.0717
3315		-77.092		69.3735
3316		-61.6694		60.9342
3317		-42.8033		63.0034
3318		-27.1411		76.1844
3319		-20.5786		97.2164
3320		-26.256		120.105
3321		-43.5777		138.13
3322		-68.5193		145.974
3323		-95.016		141.259
3324		-116.863		125.011
3325		-129.447		101.049
3326		-130.769		74.6179
3327		-121.535		50.8436
3328		-104.471		33.5344
3329		-83.2463		24.6385
3330		-61.4696		24.366
3331		-42.0756		31.7231
3332		-27.1835		45.103
3333		-18.2687		62.6504
3334		-16.3706		82.311
3335		-22.0981		101.689
3336		-35.3549		117.965
3337		-54.9184		128.098
3338		-78.1333		129.405
3339		-100.992		120.37
3340		-118.736		101.421
3341		-126.898		75.3069
3342		-122.511		46.8777
3343		-105.109		22.209
3344		-77.1995		7.27257
3345		-44.0101		6.48006
3346		-12.5483		21.4744
3347		9.83914		50.4736
3348		17.1009		88.3343
3349		5.97775		127.36
3350		-22.9502		158.75
3351		-64.9224		174.467
3352		-111.548		169.22
3353		-152.299		142.124
3354		-176.809		97.5927
3355		-177.568		45.0114
3356		-152.367		-2.9955
3357		-105.706		-33.5495
3358		-48.4926		-37.1204
3359		4.22749		-10.7414
3360		37.1722		40.2744
3361		39.3607		102.939
3362		7.89658		159.682
3363		-50.3613		193.244
3364		-120.043		191.973
3365		-181.312		153.809
3366		-215.613		87.5325
3367		-211.351		10.6916
3368		-167.666		-55.2889
3369		-95.0099		-91.3376
3370		-12.3036		-86.3474
3371		58.4388		-40.4097
3372		98.3168		35.2816
3373		96.6745		121.71
3374		53.695		197.359
3375		-20.1075		243.896
3376		-107.069		250.593
3377		-187.077		216.431
3378		-242.371		149.655
3379		-261.262		65.2757
3380		-240.105		-18.5576
3381		-183.446		-84.3493
3382		-102.685		-118.479
3383		-13.7463		-113.465
3384		65.7824		-69.1425
3385		119.675		7.27783
3386		135.963		102.246
3387		109.333		198.011
3388		42.5813		275.704
3389		-53.3296		318.993
3390		-160.897		317.635
3391		-259.314		270.095
3392		-328.775		184.448
3393		-354.897		77.1285
3394		-332.17		-30.3605
3395		-265.49		-116.104
3396		-169.282		-162.689
3397		-64.3891		-161.166
3398		26.5764		-113.081
3399		84.2684		-30.0909
3400		96.8624		68.7125
3401		62.5602		161.107
3402		-10.1707		226.663
3403		-104.613		251.177
3404		-199.576		229.685
3405		-274.094		167.421
3406		-312.031		78.5645
3407		-305.626		-16.9714
3408		-257.199		-98.0258
3409		-178.612		-147.001
3410		-88.5505		-153.931
3411		-8.15331		-118.857
3412		44.0333		-51.8683
3413		56.6023		29.2909
3414		28.1768		103.586
3415		-32.1632		151.999
3416		-107.142		162.46
3417		-175.758		133.071
3418		-218.855		72.701
3419		-224.317		-1.32051
3420		-190.442		-67.8742
3421		-126.496		-107.852
3422		-50.2139		-109.487
3423		17.1157		-71.6817
3424		56.6071		-4.35281
3425		57.0808		74.3599
3426		18.1663		143.219
3427		-49.6982		183.869
3428		-128.353		185.92
3429		-197.145		149.654
3430		-238.728		85.6239
3431		-243.707		11.3376
3432		-212.83		-53.8685
3433		-156.193		-94.1984
3434		-89.8707		-101.421
3435		-31.1371		-76.4729
3436		6.23724		-28.3825
3437		15.2532		28.9435
3438		-3.26776		80.9112
3439		-41.8968		116.107
3440		-89.4429		128.779
3441		-134.396		119.425
3442		-167.913		93.5983
3443		-185.575		59.5494
3444		-187.63		25.5571
3445		-177.903		-2.25182
3446		-161.912		-21.0617
3447		-144.848		-31.3442
3448		-130.029		-35.8423
3449		-118.214		-37.9958
3450		-107.891		-40.3464
3451		-96.3647		-43.4181
3452		-81.2768		-45.4162
3453		-62.048		-42.8506
3454		-40.75		-31.9146
3455		-22.0561		-10.2118
3456		-12.1776		21.7277
3457		-17.0113		59.698
3458		-40.0162		96.2038
3459		-80.49		122.026
3460		-132.87		128.62
3461		-187.418		110.68
3462		-232.223		68.1089
3463		-256.061		6.71097
3464		-251.301		-62.6564
3465		-216.066		-126.331
3466		-155.013		-170.895
3467		-78.5229		-186.23
3468		-0.566235		-167.779
3469		64.1935		-117.521
3470		103.313		-43.5183
3471		108.872		41.7137
3472		78.7696		123.545
3473		16.9481		187.74
3474		-67.3406		222.719
3475		-160.955		221.321
3476		-248.741		181.949
3477		-315.694		109.053
3478		-349.258		12.8891
3479		-341.562		-91.573
3480		-291.291		-186.646
3481		-204.751		-254.778
3482		-95.6461		-281.929
3483		16.725		-260.846
3484		110.844		-193.419
3485		167.413		-91.2969
3486		173.906		25.738
3487		128.056		133.607
3488		39.1493		209.274
3489		-73.5043		236.319
3490		-184.797		209.229
3491		-269.824		135.094
3492		-310.084		32.0503
3493		-298.142		-75.257
3494		-239.375		-162.012
3495		-150.24		-209.578
3496		-53.5578		-210.037
3497		27.7705		-167.622
3498		76.7554		-96.7272
3499		86.2616		-17.2222
3500		59.8741		51.3743
3501		9.66485		95.0565
3502		-48.1927		108.353
3503		-98.4177		94.5291
3504		-130.652		63.2625
3505		-141.438		26.8249
3506		-133.862		-3.83324
3507		-115.349		-21.8963
3508		-94.6228		-25.7335
3509		-78.914		-18.2076
3510		-72.219		-4.81078
3511		-74.9042		8.5475
3512		-84.4697		17.3561
3513		-96.966		19.4718
3514		-108.487		15.1663
3515		-116.288		6.46106
3516		-119.299		-3.88504
3517		-118.029		-13.3736
3518		-114.008		-20.4689
3519		-109.006		-24.8499
3520		-104.304		-27.1869
3521		-100.252		-28.5456
3522		-96.2872		-29.6425
3523		-91.4512		-30.2575
3524		-85.2321		-29.101
3525		-78.3946		-24.3144
3526		-73.3611		-14.5241
3527		-73.7994		-0.0900116
3528		-83.353		16.0172
3529		-103.838		28.2686
3530		-133.579		29.8374
3531		-166.667		14.8758
3532		-193.724		-18.8836
3533		-204.232		-68.1851
3534		-189.864		-123.88
3535		-147.751		-172.573
3536		-82.4876		-200.023
3537		-5.98373		-195.345
3538		65.0108		-154.681
3539		113.114		-83.0829
3540		125.018		6.08993
3541		95.2724		94.1672
3542		28.018		161.711
3543		-63.8012		193.291
3544		-161.457		181.19
3545		-244.775		127.106
3546		-296.613		41.5955
3547		-306.406		-58.4293
3548		-272.076		-153.374
3549		-200.103		-224.899
3550		-103.968		-259.323
3551		-1.4366		-249.936
3552		88.7041		-197.961
3553		149.914		-112.156
3554		170.667		-7.1973
3555		146.345		98.8292
3556		80.0025		187.451
3557		-18.0973		242.887
3558		-132.107		254.7
3559		-243.137		219.633
3560		-332.341		142.317
3561		-384.07		34.724
3562		-388.644		-85.5775
3563		-344.281		-198.186
3564		-257.842		-283.29
3565		-144.128		-325.28
3566		-23.6591		-315.947
3567		80.8801		-256.601
3568		149.038		-158.494
3569		166.998		-41.1801
3570		130.97		71.1527
3571		48.5801		154.754
3572		-62.3287		191.688
3573		-177.456		174.154
3574		-271.578		106.504
3575		-324.473		4.3038
3576		-325.68		-109.447
3577		-276.761		-209.941
3578		-190.494		-276.523
3579		-87.2809		-297.376
3580		10.1464		-271.756
3581		82.2403		-209.34
3582		116.931		-127.081
3583		111.738		-44.5991
3584		73.4045		20.6276
3585		15.4101		57.0938
3586		-45.8402		61.3538
3587		-95.1618		38.0664
3588		-122.14		-1.83572
3589		-123.343		-44.3412
3590		-102.764		-76.1679
3591		-70.368		-88.3068
3592		-39.0726		-78.4258
3593		-20.8491		-51.4397
3594		-22.9929		-17.9564
3595		-45.6977		9.10938
3596		-81.8199		18.833
3597		-119.106		6.13705
3598		-144.32		-26.1679
3599		-147.965		-68.034
3600		-127.909		-105.491
3601		-90.4977		-125.579
3602		-48.584		-121.156
3603		-17.0279		-93.7436
3604		-7.27892		-53.2285
3605		-23.0658		-14.4128
3606		-58.8919		8.37537
3607		-101.982		6.58718
3608		-136.997		-19.3661
3609		-151.733		-60.2962
3610		-141.639		-101.729
3611		-111.424		-129.364
3612		-73.176		-134.415
3613		-41.7545		-116.826
3614		-29.2232		-85.203
3615		-40.4063		-53.579
3616		-71.1378		-36.2831
3617		-109.727		-42.8173
3618		-140.978		-74.5226
3619		-151.269		-124.069
3620		-132.941		-177.76
3621		-86.6821		-219.706
3622		-21.3194		-236.46
3623		48.6469		-220.712
3624		106.867		-173.141
3625		139.183		-102.16
3626		136.893		-21.8786
3627		98.6273		51.0549
3628		30.6303		100.964
3629		-54.4502		116.337
3630		-139.938		92.187
3631		-208.26		31.2429
3632		-244.333		-56.2443
3633		-238.658		-154.105
3634		-189.541		-243.094
3635		-103.932		-304.549
3636		3.41833		-324.192
3637		112.461		-295.303
3638		201.609		-220.537
3639		252.018		-111.907
3640		251.526		11.1475
3641		197.4		125.277
3642		97.3255		207.646
3643		-31.6089		240.423
3644		-165.765		214.485
3645		-279.182		131.645
3646		-348.47		4.92052
3647		-357.536		-143.296
3648		-301.251		-285.027
3649		-187.279		-391.926
3650		-35.4688		-441.068
3651		125.393		-420.181
3652		263.1		-331.094
3653		348.885		-190.34
3654		364.134		-26.4261
3655		305.291		126.012
3656		185.494		234.013
3657		32.1778		274.245
3658		-119.074		239.008
3659		-233.079		138.541
3660		-283.828		-1.23518
3661		-261.112		-145.138
3662		-173.079		-257.708
3663		-43.9228		-312.319
3664		92.718		-297.893
3665		202.826		-221.327
3666		260.965		-104.984
3667		256.616		19.9517
3668		196.165		122.279
3669		100.146		179.168
3670		-3.30172		181.779
3671		-86.6892		136.634
3672		-130.713		62.6033
3673		-128.958		-15.3767
3674		-88.5949		-73.8447
3675		-27.1636		-97.3542
3676		33.3708		-82.2067
3677		73.3615		-36.5027
3678		81.0141		23.2298
3679		55.1932		77.595
3680		4.88367		110.288
3681		-54.2855		112.673
3682		-105.212		85.7421
3683		-134.53		39.0423
3684		-136.287		-12.86
3685		-113.107		-55.1533
3686		-74.6527		-77.2408
3687		-34.0727		-75.541
3688		-3.68538		-53.8859
3689		8.68532		-21.5819
3690		1.61037		10.059
3691		-20.2685		31.4702
3692		-48.4805		37.6131
3693		-73.9638		28.9631
3694		-90.1145		10.5421
3695		-94.6269		-10.4751
3696		-89.6106		-27.6096
3697		-80.1204		-37.3354
3698		-71.7737		-40.0066
3699		-68.389		-39.2488
3700		-70.4809		-40.1609
3701		-75.0767		-47.0492
3702		-76.8299		-61.5013
3703		-69.9957		-81.4174
3704		-50.6137		-101.268
3705		-18.2416		-113.47
3706		23.2358		-110.496
3707		65.9493		-87.1701
3708		99.5076		-42.6052
3709		113.32		18.7163
3710		99.3307		87.0715
3711		54.5687		148.987
3712		-17.163		189.957
3713		-105.058		197.912
3714		-192.885		166.639
3715		-262.25		98.1974
3716		-296.914		3.45768
3717		-287.049		-99.6328
3718		-232.221		-189.85
3719		-142.115		-247.633
3720		-34.6667		-259.84
3721		67.9448		-222.969
3722		144.336		-143.978
3723		178.602		-38.5793
3724		163.481		72.358
3725		101.392		167.205
3726		3.46602		227.655
3727		-112.845		241.728
3728		-226.836		205.456
3729		-317.74		123.381
3730		-367.823		8.10416
3731		-365.329		-121.067
3732		-307.129		-240.552
3733		-200.591		-326.193
3734		-63.842		-358.074
3735		76.4044		-325.662
3736		189.753		-231.844
3737		249.139		-94.2281
3738		238.257		57.4445
3739		157.089		187.822
3740		23.4037		264.966
3741		-130.844		269.325
3742		-267.591		199.736
3743		-353.009		74.3117
3744		-366.898		-74.3449
3745		-308.176		-208.241
3746		-194.694		-294.558
3747		-57.5793		-314.374
3748		67.9408		-266.951
3749		152.225		-168.564
3750		178.479		-46.7051
3751		145.724		68.1718
3752		67.1779		150.658
3753		-34.835		185.971
3754		-135.472		172.011
3755		-213.49		118.01
3756		-255.489		40.8078
3757		-257.72		-39.9081
3758		-225.609		-106.184
3759		-171.521		-145.405
3760		-111.427		-152.461
3761		-61.0903		-130.291
3762		-32.4166		-88.7069
3763		-30.6909		-41.6507
3764		-53.4209		-3.34991
3765		-91.3012		15.7393
3766		-131.269		11.9983
3767		-160.893		-10.4001
3768		-172.686		-41.2092
3769		-166.739		-68.1089
3770		-150.521		-81.6367
3771		-135.687		-79.1493
3772		-133.003		-66.1167
3773		-147.357		-54.0076
3774		-174.982		-55.405
3775		-204.258		-78.2232
3776		-220.027		-121.421
3777		-209.88		-174.149
3778		-169.945		-218.969
3779		-107.756		-238.127
3780		-40.8238		-220.585
3781		8.79041		-167.09
3782		22.0683		-91.2261
3783		-9.94943		-15.8741
3784		-82.274		33.7957
3785		-176.641		38.4204
3786		-266.552		-9.11447
3787		-324.998		-100.996
3788		-332.373		-216.341
3789		-282.128		-326.854
3790		-182.646		-404.455
3791		-55.0219		-428.583
3792		72.3204		-391.256
3793		170.535		-298.796
3794		216.98		-170.13
3795		200.093		-32.4018
3796		121.692		84.8993
3797		-3.50021		156.021
3798		-150.801		164.117
3799		-290.322		104.67
3800		-392.715		-13.3332
3801		-434.957		-168.726
3802		-405.179		-331.829
3803		-305.603		-469.987
3804		-152.847		-554.041
3805		24.6879		-564.546
3806		192.088		-496.364
3807		314.93		-360.53
3808		366.615		-182.736
3809		334.426		1.44464
3810		222.866		153.744
3811		53.3965		241.305
3812		-139.538		243.96
3813		-315.477		159.015
3814		-436.48		2.41685
3815		-475.427		-194.113
3816		-422.248		-389.499
3817		-286.641		-542.019
3818		-96.5117		-618.495
3819		107.714		-601.928
3820		281.848		-495.785
3821		387.92		-323.758
3822		403.112		-124.798
3823		325.463		55.6663
3824		174.762		176.413
3825		-11.8581		210.453
3826		-188.794		151.834
3827		-313.229		17.317
3828		-355.933		-157.749
3829		-308.73		-328.448
3830		-186.499		-451.963
3831		-23.0601		-498.741
3832		138.049		-460.114
3833		255.378		-350.205
3834		300.678		-201.576
3835		266.2		-55.8789
3836		166.169		47.8255
3837		32.1041		83.72
3838		-96.5407		45.8806
3839		-183.646		-50.8572
3840		-206.356		-175.869
3841		-160.925		-291.941
3842		-62.9846		-365.941
3843		57.5923		-377.93
3844		165.594		-326.243
3845		230.507		-227.297
3846		234.889		-110.407
3847		178.857		-9.21418
3848		79.5879		47.8409
3849		-33.8733		45.3594
3850		-129		-14.9371
3851		-179.013		-114.958
3852		-170.412		-225.577
3853		-106.711		-315.072
3854		-7.30613		-358.299
3855		98.2702		-343.992
3856		179.106		-278.025
3857		212.141		-181.59
3858		189.094		-84.7254
3859		118.912		-17.0866
3860		24.8682		1.21376
3861		-62.8453		-34.2074
3862		-116.737		-110.826
3863		-120.726		-203.473
3864		-75.0874		-282.673
3865		4.01846		-324.29
3866		90.2313		-317.26
3867		155.935		-266.843
3868		181.392		-192.387
3869		161		-120.492
3870		104.678		-76.0154
3871		34.1087		-73.9932
3872		-24.6566		-115.093
3873		-49.6248		-185.865
3874		-29.5551		-263.38
3875		33.0216		-322.441
3876		123.018		-342.956
3877		217.424		-315.301
3878		291.637		-242.438
3879		325.605		-138.711
3880		308.315		-26.119
3881		239.95		70.6684
3882		131.716		129.409
3883		3.72288		134.657
3884		-118.542		80.9373
3885		-208.734		-25.6084
3886		-244.688		-167.384
3887		-213.333		-317.621
3888		-114.567		-444.86
3889		37.0335		-519.202
3890		213.6		-519.26
3891		378.781		-438.168
3892		495.34		-286.843
3893		533.921		-93.199
3894		480.751		103.015
3895		342.079		258.792
3896		143.941		337.842
3897		-72.968		319.418
3898		-262.127		203.712
3899		-381.612		12.4277
3900		-403.598		-215.611
3901		-320.73		-432.723
3902		-148.031		-592.612
3903		80.0101		-660.329
3904		316.478		-619.917
3905		511.767		-478.18
3906		624.116		-263.785
3907		628.846		-21.7163
3908		524.339		196.031
3909		333.24		341.806
3910		98.2051		383.337
3911		-127.324		311.827
3912		-291.509		144.845
3913		-356.798		-77.2023
3914		-309.572		-300.623
3915		-163.903		-471.837
3916		41.9503		-551.13
3917		255.663		-522.887
3918		424.851		-399.26
3919		510.973		-216.102
3920		499.037		-22.3858
3921		400.341		133.684
3922		247.636		217.636
3923		84.534		216.972
3924		-47.352		142.52
3925		-119.514		23.0318
3926		-122.765		-104.729
3927		-67.2518		-206.999
3928		22.9723		-261.729
3929		118.482		-262.775
3930		193.162		-219.038
3931		230.529		-149.662
3932		226.372		-77.3587
3933		187.711		-22.0513
3934		129.138		3.55139
3935		68.0615		-4.22627
3936		20.222		-40.6329
3937		-3.59286		-94.8221
3938		0.746431		-153.062
3939		30.5913		-202.07
3940		77.7732		-231.897
3941		130.917		-237.894
3942		178.357		-221.412
3943		211.04		-189.036
3944		224.674		-150.465
3945		220.473		-115.574
3946		204.203		-91.5317
3947		183.784		-80.9709
3948		166.333		-81.8861
3949		155.782		-89.2952
3950		152.079		-97.9497
3951		152.287		-104.87
3952		153.063		-110.5
3953		153.284		-117.872
3954		155.444		-130.112
3955		164.935		-147.486
3956		187.312		-165.543
3957		224.695		-175.539
3958		273.003		-167.327
3959		321.557		-133.737
3960		355.65		-74.6267
3961		361.383		1.27348
3962		330.994		77.8076
3963		266.545		135.903
3964		180.347		159.608
3965		91.7934		141.431
3966		21.6505		84.9685
3967		-14.1226		3.86018
3968		-8.81677		-82.4794
3969		33.7872		-154.69
3970		101.556		-198.713
3971		178.414		-208.727
3972		249.187		-187.071
3973		303.128		-141.712
3974		335.122		-82.6658
3975		344.698		-18.9539
3976		333.827		42.8212
3977		304.868		98.1257
3978		259.692		143.068
3979		200.288		173.037
3980		130.331		182.418
3981		56.6844		165.776
3982		-10.1939		120.149
3983		-57.529		47.5169
3984		-73.0528		-43.7057
3985		-48.5866		-138.969
3986		16.7723		-219.938
3987		114.977		-268.441
3988		229.588		-271.021
3989		338.653		-222.857
3990		419.366		-129.894
3991		453.418		-8.4567
3992		431.708		117.789
3993		357.125		222.958
3994		244.517		285.002
3995		117.637		291.159
3996		3.65146		241.323
3997		-73.4461		148.263
3998		-98.7617		34.4876
3999		-70.0797		-73.5125
4000		1.98322		-152.058
4001		97.316		-186.149
4002		192.122		-172.698
4003		265.395		-120.236
4004		304.051		-45.3591
4005		305.238		32.7658
4006		275.334		97.916
4007		226.32		140.569
4008		171.084		158.858
4009		119.443		156.804
4010		76.2313		140.893
4011		41.8672		116.609
4012		14.7776		86.384
4013		-5.66483		49.7063
4014		-17.1626		5.16486
4015		-14.4701		-46.6551
4016		8.55019		-100.868
4017		55.5818		-147.809
4018		124.604		-174.878
4019		206.186		-170.321
4020		284.292		-127.705
4021		339.707		-49.5314
4022		355.281		51.4619
4023		321.458		154.077
4024		240.36		233.365
4025		126.932		267.158
4026		6.46433		242.653
4027		-91.1886		161.087
4028		-139.356		38.903
4029		-122.19		-95.2761
4030		-39.9825		-207.427
4031		89.6118		-267.025
4032		235.143		-255.693
4033		359.094		-173.063
4034		427.848		-37.9756
4035		421.164		115.671
4036		338.409		247.524
4037		199.587		321.603
4038		40.6375		316.353
4039		-95.8554		231.025
4040		-172.054		86.491
4041		-165.202		-79.8493
4042		-74.0328		-223.729
4043		80.5333		-305.609
4044		260.557		-301.063
4045		420.683		-207.209
4046		519.586		-43.5588
4047		530.256		152.793
4048		446.572		336.259
4049		284.655		463.719
4050		78.898		504.624
4051		-126.161		447.87
4052		-286.015		304.024
4053		-366.006		102.636
4054		-348.647		-114.496
4055		-237.002		-302.402
4056		-53.6774		-422.354
4057		164.114		-449.662
4058		372.222		-378.44
4059		528.362		-222.611
4060		600.386		-13.119
4061		572.594		207.996
4062		449.013		395.62
4063		253.08		510.289
4064		23.6742		526.169
4065		-192.002		436.804
4066		-347.632		257.434
4067		-407.501		23.0599
4068		-354.775		-217.802
4069		-196.4		-412.857
4070		36.9385		-517.475
4071		296.332		-505.333
4072		524.946		-375.587
4073		670.995		-154.411
4074		700.348		110.004
4075		605.456		358.229
4076		408.035		533.732
4077		154.42		596.832
4078		-95.4866		534.782
4079		-282.988		365.176
4080		-365.246		131.619
4081		-325.957		-107.304
4082		-179.208		-292.9
4083		34.482		-381.188
4084		258.874		-353.798
4085		436.613		-222.165
4086		523.922		-24.0111
4087		501.592		186.89
4088		379.486		354.959
4089		193.446		437.367
4090		-4.575		415.142
4091		-160.586		297.923
4092		-233.164		121.066
4093		-204.7		-64.2108
4094		-86.1956		-205.097
4095		85.8654		-262.042

 
--------------------------------------


