Compute Correlation 
 
0		745.167		-240.764
1		866.722		10.5234
2		849.331		287.452
3		698.83		519.286
4		453.794		646.56
5		177.145		634.861
6		-57.7287		484.205
7		-184.724		231.529
8		-163.351		-55.9064
9		7.39001		-296.595
10		285.002		-417.489
11		592.728		-377.026
12		841.051		-180.437
13		955.44		119.204
14		900.916		436.106
15		694.216		678.747
16		398.54		779.431
17		102.417		715.672
18		-109.503		515.719
19		-182.964		246.736
20		-108.623		-9.08972
21		79.5132		-181.056
22		319.32		-229.538
23		542.259		-153.002
24		693.153		17.6475
25		742.028		232.778
26		686.447		439.419
27		546.654		593.301
28		357.568		665.623
29		160.842		645.526
30		-1.98883		540.252
31		-95.9741		374.079
32		-99.622		185.36
33		-11.3991		20.0984
34		146.804		-78.5684
35		332.453		-83.0912
36		492.875		7.98846
37		581.468		166.904
38		574.077		343.978
39		478.623		484.147
40		332.974		546.928
41		190.813		521.663
42		100.655		431.212
43		86.6832		321.945
44		139.688		243.944
45		222.159		229.793
46		285.36		281.136
47		290.902		368.724
48		227.455		445.715
49		115.544		468.172
50		-1.15915		413.831
51		-73.8434		291.358
52		-67.9314		136.839
53		24.0278		-0.226685
54		180.45		-75.0679
55		359.394		-62.6405
56		513.377		35.6272
57		604.253		194.522
58		613.172		374.693
59		543.443		534.907
60		416.984		642.778
61		266.795		681.529
62		128.115		652.215
63		30.1978		571.991
64		-10.1651		469.322
65		7.43256		376.864
66		66.5715		322.919
67		137.908		323.044
68		187.46		374.215
69		187.691		454.14
70		128.069		527.216
71		20.9382		556.268
72		-100.445		516.497
73		-192.164		406.432
74		-215.149		251.072
75		-150.252		95.1541
76		-6.87054		-11.6082
77		178.683		-31.9385
78		354.797		45.624
79		471.813		202.59
80		498.293		397.099
81		430.248		578.371
82		290.334		703.21
83		118.159		748.369
84		-43.7988		714.755
85		-163.014		623.122
86		-224.139		504.21
87		-229.212		387.913
88		-192.401		295.526
89		-132.635		236.933
90		-67.3893		212.184
91		-9.40927		215.253
92		33.7256		237.644
93		58.5613		270.544
94		64.7474		305.595
95		54.7147		335.243
96		33.684		353.569
97		9.10548		357.692
98		-11.0866		349.001
99		-21.1106		333.085
100		-19.7073		317.802
101		-10.8383		309.94
102		-1.9487		311.932
103		-0.256897		320.368
104		-8.69427		327.361
105		-23.5583		324.499
106		-35.3464		307.714
107		-32.8248		280.722
108		-8.79826		255.105
109		34.9621		246.449
110		86.099		267.758
111		124.61		322.723
112		129.746		401.803
113		88.4884		483.201
114		2.31912		539.016
115		-110.665		544.767
116		-219.689		488.968
117		-290.462		379.088
118		-296.644		241.295
119		-229.59		113.5
120		-102.665		33.7139
121		51.8118		27.6349
122		192.284		99.9033
123		281.108		232.34
124		296.452		389.985
125		238.616		532.82
126		128.46		628.845
127		-1.28958		663.598
128		-118.313		642.654
129		-201.599		586.487
130		-246.722		520.239
131		-263.741		462.974
132		-269.191		421.063
133		-276.204		388.319
134		-287.453		352.348
135		-294.178		303.736
136		-281.567		243.46
137		-237.772		184.829
138		-162.146		148.934
139		-68.688		155.629
140		17.0261		214.126
141		66.2099		317.353
142		57.015		442.462
143		-17.5838		557.131
144		-146.957		628.995
145		-305.533		634.672
146		-459.42		565.589
147		-574.333		429.578
148		-622.589		248.881
149		-588.166		55.9983
150		-469.857		-111.522
151		-282.845		-217.044
152		-58.3875		-231.727
153		159.47		-142.012
154		321.258		43.8752
155		383.446		293.174
156		321.525		552.378
157		140.55		758.663
158		-121.661		856.949
159		-401.674		817.537
160		-627.287		647.777
161		-739.218		392.495
162		-710.135		121.767
163		-553.796		-90.4536
164		-320.489		-189.426
165		-80.2198		-156.051
166		100.114		-10.7552
167		177.058		196.077
168		141.29		402.752
169		15.7213		556.419
170		-156.731		627.253
171		-329.679		612.46
172		-467.223		530.52
173		-550.729		410.015
174		-577.688		278.745
175		-555.589		157.436
176		-495.28		59.1397
177		-407.383		-7.74783
178		-302.673		-36.4014
179		-194.592		-21.2497
180		-100.771		39.0974
181		-41.1297		137.669
182		-32.4282		256.886
183		-81.4987		370.653
184		-180.636		450.977
185		-307.92		476.788
186		-433.032		441.257
187		-526.567		354.375
188		-569.157		239.562
189		-556.844		125.679
190		-500.791		37.7097
191		-421.891		-10.3012
192		-342.8		-17.6677
193		-280.664		5.42203
194		-243.082		43.6225
195		-228.199		82.7345
196		-228.101		114.197
197		-233.614		136.518
198		-238.514		153.763
199		-241.782		172.215
200		-247.505		196.692
201		-262.829		227.741
202		-294.794		260.473
203		-347.038		285.261
204		-417.241		290.135
205		-496.068		264.351
206		-568.136		202.335
207		-615.1		106.883
208		-620.371		-9.50532
209		-574.319		-125.985
210		-478.402		-217.523
211		-346.721		-261.009
212		-204.146		-241.708
213		-81.2066		-158.113
214		-6.97891		-23.6775
215		-1.85728		135.236
216		-72.1343		284.739
217		-207.758		390.79
218		-383.774		426.819
219		-565.099		379.911
220		-713.631		254.258
221		-796.316		71.1399
222		-792.604		-134.759
223		-699.703		-322.217
224		-534.218		-452.382
225		-329.351		-497.836
226		-127.805		-449.547
227		28.1687		-319.589
228		107.055		-138.478
229		95.7307		52.4509
230		2.12985		211.532
231		-147.857		306.979
232		-318.099		323.748
233		-471.851		265.245
234		-580.171		150.032
235		-626.848		5.36758
236		-609.239		-139.789
237		-536.037		-260.201
238		-423.79		-337.397
239		-293.665		-360.897
240		-168.852		-328.752
241		-71.9637		-248.086
242		-21.5763		-135.224
243		-27.868		-14.1615
244		-88.649		87.7503
245		-187.989		146.728
246		-299.286		150.102
247		-392.882		101.296
248		-445.956		19.3973
249		-450.707		-67.4911
250		-416.952		-132.957
251		-367.435		-162.634
252		-327.502		-159.442
253		-313.673		-141.078
254		-326.464		-130.708
255		-350.975		-145.241
256		-364.988		-186.885
257		-350.567		-242.158
258		-303.317		-288.815
259		-234.627		-307.078
260		-165.857		-289.36
261		-117.655		-243.444
262		-100.15		-187.658
263		-109.23		-140.833
264		-130.755		-112.744
265		-150.088		-100.364
266		-161.345		-92.0282
267		-170.786		-77.0277
268		-192.077		-54.9077
269		-235.833		-38.6186
270		-299.401		-48.9276
271		-363.214		-102.42
272		-396.798		-199.344
273		-372.373		-318.241
274		-279.591		-421.207
275		-133.807		-468.251
276		26.889		-434.38
277		155.21		-321.267
278		212.819		-157.812
279		184.813		10.8188
280		84.0589		140.493
281		-56.0241		203.748
282		-196.107		196.947
283		-305.617		136.748
284		-370.778		49.0885
285		-393.462		-42.766
286		-383.449		-124.955
287		-349.891		-192.156
288		-297.495		-241.549
289		-229.267		-267.083
290		-153.043		-259.033
291		-86.1396		-210.091
292		-53.2224		-124.48
293		-76.5808		-23.7478
294		-163.076		56.1276
295		-295.146		77.2137
296		-432.275		16.8354
297		-524.411		-118.954
298		-532.448		-293.42
299		-446.388		-451.399
300		-291.944		-541.357
301		-121.303		-537.461
302		8.60797		-451.072
303		60.6713		-325.673
304		33.4111		-217.049
305		-39.587		-167.755
306		-106.59		-187.929
307		-123.018		-251.565
308		-73.0833		-310.037
309		22.5267		-316.353
310		116.466		-248.515
311		157.226		-120.947
312		113.546		21.206
313		-10.6483		121.925
314		-177.355		138.774
315		-330.537		60.7575
316		-419.159		-88.0382
317		-416.642		-259.622
318		-328.657		-401.948
319		-187.217		-478.014
320		-35.4462		-476.195
321		88.9948		-408.918
322		164.508		-302.522
323		186.976		-184.778
324		163.882		-76.3433
325		106.315		10.9637
326		23.9921		70.5972
327		-74.5362		96.7916
328		-178.222		83.3575
329		-270.56		27.1257
330		-331.079		-66.261
331		-342.039		-178.692
332		-297.397		-281.895
333		-208.904		-346.293
334		-104.949		-353.036
335		-21.2231		-303.355
336		13.3703		-220.02
337		-10.7964		-139.199
338		-79.3119		-95.7202
339		-159.444		-108.257
340		-214.138		-171.294
341		-218.053		-257.767
342		-168.322		-331.243
343		-85.1334		-362.06
344		-2.05035		-340.019
345		49.2651		-277.931
346		52.789		-204.789
347		14.1761		-152.09
348		-43.1971		-139.926
349		-89.7423		-169.103
350		-102.952		-222.416
351		-76.3236		-273.664
352		-20.3492		-299.577
353		43.9399		-288.891
354		94.8965		-244.872
355		118.523		-181.166
356		111.484		-114.201
357		78.5151		-56.6483
358		26.9749		-15.1634
359		-37.4503		7.30954
360		-111.062		7.34445
361		-188.562		-21.2186
362		-258.519		-85.0122
363		-302.018		-184.837
364		-297.16		-308.881
365		-228.758		-430.292
366		-99.007		-512.471
367		66.7919		-521.643
368		223.993		-442.089
369		322.324		-286.966
370		325.028		-98.5507
371		225.452		64.0651
372		53.225		146.123
373		-134.007		118.884
374		-271.085		-7.52707
375		-310.221		-186.319
376		-239.942		-351.209
377		-89.8468		-441.929
378		81.1552		-427.535
379		208.315		-317.769
380		246.34		-157.781
381		185.901		-8.8163
382		54.7418		76.5496
383		-96.2706		73.9223
384		-215.294		-6.56667
385		-269.731		-128.769
386		-255.938		-248.833
387		-195.223		-334.24
388		-119.473		-374.868
389		-54.3373		-381.913
390		-8.32247		-376.626
391		27.4442		-375.671
392		69.7654		-381.005
393		130.083		-379.299
394		204.808		-350.657
395		274.462		-281.542
396		311.965		-174.824
397		295.679		-51.6067
398		220.455		56.0924
399		101.234		118.104
400		-32.3487		118.024
401		-147.374		58.8086
402		-219.452		-40.0016
403		-239.624		-151.25
404		-214.061		-250.472
405		-158.025		-322.746
406		-88.1437		-363.8
407		-17.0861		-376.449
408		47.4306		-365.712
409		100.335		-335.937
410		136.517		-291.273
411		150.463		-238.157
412		138.876		-186.99
413		104.438		-150.667
414		57.6471		-139.904
415		14.5194		-157.773
416		-9.54697		-196.945
417		-6.76733		-242.018
418		19.1875		-276.42
419		55.1711		-290.498
420		85.8523		-286.247
421		102.591		-275.609
422		108.839		-272.767
423		118.53		-284.391
424		147.674		-303.443
425		203.295		-310.617
426		275.851		-283.58
427		339.909		-209.787
428		363.792		-96.2621
429		324.141		29.2455
430		218.427		127.209
431		69.0531		161.808
432		-83.4043		115.921
433		-195.019		-1.31784
434		-234.741		-157.828
435		-194.819		-310.948
436		-91.2862		-422.92
437		44.7032		-472.514
438		179.68		-458.355
439		288.469		-393.985
440		358.322		-298.802
441		386.38		-190.353
442		373.976		-81.7036
443		322.553		16.1529
444		234.19		90.2514
445		116.136		124.384
446		-14.424		103.043
447		-129.878		19.3524
448		-198.285		-117.414
449		-194.43		-279.764
450		-110.873		-427.982
451		36.7406		-522.634
452		213.374		-538.323
453		376.205		-472.445
454		489.076		-344.965
455		533.363		-189.613
456		510.832		-41.0119
457		438.223		76.1067
458		337.412		151.097
459		226.733		184.428
460		117.645		180.858
461		17.2242		143.775
462		-66.6491		74.307
463		-122.059		-24.6709
464		-134.93		-143.007
465		-95.5869		-260.857
466		-6.20526		-352.307
467		115.822		-394.247
468		241.62		-376.183
469		340.757		-305.596
470		392.745		-205.444
471		394.27		-104.619
472		358.373		-26.0342
473		306.092		21.52
474		255.188		43.678
475		212.168		53.1813
476		171.89		59.4532
477		124.698		61.2993
478		66.6358		47.1556
479		6.44534		2.92133
480		-35.2308		-77.0554
481		-34.6183		-182.291
482		22.8595		-286.603
483		133.295		-357.117
484		273.192		-367.582
485		407.379		-309.381
486		502.055		-194.839
487		536.541		-51.5967
488		508.37		88.5655
489		430.227		200.499
490		321.685		271.013
491		201.099		297.383
492		82.0868		281.822
493		-24.5583		226.806
494		-106.581		134.981
495		-148.402		13.6659
496		-134.889		-119.844
497		-59.8853		-237.406
498		65.3389		-306.703
499		209.891		-303.963
500		330.894		-226.751
501		389.273		-99.4627
502		366.89		33.1019
503		276.325		122.747
504		157.399		138.292
505		60.8564		79.6017
506		26.2609		-22.0486
507		64.5366		-118.119
508		153.699		-165.018
509		249.958		-143.784
510		308.766		-67.7825
511		305.479		25.0626
512		245.697		91.2322
513		160.762		102.13
514		91.4553		56.143
515		68.6511		-22.9734
516		100.577		-99.4001
517		172.203		-142.525
518		255.555		-139.189
519		324.201		-95.5025
520		363.78		-29.0525
521		373.669		42.511
522		360.658		109.243
523		330.264		168.907
524		282.234		220.573
525		213.52		257.539
526		126.53		265.837
527		36.3123		230.871
528		-29.7711		149.043
529		-42.1265		37.0262
530		15.2307		-68.5256
531		131.602		-123.3
532		267.724		-95.2256
533		368.368		17.6768
534		385.099		181.352
535		298.842		336.329
536		130.994		421.325
537		-63.1976		399.356
538		-216.735		274.031
539		-278.492		88.1559
540		-233.572		-94.7866
541		-107.198		-217.403
542		48.9655		-250.817
543		180.668		-202.771
544		253.29		-108.886
545		262.27		-12.9045
546		228.287		53.3785
547		181.709		80.7684
548		145.744		80.0789
549		127.277		69.8754
550		119.095		62.9372
551		110.324		59.542
552		97.4149		50.812
553		88.3162		28.9251
554		97.1463		-3.18745
555		132.89		-29.6004
556		189.596		-28.8381
557		244.975		12.9154
558		269.45		90.683
559		241.465		178.831
560		160.768		240.722
561		51.9549		245.656
562		-44.478		184.54
563		-89.7025		75.9738
564		-64.139		-40.7254
565		23.6661		-122.337
566		141.134		-140.15
567		246.364		-91.1172
568		305.913		3.12579
569		307.051		107.93
570		259.313		191.364
571		186.074		236.029
572		111.798		241.897
573		52.1144		220.496
574		11.2484		185.307
575		-13.4823		144.64
576		-24.5696		100.766
577		-20.1243		54.6377
578		4.38727		11.7447
579		49.8207		-16.0053
580		107.236		-14.7763
581		157.128		22.3766
582		176.101		87.7681
583		148.387		157.972
584		76.1304		201.542
585		-17.7874		192.734
586		-97.0803		124.615
587		-126.896		14.5809
588		-89.3071		-101.172
589		8.1223		-182.157
590		135.026		-200.408
591		250.965		-151.691
592		322.103		-56.064
593		334.041		51.9995
594		295.263		138.717
595		230.551		184.042
596		168.517		187.044
597		129.722		162.351
598		120.622		130.794
599		134.912		109.715
600		159.884		107.503
601		183.379		123.781
602		197.678		153.344
603		199.367		190.301
604		186.991		229.749
605		159.4		266.732
606		116.568		294.547
607		62.2655		304.975
608		6.02246		291.511
609		-38.2146		254.093
610		-57.3083		202.1
611		-45.8119		152.742
612		-10.5118		124.46
613		30.7117		128.132
614		56.151		160.795
615		50.5021		205.806
616		12.7673		240.129
617		-42.6993		245.457
618		-93.0636		217.414
619		-118.527		167.774
620		-112.451		118.203
621		-84.5449		88.6664
622		-55.221		86.7012
623		-44.035		103.474
624		-58.5122		118.932
625		-89.5874		113.357
626		-116.345		78.9838
627		-117.62		25.1964
628		-84.1511		-25.7606
629		-24.5399		-50.4161
630		38.4223		-36.7943
631		79.2532		8.71734
632		82.9922		64.1831
633		53.0358		103.209
634		9.39477		108.417
635		-21.6584		80.1726
636		-20.9948		36.0302
637		13.9858		1.41918
638		68.7355		-3.29478
639		119.623		27.5046
640		146.007		83.0831
641		139.763		143.107
642		107.499		188.533
643		64.9703		210.488
644		27.5208		212.593
645		2.24077		206.19
646		-13.9274		202.004
647		-29.7219		203.548
648		-52.1421		206.08
649		-81.0534		201.276
650		-109.247		184.168
651		-127.745		157.531
652		-132.686		130.641
653		-128.989		113.019
654		-127.939		107.185
655		-139.731		105.389
656		-165.418		93.085
657		-193.603		57.8226
658		-204.748		-1.4431
659		-181.554		-70.4192
660		-119.974		-124.135
661		-34.4258		-138.636
662		46.5048		-103.905
663		92.5608		-30.943
664		86.4927		51.3805
665		33.3082		108.842
666		-41.067		117.797
667		-101.502		76.4968
668		-120.096		5.90114
669		-89.1146		-60.5656
670		-23.9267		-93.1867
671		45.4169		-79.8742
672		89.491		-30.9012
673		93.7713		27.6562
674		64.6988		68.0199
675		24.8085		74.8612
676		-0.0665741		52.2639
677		5.45739		20.2842
678		38.7621		3.42809
679		81.4355		17.4413
680		109.56		61.3396
681		106.293		118.49
682		70.1277		165.622
683		14.9005		184.624
684		-37.8314		170.917
685		-69.5468		134.475
686		-72.9468		93.7002
687		-53.78		66.0161
688		-26.2273		60.287
689		-5.11266		74.5605
690		0.607513		99.3463
691		-9.98656		123.661
692		-32.0986		140.047
693		-59.6003		146.067
694		-88.2904		142.384
695		-116.165		129.705
696		-141.231		107.315
697		-159.229		74.4311
698		-163.703		33.3024
699		-149.123		-8.59446
700		-115.407		-39.6542
701		-70.7264		-48.8836
702		-30.0433		-32.0801
703		-9.1775		4.19003
704		-17.0162		43.7328
705		-50.0388		67.2684
706		-92.5597		61.5344
707		-123.254		26.3307
708		-125.117		-24.4306
709		-93.9261		-68.6678
710		-40.7833		-86.4092
711		12.7893		-69.3664
712		44.9136		-24.9773
713		43.6174		27.1453
714		12.2218		64.566
715		-32.6926		72.4868
716		-69.5088		50.1823
717		-81.7184		10.4847
718		-64.9841		-27.0077
719		-27.9774		-45.2616
720		12.8274		-36.9885
721		41.2412		-6.49564
722		48.0978		33.9676
723		33.6228		70.7631
724		5.07533		94.6248
725		-28.1905		102.943
726		-59.1069		98.229
727		-84.4873		84.6005
728		-103.689		64.9477
729		-116.087		40.4958
730		-119.644		12.5754
731		-111.852		-15.2252
732		-92.4302		-36.6453
733		-65.7147		-44.9795
734		-40.6262		-36.9445
735		-27.4915		-15.8003
736		-33.0448		8.5614
737		-56.3185		23.2488
738		-87.9637		18.2283
739		-113.816		-8.56895
740		-121.184		-49.7046
741		-104.743		-91.2894
742		-68.9812		-119.231
743		-25.9361		-125.542
744		10.6045		-111.532
745		31.3964		-86.3875
746		35.3555		-62.1069
747		28.8639		-47.5852
748		21.4961		-44.9493
749		20.7441		-49.7967
750		28.6302		-54.7654
751		41.8072		-54.0887
752		54.6326		-46.4757
753		63.0636		-34.8658
754		66.9297		-23.5886
755		69.3357		-14.9743
756		73.8064		-7.6612
757		81.1898		2.34819
758		88.423		18.6293
759		90.0391		41.3163
760		81.5195		66.1494
761		62.3915		86.3268
762		37.0727		96.1349
763		12.8206		94.1797
764		-4.076		84.2259
765		-11.6207		73.0684
766		-12.947		66.6566
767		-14.1533		66.7739
768		-20.4225		70.2679
769		-32.7828		71.2978
770		-47.495		65.2284
771		-58.4672		51.7659
772		-61.235		35.3546
773		-56.0287		22.505
774		-47.9383		17.6293
775		-43.9145		19.9655
776		-48.3138		23.6197
777		-59.705		20.9378
778		-71.0549		7.36212
779		-73.4885		-15.1163
780		-61.6565		-38.1714
781		-37.62		-51.2571
782		-10.7924		-47.5672
783		6.41475		-28.5478
784		5.16393		-4.24802
785		-14.4951		11.0531
786		-42.5663		5.92876
787		-63.1579		-21.9874
788		-61.8171		-63.9462
789		-32.5583		-103.39
790		18.9063		-123.105
791		77.3173		-112.769
792		124.292		-73.3167
793		145.868		-16.1945
794		137.65		41.8052
795		105.457		85.4314
796		61.7146		106.307
797		19.8265		104.585
798		-10.6324		86.8881
799		-25.9452		62.2656
800		-27.3516		38.5427
801		-18.5876		20.6337
802		-3.72565		10.9062
803		13.5623		10.4123
804		29.5043		19.553
805		39.6632		37.5273
806		39.4739		61.1404
807		26.1118		84.3008
808		0.701126		99.2843
809		-30.7513		99.6915
810		-58.8302		83.7264
811		-74.3684		55.8575
812		-72.6214		25.5569
813		-55.7112		3.37266
814		-31.8232		-3.8217
815		-11.3469		4.09767
816		-1.89534		20.8268
817		-4.86791		37.2628
818		-15.4548		46.4759
819		-26.0824		47.2455
820		-31.3285		44.1324
821		-31.4355		44.0157
822		-32.2821		51.0868
823		-41.6838		63.2731
824		-64.044		72.3557
825		-96.4576		67.9941
826		-128.694		43.6095
827		-147.406		0.893387
828		-142.541		-49.6915
829		-112.614		-92.9625
830		-66.0029		-115.706
831		-17.4484		-112.632
832		18.5016		-88.5523
833		33.8062		-55.7362
834		29.8636		-27.8768
835		15.7654		-13.8324
836		3.04044		-14.2684
837		-0.195435		-22.6555
838		7.34113		-29.7136
839		20.628		-28.6538
840		32.0961		-18.3687
841		36.2211		-3.09192
842		32.3195		10.8721
843		24.1719		19.1601
844		17.0423		21.6911
845		14.1321		22.113
846		14.6812		24.9504
847		14.773		32.4059
848		10.1695		42.8609
849		-0.741516		51.9629
850		-15.8053		55.5131
851		-30.4897		52.2269
852		-40.8837		44.5331
853		-46.3204		36.8366
854		-49.8297		32.3213
855		-55.9737		30.3817
856		-67.3012		26.4908
857		-81.6643		14.8721
858		-92.2839		-7.41995
859		-90.9207		-37.4379
860		-72.6309		-66.3406
861		-39.4967		-82.8814
862		-1.06737		-78.8292
863		29.0844		-53.5522
864		39.2051		-15.2693
865		24.7666		21.882
866		-9.26262		43.6612
867		-50.4133		41.6515
868		-83.9696		16.4951
869		-98.9066		-22.9468
870		-91.7458		-63.8356
871		-66.793		-94.7309
872		-33.1293		-109.526
873		-0.253723		-108.402
874		25.3526		-95.9587
875		41.355		-78.0978
876		48.488		-59.5257
877		48.5814		-43.0126
878		43.2215		-30.193
879		33.8164		-22.7213
880		22.6427		-22.528
881		13.6547		-30.7461
882		11.9532		-46.0246
883		21.7653		-63.5915
884		43.9375		-76.1449
885		74.5235		-76.549
886		105.616		-61.0894
887		128.334		-31.4932
888		136.566		5.57025
889		129.482		41.4288
890		111.412		69.3033
891		89.1083		87.0523
892		67.9208		97.2463
893		49.0713		104.547
894		29.6379		111.944
895		5.30524		118.109
896		-25.699		117.571
897		-59.842		103.807
898		-88.5091		73.6439
899		-101.412		30.5097
900		-91.5884		-15.453
901		-59.4484		-50.7697
902		-13.691		-64.0374
903		31.5034		-50.7874
904		61.7614		-15.4995
905		67.8467		30.1117
906		48.6911		71.6081
907		11.0258		96.9816
908		-33.8145		100.231
909		-74.1523		82.1791
910		-101.377		48.7912
911		-111.41		8.33351
912		-104.333		-31.1587
913		-83.1074		-63.2785
914		-52.4017		-83.6364
915		-17.9098		-89.92
916		14.147		-82.1749
917		37.925		-63.2313
918		49.4754		-38.6314
919		48.3352		-15.4038
920		38.1535		0.300591
921		25.5182		5.7852
922		17.0929		3.14321
923		16.3068		-1.72045
924		21.428		-2.26929
925		26.379		4.77104
926		24.2278		16.993
927		11.6772		27.0178
928		-7.97937		26.3706
929		-25.4184		10.6914
930		-29.5553		-16.5835
931		-13.5945		-44.4217
932		20.3188		-58.7002
933		60.6019		-49.0743
934		90.6357		-14.7641
935		96.2191		33.9081
936		72.4584		79.3695
937		26.5508		104.409
938		-25.1059		99.8922
939		-64.1728		68.7583
940		-78.4409		24.3212
941		-66.7464		-16.1945
942		-38.4353		-39.55
943		-7.92959		-41.8587
944		12.5635		-28.9281
945		18.3631		-11.8299
946		13.1018		-0.436106
947		5.04433		1.44682
948		1.43005		-3.13317
949		4.24197		-7.57706
950		9.7453		-6.79981
951		11.7747		-0.843132
952		6.5013		5.14035
953		-4.40567		4.40649
954		-14.2499		-6.64353
955		-15.1561		-25.5399
956		-2.93071		-44.5475
957		20.0952		-54.8067
958		46.077		-51.3408
959		66.0098		-35.8609
960		74.8262		-15.5773
961		74.0978		1.34564
962		70.5799		10.9463
963		71.3604		15.9866
964		78.5447		24.0744
965		86.8844		42.2793
966		86.1649		71.394
967		67.357		103.486
968		29.1338		124.69
969		-19.2012		122.215
970		-60.5714		91.9277
971		-77.8128		42.212
972		-62.3991		-8.4437
973		-19.5586		-39.3874
974		33.1912		-37.448
975		73.6714		-3.36593
976		85.1406		48.3868
977		63.7983		96.4031
978		19.9393		122.323
979		-27.6873		118.952
980		-61.2513		92.5191
981		-72.049		58.2376
982		-63.4624		31.8343
983		-47.5304		21.6753
984		-37.4256		25.5404
985		-40.1582		33.3518
986		-53.4068		33.877
987		-67.8526		21.394
988		-73.2488		-1.37759
989		-64.5022		-25.4204
990		-44.2999		-41.0122
991		-21.0378		-43.2755
992		-3.61961		-34.4586
993		3.56979		-21.854
994		2.52385		-12.9308
995		-0.595535		-10.854
996		-0.0847702		-13.1641
997		5.36404		-14.2933
998		11.9963		-10.1206
999		14.0332		-1.45122
1000		8.40089		6.02692
1001		-2.05975		5.49775
1002		-9.29196		-5.79297
1003		-4.61299		-23.3131
1004		15.3675		-36.4165
1005		45.1707		-33.7586
1006		71.7916		-10.1251
1007		80.7775		29.3133
1008		64.0007		70.1412
1009		24.8214		95.1338
1010		-22.4899		92.8291
1011		-59.1592		63.6615
1012		-70.9843		20.1959
1013		-55.3126		-18.8923
1014		-22.1534		-38.0322
1015		11.2209		-32.309
1016		29.3131		-9.34827
1017		26.2224		15.4083
1018		8.0792		27.3784
1019		-11.0885		20.689
1020		-17.6352		0.945663
1021		-6.06048		-18.4614
1022		18.0275		-24.3009
1023		41.2801		-11.1693
1024		50.2843		15.3889
1025		39.1701		41.9502
1026		12.9147		54.6259
1027		-15.3806		46.5988
1028		-31.5552		21.6195
1029		-27.7509		-8.30447
1030		-6.01914		-29.4895
1031		23.5876		-33.5636
1032		49.0047		-20.9759
1033		62.546		0.659592
1034		64.0108		21.984
1035		58.9738		37.5448
1036		53.7177		48.1971
1037		50.2812		58.9445
1038		44.9276		73.8318
1039		31.1126		91.4178
1040		5.09104		104.048
1041		-29.527		101.796
1042		-61.532		78.9522
1043		-76.9374		39.0954
1044		-66.4953		-4.67059
1045		-31.6462		-35.0781
1046		14.7821		-39.1186
1047		54.02		-14.9866
1048		70.3592		26.4514
1049		58.9594		66.7816
1050		28.1625		89.2349
1051		-5.07472		87.0749
1052		-24.2532		66.6381
1053		-22.0042		43.3608
1054		-3.64507		32.9847
1055		16.292		42.802
1056		22.5654		67.7763
1057		7.97411		93.6463
1058		-22.552		105.203
1059		-54.79		95.0396
1060		-73.3478		67.8184
1061		-70.4536		37.6517
1062		-50.4196		20.0804
1063		-27.2381		23.1978
1064		-16.6486		42.9448
1065		-27.1342		65.2564
1066		-54.9143		73.8885
1067		-85.7584		59.5584
1068		-102.63		25.3153
1069		-94.9274		-14.8359
1070		-64.2346		-43.2678
1071		-23.4789		-47.9548
1072		9.93721		-28.5477
1073		23.1642		3.90942
1074		14.1488		33.2588
1075		-8.16457		46.8659
1076		-29.4931		41.8203
1077		-38.3277		25.4457
1078		-31.881		10.1763
1079		-16.6879		6.00185
1080		-3.844		14.9035
1081		-1.92489		30.3618
1082		-11.8354		41.9608
1083		-26.5456		42.1485
1084		-35.7103		31.0464
1085		-32.2849		16.4607
1086		-17.1248		9.14575
1087		1.19856		16.1891
1088		11.27		36.4803
1089		5.52719		60.9821
1090		-15.1607		77.6924
1091		-41.7376		78.44
1092		-61.93		63.5774
1093		-67.1078		41.8586
1094		-57.1168		25.5533
1095		-40.3455		23.5809
1096		-29.0123		36.546
1097		-32.3727		56.4381
1098		-51.6616		71.0803
1099		-79.5359		70.7476
1100		-104.174		53.2345
1101		-115.59		24.6478
1102		-110.572		-4.29265
1103		-93.6067		-24.129
1104		-73.5633		-31.2985
1105		-58.3208		-29.0088
1106		-50.6105		-24.1577
1107		-47.4126		-22.4338
1108		-43.0195		-24.6971
1109		-33.6419		-26.8237
1110		-20.5606		-22.9923
1111		-9.79002		-10.2479
1112		-8.41239		8.6076
1113		-19.8241		25.7308
1114		-40.8487		32.2829
1115		-62.5986		23.4903
1116		-74.7487		1.73225
1117		-70.8506		-24.2164
1118		-51.6856		-43.4333
1119		-24.7801		-48.2189
1120		-0.424751		-37.6062
1121		13.4812		-17.1598
1122		14.854		4.60498
1123		7.34705		20.9279
1124		-2.86551		29.8517
1125		-11.2362		33.9839
1126		-17.2806		37.4455
1127		-23.8707		42.2161
1128		-34.0373		46.4086
1129		-47.5878		45.6898
1130		-60.0224		36.9523
1131		-64.7797		21.7467
1132		-57.6491		6.94519
1133		-40.6006		1.72089
1134		-22.3561		12.2534
1135		-14.7999		37.2013
1136		-26.8193		66.8546
1137		-58.8978		86.9627
1138		-101.656		85.5688
1139		-139.528		59.3085
1140		-157.934		15.695
1141		-150.292		-30.0425
1142		-121.159		-62.0689
1143		-83.8065		-71.3311
1144		-53.5427		-59.3757
1145		-40.3422		-36.6963
1146		-44.6768		-16.695
1147		-58.5686		-8.6757
1148		-70.9669		-13.6858
1149		-74.2048		-25.2649
1150		-67.8508		-34.3112
1151		-57.9544		-34.9726
1152		-52.4466		-28.0337
1153		-55.6981		-19.9127
1154		-65.6184		-18.0874
1155		-75.0429		-25.92
1156		-76.4729		-40.1766
1157		-67.1585		-52.8358
1158		-51.2722		-56.1172
1159		-37.6946		-47.6161
1160		-34.6357		-32.2857
1161		-44.3373		-19.8657
1162		-61.1738		-19.1247
1163		-74.5202		-32.3148
1164		-74.8917		-53.2567
1165		-59.8025		-70.429
1166		-35.7912		-73.4733
1167		-15.1964		-59.4101
1168		-9.32795		-34.8629
1169		-21.8747		-12.7939
1170		-46.4095		-5.41665
1171		-69.596		-17.2385
1172		-78.4493		-42.2449
1173		-67.6194		-66.9584
1174		-42.5476		-77.7766
1175		-16.6298		-68.5116
1176		-3.90279		-43.8764
1177		-11.3392		-16.9184
1178		-35.0796		-1.8258
1179		-62.7152		-6.16122
1180		-80.2891		-26.8977
1181		-80.0137		-52.4431
1182		-64.3263		-69.4122
1183		-44.0532		-70.2048
1184		-31.8602		-57.0374
1185		-34.8753		-40.196
1186		-50.7858		-31.663
1187		-69.6127		-37.9608
1188		-79.9915		-56.4647
1189		-76.1244		-77.3252
1190		-61.1955		-89.7692
1191		-45.1836		-88.9104
1192		-38.403		-78.8761
1193		-44.7237		-70.2577
1194		-58.6956		-73.3456
1195		-68.5076		-91.2262
1196		-63.1918		-117.051
1197		-39.821		-137.382
1198		-6.25954		-139.917
1199		22.4766		-121.125
1200		32.4476		-89.2024
1201		18.9684		-60.2973
1202		-10.087		-49.8552
1203		-38.0284		-63.9004
1204		-48.2884		-95.2878
1205		-33.6214		-127.274
1206		-0.308617		-142.602
1207		35.1596		-133.072
1208		55.2017		-104.159
1209		50.9757		-71.966
1210		27.3285		-54.1335
1211		-0.019989		-59.8406
1212		-13.5246		-84.6093
1213		-3.94714		-112.962
1214		24.274		-127.477
1215		55.6036		-119.068
1216		72.5645		-92.5147
1217		66.2504		-63.8987
1218		42.0719		-51.2516
1219		17.2291		-63.676
1220		11.1047		-95.2343
1221		33.8866		-127.323
1222		79.8962		-138.481
1223		129.588		-116.316
1224		159.367		-64.9055
1225		153.972		-3.42966
1226		114.641		43.3594
1227		58.576		57.7142
1228		10.0059		37.6904
1229		-12.2344		-2.53415
1230		-3.8243		-40.8
1231		24.0385		-58.8898
1232		51.9608		-51.5915
1233		63.5744		-28.0617
1234		54.1939		-5.1433
1235		32.1519		3.12315
1236		12.4425		-6.47133
1237		6.81284		-25.3529
1238		16.4271		-39.5742
1239		31.5572		-39.4281
1240		38.4216		-26.1896
1241		28.8768		-11.6551
1242		6.80959		-10.557
1243		-13.0616		-30.3821
1244		-13.7285		-64.9561
1245		13.0438		-96.1759
1246		59.8201		-103.551
1247		105.386		-76.4397
1248		125.122		-21.8988
1249		104.531		36.8709
1250		48.4032		71.3577
1251		-19.8713		62.4301
1252		-69.0734		10.9915
1253		-75.6509		-61.4154
1254		-35.778		-122.765
1255		32.5371		-146.33
1256		98.544		-123.817
1257		134.271		-68.9242
1258		128.253		-9.55266
1259		90.256		27.025
1260		44.7663		27.9779
1261		17.0813		0.393173
1262		19.7995		-34.199
1263		47.0273		-52.8029
1264		79.1551		-43.963
1265		95.0908		-13.5435
1266		84.744		19.6991
1267		54.6201		35.8749
1268		23.4776		26.0629
1269		10.7658		-2.29199
1270		24.6871		-29.771
1271		56.8762		-36.5545
1272		86.8362		-14.423
1273		93.6112		27.8104
1274		68.009		68.647
1275		18.3423		85.6363
1276		-33.6463		67.8594
1277		-64.4236		22.0937
1278		-61.3226		-30.8225
1279		-29.1198		-67.3466
1280		13.0919		-73.8871
1281		42.8388		-53.6624
1282		46.7439		-24.0302
1283		27.4876		-5.99432
1284		1.44429		-12.0079
1285		-11.4495		-39.0583
1286		0.382019		-70.8841
1287		33.3459		-87.879
1288		70.8568		-78.8248
1289		93.1303		-47.6143
1290		88.8238		-11.0814
1291		61.7256		10.7407
1292		28.6092		6.22775
1293		9.52267		-21.1417
1294		16.1978		-54.908
1295		45.3565		-75.3247
1296		80.8508		-70.9499
1297		103.414		-45.3157
1298		102.321		-14.6926
1299		82.0704		1.85979
1300		59.9929		-5.59894
1301		55.9411		-31.0486
1302		79.8732		-54.9859
1303		124.544		-55.1767
1304		167.805		-19.8321
1305		183.669		44.2164
1306		156.338		113.178
1307		89.5735		157.282
1308		6.20583		155.438
1309		-62.1411		105.876
1310		-89.7958		27.2095
1311		-68.63		-50.4922
1312		-10.7089		-99.7857
1313		58.8881		-107.718
1314		114.772		-79.6461
1315		142.543		-33.7917
1316		143.017		9.69946
1317		128.023		38.7559
1318		111.174		53.1405
1319		99.5244		60.6924
1320		91.0078		69.2903
1321		78.606		80.1009
1322		57.977		86.5457
1323		33.1148		79.5833
1324		15.9178		55.7524
1325		19.4482		22.4747
1326		48.8111		-3.39801
1327		95.4265		-3.74162
1328		138.83		30.2792
1329		155.866		91.4186
1330		132.691		157.769
1331		72.9994		202.379
1332		-2.39819		206.381
1333		-64.9545		168.697
1334		-92.1021		106.975
1335		-78.1831		49.02
1336		-36.8295		19.0731
1337		6.44707		26.0905
1338		27.485		60.0932
1339		15.5085		98.3016
1340		-22.2617		117.545
1341		-65.5343		106.203
1342		-92.372		69.4392
1343		-90.7352		25.3193
1344		-64.0186		-5.57019
1345		-28.0275		-11.0382
1346		-1.63803		7.15648
1347		3.30011		35.6959
1348		-12.7663		58.044
1349		-39.1309		63.5607
1350		-62.3039		52.161
1351		-74.052		32.2594
1352		-75.132		13.8809
1353		-72.7681		1.63747
1354		-73.9152		-7.87097
1355		-78.9801		-22.6339
1356		-80.3555		-48.1065
1357		-67.0365		-81.2036
1358		-32.636		-109.707
1359		18.3064		-118.116
1360		70.138		-96.8885
1361		102.958		-49.5658
1362		103.148		6.91312
1363		71.6433		49.6877
1364		24.8247		61.6499
1365		-13.1483		40.9553
1366		-22.8945		2.78036
1367		-0.519592		-28.2113
1368		39.6251		-31.0655
1369		72.1259		-0.372955
1370		74.1724		49.8813
1371		38.4883		92.9718
1372		-21.6005		103.423
1373		-78.0657		71.0282
1374		-102.288		7.29832
1375		-80.086		-59.3857
1376		-19.6767		-97.6841
1377		51.8157		-89.1256
1378		101.67		-37.5653
1379		107.839		32.7398
1380		69.7054		89.4707
1381		7.75223		108.545
1382		-47.5832		85.8443
1383		-71.8963		38.3208
1384		-59.1795		-5.9296
1385		-24.1107		-23.1797
1386		6.76495		-6.85061
1387		10.0857		29.2036
1388		-21.17		58.54
1389		-73.4377		56.7945
1390		-119.443		15.2971
1391		-132.493		-53.6031
1392		-100.609		-122.281
1393		-33.0911		-161.587
1394		43.8278		-155.399
1395		99.8648		-108.483
1396		115.379		-43.7747
1397		90.3864		9.26813
1398		43.5374		29.0914
1399		1.98254		11.8928
1400		-12.3821		-27.8221
1401		6.80226		-65.7605
1402		48.4986		-80.6238
1403		91.2337		-64.4437
1404		114.755		-25.4138
1405		110.124		17.6838
1406		83.1995		45.9841
1407		50.2216		50.196
1408		28.3912		34.4701
1409		26.7434		12.901
1410		42.0994		1.0629
1411		61.8632		7.4324
1412		71.6816		29.2921
1413		63.5047		55.0074
1414		39.6536		71.0278
1415		10.9164		69.4893
1416		-9.93307		52.1954
1417		-15.3459		28.9491
1418		-6.84604		11.4293
1419		6.56519		6.26239
1420		14.4047		11.3217
1421		11.5694		17.414
1422		2.00345		14.4553
1423		-3.15662		-1.35422
1424		7.76019		-23.5571
1425		38.9686		-37.2936
1426		82.3447		-26.5583
1427		118.745		16.5406
1428		125.577		85.2481
1429		87.4481		158.056
1430		4.94659		205.79
1431		-102.832		203.188
1432		-203.692		140.015
1433		-263.764		26.6919
1434		-260.263		-108.221
1435		-190.219		-227.838
1436		-71.5278		-300.008
1437		63.9347		-308.22
1438		182.058		-256.063
1439		258.055		-163.839
1440		283.215		-59.3918
1441		264.637		32.4942
1442		219.004		97.5425
1443		163.999		133.613
1444		111.609		146.823
1445		66.1258		145.087
1446		26.9518		132.927
1447		-6.28894		110.301
1448		-29.9023		75.6912
1449		-36.2153		31.1133
1450		-17.8495		-14.481
1451		26.203		-46.1659
1452		86.4494		-48.6617
1453		143.771		-14.1254
1454		175.847		52.0064
1455		166.63		130.711
1456		114.361		195.656
1457		33.8952		223.743
1458		-48.4451		205.166
1459		-105.585		148.087
1460		-121.216		75.3227
1461		-96.6456		14.2899
1462		-49.5778		-15.2068
1463		-5.25815		-9.52515
1464		15.7971		18.0878
1465		7.51181		44.9668
1466		-19.389		51.0009
1467		-43.5308		29.1313
1468		-44.457		-10.9083
1469		-13.7653		-47.518
1470		39.8486		-58.3686
1471		94.2433		-32.1382
1472		124.401		25.078
1473		114.651		91.9323
1474		66.4733		141.499
1475		-1.93835		153.65
1476		-64.005		124.066
1477		-96.7547		65.6017
1478		-90.5651		1.66919
1479		-52.1015		-44.7844
1480		0.510345		-61.1012
1481		47.3289		-48.8837
1482		75.8981		-20.6895
1483		85.6047		8.18994
1484		85.372		28.1793
1485		86.5668		39.6692
1486		95.3549		51.1955
1487		108.7		73.0466
1488		115.94		110.127
1489		104.735		158.021
1490		67.9303		204.19
1491		7.68372		233.346
1492		-65.0256		233.921
1493		-134.739		202.324
1494		-187.019		143.296
1495		-212.253		67.0232
1496		-206.393		-14.6346
1497		-169.452		-90.4443
1498		-103.906		-149.835
1499		-14.8806		-181.859
1500		87.7046		-175.364
1501		186.946		-122.031
1502		259.507		-21.822
1503		280.711		111.889
1504		233.447		251.15
1505		117.412		358.707
1506		-46.002		399.166
1507		-216.701		352.229
1508		-346.999		222.394
1509		-397.243		40.3694
1510		-349.919		-145.259
1511		-216.411		-283.392
1512		-33.5908		-336.968
1513		148.418		-294.386
1514		282.352		-171.76
1515		337.676		-5.89941
1516		307.569		158.465
1517		207.688		281.981
1518		68.6958		340.029
1519		-73.6158		326.15
1520		-187.018		250.286
1521		-248.514		134.159
1522		-247.077		5.9841
1523		-184.571		-104.459
1524		-75.5776		-170.66
1525		54.166		-174.588
1526		171.822		-111.858
1527		244.603		4.87836
1528		249.041		146.68
1529		179.524		274.648
1530		52.3732		351.017
1531		-97.2359		351.643
1532		-225.518		275.083
1533		-294.303		144.246
1534		-283.964		-0.63739
1535		-199.984		-115.373
1536		-70.5897		-166.432
1537		63.418		-141.302
1538		162.436		-50.9889
1539		200.099		75.5355
1540		169.55		201.963
1541		82.7076		295.873
1542		-35.8066		336.718
1543		-156.84		318.851
1544		-253.97		250.222
1545		-308.32		148.63
1546		-311.003		37.3522
1547		-264.028		-59.1207
1548		-180.151		-119.408
1549		-81.2299		-129.88
1550		5.78865		-88.9811
1551		55.5207		-9.50204
1552		52.1458		83.1607
1553		-4.07361		157.635
1554		-94.9766		186.716
1555		-189.243		157.497
1556		-252.796		77.1708
1557		-261.185		-28.4901
1558		-208.918		-123.979
1559		-111.721		-176.912
1560		-0.657288		-169.688
1561		89.3769		-105.226
1562		131.912		-4.76204
1563		117.016		100.785
1564		52.6131		181.775
1565		-40.4169		218.611
1566		-136.246		205.533
1567		-211.513		149.414
1568		-249.828		65.743
1569		-243.278		-25.6188
1570		-192.482		-103.514
1571		-106.75		-147.886
1572		-4.46152		-142.962
1573		87.9208		-82.0654
1574		140.287		27.1053
1575		127.455		159.774
1576		39.7915		277.299
1577		-108.689		337.56
1578		-279.767		310.116
1579		-420.549		190.34
1580		-481.145		5.72966
1581		-434.11		-189.953
1582		-287.361		-334.013
1583		-84.2382		-377.504
1584		110.418		-304.104
1585		233.144		-137.137
1586		244.571		68.4318
1587		142.849		245.79
1588		-37.246		339.645
1589		-238.297		323.873
1590		-400.77		207.243
1591		-481.573		26.5821
1592		-464.155		-168.035
1593		-358.326		-329.078
1594		-192.596		-422.591
1595		-4.10951		-432.343
1596		169.516		-358.768
1597		295.123		-216.055
1598		347.121		-29.8195
1599		311.088		164.793
1600		188.574		326.786
1601		1.09502		416.912
1602		-210.429		408.816
1603		-393.733		300.013
1604		-500.19		117.035
1605		-501.84		-89.6932
1606		-403.06		-261.368
1607		-240.581		-351.494
1608		-70.3895		-343.069
1609		53.7071		-254.267
1610		100.636		-129.488
1611		72.3929		-19.5492
1612		-0.51442		39.8466
1613		-76.0138		41.2849
1614		-121.21		4.53311
1615		-126.583		-37.5452
1616		-106.88		-58.1923
1617		-89.0408		-50.789
1618		-94.3177		-30.4638
1619		-124.733		-22.8961
1620		-161.445		-46.9691
1621		-175.936		-101.301
1622		-147.724		-162.56
1623		-78.5681		-196.945
1624		5.19203		-178.877
1625		64.1023		-106.721
1626		65.31		-6.68344
1627		0.279439		77.8456
1628		-108.951		106.504
1629		-218.593		61.5707
1630		-282.824		-42.9882
1631		-274.605		-167.613
1632		-197.338		-265.201
1633		-81.9441		-301.967
1634		28.5313		-270.889
1635		98.5117		-191.714
1636		113.821		-98.6835
1637		83.6913		-23.2528
1638		31.2867		18.9072
1639		-20.8112		30.5111
1640		-61.6019		24.9474
1641		-93.3758		14.1332
1642		-124.267		-0.0924835
1643		-157.334		-25.7078
1644		-183.86		-71.7909
1645		-185.931		-137.221
1646		-147.529		-204.644
1647		-67.8295		-244.806
1648		31.6915		-230.368
1649		111.997		-152.415
1650		132.451		-30.4156
1651		70.9742		91.0247
1652		-61.7317		158.821
1653		-221.886		134.687
1654		-347.889		14.2834
1655		-385.207		-167.217
1656		-310.056		-346.606
1657		-141.208		-456.811
1658		65.5528		-453.583
1659		238.14		-333.383
1660		315.323		-135.135
1661		269.204		74.413
1662		114.381		225.2
1663		-98.8146		268.218
1664		-303.136		190.699
1665		-437.239		17.6338
1666		-464.088		-199.135
1667		-379.479		-398.761
1668		-209.74		-529.319
1669		-1.412		-560.498
1670		192.489		-488.732
1671		325.464		-335.337
1672		367.224		-139.757
1673		309.201		49.812
1674		165.837		186.711
1675		-28.2276		235.787
1676		-225.01		181.674
1677		-373.546		33.6463
1678		-432.186		-174.783
1679		-380.003		-392.514
1680		-223.915		-562.999
1681		1.2327		-639.106
1682		240.479		-596.523
1683		432.763		-441.554
1684		527.33		-210.622
1685		497.805		38.6425
1686		349.868		242.352
1687		120.382		347.206
1688		-131.758		324.687
1689		-340.605		178.923
1690		-450.116		-53.766
1691		-428.883		-313.556
1692		-278.899		-532.03
1693		-36.0078		-649.766
1694		238.477		-632.229
1695		473.239		-479.696
1696		605.754		-228.177
1697		599.348		59.4432
1698		453.557		309.989
1699		204.509		459.784
1700		-85.0161		471.86
1701		-342.944		345.471
1702		-507.408		115.22
1703		-542.597		-159.55
1704		-446.584		-411.446
1705		-249.613		-582.568
1706		-4.34418		-638.075
1707		228.408		-572.773
1708		394.371		-410.188
1709		457.667		-195.441
1710		407.957		15.7845
1711		262.144		169.902
1712		60.6092		227.633
1713		-141.706		173.764
1714		-288.352		22.2014
1715		-336.348		-185.792
1716		-269.373		-391.223
1717		-104.69		-533.629
1718		109.801		-569.871
1719		309.12		-489.256
1720		432.025		-318.863
1721		442.149		-115.825
1722		341.391		51.7904
1723		169.749		128.954
1724		-9.07005		93.344
1725		-131.008		-37.1923
1726		-154.794		-212.461
1727		-75.6281		-369.708
1728		75.7109		-457.03
1729		247.151		-450.824
1730		386.137		-360.723
1731		457.864		-221.389
1732		453.845		-76.295
1733		388.931		38.496
1734		290.376		103.734
1735		185.651		117.199
1736		94.9276		87.3545
1737		30.3492		25.9517
1738		-0.286713		-55.5792
1739		9.70847		-144.672
1740		64.8022		-223.962
1741		161.558		-270.32
1742		282.259		-260.082
1743		393.517		-179.816
1744		453.69		-37.5555
1745		428.144		132.531
1746		306.267		276.908
1747		111.72		340.385
1748		-100.597		288.292
1749		-261.646		123.341
1750		-313.372		-111.182
1751		-231.483		-344.537
1752		-35.9715		-503.241
1753		215.318		-537.324
1754		447.336		-437.376
1755		593.884		-235.938
1756		618.489		6.20358
1757		522.66		221.956
1758		340.236		358.655
1759		122.552		390.21
1760		-78.0302		318.374
1761		-219.929		166.049
1762		-277.304		-31.8765
1763		-240.167		-235.723
1764		-113.461		-405.221
1765		82.4743		-502.98
1766		310.972		-500.277
1767		521.231		-386.011
1768		657.192		-175.803
1769		673.278		84.4756
1770		552.42		325.899
1771		318.323		475.26
1772		34.4661		480.214
1773		-212.859		330.995
1774		-342.96		68.6435
1775		-310.083		-225.575
1776		-121.57		-456.964
1777		163.269		-550.474
1778		453.723		-476.975
1779		659.599		-262.324
1780		721.74		23.875
1781		629.501		294.399
1782		419.615		474.299
1783		158.941		522.947
1784		-80.2029		441.233
1785		-241.837		263.957
1786		-298.063		43.3955
1787		-249.295		-167.768
1788		-116.723		-327.999
1789		67.1821		-411.235
1790		265.756		-406.374
1791		441.964		-315.822
1792		561.194		-155.48
1793		595.869		44.5626
1794		532.724		241.706
1795		380.311		387.821
1796		172.171		441.695
1797		-38.2828		383.306
1798		-191.7		223.809
1799		-241.582		5.74026
1800		-170.774		-208.354
1801		1.33429		-355.55
1802		224.424		-393.174
1803		433.813		-312.465
1804		571.584		-140.137
1805		604.229		72.1428
1806		530.704		265.614
1807		379.15		392.464
1808		195.09		427.839
1809		26.6226		372.99
1810		-88.0344		250.572
1811		-127.583		95.6669
1812		-89.1359		-53.6568
1813		14.051		-163.869
1814		156.592		-211.162
1815		305.729		-184.92
1816		426.963		-89.8526
1817		490.821		53.8239
1818		480.111		213.45
1819		395.583		350.955
1820		257.341		432.897
1821		100.252		440.535
1822		-36.0789		376.089
1823		-119.636		262.22
1824		-136.03		134.399
1825		-92.3113		28.8301
1826		-13.1256		-29.4196
1827		69.0095		-33.6104
1828		125.208		4.47991
1829		139.091		60.6265
1830		110.271		107.363
1831		52.3291		122.554
1832		-12.7056		94.7346
1833		-60.6755		24.6584
1834		-70.5511		-75.8651
1835		-28.2444		-186.375
1836		70.4288		-280.748
1837		217.25		-331.185
1838		390.28		-313.948
1839		555.449		-216.62
1840		672.62		-44.9523
1841		706.007		173.931
1842		636.299		394.917
1843		469.924		565.583
1844		240.956		641.56
1845		3.5538		601.279
1846		-183.277		454.265
1847		-273.369		239.314
1848		-246.991		12.9775
1849		-115.501		-167.273
1850		84.0057		-258.869
1851		301.004		-243.605
1852		485.471		-128.695
1853		598.546		58.8784
1854		617.702		280.758
1855		537.423		494.68
1856		368.124		659.644
1857		135.428		740.03
1858		-120.397		710.907
1859		-347.395		565.452
1860		-490.162		322.45
1861		-503.959		29.2761
1862		-371.304		-244.287
1863		-114.242		-422.912
1864		204.876		-449.534
1865		497.747		-307.659
1866		676.874		-32.3297
1867		685.75		296.763
1868		520.595		579.615
1869		234.06		729.584
1870		-81.7659		703.65
1871		-327.198		517.254
1872		-429.448		237.727
1873		-366.476		-40.912
1874		-171.465		-231.556
1875		82.6385		-282.843
1876		311.164		-192.872
1877		446.709		-4.32018
1878		458.449		214.853
1879		356.442		396.008
1880		182.243		490.218
1881		-7.97585		478.552
1882		-160.407		371.659
1883		-235.601		202.173
1884		-214.209		14.7074
1885		-98.1486		-143.322
1886		90.4704		-229.439
1887		311.842		-213.489
1888		513.523		-85.308
1889		639.864		138.8
1890		645.957		414.272
1891		513.107		674.83
1892		260.007		848.408
1893		-56.4778		879.106
1894		-354.039		747.825
1895		-548.846		483.037
1896		-583.006		155.881
1897		-445.334		-140.355
1898		-176.957		-319.826
1899		141.141		-332.123
1900		414.38		-178.265
1901		565.022		91.0844
1902		555.674		393.986
1903		397.913		644.721
1904		144.221		780.064
1905		-132.226		775.405
1906		-361.463		646.59
1907		-495.794		439.127
1908		-518.674		210.638
1909		-442.807		13.6094
1910		-300.752		-116.285
1911		-133.014		-164.438
1912		22.1884		-135.445
1913		135.486		-47.9952
1914		189.503		70.8779
1915		179.876		190.969
1916		115.174		283.653
1917		15.7081		326.77
1918		-89.6013		309.58
1919		-169		236.581
1920		-195.911		128.293
1921		-157.25		17.4719
1922		-59.1435		-59.3032
1923		72.681		-72.7399
1924		198.989		-11.1681
1925		278.501		113.731
1926		281.367		268.451
1927		200.178		406.751
1928		54.4022		483.931
1929		-113.879		471.824
1930		-252.223		369.42
1931		-314.489		205.104
1932		-276.497		29.1296
1933		-145.233		-101.753
1934		42.0214		-142.666
1935		228.857		-75.7336
1936		357.762		83.521
1937		388.813		291.082
1938		312.328		489.138
1939		150.801		625.278
1940		-50.5028		669.009
1941		-240.427		619.414
1942		-379.389		501.357
1943		-450.377		352.479
1944		-459.397		207.142
1945		-426.124		84.676
1946		-370.086		-12.9758
1947		-299.744		-93.8428
1948		-210.256		-163.37
1949		-91.165		-214.144
1950		60.1773		-224.352
1951		227.114		-167.044
1952		371.487		-26.4117
1953		443.894		186.979
1954		403.312		430.569
1955		237.776		638.537
1956		-23.7502		743.06
1957		-315.004		700.112
1958		-551.745		509.006
1959		-659.971		216.935
1960		-602.099		-94.1837
1961		-390.819		-333.911
1962		-85.3443		-432.605
1963		228.069		-362.996
1964		463.523		-146.759
1965		560.681		154.898
1966		499.684		461.68
1967		302.549		697.571
1968		23.0833		809.614
1969		-269.415		777.889
1970		-507.08		616.434
1971		-637.359		367.454
1972		-632.586		91.5903
1973		-495.332		-144.018
1974		-259.363		-279.212
1975		14.9398		-274.949
1976		252.055		-125.656
1977		379.508		134.365
1978		349.368		434.888
1979		156.513		686.041
1980		-153.967		804.263
1981		-495.436		740.331
1982		-764.082		499.25
1983		-872.068		143.306
1984		-777.999		-224.763
1985		-503.112		-493.868
1986		-126.428		-580.984
1987		240.061		-458.749
1988		487.409		-164.301
1989		544.088		213.475
1990		396.916		563.031
1991		92.3398		784.782
1992		-280.669		819.453
1993		-618.688		661.899
1994		-832.931		358.144
1995		-870.873		-10.8636
1996		-725.986		-352.097
1997		-435.568		-583.062
1998		-69.5323		-649.438
1999		286.124		-535.505
2000		547.993		-266.813
2001		653.446		94.9341
2002		575.625		464.568
2003		331.866		752.609
2004		-17.8705		887.761
2005		-384.352		837.25
2006		-672.516		618.274
2007		-809.051		295.249
2008		-765.243		-38.2585
2009		-566.49		-288.252
2010		-283.951		-390.221
2011		-10.4047		-329.415
2012		171.287		-143.721
2013		215.437		92.0464
2014		126.42		294.289
2015		-47.1519		400.233
2016		-233.762		387.775
2017		-366.691		278.792
2018		-407.071		126.132
2019		-354.129		-9.1071
2020		-240.324		-80.308
2021		-115.306		-69.6472
2022		-26.3206		9.93938
2023		-2.7216		123.662
2024		-49.1925		229.4
2025		-148.019		291.736
2026		-267.47		291.196
2027		-372.196		227.338
2028		-432.46		116.735
2029		-430.702		-12.2143
2030		-365.239		-126.136
2031		-251.094		-194.421
2032		-117.47		-197.184
2033		-1.26775		-131.984
2034		63.0624		-16.8765
2035		55.0991		112.659
2036		-22.5923		213.694
2037		-142.547		250.551
2038		-259.984		209.092
2039		-328.488		104.374
2040		-318.318		-22.7477
2041		-229.738		-120.096
2042		-94.9881		-144.7
2043		33.0179		-80.996
2044		101.369		51.3468
2045		78.8299		203.975
2046		-30.7351		318.55
2047		-189.103		349.991
2048		-338.446		284.523
2049		-423.896		145.064
2050		-414.507		-17.9877
2051		-314.235		-146.296
2052		-159.152		-195.122
2053		-3.063		-148.378
2054		101.889		-22.1866
2055		121.915		142.887
2056		50.1566		296.399
2057		-94.1036		393.244
2058		-273.126		404.663
2059		-441.144		323.259
2060		-554.208		162.984
2061		-578.153		-43.8198
2062		-495.165		-251.079
2063		-309.452		-405.681
2064		-51.1352		-457.344
2065		224.349		-371.756
2066		444.379		-144.465
2067		535.878		189.591
2068		447.782		556.775
2069		172.316		859.087
2070		-243.644		1000.55
2071		-703.92		918.365
2072		-1086.36		607.943
2073		-1278.31		131.601
2074		-1212.91		-394.332
2075		-893.207		-831.427
2076		-395.056		-1060.22
2077		153.318		-1016.78
2078		608.544		-712.406
2079		853.938		-230.093
2080		832.418		300.679
2081		560.576		741.962
2082		120.729		985.901
2083		-365.082		982.377
2084		-770.118		748.794
2085		-996.482		361.063
2086		-998.444		-69.8696
2087		-790.744		-428.477
2088		-441.39		-624.002
2089		-52.0168		-611.989
2090		268.899		-403.68
2091		433.644		-61.7055
2092		397.429		316.739
2093		169.832		625.417
2094		-187.687		777.267
2095		-578.19		728.052
2096		-895.797		488.695
2097		-1055.22		122.21
2098		-1015.61		-274.493
2099		-791.216		-598.715
2100		-445.444		-771.288
2101		-70.384		-757.718
2102		241.123		-574.643
2103		421.309		-280.343
2104		442.93		46.1972
2105		320.449		329.438
2106		98.6942		516.123
2107		-164.822		583.473
2108		-416.352		536.44
2109		-615.686		398.192
2110		-738.006		199.908
2111		-770.753		-25.431
2112		-710.339		-244.219
2113		-562.407		-421.083
2114		-345.85		-519.905
2115		-97.1509		-510.197
2116		130.119		-378.325
2117		274.332		-139.043
2118		282.921		159.282
2119		132.325		441.019
2120		-157.437		621.969
2121		-521.069		635.529
2122		-862.359		457.181
2123		-1081.39		117.609
2124		-1105.95		-301.692
2125		-916.02		-690.111
2126		-552.704		-940.206
2127		-107.937		-979.904
2128		301.412		-794.103
2129		566.592		-429.123
2130		616.816		20.5677
2131		437.462		438.324
2132		72.604		715.833
2133		-387.267		779.859
2134		-827.887		609.229
2135		-1138.21		239.292
2136		-1235.96		-245.972
2137		-1087.04		-732.128
2138		-715.273		-1099.44
2139		-200.112		-1250.7
2140		338.649		-1136.37
2141		767.607		-770.759
2142		973.108		-233.716
2143		893.2		345.246
2144		538.576		818.618
2145		-5.52804		1060.96
2146		-599.483		1005.82
2147		-1087.27		667.307
2148		-1341.42		138.096
2149		-1300.54		-436.921
2150		-986.888		-903.405
2151		-497.87		-1142.95
2152		25.313		-1106.16
2153		440.977		-823.04
2154		647.476		-388.63
2155		608.238		69.4309
2156		355.076		429.396
2157		-28.3547		607.213
2158		-434.786		573.223
2159		-762.876		351.862
2160		-939.717		8.29315
2161		-932.524		-371.228
2162		-750.216		-699.08
2163		-437.912		-902.667
2164		-67.147		-936.742
2165		277.022		-791.938
2166		512.035		-498.85
2167		576.257		-125.433
2168		446.709		234.833
2169		150.442		484.414
2170		-236.575		549.02
2171		-606.333		402.676
2172		-848.94		80.8694
2173		-887.397		-325.371
2174		-704.697		-695.049
2175		-352.31		-915.098
2176		64.5624		-917.505
2177		420.692		-701.919
2178		611.516		-335.107
2179		585.976		72.4083
2180		359.884		403.409
2181		6.18008		570.656
2182		-372.461		540.271
2183		-677.042		335.206
2184		-839.245		20.6262
2185		-834.094		-320.388
2186		-677.448		-610.436
2187		-413.631		-793.178
2188		-100.828		-838.634
2189		200.042		-741.615
2190		431.748		-518.466
2191		545.201		-205.43
2192		505.756		141.983
2193		302.74		452.465
2194		-40.5847		649.295
2195		-462.654		668.382
2196		-870.664		479.627
2197		-1160.82		103.328
2198		-1247.38		-386.829
2199		-1090.86		-878.408
2200		-714.509		-1249.74
2201		-201.775		-1405.05
2202		325.572		-1303
2203		741.434		-968.744
2204		949.958		-485.76
2205		909.5		28.8008
2206		639.568		455.967
2207		210.947		703.694
2208		-275.311		724.998
2209		-712.248		523.129
2210		-1008.26		145.941
2211		-1102.19		-326.249
2212		-972.192		-795.661
2213		-639.338		-1163.25
2214		-166.226		-1345.84
2215		350.914		-1293.42
2216		798.222		-1003.83
2217		1068.02		-529.89
2218		1086.37		26.2202
2219		836.609		533.435
2220		370.179		864.21
2221		-201.534		930.276
2222		-734.369		710.286
2223		-1090.67		259.269
2224		-1178.6		-304.603
2225		-978.849		-832.625
2226		-549.825		-1187.47
2227		-10.0851		-1281.21
2228		496.015		-1097.92
2229		838.307		-695.043
2230		934.518		-184.537
2231		768.891		299.09
2232		392.289		634.109
2233		-94.2448		740.918
2234		-566.701		599.032
2235		-908.776		249.15
2236		-1039.07		-218.835
2237		-929.306		-688.438
2238		-610.127		-1044.74
2239		-163.214		-1202.02
2240		298.795		-1124.75
2241		660.366		-836.551
2242		832.441		-414.365
2243		775.417		31.4221
2244		509.217		385.959
2245		107.284		560.125
2246		-323.861		513.354
2247		-673.452		262.687
2248		-855.218		-123.991
2249		-828.026		-547.686
2250		-603.51		-904.595
2251		-240.036		-1111.43
2252		173.817		-1123.63
2253		541.083		-943.321
2254		778.269		-616.663
2255		833.175		-222.494
2256		696.015		145.171
2257		402.214		397.84
2258		25.8929		473.146
2259		-335.904		351.317
2260		-586.281		63.0316
2261		-654.24		-315.09
2262		-516.181		-678.396
2263		-205.767		-922.27
2264		192.733		-972.788
2265		567.367		-810.034
2266		811.39		-475.56
2267		855.458		-60.448
2268		688.045		322.514
2269		357.06		573.014
2270		-47.3818		631.859
2271		-422.018		494.668
2272		-680.431		207.387
2273		-773.852		-152.521
2274		-697.5		-500.576
2275		-483.6		-766.317
2276		-186.981		-905.203
2277		129.682		-901.004
2278		406.485		-762.401
2279		592.459		-518.492
2280		650.127		-215.593
2281		561.447		85.8809
2282		335.406		317.986
2283		13.6955		417.998
2284		-331.055		346.257
2285		-608.54		103.439
2286		-734.639		-260.969
2287		-659.111		-655.557
2288		-386.596		-970.21
2289		18.6629		-1109.38
2290		448.375		-1023.85
2291		781.939		-728.89
2292		923.517		-301.5
2293		831.261		142.612
2294		528.7		483.774
2295		95.4783		632.523
2296		-357.658		552.116
2297		-719.832		263.903
2298		-906.837		-163.172
2299		-877.341		-632.759
2300		-637.174		-1043.57
2301		-234.341		-1308.86
2302		251.569		-1370.87
2303		723.161		-1210.53
2304		1081.65		-852.569
2305		1245.72		-364.726
2306		1171.02		151.549
2307		865.253		580.493
2308		392.829		819.487
2309		-136.216		807.867
2310		-592.771		547.376
2311		-864.186		105.441
2312		-887.312		-402.102
2313		-667.069		-844.377
2314		-273.426		-1113.77
2315		182.104		-1155.66
2316		581.369		-979.556
2317		832.862		-649.423
2318		892.203		-259.06
2319		765.146		96.41
2320		496.192		342.523
2321		151.015		435.652
2322		-198.997		362.784
2323		-485.982		136.816
2324		-650.254		-206.846
2325		-645.433		-610.707
2326		-448.112		-996.172
2327		-71.242		-1271.34
2328		425.299		-1349.65
2329		936.051		-1177.17
2330		1329.42		-759.203
2331		1483.67		-173.426
2332		1328.69		440.635
2333		877.644		917.001
2334		233.458		1113.93
2335		-435.616		962.113
2336		-945.354		491.816
2337		-1153.01		-172.652
2338		-1002.25		-850.094
2339		-539.522		-1358.17
2340		103.066		-1567.85
2341		750.776		-1438.19
2342		1238.84		-1021.48
2343		1456.69		-440.471
2344		1371.3		151.467
2345		1026.27		612.517
2346		521.788		844.683
2347		-14.873		810.152
2348		-459.194		532.185
2349		-713.728		84.6726
2350		-724.974		-425.137
2351		-492.645		-877.873
2352		-70.7912		-1165.69
2353		440.866		-1216.13
2354		916.76		-1011.84
2355		1234.97		-599.742
2356		1310.32		-83.7934
2357		1121.16		400.021
2358		719.471		721.52
2359		218.398		795.543
2360		-240.831		608.858
2361		-532.264		224.361
2362		-583.827		-239.806
2363		-397.424		-648.946
2364		-43.8403		-894.244
2365		364.482		-923.818
2366		711.555		-752.47
2367		912.487		-449.044
2368		933.317		-108.844
2369		791.923		177.055
2370		543.711		344.812
2371		260.57		367.744
2372		11.7264		254.154
2373		-148.62		38.4
2374		-186.873		-229.093
2375		-91.9933		-489.94
2376		123.105		-684.738
2377		420.363		-761.472
2378		738.323		-686.904
2379		1000.58		-459.048
2380		1132.53		-115.503
2381		1083.38		268.468
2382		846.348		595.368
2383		467.981		772.075
2384		40.763		739.628
2385		-321.058		495.294
2386		-515.369		97.7972
2387		-484.289		-347.559
2388		-233.024		-719.514
2389		171.234		-916.889
2390		619.716		-887.86
2391		994.339		-643.152
2392		1200.79		-250.067
2393		1192.27		189.058
2394		977.947		565.809
2395		616.033		792.928
2396		195.74		822.952
2397		-185.407		655.312
2398		-443.013		332.617
2399		-522.119		-70.9988
2400		-406.639		-466.109
2401		-121.508		-765.928
2402		272.331		-903.518
2403		689.662		-845.855
2404		1038.23		-602.033
2405		1238.84		-223.095
2406		1244.08		207.761
2407		1050.81		593.475
2408		702.433		846.024
2409		279.317		908.075
2410		-120.462		767.358
2411		-405.159		459.583
2412		-511.573		59.1136
2413		-419.549		-339.862
2414		-155.312		-646.316
2415		216.523		-793.472
2416		609.467		-753.012
2417		935.652		-539.657
2418		1125.38		-205.94
2419		1141.65		170.913
2420		987.011		506.738
2421		701.843		729.021
2422		354.531		792.553
2423		25.7661		688.972
2424		-209.836		448.087
2425		-300.715		130.531
2426		-229.971		-186.751
2427		-18.6818		-428.821
2428		279.957		-540.346
2429		594.137		-498.061
2430		851.001		-315.045
2431		993.65		-36.0729
2432		993.418		274.264
2433		854.791		547.233
2434		612.526		725.411
2435		322.4		774.507
2436		48.2339		689.465
2437		-151.889		494.238
2438		-237.609		235.8
2439		-194.453		-26.2418
2440		-36.7503		-232.57
2441		195.429		-337.292
2442		445.153		-318.617
2443		651.894		-184.432
2444		766.398		29.1678
2445		763.372		266.721
2446		648.241		467.827
2447		455.581		583.359
2448		239.246		588.706
2449		56.9671		489.902
2450		-45.8697		320.728
2451		-48.221		131.803
2452		42.3901		-24.5987
2453		194.224		-109.078
2454		362.167		-104.603
2455		501.076		-18.7044
2456		577.392		121.251
2457		576.036		277.218
2458		501.675		410.75
2459		375.304		491.588
2460		228.079		503.085
2461		94.3096		444.291
2462		4.81909		329.28
2463		-18.7705		184.338
2464		31.5109		43.285
2465		147.382		-58.899
2466		304.508		-93.6407
2467		466.349		-46.2351
2468		591.759		78.819
2469		645.063		256.71
2470		606.115		446.659
2471		477.223		601.311
2472		284.435		678.93
2473		72.2434		654.984
2474		-107.114		529.657
2475		-206.894		328.965
2476		-197.975		99.1039
2477		-76.6476		-104.434
2478		133.819		-230.083
2479		388.013		-242.513
2480		628.32		-131.239
2481		797.673		86.235
2482		852.427		367.358
2483		772.729		653.016
2484		568.135		880.058
2485		276.981		995.439
2486		-40.9099		968.981
2487		-317.09		801.594
2488		-490.283		526.482
2489		-521.295		202.405
2490		-403.009		-99.8141
2491		-162.494		-314.241
2492		145.632		-395.717
2493		452.819		-330.289
2494		693.336		-137.415
2495		819.463		136.289
2496		811.199		429.485
2497		678.51		680.897
2498		456.528		842.441
2499		195.941		887.882
2500		-48.435		815.942
2501		-228.324		648.41
2502		-310.288		424.611
2503		-281.052		193.654
2504		-149.647		5.46486
2505		53.8322		-98.5655
2506		283.251		-94.2818
2507		485.314		18.8653
2508		611.382		215.863
2509		629.899		450.308
2510		535.947		664.965
2511		354.366		806.767
2512		134.328		842.2
2513		-64.0914		768.079
2514		-187.779		613.539
2515		-207.286		431.777
2516		-126.589		283.562
2517		17.7904		217.69
2518		168.462		254.894
2519		265.953		380.787
2520		268.391		550.34
2521		165.493		702.476
2522		-17.7303		779.891
2523		-228.64		747.587
2524		-403.29		604.202
2525		-486.047		382.803
2526		-446.381		141.275
2527		-287.958		-54.3747
2528		-47.7633		-148.654
2529		213.944		-111.825
2530		429.641		52.1573
2531		541.99		306.662
2532		518.27		591.591
2533		358.454		838.099
2534		95.3459		985.138
2535		-212.95		993.963
2536		-496.343		857.434
2537		-688.83		602.132
2538		-743.793		282.844
2539		-645.152		-29.4494
2540		-411.788		-263.553
2541		-94.0522		-364.503
2542		237.134		-306.717
2543		506.306		-100.667
2544		651.034		208.79
2545		636.85		552.308
2546		465.827		852.082
2547		176.459		1040.22
2548		-165.315		1074.99
2549		-481.893		950.742
2550		-702.675		699.036
2551		-780.896		380.545
2552		-704.334		69.8892
2553		-497.25		-162.625
2554		-213.257		-267.641
2555		78.7294		-227.538
2556		311.567		-58.9142
2557		435.483		193.4
2558		428.374		468.667
2559		298.705		705.326
2560		81.0193		854.868
2561		-174.035		891.333
2562		-412.17		814.749
2563		-587.286		648.566
2564		-670.197		432.491
2565		-652.935		212.841
2566		-548.412		32.6347
2567		-386.092		-76.748
2568		-204.819		-101.036
2569		-44.225		-44.9079
2570		63.7267		70.0355
2571		101.435		210.851
2572		69.1101		341.357
2573		-16.0153		431.053
2574		-124.81		462.652
2575		-224.576		436.098
2576		-288.37		367.717
2577		-302.537		284.563
2578		-270.049		215.6
2579		-208.52		182.538
2580		-143.567		193.365
2581		-99.8647		240.714
2582		-93.0478		305.466
2583		-125.238		364.068
2584		-185.547		396.747
2585		-254.948		393.627
2586		-313.345		356.777
2587		-346.015		297.961
2588		-347.206		233.54
2589		-320.079		178.889
2590		-273.81		144.486
2591		-219.661		134.713
2592		-167.916		149.007
2593		-126.664		183.938
2594		-102.185		234.704
2595		-99.7582		295.236
2596		-123.538		357.282
2597		-174.932		409.743
2598		-250.055		439.644
2599		-337.84		435.312
2600		-420.519		391.04
2601		-477.376		311.286
2602		-491.122		212.14
2603		-454.767		118.558
2604		-376.133		57.4914
2605		-277.663		48.9355
2606		-190.822		98.1038
2607		-146.516		191.907
2608		-164.712		301.524
2609		-246.985		390.63
2610		-374.872		426.669
2611		-514.82		391.312
2612		-628.149		286.486
2613		-682.632		133.928
2614		-661.792		-31.4108
2615		-569.002		-171.675
2616		-425.437		-256.56
2617		-263.115		-270.622
2618		-115.79		-215.582
2619		-10.7498		-107.731
2620		36.244		27.8559
2621		22.2149		163.91
2622		-44.8029		276.334
2623		-149.012		347.444
2624		-270.144		367.324
2625		-386.169		334.207
2626		-475.678		254.632
2627		-520.61		143.441
2628		-509.717		22.8815
2629		-442.239		-80.1574
2630		-330.436		-139.264
2631		-199.265		-135.275
2632		-82.1202		-62.8242
2633		-12.9693		65.8488
2634		-16.8253		221.835
2635		-101.587		365.804
2636		-254.223		458.15
2637		-442.975		470.013
2638		-625.241		391.643
2639		-758.724		235.37
2640		-812.402		32.3159
2641		-773.984		-175.909
2642		-651.964		-347.73
2643		-472.245		-451.172
2644		-271.019		-470.038
2645		-86.3137		-405.74
2646		49.5586		-275.271
2647		115.355		-106.628
2648		103.708		66.9202
2649		21.6256		212.745
2650		-111.018		304.451
2651		-264.96		326.737
2652		-406.996		278.811
2653		-506.977		175.271
2654		-545.109		43.4589
2655		-517.504		-82.9651
2656		-437.791		-173.049
2657		-333.484		-207.627
2658		-237.557		-185.255
2659		-177.743		-122.467
2660		-167.295		-47.7538
2661		-200.815		8.88999
2662		-257.001		27.0073
2663		-307.406		3.02035
2664		-327.846		-49.0894
2665		-307.868		-104.037
2666		-254.499		-135.822
2667		-188.852		-128.261
2668		-137.234		-81.1651
2669		-120.585		-9.84922
2670		-146.675		61.4704
2671		-208.009		109.268
2672		-285.805		119.151
2673		-357.799		89.873
2674		-406.219		31.8468
2675		-422.688		-38.3703
2676		-408.586		-104.628
2677		-371.723		-155.769
2678		-321.742		-186.731
2679		-266.84		-196.662
2680		-213.21		-186.077
2681		-166.713		-155.318
2682		-134.909		-105.481
2683		-127.283		-41.218
2684		-152.599		26.649
2685		-214.129		80.9986
2686		-305.075		102.036
2687		-406.92		73.9824
2688		-492.485		-7.66762
2689		-533.416		-131.57
2690		-509.749		-271.159
2691		-417.954		-391.026
2692		-274.169		-457.251
2693		-111.013		-448.2
2694		31.251		-361.968
2695		116.347		-217.799
2696		122.562		-50.9825
2697		48.9105		97.0423
2698		-84.8756		190.163
2699		-244.21		207.128
2700		-389.28		146.523
2701		-485.468		26.1894
2702		-511.726		-122.272
2703		-464.941		-262.025
2704		-359.647		-360.149
2705		-223.573		-395.206
2706		-90.4501		-361.634
2707		8.12515		-270.241
2708		49.9017		-144.947
2709		26.7211		-16.6879
2710		-54.1703		84.0415
2711		-172.438		134.254
2712		-299.954		123.491
2713		-407.71		55.653
2714		-472.563		-52.6823
2715		-482.175		-176.841
2716		-437.023		-290.191
2717		-349.276		-370.169
2718		-239.162		-402.757
2719		-130.05		-384.577
2720		-43.5391		-322.563
2721		4.44197		-231.732
2722		6.06021		-131.882
2723		-37.5101		-43.9017
2724		-116.51		13.8172
2725		-214.217		28.611
2726		-309.717		-3.89384
2727		-381.741		-78.3511
2728		-413.162		-180.014
2729		-395.279		-287.268
2730		-330.66		-376.301
2731		-233.312		-427.039
2732		-125.611		-428.72
2733		-32.4365		-383.228
2734		25.8662		-304.772
2735		39.4243		-215.672
2736		11.516		-139.417
2737		-43.0979		-93.3454
2738		-103.699		-83.5606
2739		-150.988		-103.95
2740		-173.528		-139.624
2741		-170.848		-173.34
2742		-152.111		-192.286
2743		-131.116		-192.512
2744		-119.876		-179.32
2745		-123.547		-163.704
2746		-138.811		-156.603
2747		-156.203		-163.616
2748		-165.138		-182.524
2749		-159.215		-204.597
2750		-139.354		-218.915
2751		-113.413		-217.593
2752		-92.611		-199.448
2753		-86.5377		-170.512
2754		-99.1144		-141.295
2755		-127.3		-122.25
2756		-162.936		-119.668
2757		-196.608		-133.848
2758		-221.491		-160.203
2759		-235.289		-192.416
2760		-239.517		-225.797
2761		-236.769		-258.973
2762		-227.77		-293.055
2763		-210.037		-328.848
2764		-179.151		-363.831
2765		-132.117		-390.873
2766		-71.0896		-399.817
2767		-5.30434		-381.591
2768		50.2014		-333.1
2769		79.0297		-260.566
2770		69.4182		-179.487
2771		19.3386		-110.824
2772		-61.4973		-74.684
2773		-153.664		-83.8357
2774		-233.386		-139.476
2775		-279.254		-230.696
2776		-277.957		-337.599
2777		-227.304		-436.688
2778		-136.023		-506.606
2779		-21.0158		-532.555
2780		96.6415		-508.629
2781		195.743		-438.171
2782		258.393		-332.755
2783		272.752		-210.308
2784		235.161		-92.5117
2785		151.475		-1.36393
2786		37.0064		45.0568
2787		-85.6341		36.9666
2788		-191.044		-23.8989
2789		-257.169		-123.696
2790		-271.331		-239.417
2791		-233.95		-344.985
2792		-158.278		-418.696
2793		-65.8951		-449.371
2794		20.5531		-438.828
2795		84.6205		-399.672
2796		120.478		-349.347
2797		132.815		-302.987
2798		132.532		-268.111
2799		130.37		-243.317
2800		131.482		-221.243
2801		133.379		-194.12
2802		128.004		-159.104
2803		106.719		-120.813
2804		65.6571		-89.9459
2805		8.84633		-78.7721
2806		-52.2894		-95.7033
2807		-102.692		-141.455
2808		-128.857		-208.38
2809		-123.143		-282.991
2810		-85.5772		-350.232
2811		-22.8788		-397.564
2812		54.2856		-417.317
2813		134.236		-406.966
2814		206.18		-368.058
2815		260.825		-305.002
2816		290.355		-224.575
2817		288.781		-136.155
2818		253.217		-51.8575
2819		185.764		14.4364
2820		94.9203		49.5891
2821		-4.72045		44.7384
2822		-95.022		-1.51562
2823		-158.589		-81.7807
2824		-183.297		-181.232
2825		-165.334		-281.335
2826		-109.645		-364.538
2827		-27.7808		-418.197
2828		65.7002		-436.428
2829		156.713		-419.692
2830		233.777		-372.934
2831		288.53		-303.585
2832		315.275		-220.423
2833		310.666		-133.431
2834		274.24		-53.9324
2835		209.704		6.01308
2836		126.019		35.5636
2837		37.1107		28.0449
2838		-40.4476		-16.2997
2839		-91.397		-89.2254
2840		-106.013		-175.964
2841		-82.8598		-259.021
2842		-28.8797		-322.94
2843		43.2443		-358.167
2844		119.27		-362.586
2845		187.34		-340.375
2846		240.165		-299.08
2847		274.908		-246.493
2848		291.444		-188.804
2849		290.368		-130.558
2850		272.043		-75.8973
2851		237.187		-29.8173
2852		188.412		1.72091
2853		131.499		13.2172
2854		75.2552		1.94954
2855		29.5921		-30.1168
2856		2.52281		-76.0589
2857		-2.5392		-125.786
2858		12.1744		-169.238
2859		39.9641		-199.578
2860		72.5379		-214.92
2861		103.214		-217.85
2862		128.952		-213.12
2863		150.342		-204.733
2864		169.723		-193.94
2865		188.558		-179.104
2866		205.484		-157.41
2867		216.116		-127.481
2868		214.724		-91.496
2869		197.028		-55.7026
2870		162.803		-28.9618
2871		117.089		-19.8893
2872		69.4592		-33.7265
2873		31.5753		-70.1503
2874		13.9014		-122.802
2875		22.6862		-180.66
2876		58.1193		-230.762
2877		114.135		-261.455
2878		179.835		-265.261
2879		242.112		-240.674
2880		288.776		-192.442
2881		311.433		-130.292
2882		307.338		-66.4071
2883		279.718		-12.3046
2884		236.43		23.9677
2885		187.358		39.4472
2886		141.44		36.142
2887		104.414		19.2829
2888		78.1441		-5.28072
2889		61.7011		-33.3505
2890		53.5506		-63.2426
2891		53.607		-94.8518
2892		63.9105		-127.476
2893		87.3605		-157.718
2894		125.008		-178.891
2895		173.336		-182.708
2896		223.219		-162.826
2897		261.62		-118.69
2898		275.767		-57.7086
2899		258.25		5.70607
2900		210.751		54.2937
2901		144.544		73.8471
2902		77.2238		58.4345
2903		26.8315		12.678
2904		5.74465		-49.9437
2905		16.8454		-112.06
2906		53.4409		-158.505
2907		102.724		-181.019
2908		151.04		-179.774
2909		188.595		-161.509
2910		211.76		-135.555
2911		222.432		-109.799
2912		225.366		-88.3312
2913		225.134		-71.4194
2914		224.223		-57.1955
2915		222.881		-43.7213
2916		220.214		-30.2185
2917		215.474		-17.0358
2918		208.613		-4.82321
2919		199.907		6.16812
2920		189.224		15.9961
2921		175.801		24.2185
2922		158.987		29.1237
2923		139.622		27.8999
2924		121.034		18.0822
2925		108.624		-0.319073
2926		107.736		-23.3144
2927		120.623		-43.3169
2928		144.128		-51.7835
2929		169.645		-43.1738
2930		185.937		-18.3148
2931		183.825		14.7609
2932		160.639		43.3466
2933		122.121		55.1157
2934		80.6022		43.4421
2935		50.0631		10.4069
2936		40.3462		-34.0674
2937		53.2803		-76.616
2938		82.5993		-106.23
2939		117.616		-118.584
2940		148.682		-116.782
2941		171.556		-108.312
2942		188.423		-99.9898
2943		205.133		-93.7538
2944		226.335		-85.691
2945		251.342		-68.857
2946		273.228		-38.3309
2947		281.882		4.38716
2948		269.529		50.2836
2949		235.776		85.9744
2950		189.31		99.7232
2951		145.048		87.3324
2952		117.903		54.8138
2953		116.114		16.2906
2954		137.472		-12.0263
2955		170.33		-18.9427
2956		198.97		-3.05608
2957		210.713		27.0582
2958		201.398		57.2323
2959		176.685		74.4359
2960		148.785		72.5767
2961		130.434		54.7158
2962		129.119		30.9293
2963		144.226		13.1894
2964		168.141		9.94675
2965		190.333		22.9644
2966		202.118		47.5707
2967		199.768		75.6816
2968		184.808		99.6692
2969		161.92		115.039
2970		136.069		120.852
2971		110.578		118.244
2972		87.0204		108.433
2973		66.5478		91.6609
2974		51.3546		67.7478
2975		45.0049		37.7232
2976		51.1432		5.25283
2977		71.2497		-23.3748
2978		102.82		-41.0663
2979		139.236		-42.7864
2980		171.691		-27.985
2981		192.391		-1.24052
2982		197.499		29.3334
2983		188.396		55.1937
2984		170.695		70.4943
2985		151.619		73.7813
2986		137.103		67.6218
2987		130.04		56.6326
2988		130.285		45.1452
2989		136.055		35.7656
2990		145.611		29.4025
2991		158.124		26.3822
2992		173.272		27.6244
2993		190.033		34.8956
2994		205.711		49.836
2995		216.108		72.3451
2996		217.064		99.4467
2997		206.637		125.592
2998		186.672		144.573
2999		162.69		152.242
3000		141.879		148.651
3001		129.995		138.384
3002		128.658		128.726
3003		134.436		126.408
3004		140.254		134.448
3005		138.557		150.584
3006		124.776		168.075
3007		99.5121		178.506
3008		68.5113		175.313
3009		40.5002		156.492
3010		23.9267		125.407
3011		23.9952		89.5442
3012		41.0995		57.9093
3013		71.0199		38.2266
3014		106.497		34.9245
3015		139.376		48.3725
3016		162.561		75.2517
3017		171.375		109.62
3018		164.267		144.247
3019		143.012		171.997
3020		112.43		187.217
3021		79.5577		187.04
3022		52.1782		172.326
3023		36.8309		147.816
3024		36.8165		121.139
3025		50.9289		100.716
3026		73.5648		93.1385
3027		96.3797		100.946
3028		110.993		121.738
3029		111.738		149.012
3030		97.3844		174.417
3031		71.2297		190.493
3032		39.6591		192.808
3033		9.95358		180.784
3034		-11.6942		157.176
3035		-21.2855		126.787
3036		-17.1833		95.1996
3037		0.195168		68.0038
3038		28.5763		50.4703
3039		63.6745		47.1871
3040		98.9854		61.1719
3041		126.199		92.4443
3042		136.767		136.669
3043		124.527		184.853
3044		88.5201		224.858
3045		34.6303		244.705
3046		-25.0479		236.666
3047		-75.3598		200.477
3048		-102.806		144.194
3049		-100.038		82.0499
3050		-68.3243		30.0337
3051		-16.9802		0.882454
3052		39.9049		0.435486
3053		88.0008		26.618
3054		116.687		71.0889
3055		121.084		122.458
3056		101.914		169.517
3057		63.9776		203.296
3058		14.4535		217.737
3059		-38.1384		209.605
3060		-84.3317		178.589
3061		-114.231		128.049
3062		-119.024		65.9733
3063		-93.6771		5.01199
3064		-39.9438		-39.4937
3065		31.9691		-53.6402
3066		104.616		-30.0818
3067		157.838		28.0349
3068		175.372		106.473
3069		151.025		183.589
3070		91.6448		237.358
3071		15.2776		253.089
3072		-55.049		228.667
3073		-99.5144		175.046
3074		-108.307		111.765
3075		-84.3012		59.4423
3076		-40.734		32.4535
3077		4.75392		34.7622
3078		36.8811		60.2419
3079		47.3974		96.7043
3080		36.0983		131.288
3081		8.56387		154.598
3082		-27.4863		162.09
3083		-65.0032		152.908
3084		-98.3161		127.798
3085		-122.064		87.9789
3086		-129.93		35.9212
3087		-114.935		-22.5752
3088		-72.0017		-76.813
3089		-1.8643		-112.026
3090		85.8713		-113.318
3091		172.802		-71.6035
3092		235.948		11.0511
3093		255.083		119.486
3094		220.393		228.489
3095		137.132		310.204
3096		25.0296		343.215
3097		-87.6162		319.721
3098		-172.942		247.952
3099		-212.113		148.956
3100		-200.296		49.2771
3101		-146.517		-27.4291
3102		-69.0728		-66.6729
3103		11.1207		-65.4017
3104		76.4688		-30.3031
3105		116.033		26.2387
3106		125.936		90.3608
3107		107.887		149.556
3108		67.3623		193.81
3109		12.4923		215.816
3110		-46.358		211.37
3111		-97.162		180.479
3112		-127.919		128.712
3113		-129.689		67.607
3114		-100.092		12.9673
3115		-45.6139		-19.1669
3116		18.8653		-17.8115
3117		73.8631		18.4643
3118		101.45		79.9268
3119		91.5592		148.041
3120		45.9451		201.272
3121		-21.9147		222.287
3122		-91.0712		203.883
3123		-139.973		151.448
3124		-153.447		81.1318
3125		-127.356		14.5611
3126		-69.5603		-27.9123
3127		2.81756		-33.1466
3128		68.5644		1.37536
3129		108.214		67.2811
3130		108.938		147.798
3131		67.5084		221.989
3132		-8.9938		269.623
3133		-104.566		275.738
3134		-197.444		234.232
3135		-264.597		149.882
3136		-286.95		38.2553
3137		-254.38		-76.8552
3138		-169.245		-168.392
3139		-47.1698		-212.569
3140		85.6623		-195.398
3141		198.478		-117.261
3142		263.769		6.14979
3143		264.791		147.173
3144		200.389		273.092
3145		85.5575		354.66
3146		-52.4916		373.684
3147		-181.52		327.463
3148		-272.509		228.909
3149		-306.598		102.632
3150		-278.952		-21.6127
3151		-198.942		-116.119
3152		-87.0684		-161.267
3153		30.2045		-149.225
3154		126.355		-84.9075
3155		180.276		15.5828
3156		180.486		128.533
3157		127.504		227.575
3158		33.9763		289.288
3159		-77.6804		298.547
3160		-180.002		252.491
3161		-246.875		161.979
3162		-260.257		49.7211
3163		-215.433		-54.9205
3164		-123.082		-123.426
3165		-7.1861		-135.968
3166		100.983		-87.2982
3167		171.276		11.2518
3168		183.051		134.435
3169		131.042		249.765
3170		26.9625		326.275
3171		-103.576		342.807
3172		-227.827		293.535
3173		-314.357		189.33
3174		-340.88		54.8717
3175		-299.573		-77.5035
3176		-198.811		-175.497
3177		-61.215		-214.294
3178		81.3333		-182.219
3179		194.59		-83.6203
3180		249.451		61.5273
3181		228.694		221.271
3182		131.624		358.108
3183		-24.4992		437.171
3184		-206.995		434.626
3185		-374.224		344.367
3186		-484.959		181.077
3187		-508.645		-21.6246
3188		-433.929		-218.112
3189		-272.902		-361.436
3190		-59.4825		-415.175
3191		158.102		-363.231
3192		328.986		-214.71
3193		412.429		-2.31766
3194		388.175		225.46
3195		261.565		416.309
3196		62.0645		526.926
3197		-164.237		533.331
3198		-365.997		436.101
3199		-498.793		259.458
3200		-535.073		44.8386
3201		-469.699		-159.144
3202		-320.174		-307.777
3203		-121.928		-369.861
3204		79.9763		-333.966
3205		240.791		-210.28
3206		325.652		-27.936
3207		316.923		171.55
3208		217.902		343.393
3209		52.0699		449.439
3210		-142.109		466.785
3211		-319.927		393.167
3212		-440.9		247.677
3213		-478.538		66.3442
3214		-426.92		-106.613
3215		-302.208		-229.815
3216		-138.482		-275.208
3217		21.175		-235.168
3218		135.997		-124.197
3219		178.174		25.3041
3220		139.884		172.01
3221		34.7998		276.878
3222		-106.212		313.45
3223		-243.872		274.476
3224		-341.224		173.195
3225		-373.368		39.141
3226		-333.693		-90.1841
3227		-235.132		-179.438
3228		-106.317		-204.706
3229		16.1891		-159.613
3230		97.5674		-56.8391
3231		113.861		75.2303
3232		58.3211		199.843
3233		-56.6057		281.4
3234		-202.169		294.799
3235		-340.451		232.251
3236		-434.028		105.792
3237		-455.73		-55.2801
3238		-396		-211.497
3239		-265.851		-323.098
3240		-94.6113		-360.185
3241		77.0545		-310.522
3242		207.056		-182.977
3243		262.23		-5.74142
3244		226.559		180.184
3245		105.306		330.603
3246		-75.8572		408.537
3247		-276.451		393.035
3248		-450.27		284.441
3249		-555.954		104.93
3250		-566.809		-105.91
3251		-477.677		-299.693
3252		-307.139		-430.371
3253		-94.1663		-465.513
3254		110.483		-394.993
3255		256.458		-234.639
3256		306.733		-23.374
3257		247.801		185.988
3258		94.0122		340.229
3259		-115.592		399.924
3260		-327.468		350.226
3261		-488.018		204.879
3262		-558.065		2.1494
3263		-523.006		-206.128
3264		-395.693		-368.949
3265		-211.497		-449.537
3266		-17.5392		-433.848
3267		140.23		-332.165
3268		228.171		-174.158
3269		231.513		0.256729
3270		155.415		151.078
3271		21.4659		246.68
3272		-138.463		269.093
3273		-289.1		216.001
3274		-398.17		100.12
3275		-441.904		-53.3219
3276		-409.516		-210.754
3277		-306.242		-336.137
3278		-153.955		-398.376
3279		11.8323		-379.227
3280		149.12		-279.634
3281		219.854		-121.973
3282		201.054		53.6521
3283		93.0153		199.094
3284		-78.7277		271.555
3285		-269.172		246.576
3286		-426.117		126.168
3287		-505.194		-60.9604
3288		-482.737		-267.376
3289		-362.265		-440.494
3290		-172.713		-537.178
3291		40.5281		-534.746
3292		228.332		-435.338
3293		350.088		-263.239
3294		382.113		-57.0807
3295		320.796		139.975
3296		181.038		289.181
3297		-8.30742		362.67
3298		-210.244		347.215
3299		-385.735		245.81
3300		-499.91		77.4689
3301		-528.362		-124.962
3302		-462.964		-319.672
3303		-315.655		-463.724
3304		-118.247		-523.013
3305		83.1679		-481.937
3306		238.908		-349.524
3307		309.036		-159.15
3308		275.271		39.1611
3309		147.302		192.2
3310		-39.1405		258.79
3311		-232.238		221.82
3312		-379.027		93.0864
3313		-440.504		-90.594
3314		-402.143		-278.517
3315		-276.847		-420.667
3316		-100.049		-481.146
3317		80.8758		-446.744
3318		219.333		-328.893
3319		280.842		-159.399
3320		250.503		18.1267
3321		135.584		158.697
3322		-36.637		225.976
3323		-224.93		200.23
3324		-382.929		83.0017
3325		-469.341		-102.37
3326		-457.765		-314.88
3327		-344.017		-504.407
3328		-148.788		-623.351
3329		85.7846		-638.789
3330		305.513		-541.864
3331		457.54		-351.369
3332		504.115		-109.981
3333		432.731		126.183
3334		259.548		301.825
3335		25.0923		376.385
3336		-216.296		333.681
3337		-409.99		184.851
3338		-513.701		-35.5925
3339		-506.12		-278.789
3340		-390.097		-492.776
3341		-190.58		-633.152
3342		51.3571		-671.231
3343		286.742		-598.807
3344		467.788		-429.366
3345		556.731		-195.836
3346		533.387		55.0011
3347		400.145		271.103
3348		182.95		405.789
3349		-72.8132		428.441
3350		-311.542		332.622
3351		-480.115		138.945
3352		-540.974		-108.816
3353		-481.864		-353.972
3354		-319.154		-540.963
3355		-93.5649		-629.264
3356		140.518		-603.17
3357		328.972		-474.767
3358		431.091		-279.652
3359		428.523		-67.0671
3360		328.116		112.455
3361		158.698		218.664
3362		-36.6878		229.864
3363		-210.887		146.609
3364		-322.873		-9.31506
3365		-346.366		-200.018
3366		-275.471		-379.732
3367		-126.337		-504.836
3368		65.8191		-543.963
3369		254.279		-486.079
3370		391.877		-344.296
3371		443.176		-153.784
3372		394.507		36.4864
3373		258.678		176.489
3374		72.381		229.005
3375		-113.486		180.42
3376		-247.971		44.9595
3377		-294.492		-139.16
3378		-241.104		-320.594
3379		-103.547		-449.388
3380		79.6221		-490.754
3381		258.058		-434.17
3382		383.349		-295.541
3383		421.583		-112.375
3384		361.646		66.234
3385		217.649		191.966
3386		25.4012		229.028
3387		-165.948		162.864
3388		-305.252		4.17767
3389		-351.479		-212.529
3390		-284.179		-435.884
3391		-109.923		-609.006
3392		137.211		-683.223
3393		402.014		-631.044
3394		620.599		-454.898
3395		736.277		-188.76
3396		714.78		108.594
3397		554.407		367.48
3398		287.875		524.861
3399		-25.0325		540.695
3400		-312.129		408.442
3401		-506.701		156.826
3402		-563.702		-157.412
3403		-470.101		-463.453
3404		-247.164		-693.132
3405		55.2284		-796.259
3406		370.29		-751.237
3407		629.093		-569.176
3408		775.326		-291.201
3409		777.356		20.2491
3410		635.487		294.533
3411		382.903		468.14
3412		79.5689		499.455
3413		-200.462		379.709
3414		-386.255		137.035
3415		-428.001		-168.401
3416		-311.074		-458.065
3417		-61.7363		-654.757
3418		257.995		-703.266
3419		565.684		-586.049
3420		780.101		-329.019
3421		843.034		4.5794
3422		734.97		330.614
3423		480.246		566.055
3424		140.524		650.276
3425		-201.095		559.971
3426		-460.643		314.296
3427		-573.194		-30.2798
3428		-507.636		-393.35
3429		-273.621		-688.691
3430		80.093		-843.269
3431		475.3		-813.682
3432		820.339		-597.113
3433		1029.96		-234.498
3434		1045.59		195.601
3435		851.732		592.534
3436		483.776		856.4
3437		23.823		913.576
3438		-416.522		738.335
3439		-723.353		363.745
3440		-811.014		-122.822
3441		-647.201		-599.949
3442		-264.545		-943.483
3443		245.718		-1060.18
3444		756.85		-913.691
3445		1139.97		-534.964
3446		1297.92		-14.1583
3447		1189.86		523.266
3448		840.33		948.837
3449		331.199		1162.53
3450		-219.792		1115.35
3451		-687.364		818.539
3452		-966.633		338.724
3453		-994.864		-218.063
3454		-763.642		-729.33
3455		-320.297		-1081.37
3456		241.116		-1192.74
3457		797.957		-1032.29
3458		1223.95		-628.334
3459		1417.13		-66.0917
3460		1325.22		528.089
3461		961.918		1014.13
3462		408.244		1272.18
3463		-203.785		1234.73
3464		-722.868		907.317
3465		-1017.9		370.53
3466		-1014.14		-239.159
3467		-714.803		-765.296
3468		-200.953		-1074.01
3469		390.884		-1090.51
3470		906.758		-818.564
3471		1217.39		-337.333
3472		1251.86		222.688
3473		1013.49		716.568
3474		574.913		1023.37
3475		55.2195		1075.4
3476		-412.654		871.554
3477		-715.054		473.097
3478		-783.162		-14.7509
3479		-606.239		-469.503
3480		-231.37		-779.722
3481		248.733		-869.372
3482		716.752		-714.159
3483		1056.67		-347.355
3484		1180.13		146.181
3485		1048.33		647.509
3486		684.228		1030.33
3487		170.967		1192.03
3488		-365.275		1081.7
3489		-785.553		717.343
3490		-974.809		185.618
3491		-874.93		-377.666
3492		-503.969		-822.61
3493		45.4736		-1026.51
3494		629.611		-929.229
3495		1092.53		-551.622
3496		1309.57		9.18463
3497		1222		606.474
3498		852.668		1084.6
3499		298.399		1321.34
3500		-297.878		1259.64
3501		-786.212		920.194
3502		-1048.43		392.839
3503		-1026.18		-189.425
3504		-732.023		-685.211
3505		-242.557		-978.851
3506		322.764		-1005.82
3507		830.698		-764.845
3508		1164.28		-315.597
3509		1247.89		236.067
3510		1063.08		761.831
3511		652.637		1138.98
3512		112.023		1277.74
3513		-430.857		1142.71
3514		-844.318		763.207
3515		-1024.49		229.225
3516		-922.499		-327.95
3517		-559.553		-767.173
3518		-24.6685		-973.74
3519		546.237		-890.846
3520		1005.3		-536.733
3521		1232.5		-1.55178
3522		1168.77		576.151
3523		832.359		1047.01
3524		313.502		1291.6
3525		-251.204		1252.31
3526		-716.647		947.294
3527		-968.036		463.085
3528		-949.666		-70.9404
3529		-676.357		-517.843
3530		-225.991		-767.935
3531		283.07		-764.155
3532		722.44		-512.796
3533		984.003		-78.8433
3534		1003.49		431.214
3535		773.362		894.192
3536		343.668		1197.35
3537		-188.651		1263.01
3538		-699.969		1066.45
3539		-1066.64		643.67
3540		-1193.58		86.5647
3541		-1038.84		-475.227
3542		-627.937		-903.388
3543		-52.5078		-1085.28
3544		548.512		-965.065
3545		1022.33		-562.399
3546		1242.4		28.139
3547		1144.04		658.648
3548		744.706		1165.8
3549		141.946		1414.77
3550		-511.257		1336.45
3551		-1047.09		946.897
3552		-1327.7		343.191
3553		-1281.39		-322.768
3554		-920.257		-884.657
3555		-335.145		-1204.65
3556		329.427		-1207.27
3557		912.696		-895.981
3558		1277.18		-349.635
3559		1340.64		298.91
3560		1093.6		895.72
3561		599.568		1302.15
3562		-21.2567		1426.59
3563		-620.669		1244.94
3564		-1057.24		805.734
3565		-1229.67		218.477
3566		-1101.19		-372.426
3567		-708.852		-822.753
3568		-154.676		-1024.31
3569		419.919		-932.419
3570		870.494		-577.278
3571		1087.16		-55.5929
3572		1022.89		495.818
3573		704.463		937.11
3574		222.852		1162.54
3575		-293.649		1126.95
3576		-715.287		854.365
3577		-944.895		427.201
3578		-940.603		-39.4678
3579		-721.849		-430.064
3580		-358.8		-657.571
3581		49.959		-682.115
3582		404.111		-515.661
3583		625.36		-213.741
3584		673.116		141.805
3585		549.901		463.786
3586		296.959		679.385
3587		-17.7471		744.996
3588		-316.092		653.954
3589		-527.597		436.26
3590		-605.13		150.537
3591		-535.316		-130.268
3592		-341.187		-336.562
3593		-76.0457		-419.165
3594		190.359		-361.39
3595		389.956		-182.734
3596		473.914		67.0312
3597		424.689		321.74
3598		259.28		516.618
3599		23.1433		604.785
3600		-222.911		567.987
3601		-418.65		419.182
3602		-518.694		197.257
3603		-501.87		-43.748
3604		-374.255		-247.583
3605		-166.334		-367.891
3606		74.2945		-377.424
3607		292.986		-273.288
3608		439.323		-77.7144
3609		478.015		165.913
3610		397.522		401.687
3611		214.23		573.513
3612		-29.7582		638.899
3613		-275.832		580.677
3614		-463.54		412.873
3615		-546.926		178.071
3616		-507.515		-63.7453
3617		-359.489		-251.879
3618		-145.086		-341.872
3619		78.2863		-317.18
3620		254.761		-191.937
3621		344.89		-4.51555
3622		334.135		195.095
3623		233.24		359.247
3624		71.9361		453.421
3625		-110.539		461.462
3626		-274.504		385.554
3627		-386.362		243.041
3628		-422.568		62.3742
3629		-372.27		-120.758
3630		-239.69		-267.655
3631		-45.931		-342.43
3632		171.589		-319.895
3633		364.22		-194.063
3634		482.45		16.0085
3635		489.698		266.676
3636		375.153		498.434
3637		160.4		651.592
3638		-103.834		684.217
3639		-350.944		585.99
3640		-517.733		382.549
3641		-563.141		128.359
3642		-479.888		-109.52
3643		-295.265		-270.974
3644		-61.5181		-319.035
3645		160.083		-247.864
3646		315.711		-81.2153
3647		371.112		136.522
3648		317.044		352.662
3649		168.453		518.072
3650		-40.5897		596.29
3651		-264.114		569.437
3652		-452.566		441.31
3653		-561.961		237.711
3654		-563.501		3.18748
3655		-452.074		-206.868
3656		-250.778		-338.724
3657		-8.39862		-355.148
3658		211.508		-248.09
3659		348.077		-44.0535
3660		361.959		201.268
3661		248.734		418.641
3662		41.3852		546.486
3663		-199.742		550.14
3664		-406.139		432.09
3665		-522.406		229.573
3666		-521.872		0.991196
3667		-411.495		-193.067
3668		-225.662		-306.91
3669		-12.9218		-319.337
3670		178.294		-234.182
3671		309.918		-74.2156
3672		358.638		127.115
3673		315.953		332.366
3674		187.031		504.124
3675		-9.44265		608.007
3676		-240.784		617.182
3677		-461.895		519.409
3678		-621.893		324.674
3679		-676.449		69.0041
3680		-602.734		-189.842
3681		-410.864		-386.194
3682		-145.597		-466.385
3683		124.609		-407.477
3684		328.552		-226.652
3685		415.589		23.6108
3686		371.858		273.474
3687		222.628		459.739
3688		20.0104		546.007
3689		-178.213		530.854
3690		-329.059		441.557
3691		-415.409		317.618
3692		-444.006		192.808
3693		-433.351		84.3648
3694		-399.26		-6.43804
3695		-346.335		-84.5021
3696		-269.666		-148.995
3697		-164.927		-187.234
3698		-40.0262		-178.67
3699		79.6032		-107.219
3700		156.603		24.9729
3701		156.599		190.639
3702		65.3979		342.49
3703		-100.389		429.312
3704		-295.38		416.228
3705		-460.136		299.845
3706		-542.461		111.215
3707		-516.104		-94.7735
3708		-389.08		-258.759
3709		-198.949		-336.566
3710		1.6997		-311.406
3711		162.495		-195.079
3712		248.271		-20.0178
3713		244.261		172.446
3714		154.471		342.071
3715		-2.81343		455.342
3716		-198.682		487.868
3717		-395.482		426.729
3718		-549.286		274.964
3719		-616.46		57.0767
3720		-565.854		-178.88
3721		-393.691		-367.788
3722		-134.229		-444.544
3723		141.595		-367.987
3724		343.507		-142.473
3725		392.018		173.838
3726		250.796		481.104
3727		-52.5699		669.222
3728		-428.377		658.228
3729		-751.569		431.813
3730		-905.072		49.2581
3731		-823.427		-370.931
3732		-519.206		-690.864
3733		-81.087		-801.752
3734		356.137		-662.315
3735		658.022		-312.469
3736		735.464		142.221
3737		571.617		568.135
3738		222.25		847.946
3739		-208.009		915.203
3740		-602.209		768.239
3741		-865.882		461.817
3742		-948.792		83.4943
3743		-849.532		-274.144
3744		-606.236		-535.54
3745		-280.819		-653.86
3746		56.2314		-613.396
3747		337.148		-426.958
3748		504.993		-132.126
3749		521.224		212.75
3750		374.113		534.972
3751		86.1644		759.12
3752		-284.102		824.301
3753		-650.613		703.164
3754		-919.587		415.471
3755		-1016.45		28.887
3756		-910.867		-356.43
3757		-629.824		-636.362
3758		-252.324		-735.311
3759		113.958		-630.853
3760		366.356		-361.108
3761		439.244		-11.8615
3762		323.051		311.737
3763		64.1384		518.426
3764		-253.165		557.291
3765		-534.683		429.212
3766		-704.273		181.352
3767		-722.696		-111.049
3768		-593.37		-367.794
3769		-356.13		-524.112
3770		-73.5851		-543.601
3771		184.659		-422.78
3772		356.239		-188.978
3773		397.291		106.119
3774		290.645		395.837
3775		50.7065		610.463
3776		-276.293		691.475
3777		-618.656		606.339
3778		-893.222		360.215
3779		-1025.44		-0.111122
3780		-970.718		-393.579
3781		-730.142		-723.623
3782		-354.287		-904.007
3783		67.7515		-883.954
3784		431.781		-664.07
3785		647.325		-297.33
3786		662.578		125.522
3787		477.609		501.318
3788		142.196		742.211
3789		-259.903		797.252
3790		-634.237		662.138
3791		-898.942		376.014
3792		-1001.85		8.353
3793		-928.457		-358.857
3794		-701.119		-648.62
3795		-371.804		-802.904
3796		-11.1346		-791.941
3797		304.463		-618.883
3798		506.494		-319.833
3799		548.007		41.2996
3800		415.104		383.81
3801		133.27		626.665
3802		-234.724		707.905
3803		-601.033		602.184
3804		-873.619		330.705
3805		-980.864		-40.94
3806		-892.641		-418.104
3807		-630.771		-702.142
3808		-264.675		-818.063
3809		107.185		-736.203
3810		384.78		-481.026
3811		494.577		-124.212
3812		409.761		235.787
3813		156.856		501.382
3814		-192.7		602.534
3815		-543.012		515.049
3816		-800.083		265.931
3817		-896.834		-74.9787
3818		-810.417		-414.335
3819		-567.75		-660.348
3820		-238.138		-747.24
3821		85.1745		-653.049
3822		310.07		-406.173
3823		371.045		-78.5779
3824		248.347		233.243
3825		-24.9264		435.07
3826		-370.634		462.379
3827		-687.048		300.327
3828		-878.339		-10.2822
3829		-883.396		-383.73
3830		-694.84		-714.232
3831		-361.807		-907.47
3832		24.7545		-908.791
3833		359.626		-718.954
3834		554.64		-392.456
3835		563.598		-19.5165
3836		393.098		301.732
3837		96.8424		493.327
3838		-243.302		516.999
3839		-542.084		380.098
3840		-733.168		128.052
3841		-782.794		-172.128
3842		-692.63		-450.777
3843		-493.609		-651.197
3844		-234.831		-738.902
3845		28.3324		-704.413
3846		244.332		-561.433
3847		373.091		-342.486
3848		391.686		-93.125
3849		298.342		135.344
3850		114.043		294.901
3851		-119.789		351.043
3852		-348.805		292.053
3853		-518.091		134.102
3854		-586.721		-80.7123
3855		-540.103		-294.298
3856		-395.55		-448.419
3857		-198.346		-501.792
3858		-8.86625		-442.748
3859		115.422		-292.977
3860		137.219		-100.909
3861		50.3121		73.1286
3862		-119.226		175.081
3863		-321.554		172.84
3864		-498.2		64.8175
3865		-598.914		-120.663
3866		-595.338		-334.289
3867		-487.979		-519.921
3868		-305.18		-629.863
3869		-94.8681		-637.282
3870		88.4751		-542.865
3871		198.292		-374.247
3872		208.266		-178.432
3873		119.321		-9.03265
3874		-40.7316		88.4479
3875		-225.104		89.2591
3876		-381.523		-3.80806
3877		-467.397		-161.79
3878		-461.902		-338.862
3879		-371.002		-486.613
3880		-223.834		-568.453
3881		-62.0098		-569.202
3882		73.9306		-496.858
3883		155.815		-376.722
3884		173.093		-241.085
3885		131.229		-119.189
3886		45.5178		-31.3094
3887		-65.6308		11.823
3888		-184.475		6.08095
3889		-293.799		-48.9465
3890		-374.847		-149.793
3891		-406.978		-285.517
3892		-371.905		-433.405
3893		-262.369		-558.414
3894		-91.4794		-619.774
3895		103.109		-584.551
3896		264.942		-443.555
3897		335.076		-222.146
3898		274.1		20.8623
3899		81.0887		208.544
3900		-199.577		271.456
3901		-488.374		174.061
3902		-695.632		-68.9889
3903		-752.505		-394.339
3904		-635.856		-709.734
3905		-376.998		-925.013
3906		-50.7123		-982.366
3907		250.947		-874.249
3908		449.527		-642.699
3909		503.83		-361.551
3910		418.298		-109.793
3911		234.927		53.0268
3912		14.2978		100.71
3913		-185.295		40.6428
3914		-322.593		-96.4787
3915		-378.411		-270.667
3916		-352.527		-443.911
3917		-257.255		-585.575
3918		-112.381		-673.055
3919		56.7039		-691.306
3920		219.329		-634.434
3921		341.799		-509.659
3922		393.965		-340.757
3923		359.223		-166.778
3924		243.624		-33.4958
3925		78.564		20.9814
3926		-86.4694		-18.9573
3927		-199.979		-138.204
3928		-227.494		-294.296
3929		-165.325		-432.356
3930		-42.422		-506
3931		91.2066		-495.378
3932		184.9		-414.311
3933		207.781		-303.29
3934		160.304		-211.46
3935		72.0802		-175.712
3936		-12.5438		-206.091
3937		-54.2376		-283.566
3938		-34.8271		-370.292
3939		36.8932		-426.944
3940		131.201		-428.936
3941		211.41		-374.686
3942		248.742		-283.46
3943		231.63		-185.335
3944		166.564		-109.021
3945		72.0003		-73.2051
3946		-30.1501		-84.2154
3947		-120.795		-138.99
3948		-185.468		-229.728
3949		-212.715		-346.549
3950		-192.314		-476.711
3951		-116.352		-601.968
3952		16.1193		-697.494
3953		193.165		-735.319
3954		386.857		-692.665
3955		556.458		-562.248
3956		658.516		-359.661
3957		660.85		-123.4
3958		554.896		93.962
3959		360.976		240.968
3960		123.699		283.285
3961		-101.164		214.337
3962		-263.448		56.5397
3963		-332.716		-147.051
3964		-304.829		-347.004
3965		-199.373		-502.026
3966		-50.1157		-588.566
3967		106.96		-602.944
3968		243.258		-556.829
3969		341.887		-469.353
3970		396.58		-359.881
3971		407.483		-244.219
3972		377.001		-134.786
3973		308.174		-43.1312
3974		206.167		17.8935
3975		81.5137		34.5311
3976		-47.4181		-4.23497
3977		-155.109		-101.045
3978		-213.739		-245.161
3979		-201.281		-410.944
3980		-110.16		-561.624
3981		46.9709		-658.209
3982		237.278		-671.21
3983		414.772		-591.34
3984		532.952		-435.043
3985		559.343		-242.063
3986		486.949		-64.8256
3987		338.115		47.512
3988		158.602		65.1015
3989		3.20924		-12.2994
3990		-82.375		-154.973
3991		-76.9588		-313.501
3992		9.41632		-436.209
3993		140.136		-487.332
3994		266.374		-458.971
3995		345.528		-372.25
3996		356.435		-267.483
3997		305.508		-187.654
3998		221.884		-162.129
3999		144.327		-197.069
4000		105.921		-275.752
4001		122.964		-367.476
4002		191.92		-440.204
4003		294.202		-471.114
4004		405.033		-451.2
4005		501.484		-383.65
4006		566.348		-278.972
4007		587.756		-150.916
4008		557.334		-15.6478
4009		470.419		106.48
4010		329.97		189.882
4011		152.439		207.084
4012		-28.9033		137.698
4013		-167.783		-19.7567
4014		-217.469		-239.186
4015		-148.735		-467.677
4016		34.1791		-638.491
4017		287.927		-693.346
4018		539.576		-605.674
4019		709.691		-394.671
4020		740.783		-122.766
4021		619.622		124.057
4022		383.71		266.125
4023		108.629		258.344
4024		-118.92		105.435
4025		-231.434		-141.751
4026		-202.214		-406.665
4027		-50.3357		-615.166
4028		171.446		-719.644
4029		399.161		-710.268
4030		580.229		-610.847
4031		687.387		-463.633
4032		720.293		-311.297
4033		697.199		-183.914
4034		642.895		-94.7493
4035		579.206		-43.6017
4036		521.144		-23.164
4037		477.737		-23.8191
4038		454.046		-34.9973
4039		451.227		-44.5768
4040		464.23		-39.5264
4041		479.676		-9.94095
4042		477.522		44.4733
4043		438.316		109.403
4044		354.048		157.047
4045		237.188		155.473
4046		121.83		83.6867
4047		53.7968		-54.2879
4048		72.1126		-224.132
4049		189.402		-369.492
4050		380.749		-432.3
4051		587.777		-377.395
4052		738.18		-210.532
4053		773.59		19.1603
4054		674.206		234.805
4055		469.279		360.006
4056		228.289		348.337
4057		35.9033		201.914
4058		-39.3347		-28.6258
4059		29.9178		-262.59
4060		220.527		-418.526
4061		468.241		-442.76
4062		691.11		-326.726
4063		817.467		-107.757
4064		808.414		145.343
4065		667.977		355.457
4066		439.339		460.671
4067		190.204		431.165
4068		-7.12019		275.852
4069		-95.225		38.5925
4070		-46.3599		-213.9
4071		130.191		-409.266
4072		389.433		-488.349
4073		660.897		-421.843
4074		866.513		-220.635
4075		942.705		63.9831
4076		860.947		352.197
4077		639.889		558.144
4078		343.37		617.154
4079		62.8015		508.841
4080		-111.838		267.013
4081		-122.931		-28.8125
4082		33.3411		-278.877
4083		303.859		-397.277
4084		595.89		-342.296
4085		809.079		-131.42
4086		870.344		164.846
4087		758.696		447.99
4088		511.071		625.732
4089		207.812		642.701
4090		-55.821		496.785
4091		-201.025		236.568
4092		-188.736		-57.4042
4093		-28.0764		-299.394
4094		230.625		-423.626
4095		513.598		-400.475

 
--------------------------------------


