Compute Correlation 
 
0		150.816		-467.954
1		190.501		-448.985
2		229.773		-435.788
3		279.917		-416.745
4		336.57		-373.503
5		378.646		-295.585
6		378.506		-192.036
7		318.391		-92.7539
8		204.241		-37.5302
9		68.839		-57.5088
10		-38.5448		-158.19
11		-71.9258		-312.838
12		-8.71526		-470.224
13		139.298		-573.673
14		329.221		-582.903
15		502.925		-489.019
16		608.135		-316.591
17		615.569		-113.027
18		525.673		68.9233
19		364.03		187.47
20		169.669		220.856
21		-17.231		167.759
22		-163.342		42.0474
23		-244.815		-133.265
24		-247.08		-329.561
25		-165.438		-513.744
26		-8.13045		-649.93
27		199.838		-704.888
28		416.354		-657.796
29		589.042		-510.931
30		669.566		-295.414
31		630.894		-66.915
32		480.049		109.54
33		259.504		180.984
34		34.9824		125.576
35		-126.373		-39.0678
36		-178.698		-262.289
37		-111.596		-478.907
38		49.6783		-631.812
39		257.04		-689.108
40		458.615		-649.417
41		615.136		-535.072
42		707.289		-378.542
43		733.033		-209.869
44		699.256		-50.847
45		614.403		83.1811
46		486.846		177.956
47		329.128		217.313
48		163.683		186.506
49		24.0216		81.0663
50		-52.2322		-84.0922
51		-36.99		-272.014
52		74.1716		-431.499
53		255.207		-513.832
54		455.127		-491.623
55		614.96		-370.89
56		689.36		-190.063
57		663.309		-5.61317
58		556.384		129.611
59		412.814		185.762
60		282.191		164.714
61		199.813		95.0088
62		175.244		16.4246
63		193.187		-37.9637
64		224.695		-54.0097
65		242.147		-38.4613
66		230.661		-11.5763
67		191.462		4.40478
68		137.497		-5.31647
69		85.4055		-44.6643
70		48.8955		-109.099
71		36.5479		-190.485
72		53.5488		-280.386
73		104.215		-369.784
74		191.968		-446.41
75		315.667		-493.084
76		464.355		-490.177
77		614.443		-422.714
78		732.747		-289.298
79		785.842		-108.026
80		752.476		84.7291
81		633.591		243.571
82		454.989		328.311
83		260.874		317.479
84		100.623		215.579
85		14.0666		51.4157
86		20.8129		-131.221
87		116.869		-286.253
88		278.263		-376.51
89		468.697		-380.359
90		647.637		-293.527
91		776.724		-127.998
92		824.58		89.9393
93		771.444		321.917
94		614.519		521.272
95		372.913		640.327
96		89.0647		641.649
97		-176.713		510.914
98		-359.76		266.369
99		-409.915		-40.5303
100		-309.344		-336.147
101		-81.8392		-545.44
102		211.514		-615.781
103		490.202		-534.856
104		679.856		-335.282
105		736.136		-83.6372
106		657.982		142.16
107		485.52		278.545
108		284.125		295.579
109		121.34		203.361
110		45.521		44.6147
111		73.2964		-122.242
112		188.688		-242.405
113		351.979		-279.729
114		513.514		-223.875
115		627.279		-89.5581
116		660.969		89.5821
117		601.667		269.529
118		457.787		404.901
119		258.056		457.834
120		47.4041		406.53
121		-120.956		252.485
122		-197.397		24.1337
123		-149.942		-225.898
124		23.4184		-431.497
125		289.151		-530.458
126		583.131		-483.963
127		826.507		-291.484
128		948.544		5.06392
129		909.152		330.765
130		713.112		598.712
131		410.515		736.061
132		82.6713		706.447
133		-182.064		521.172
134		-314.589		235.492
135		-284.967		-68.5367
136		-109.867		-306.767
137		154.188		-417.246
138		428.892		-376.727
139		637.432		-205.022
140		725.822		43.1742
141		676.327		295.699
142		509.831		483.935
143		277.359		561.255
144		43.9709		514.01
145		-129.887		362.591
146		-204.202		153.095
147		-168.194		-57.2825
148		-40.2848		-216.423
149		139.84		-290.321
150		323.88		-269.654
151		468.068		-168.956
152		543.089		-19.8627
153		538.757		138.581
154		463.516		269.398
155		340.351		344.817
156		201.067		350.509
157		80.2404		287.426
158		9.12425		171.872
159		9.31546		33.7194
160		86.5341		-88.1112
161		226.1		-153.688
162		392.689		-133.071
163		536.622		-17.58
164		606.848		173.069
165		567.581		391.99
166		412.819		576.501
167		172.405		667.202
168		-94.2961		628.415
169		-316.17		461.929
170		-433.583		207.948
171		-418.16		-67.9236
172		-281.182		-296.876
173		-67.3167		-429.435
174		163.273		-449.389
175		356.521		-374.126
176		480.637		-242.61
177		530.94		-97.593
178		523.197		29.4456
179		480.698		124.528
180		422.617		187.726
181		359.247		224.334
182		294.982		237.245
183		235.058		225.391
184		190.032		188.557
185		173.825		134.329
186		195.774		81.1321
187		251.661		53.5478
188		320.27		71.0037
189		369.454		135.71
190		370.268		227.315
191		312.454		308.897
192		212.728		342.941
193		110.203		310.04
194		49.7726		220.694
195		60.8461		113.33
196		141.879		38.4032
197		258.833		35.6211
198		358.934		115.204
199		393.432		252.325
200		338.562		397.406
201		204.873		497.076
202		31.1891		515.533
203		-132.833		446.441
204		-246.245		310.902
205		-289.044		144.504
206		-262.619		-18.3473
207		-180.884		-154.307
208		-59.4914		-251.296
209		89.3994		-301.715
210		253.967		-295.809
211		414.773		-221.959
212		539.739		-75.6075
213		588.797		128.179
214		529.21		347.567
215		355.131		519.906
216		100.499		581.804
217		-164.11		495.982
218		-352.813		272.18
219		-396.502		-29.5094
220		-271.706		-316.927
221		-12.4219		-499.355
222		301.55		-521.921
223		575.237		-385.535
224		734.516		-143.53
225		751.532		122.771
226		648.947		337.613
227		482.998		457.85
228		315.32		482.125
229		187.979		440.481
230		112.934		372.48
231		78.4597		306.709
232		65.8017		252.091
233		64.6154		203.484
234		77.9068		155.468
235		114.593		113.809
236		175.912		96.3156
237		245.892		122.074
238		293.576		195.885
239		287.32		298.429
240		213.516		389.867
241		88.5054		426.8
242		-44.5246		384.316
243		-133.753		270.986
244		-143.395		127.747
245		-71.9588		10.0038
246		45.9824		-38.5032
247		156.071		-6.71629
248		210.455		78.8209
249		190.652		167.747
250		115.336		211.145
251		29.4765		185.138
252		-18.9481		100.89
253		-2.11676		-3.37075
254		76.4233		-82.9919
255		187.303		-108.503
256		293.099		-76.7744
257		367.44		-6.89603
258		404.701		75.0857
259		415.83		152.353
260		414.429		224.358
261		403.072		300.879
262		369.399		387.662
263		295.197		473.827
264		173.148		530.492
265		20.4343		523.387
266		-120.695		433.399
267		-198.194		273.297
268		-174.784		89.8043
269		-49.096		-52.321
270		138.603		-97.7079
271		320.55		-25.9093
272		429.557		138.09
273		427.551		334.191
274		320.569		493.468
275		153.157		567.402
276		-14.2767		545.797
277		-133.068		455.369
278		-184.834		341.35
279		-182.575		243.122
280		-155.816		177.178
281		-129.807		135.706
282		-111.321		99.62
283		-88.8039		56.6406
284		-45.6068		12.5471
285		22.9835		-11.6014
286		100.517		5.42265
287		154.791		67.1731
288		155.73		150.736
289		95.5866		213.842
290		-0.926971		215.487
291		-83.8977		139.337
292		-100.654		6.75673
293		-22.3783		-128.8
294		139.064		-204.44
295		333.416		-176.697
296		492.926		-42.1588
297		561.695		160.498
298		519.018		367.852
299		385.657		519.382
300		211.084		581.516
301		49.4395		556.844
302		-62.8732		475.689
303		-117.102		376.591
304		-126.482		287.437
305		-110.749		217.273
306		-81.508		161.597
307		-37.5145		115.623
308		28.0228		85.4544
309		113.931		88.9329
310		201.354		144.826
311		255.703		256.846
312		241.026		402.925
313		139.63		537.816
314		-34.2058		609.654
315		-235.103		582.888
316		-403.096		455.771
317		-488.252		262.88
318		-471.221		60.8604
319		-369.523		-95.6213
320		-226.851		-175.684
321		-91.5428		-181.256
322		4.3214		-139.92
323		54.8119		-86.8323
324		75.3268		-46.368
325		87.6762		-23.302
326		104.899		-7.07559
327		124.873		15.246
328		135.694		46.5946
329		128.24		76.4204
330		106.762		88.3491
331		89.7049		73.7698
332		99.2355		41.9319
333		145.513		18.8257
334		215.805		33.8675
335		276.523		101.262
336		288.988		207.109
337		231.378		311.089
338		114.731		363.848
339		-16.9397		332.164
340		-104.294		218.84
341		-100.3		66.0991
342		5.841		-60.5684
343		180.905		-100.983
344		360.468		-27.4545
345		476.335		142.781
346		485.189		355.708
347		384.757		544.672
348		210.576		658.097
349		16.5549		677.298
350		-149.476		616.974
351		-262.566		510.551
352		-322.471		390.326
353		-342.274		274.051
354		-332.885		164.593
355		-294.149		60.7066
356		-218.245		-30.0033
357		-102.735		-86.0998
358		36.1497		-80.3085
359		160.318		3.08941
360		221.474		151.8
361		183.39		321.154
362		43.3968		447.06
363		-159.313		471.945
364		-354.922		371.54
365		-470.074		168.777
366		-458.512		-73.0688
367		-320.589		-275.6
368		-102.223		-377.156
369		125.936		-356.319
370		298.648		-236.479
371		380.927		-70.5907
372		376.498		84.9512
373		317.738		193.73
374		244.522		249.082
375		184.259		267.509
376		143.277		271.99
377		112.279		276.198
378		80.138		278.786
379		45.9703		269.848
380		21.3122		243.818
381		21.1516		209.104
382		50.105		187.013
383		93.6244		199.555
384		121.451		253.303
385		103.093		329.856
386		27.2247		390.451
387		-86.5815		394.282
388		-192.187		321.655
389		-237.146		189.169
390		-189.597		47.2715
391		-57.8399		-40.5606
392		108.598		-27.8097
393		238.552		90.7315
394		270.955		273.022
395		183.535		446.172
396		4.35454		537.957
397		-199.684		508.538
398		-351.895		367.359
399		-398.458		167.543
400		-329.354		-18.7138
401		-178.552		-131.309
402		-4.98451		-145.029
403		135.015		-74.2077
404		209.871		40.7929
405		219.701		156.377
406		186.95		245.164
407		138.212		302.753
408		88.5074		340.339
409		36.5872		369.763
410		-27.4257		391.194
411		-108.232		391.244
412		-195.021		352.43
413		-261.862		267.779
414		-279.385		151.07
415		-231.337		35.5886
416		-126.286		-39.0654
417		2.86752		-45.5289
418		112.268		17.4386
419		166.848		123.563
420		156.187		231.372
421		98.1091		304.037
422		28.105		326.448
423		-19.7842		310.687
424		-30.5215		287.235
425		-14.8826		286.86
426		-2.17111		322.948
427		-23.0067		383.657
428		-91.5268		437.888
429		-196.452		451.673
430		-305.59		406.193
431		-381.184		307.984
432		-397.941		186.26
433		-354.466		79.1319
434		-272.621		16.1623
435		-185.841		6.20918
436		-123.033		36.2686
437		-96.5692		80.9358
438		-100.09		116.593
439		-116.169		132.389
440		-128.577		132.467
441		-131.733		129.155
442		-132.043		132.035
443		-140.86		139.925
444		-163.837		140.871
445		-193.632		120.334
446		-211.048		72.7237
447		-194.799		9.10468
448		-134.884		-44.2927
449		-41.9813		-57.1997
450		53.159		-10.9897
451		111.339		89.1803
452		102.7		212.693
453		22.1722		314.261
454		-105.367		352.937
455		-233.524		310.742
456		-313.245		202.002
457		-313.78		68.6122
458		-236.213		-37.0625
459		-113.268		-74.1495
460		4.59113		-30.2885
461		70.5347		73.8104
462		60.6789		194.066
463		-17.0721		282.333
464		-128.099		306.54
465		-227.179		262.849
466		-278.008		175.036
467		-267.429		82.2139
468		-208.6		21.1265
469		-132.685		11.1679
470		-73.7774		48.4071
471		-54.3742		110.274
472		-77.7408		167.603
473		-129.67		197.753
474		-187.54		192.743
475		-231.411		159.458
476		-251.643		113.118
477		-249.947		68.3807
478		-234.579		33.0052
479		-213.336		7.00363
480		-188.811		-13.1923
481		-158.573		-28.8898
482		-119.77		-35.7461
483		-74.8741		-25.3224
484		-34.4574		9.04851
485		-14.5227		65.5211
486		-29.0559		130.474
487		-81.481		181.49
488		-159.802		196.051
489		-238.742		162.127
490		-288.768		85.4063
491		-288.305		-10.8553
492		-233.506		-93.982
493		-140.835		-134.695
494		-40.9711		-118.907
495		33.3268		-53.1424
496		59.9487		38.7703
497		35.101		125.98
498		-27.1631		182.944
499		-102.668		198.212
500		-167.889		176.151
501		-208.531		131.791
502		-222.313		82.2516
503		-215.72		39.4869
504		-197.608		7.69799
505		-173.848		-14.2298
506		-145.961		-27.8678
507		-113.915		-31.7261
508		-80.4598		-21.6423
509		-53.3944		5.14516
510		-43.4764		45.1231
511		-58.5863		86.5862
512		-97.4678		112.919
513		-147.204		110.2
514		-186.901		75.33
515		-196.653		19.9836
516		-167.64		-32.5943
517		-108.033		-57.2212
518		-41.1163		-38.5443
519		4.16708		20.8911
520		6.0201		100.585
521		-40.1787		170.463
522		-119.579		203.866
523		-204.454		188.947
524		-266.44		133.082
525		-288.421		58.426
526		-270.479		-8.77949
527		-227.534		-49.6147
528		-180.611		-59.0855
529		-146.744		-45.2923
530		-132.701		-22.6248
531		-135.161		-3.43404
532		-146.109		7.0563
533		-159.392		10.2434
534		-174.128		9.30484
535		-192.989		3.93057
536		-216.918		-11.3574
537		-240.31		-43.7403
538		-250.603		-95.4689
539		-233.571		-158.471
540		-181.891		-214.368
541		-102.059		-241.157
542		-14.9875		-223.822
543		51.2091		-163.381
544		73.4427		-79.0856
545		44.9693		-1.72318
546		-20.1654		39.3839
547		-92.3117		29.5798
548		-138.951		-24.2547
549		-138.984		-96.6864
550		-91.7191		-155.202
551		-16.3453		-174.588
552		57.5339		-147.329
553		103.374		-85.3468
554		108.565		-12.915
555		77.8519		45.0977
556		28.592		73.5804
557		-18.7784		71.4407
558		-49.6858		48.7554
559		-59.5289		19.5998
560		-51.9765		-4.8338
561		-33.8823		-19.2259
562		-10.7758		-22.6092
563		14.2087		-14.7233
564		37.9529		6.22562
565		54.2058		42.2261
566		53.0735		91.2855
567		24.8181		143.671
568		-33.522		182.207
569		-112.708		188.079
570		-191.245		150.071
571		-242.287		72.4141
572		-245.098		-23.6825
573		-195.565		-106.857
574		-110.017		-148.395
575		-19.6155		-135.063
576		42.6426		-75.4874
577		56.2377		3.44046
578		21.7652		68.6573
579		-40.3554		95.6577
580		-100.306		78.6348
581		-132.996		31.2493
582		-128.741		-21.8214
583		-95.4408		-57.6673
584		-51.9385		-65.414
585		-16.9268		-48.9417
586		0.170696		-21.5036
587		1.54881		3.75377
588		-3.90932		21.348
589		-8.97159		34.66
590		-14.0443		50.5361
591		-26.7276		71.2984
592		-55.0992		89.9019
593		-99.106		92.101
594		-146.057		65.0687
595		-174.111		7.56182
596		-162.941		-64.8702
597		-106.127		-123.859
598		-18.0957		-140.544
599		69.2417		-100.402
600		119.63		-12.6758
601		109.401		91.2786
602		39.6681		170.815
603		-62.7621		194.211
604		-156.759		153.376
605		-205.242		67.7104
606		-191.672		-24.8764
607		-126.732		-85.3322
608		-42.2519		-90.6807
609		24.1326		-42.9123
610		45.7454		34.1297
611		17.0063		107.396
612		-47.1754		149.836
613		-121.125		150.605
614		-181.219		116.089
615		-214.979		62.8042
616		-222.559		7.35715
617		-211.486		-40.5828
618		-189.22		-79.0005
619		-158.699		-108.973
620		-119.42		-129.123
621		-72.5451		-133.655
622		-25.6574		-115.814
623		7.14369		-74.5858
624		11.0603		-19.8704
625		-20.4861		28.2517
626		-79.2294		47.1474
627		-142.462		22.8119
628		-181.522		-41.4216
629		-174.748		-123.947
630		-118.372		-193.134
631		-29.4244		-221.184
632		61.3051		-196.786
633		123.004		-130.125
634		138.461		-47.6714
635		110.825		20.5133
636		60.3966		54.4357
637		13.5839		51.9919
638		-9.93763		27.5063
639		-5.28444		2.56759
640		17.8984		-5.36883
641		42.8282		9.51658
642		55.1955		41.1755
643		49.431		77.6874
644		28.6598		109.004
645		-0.49881		131.468
646		-34.0169		146.695
647		-72.9451		156.377
648		-120.529		157.31
649		-176.081		140.864
650		-230.269		98.0806
651		-266.031		27.5868
652		-265.881		-58.9313
653		-222.157		-138.173
654		-144.201		-184.259
655		-57.425		-181.359
656		6.5698		-133.157
657		24.5711		-63.366
658		-6.3884		-5.99336
659		-66.4636		10.4273
660		-121.727		-23.2251
661		-140.254		-91.8521
662		-107.563		-163.244
663		-33.5133		-203.699
664		52.8778		-194.252
665		117.966		-139.274
666		139.791		-63.2302
667		117.82		2.36313
668		71.4271		34.7155
669		28.4828		30.0317
670		10.5645		3.29916
671		22.7338		-21.5744
672		52.9483		-25.3411
673		80.6605		-3.13913
674		89.1741		34.6148
675		74.6163		69.9435
676		46.733		88.614
677		21.6531		88.2831
678		11.3614		78.9463
679		16.2842		75.855
680		25.2658		89.4673
681		22.6936		118.562
682		-1.69454		150.567
683		-46.2376		168.747
684		-97.8598		161.87
685		-139.214		130.582
686		-158.112		86.8675
687		-153.676		47.1197
688		-135.757		23.1307
689		-118.31		16.387
690		-110.991		18.8665
691		-114.18		19.4649
692		-120.332		11.7372
693		-120.493		-2.07564
694		-111.54		-13.3103
695		-99.2073		-13.9134
696		-94.633		-3.5307
697		-106.381		8.312
698		-133.041		6.94806
699		-161.553		-18.1744
700		-173.121		-65.3148
701		-153.915		-118.808
702		-104.423		-155.883
703		-41.5022		-158.802
704		8.95138		-125.629
705		25.4058		-73.1325
706		2.99655		-29.3807
707		-42.3831		-19.3508
708		-81.1295		-51.1219
709		-84.934		-110.36
710		-41.9398		-166.596
711		36.2047		-188.415
712		119.508		-159.68
713		174.566		-88.0786
714		181.445		-1.29403
715		143.518		67.2669
716		85.0089		95.5815
717		37.6444		83.8063
718		23.697		53.0727
719		44.5874		33.1592
720		81.0536		45.9457
721		104.474		93.7163
722		92.8457		158.516
723		42.5421		212.53
724		-30.4435		233.388
725		-100.02		215.75
726		-144.536		172.913
727		-157.958		127.996
728		-151.536		100.184
729		-145.434		94.1545
730		-155.629		98.6731
731		-183.984		94.8829
732		-217.362		69.0359
733		-236.167		21.8942
734		-227.079		-30.9377
735		-192.216		-68.0426
736		-149.035		-75.2453
737		-120.775		-54.8568
738		-122.896		-25.3943
739		-153.485		-11.5982
740		-193.467		-30.318
741		-216.836		-80.4181
742		-205.269		-142.722
743		-158.776		-190.326
744		-96.1483		-203.621
745		-44.6832		-181.51
746		-24.8254		-142.327
747		-38.36		-113.698
748		-66.9344		-116.882
749		-81.9435		-154.33
750		-60.4193		-207.495
751		1.84908		-246.275
752		87.2497		-244.953
753		165.051		-195.933
754		207.09		-113.789
755		201.868		-27.572
756		159.501		34.2174
757		105.173		57.6729
758		65.1015		49.0168
759		53.0254		29.0826
760		64.5579		20.4278
761		82.0155		34.7096
762		86.273		67.4203
763		68.338		102.503
764		33.8506		123.498
765		-1.81076		124.126
766		-24.4081		111.825
767		-30.7124		102.15
768		-31.049		107.665
769		-42.7257		128.376
770		-78.2093		149.958
771		-135.334		151.395
772		-195.899		117.87
773		-234.199		51.3073
774		-231.12		-28.0367
775		-185.833		-90.6026
776		-118.122		-112.678
777		-59.4007		-89.4164
778		-36.878		-38.3045
779		-59.3208		9.22906
780		-112.244		23.8473
781		-165.307		-6.54636
782		-188.046		-70.6913
783		-165.513		-140.132
784		-105.486		-184.23
785		-33.5922		-185.839
786		20.6904		-149.262
787		39.3187		-96.5334
788		23.9633		-54.555
789		-6.83773		-40.5431
790		-29.4633		-53.8544
791		-28.8592		-78.3501
792		-6.25522		-93.3348
793		23.1252		-86.3162
794		40.5005		-60.0653
795		35.5757		-30.0659
796		12.921		-14.2212
797		-11.0492		-21.2469
798		-18.5343		-44.8675
799		-1.81522		-67.3803
800		31.3198		-70.4992
801		61.6512		-46.9649
802		69.8931		-5.83413
803		48.6946		31.9937
804		8.06689		45.7152
805		-29.2893		27.2253
806		-40.449		-13.02
807		-15.5995		-50.5815
808		35.37		-59.843
809		86.9843		-28.0771
810		110.987		37.0419
811		90.9304		110.729
812		30.6052		163.449
813		-48.1983		175.624
814		-117.206		146.721
815		-155.98		94.0245
816		-161.205		42.1723
817		-146.147		9.62437
818		-131.151		-0.308067
819		-131.046		0.882812
820		-146.86		-4.1942
821		-166.448		-27.0356
822		-173.28		-65.7381
823		-157.797		-106.228
824		-124.294		-131.372
825		-89.0065		-132.343
826		-70.4013		-115.216
827		-77.3785		-98.5328
828		-102.532		-102.896
829		-124.786		-138.459
830		-120.355		-197.62
831		-76.0464		-257.423
832		2.562		-290.703
833		92.8387		-280.042
834		165.979		-226.867
835		201.199		-150.698
836		195.55		-78.9666
837		164.122		-33.0584
838		130.78		-18.2062
839		114.804		-22.5991
840		120.921		-25.8081
841		138.122		-11.4366
842		147.539		23.3136
843		134.504		66.4958
844		97.6945		99.0569
845		50.088		106.56
846		11.346		88.02
847		-3.77716		56.6858
848		5.87081		32.3624
849		27.1582		29.8264
850		40.4085		50.1488
851		31.0459		80.034
852		-1.65898		99.6081
853		-43.8745		94.1734
854		-75.0259		63.1179
855		-79.705		20.7775
856		-56.8509		-11.3492
857		-20.9026		-16.6768
858		5.82432		6.9218
859		5.3077		45.5087
860		-26.2477		76.3447
861		-76.2191		79.9834
862		-122.257		50.5028
863		-144.057		-1.68773
864		-133.685		-55.8088
865		-98.895		-91.9116
866		-57.9357		-101.017
867		-29.1002		-88.7256
868		-21.0368		-70.6923
869		-29.1287		-62.9759
870		-39.5574		-72.9942
871		-38.2198		-96.159
872		-19.0431		-119.732
873		13.12		-131.169
874		46.4029		-125.71
875		69.9133		-108.658
876		80.7001		-91.1622
877		85.3527		-82.3114
878		95.2593		-82.5933
879		118.484		-82.9223
880		153.359		-70.0209
881		187.942		-35.0207
882		205.99		19.9296
883		196.176		81.2373
884		159.155		130.236
885		108.196		152.951
886		62.7209		147.735
887		38.1822		126.332
888		37.9174		107.592
889		51.5876		107.236
890		61.1237		129.367
891		50.8698		164.464
892		16.2394		194.942
893		-33.9481		205.093
894		-82.6778		189.775
895		-114.456		156.957
896		-123.964		122.78
897		-118.731		102.017
898		-114.374		99.4528
899		-125.179		107.084
900		-155.416		108.724
901		-196.357		89.3688
902		-230.648		43.9917
903		-241.551		-19.1474
904		-221.867		-82.4917
905		-177.62		-128.145
906		-124.596		-146.772
907		-79.884		-141.57
908		-53.246		-125.364
909		-43.0712		-112.777
910		-38.8745		-112.088
911		-28.5322		-121.385
912		-5.83261		-130.897
913		26.0473		-129.809
914		56.961		-113.288
915		76.3929		-85.5206
916		80.1078		-57.0758
917		72.8049		-38.3392
918		65.22		-33.0826
919		67.4845		-36.1019
920		82.7988		-36.3614
921		105.271		-23.7549
922		123.275		4.5861
923		126.35		42.2615
924		111.558		77.134
925		85.4398		98.3976
926		60.3462		103.02
927		47.1897		97.7072
928		48.8489		95.128
929		58.1228		106.489
930		61.5369		134.729
931		46.9171		172.296
932		10.4339		204.884
933		-40.9248		219.079
934		-92.9105		209.614
935		-131.634		182.121
936		-150.96		149.821
937		-155.524		126.005
938		-157.673		116.561
939		-170.096		116.722
940		-198.273		113.842
941		-236.964		94.614
942		-272.641		52.6844
943		-290.457		-7.51472
944		-281.862		-72.7352
945		-248.748		-127.455
946		-202.039		-161.315
947		-155.752		-173.437
948		-119.997		-171.533
949		-96.7247		-166.649
950		-80.3002		-166.79
951		-62.1405		-172.982
952		-36.4401		-179.781
953		-3.62379		-179.475
954		30.2653		-167.228
955		57.5261		-144.034
956		73.4615		-115.89
957		78.8518		-89.9798
958		78.8642		-70.4212
959		79.3018		-56.2832
960		82.7297		-43.0187
961		87.019		-26.2523
962		87.2457		-5.35229
963		79.6892		15.6553
964		65.264		30.5736
965		49.974		35.4606
966		41.7874		32.1707
967		45.5967		28.5536
968		59.2802		34.7751
969		73.4519		57.5799
970		75.4627		95.7189
971		55.7493		139.308
972		13.1456		173.805
973		-43.8178		186.716
974		-100.501		173.554
975		-142.856		139.905
976		-163.781		98.487
977		-165.845		62.8019
978		-159.096		40.7236
979		-155.278		31.3312
980		-161.652		26.4404
981		-177.637		15.732
982		-195.833		-7.46567
983		-206.516		-42.8364
984		-202.928		-83.7286
985		-184.46		-121.071
986		-156.236		-148.107
987		-125.729		-163.29
988		-98.6239		-169.97
989		-76.3385		-173.452
990		-56.4002		-177.469
991		-35.069		-182.215
992		-10.3224		-184.933
993		16.7266		-182.394
994		42.7477		-173.436
995		64.656		-159.877
996		81.8539		-145.208
997		96.6903		-132.044
998		112.792		-120.063
999		132.346		-105.894
1000		154.134		-85.1115
1001		173.658		-55.12
1002		185.381		-17.0778
1003		185.707		24.3941
1004		174.846		63.5982
1005		156.351		96.7548
1006		134.605		123.694
1007		111.879		147.125
1008		86.8988		169.912
1009		55.9834		192.109
1010		16.1555		209.793
1011		-31.7126		216.668
1012		-81.8408		207.693
1013		-125.537		182.602
1014		-155.355		147.061
1015		-169.091		110.452
1016		-171.184		81.3039
1017		-170.474		62.8432
1018		-175.357		51.2834
1019		-188.98		37.9907
1020		-207.226		14.4719
1021		-220.74		-22.5479
1022		-219.965		-68.8324
1023		-200.394		-114.471
1024		-165.093		-148.845
1025		-123.087		-165.924
1026		-84.5652		-166.89
1027		-55.739		-158.681
1028		-36.3171		-149.412
1029		-21.0103		-143.519
1030		-4.01398		-139.575
1031		16.4092		-132.125
1032		36.2225		-116.351
1033		48.0204		-92.5716
1034		46.204		-67.5479
1035		31.7225		-51.4051
1036		13.2119		-51.7191
1037		3.35667		-68.2136
1038		12.1724		-91.4624
1039		40.9398		-106.847
1040		80.4627		-101.968
1041		115.064		-73.5249
1042		130.496		-29.6689
1043		121.551		13.8102
1044		95.0756		41.6876
1045		66.4709		47.5299
1046		51.3323		37.3536
1047		56.7004		26.4916
1048		76.7745		31.165
1049		95.6181		59.2588
1050		95.5758		105.381
1051		66.9226		153.041
1052		13.4893		182.918
1053		-48.8661		182.82
1054		-100.188		153.957
1055		-126.493		110.14
1056		-126.553		70.3581
1057		-111.776		48.8266
1058		-99.3799		47.9101
1059		-102.716		57.6994
1060		-124.109		62.2865
1061		-154.07		49.092
1062		-177.127		15.9864
1063		-180.83		-27.704
1064		-162.78		-66.6995
1065		-131.769		-88.5011
1066		-102.525		-90.3229
1067		-87.2018		-80.3166
1068		-88.5365		-72.5109
1069		-98.5742		-78.4841
1070		-103.578		-100.617
1071		-92.204		-130.778
1072		-62.1703		-155.132
1073		-21.5803		-162.188
1074		15.8027		-149.406
1075		38.5292		-124.517
1076		44.0158		-100.836
1077		39.8593		-89.3242
1078		39.1523		-92.0454
1079		52.5224		-100.837
1080		81.5232		-102.005
1081		117.232		-84.3522
1082		144.908		-45.9258
1083		152.083		4.4123
1084		135.479		51.5184
1085		102.816		82.0455
1086		68.4964		91.4925
1087		45.6443		86.2583
1088		38.9992		79.5961
1089		42.6677		83.8293
1090		43.9091		103.276
1091		30.7071		131.859
1092		-1.22397		156.653
1093		-45.9454		165.234
1094		-90.6137		152.579
1095		-122.574		123.629
1096		-136.096		90.1868
1097		-134.932		64.1164
1098		-129.382		50.851
1099		-129.778		46.9514
1100		-140.286		42.9812
1101		-156.687		29.8298
1102		-169.336		4.62783
1103		-169.414		-27.2945
1104		-154.671		-55.5477
1105		-131.153		-71.01
1106		-109.847		-71.5153
1107		-100.2		-63.4462
1108		-104.366		-58.192
1109		-115.646		-65.4849
1110		-122.151		-87.5085
1111		-113.635		-117.284
1112		-87.5585		-142.379
1113		-50.8249		-151.874
1114		-16.0881		-142.618
1115		5.32011		-121.12
1116		9.83054		-99.9287
1117		3.73934		-90.4884
1118		-0.288139		-96.4863
1119		9.59615		-111.481
1120		37.5518		-122.185
1121		77.3255		-115.604
1122		115.18		-86.1032
1123		136.836		-38.532
1124		134.603		14.2131
1125		110.858		57.7265
1126		76.1608		83.0705
1127		43.2851		90.4355
1128		20.6336		87.729
1129		8.64204		85.2234
1130		0.908871		89.5133
1131		-10.9777		100.204
1132		-31.9652		110.974
1133		-60.6272		114.041
1134		-90.3208		105.122
1135		-113.42		85.9201
1136		-125.851		62.7773
1137		-129.129		42.5814
1138		-128.766		28.6172
1139		-130.22		19.0033
1140		-135.095		8.6407
1141		-140.079		-6.65817
1142		-139.371		-26.6029
1143		-129.068		-45.8482
1144		-110.674		-56.9665
1145		-91.3222		-55.2629
1146		-80.2724		-42.4382
1147		-83.5872		-26.6518
1148		-100.14		-18.6154
1149		-121.512		-25.7698
1150		-136.141		-47.8863
1151		-135.55		-76.7835
1152		-119.155		-100.565
1153		-94.808		-110.163
1154		-74.5561		-104.533
1155		-67.8525		-91.4934
1156		-75.967		-83.5512
1157		-90.788		-90.9065
1158		-98.8227		-115.438
1159		-88.3316		-149.02
1160		-55.7748		-177.186
1161		-8.10119		-186.216
1162		40.3378		-169.93
1163		74.5695		-132.618
1164		85.8777		-86.7173
1165		75.255		-46.6566
1166		51.887		-22.2379
1167		27.8414		-14.9617
1168		12.0534		-18.8885
1169		6.80576		-25.0684
1170		8.24271		-26.7368
1171		10.0724		-22.3503
1172		7.91723		-15.073
1173		1.67692		-9.52834
1174		-5.26226		-8.16662
1175		-9.10053		-9.59958
1176		-8.7442		-9.81992
1177		-6.85809		-5.30514
1178		-8.1882		4.18454
1179		-16.3222		15.0421
1180		-31.0857		21.9074
1181		-48.3668		21.0695
1182		-62.5765		12.9297
1183		-70.2078		1.83538
1184		-72.1737		-6.73061
1185		-73.3035		-9.87784
1186		-79.1611		-9.54053
1187		-92.1023		-11.6399
1188		-109.098		-22.504
1189		-122.872		-44.6537
1190		-125.881		-74.6149
1191		-114.825		-104.304
1192		-92.8918		-125.379
1193		-68.1519		-134.058
1194		-48.8317		-133.407
1195		-38.1818		-131.504
1196		-32.1094		-136.272
1197		-21.2911		-149.925
1198		3.12347		-166.421
1199		43.3488		-173.781
1200		92.0019		-160.375
1201		134.408		-121.865
1202		155.333		-64.8701
1203		146.732		-5.02713
1204		112.319		39.8668
1205		66.3539		58.2053
1206		27.0707		50.0524
1207		8.10503		26.8509
1208		12.3331		5.52335
1209		31.2423		0.0988159
1210		49.952		15.2449
1211		55.0112		44.9168
1212		40.7669		76.469
1213		11.1161		97.6337
1214		-23.8244		102.415
1215		-53.7742		92.8642
1216		-73.4084		76.2776
1217		-83.7631		60.0249
1218		-89.6103		47.3952
1219		-94.9798		36.9255
1220		-100.017		25.2632
1221		-101.312		11.2784
1222		-95.4118		-1.6722
1223		-82.9842		-7.18588
1224		-70.5031		-0.292297
1225		-67.7766		17.9003
1226		-82.3477		38.7051
1227		-114.033		49.1054
1228		-153.202		38.4413
1229		-184.462		4.85753
1230		-194.234		-42.4439
1231		-178.195		-86.9819
1232		-144.225		-113.21
1233		-108.781		-114.828
1234		-88.2789		-98.4526
1235		-90.0653		-80.2802
1236		-108.041		-77.2205
1237		-125.663		-97.2374
1238		-124.968		-134.297
1239		-96.807		-170.962
1240		-46.6136		-187.48
1241		7.67161		-172.546
1242		44.6099		-129.82
1243		50.4259		-76.5113
1244		26.2489		-34.6504
1245		-12.5558		-19.7332
1246		-44.632		-32.8874
1247		-53.951		-60.8027
1248		-38.0291		-83.3776
1249		-8.62806		-84.7934
1250		15.2711		-61.8956
1251		18.1623		-25.369
1252		-3.62444		6.71581
1253		-40.4396		19.1457
1254		-75.2699		7.75652
1255		-93.496		-18.9286
1256		-90.7877		-45.2486
1257		-74.7414		-57.6609
1258		-59.6256		-52.2212
1259		-57.6193		-36.0504
1260		-71.8565		-22.2299
1261		-95.3218		-21.4901
1262		-115.994		-35.8688
1263		-124.814		-58.174
1264		-121.367		-77.4173
1265		-113.649		-86.6275
1266		-112.041		-87.9125
1267		-121.354		-91.304
1268		-136.215		-107.822
1269		-143.178		-140.985
1270		-128.831		-182.32
1271		-89.233		-214.292
1272		-34.732		-219.691
1273		13.462		-192.373
1274		33.8671		-142.879
1275		16.9532		-94.9673
1276		-28.0117		-74.109
1277		-75.9641		-93.775
1278		-98.0485		-147.097
1279		-76.6087		-208.94
1280		-15.1116		-247.903
1281		62.6482		-242.225
1282		124.05		-191.179
1283		143.994		-115.728
1284		117.457		-47.9325
1285		61.5706		-14.6693
1286		6.17026		-24.3561
1287		-21.9801		-63.7087
1288		-12.6791		-106.034
1289		23.7214		-126.227
1290		63.6667		-114.036
1291		84.5828		-78.313
1292		77.6392		-40.2109
1293		51.8292		-19.6071
1294		27.2345		-22.8819
1295		21.6747		-39.2741
1296		38.8147		-47.9624
1297		64.9816		-31.6599
1298		76.8405		11.4364
1299		55.6374		64.7068
1300		-0.336914		101.393
1301		-72.6682		99.733
1302		-131.508		56.3361
1303		-151.628		-10.1519
1304		-126.975		-67.7849
1305		-75.3271		-88.1347
1306		-29.9504		-62.1128
1307		-22.3282		-5.94917
1308		-65.1545		46.3111
1309		-144.843		60.0835
1310		-227.767		18.1642
1311		-277.016		-70.2733
1312		-270.749		-174.365
1313		-212.431		-257.27
1314		-127.739		-294.361
1315		-50.2204		-284.166
1316		-3.85684		-246.568
1317		7.95464		-209.873
1318		1.3308		-194.429
1319		0.0401459		-202.092
1320		20.157		-217.179
1321		60.257		-217.793
1322		102.7		-190.474
1323		124.941		-139.345
1324		113.928		-84.3344
1325		74.8781		-49.5464
1326		29.0611		-48.7326
1327		1.73605		-76.5765
1328		7.2485		-111.167
1329		40.1133		-126.504
1330		77.5699		-107.915
1331		92.4849		-61.3845
1332		69.3955		-11.0991
1333		14.4581		13.7795
1334		-46.6728		-4.13625
1335		-82.2453		-59.6714
1336		-71.8546		-126.583
1337		-18.2373		-170.858
1338		53.2938		-168.699
1339		107.689		-119.34
1340		118.374		-45.6226
1341		80.9298		18.0507
1342		14.821		43.7785
1343		-47.6424		24.3887
1344		-78.904		-23.8393
1345		-70.5947		-71.1962
1346		-36.9793		-91.5093
1347		-5.81213		-76.5317
1348		-2.00471		-39.8586
1349		-33.3914		-8.47231
1350		-86.4948		-6.95752
1351		-134.429		-43.4202
1352		-152.218		-104.989
1353		-130.746		-165.221
1354		-81.5014		-198.979
1355		-29.6538		-196.224
1356		0.365196		-166.97
1357		-1.54974		-134.798
1358		-26.1089		-122.885
1359		-50.7578		-140.667
1360		-53.2603		-178.735
1361		-24.8026		-214.712
1362		24.8972		-226.544
1363		73.2854		-205.439
1364		98.0489		-161.006
1365		89.9584		-115.738
1366		58.1003		-92.1214
1367		24.5745		-99.8468
1368		11.8135		-130.445
1369		29.8621		-162.329
1370		70.8851		-173.208
1371		113.93		-152.689
1372		137.044		-107.831
1373		129.665		-58.6197
1374		98.1562		-26.137
1375		61.3879		-20.409
1376		39.1014		-35.0055
1377		39.9378		-51.4885
1378		56.1873		-51.0483
1379		68.3853		-26.4696
1380		57.1431		12.6408
1381		15.3726		44.5683
1382		-46.2396		47.6162
1383		-103.847		12.8118
1384		-132.76		-50.0459
1385		-120.702		-116.545
1386		-74.6502		-159.864
1387		-17.508		-164.394
1388		23.5719		-133.413
1389		30.8097		-86.7892
1390		4.07285		-50.2296
1391		-40.3725		-42.0998
1392		-79.4781		-64.9378
1393		-95.7559		-105.881
1394		-85.5314		-145.133
1395		-58.9684		-167.227
1396		-32.5703		-168.654
1397		-19.0558		-157.908
1398		-20.6445		-148.643
1399		-29.3846		-150.588
1400		-33.7352		-163.872
1401		-26.8676		-180.079
1402		-11.288		-188.98
1403		3.15646		-186.407
1404		6.5807		-178.002
1405		-3.05475		-176.19
1406		-16.726		-191.986
1407		-18.295		-226.624
1408		6.25368		-268.397
1409		59.5661		-297.183
1410		129.288		-294.637
1411		192.665		-254.496
1412		227.331		-187.097
1413		222.568		-115.237
1414		184.884		-63.3195
1415		134.738		-45.4911
1416		96.1312		-59.1414
1417		84.6621		-87.1587
1418		100.458		-107.529
1419		129.547		-104.861
1420		152.514		-77.5376
1421		155.238		-36.8631
1422		135.625		0.758774
1423		102.773		23.6402
1424		69.6005		30.705
1425		43.8458		30.1045
1426		23.1909		31.7265
1427		-2.3241		38.5636
1428		-42.0042		42.7092
1429		-95.5342		29.0172
1430		-149.298		-15.2307
1431		-181.066		-90.2223
1432		-171.248		-179.408
1433		-114.75		-254.557
1434		-26.6028		-288.295
1435		62.5094		-267.919
1436		119.345		-203.085
1437		123.544		-122.853
1438		77.5719		-63.0045
1439		5.92825		-49.7095
1440		-56.1954		-87.6099
1441		-79.2327		-158.212
1442		-52.4895		-229.222
1443		12.0195		-269.959
1444		86.5705		-265.123
1445		141.54		-220.377
1446		158.855		-157.667
1447		138.64		-103.47
1448		96.5509		-76.3966
1449		54.2367		-80.2614
1450		28.5651		-105.274
1451		25.1726		-135.491
1452		38.8841		-157.65
1453		59.4767		-166.476
1454		78.5334		-164.273
1455		93.1532		-156.223
1456		104.811		-145.263
1457		114.986		-130.162
1458		121.235		-107.958
1459		116.923		-78.7811
1460		95.2847		-49.3141
1461		55.3549		-31.8355
1462		5.75761		-38.5786
1463		-36.7671		-74.2739
1464		-54.2161		-131.317
1465		-36.3534		-190.951
1466		12.9499		-230.672
1467		75.8786		-234.505
1468		127.84		-200.949
1469		148.382		-144.317
1470		130.461		-88.5041
1471		83.4063		-56.163
1472		28.0748		-58.6403
1473		-13.2523		-91.6305
1474		-27.1063		-138.506
1475		-14.1238		-179.334
1476		12.9559		-200.78
1477		37.1297		-201.887
1478		46.4521		-193.087
1479		39.9871		-189.409
1480		27.567		-201.769
1481		23.8902		-230.94
1482		40.3406		-267.129
1483		78.831		-295.032
1484		130.633		-301.493
1485		180.44		-281.828
1486		213.332		-241.876
1487		221.152		-195.191
1488		205.477		-157.113
1489		176.303		-138.66
1490		147.554		-142.801
1491		131.731		-164.214
1492		135.816		-191.961
1493		159.597		-213.566
1494		196.349		-218.929
1495		235.156		-203.073
1496		264.006		-167.431
1497		273.082		-119.636
1498		257.735		-71.8407
1499		220.539		-37.5824
1500		171.533		-27.5923
1501		125.964		-45.6226
1502		99.567		-85.9497
1503		102.672		-134.101
1504		135.414		-171.308
1505		186.451		-181.478
1506		236.37		-157.999
1507		264.938		-107.247
1508		259.353		-46.8422
1509		219.847		1.02294
1510		159.985		18.4871
1511		101.335		-0.734421
1512		64.813		-48.9821
1513		62.5765		-108.105
1514		93.9411		-156.962
1515		146.78		-179.417
1516		203.169		-169.362
1517		246.227		-131.078
1518		264.978		-75.7555
1519		255.669		-16.6723
1520		220.159		34.2973
1521		163.521		67.6877
1522		92.9337		75.771
1523		18.4028		52.2471
1524		-46.0383		-6.05614
1525		-82.974		-95.5953
1526		-75.6579		-202.766
1527		-14.8554		-303.792
1528		94.4523		-369.747
1529		230.405		-376.006
1530		358.312		-312.59
1531		441.055		-190.604
1532		452.198		-41.0837
1533		386.32		94.2134
1534		261.92		176.772
1535		115.381		184.421
1536		-11.5458		118.227
1537		-85.502		0.69207
1538		-91.0486		-133.354
1539		-32.8261		-248.775
1540		69.2145		-320.024
1541		188.178		-335.73
1542		298.066		-297.828
1543		378.436		-217.647
1544		415.775		-111.966
1545		403.491		-0.698639
1546		342.569		94.3699
1547		243.363		151.775
1548		126.812		155.063
1549		22.3227		99.3579
1550		-39.3347		-3.23343
1551		-36.8876		-123.4
1552		31.1102		-222.019
1553		142.015		-263.923
1554		254.648		-232.899
1555		324.09		-140.912
1556		320.322		-26.1492
1557		242.542		60.8098
1558		122.037		77.7243
1559		11.2173		9.54016
1560		-37.3186		-123.261
1561		7.03886		-271.114
1562		139.119		-374.385
1563		318.68		-387.044
1564		485.36		-295.015
1565		581.443		-121.688
1566		572.922		81.1871
1567		460.573		252.725
1568		277.592		343.976
1569		76.149		332.648
1570		-90.6657		226.965
1571		-184.261		59.1255
1572		-188.59		-127.2
1573		-110.033		-289.739
1574		28.3785		-396.752
1575		194.676		-431.222
1576		354.917		-391.263
1577		478.585		-288.646
1578		543.054		-146.454
1579		537.701		4.45056
1580		467.072		131.018
1581		351.339		205.665
1582		222.293		214.213
1583		114.763		160.959
1584		55.7809		67.9806
1585		55.6544		-32.1356
1586		104.987		-107.832
1587		179.345		-139.749
1588		249.76		-126.652
1589		294.418		-83.5408
1590		306.244		-33.0734
1591		293.159		5.38368
1592		271.484		23.751
1593		256.302		26.716
1594		253.873		26.6589
1595		259.737		35.3517
1596		262.794		57.1481
1597		252.483		87.1244
1598		224.717		114.567
1599		183.442		129.154
1600		137.536		125.916
1601		95.59		106.214
1602		62.1732		74.7547
1603		37.899		35.2599
1604		22.8237		-11.7917
1605		20.2695		-67.476
1606		37.6499		-129.807
1607		82.7429		-189.617
1608		157.038		-230.624
1609		250.27		-235.113
1610		340.366		-193.08
1611		400.394		-109.969
1612		410.046		-7.99094
1613		366.049		81.0127
1614		285.609		128.66
1615		200.145		122.893
1616		141.55		73.8467
1617		127.51		9.09871
1618		153.422		-39.9468
1619		195.483		-53.9285
1620		223.866		-35.4377
1621		219.475		-7.46288
1622		185.55		-0.647537
1623		147.674		-35.5607
1624		141.515		-109.096
1625		193.974		-192.39
1626		307.058		-242.053
1627		452.774		-219.825
1628		582.094		-111.453
1629		644.271		64.2269
1630		607.819		260.399
1631		473.797		419.298
1632		275.818		493.528
1633		67.4532		462.506
1634		-96.8486		337.741
1635		-179.041		156.117
1636		-166.585		-34.4121
1637		-71.5782		-189.87
1638		77.2655		-280.381
1639		244.675		-293.354
1640		396.589		-231.478
1641		504.232		-109.085
1642		546.014		50.4386
1643		509.821		216.089
1644		396.868		351.69
1645		225.642		421.753
1646		32.4518		401.032
1647		-134.559		284.898
1648		-228.182		95.4275
1649		-217.993		-121.314
1650		-102.769		-307.892
1651		86.7106		-414.309
1652		297.035		-415.664
1653		470.812		-320.989
1654		567.199		-169.005
1655		575.687		-12.2693
1656		517.285		103.579
1657		432.925		156.524
1658		364.565		153.882
1659		337.57		125.173
1660		351.93		106.178
1661		385.448		121.866
1662		406.43		175.819
1663		389.364		250.184
1664		326.38		315.1
1665		229.976		342.395
1666		126.945		317.165
1667		47.3136		242.647
1668		13.6793		137.564
1669		35.0682		28.5049
1670		106.546		-58.4916
1671		212.919		-103.788
1672		333.55		-96.3709
1673		445.957		-33.6249
1674		527.743		79.2622
1675		558.132		228.954
1676		520.83		393.14
1677		408.8		541.125
1678		229.626		637.82
1679		8.65894		651.624
1680		-212.851		564.417
1681		-385.758		380.064
1682		-465.608		127.581
1683		-425.989		-143.327
1684		-267.947		-373.827
1685		-21.8908		-511.37
1686		259.067		-524.124
1687		512.465		-409.906
1688		682.508		-196.93
1689		734.063		63.6214
1690		660.849		310.819
1691		485.955		489.136
1692		255.041		561.52
1693		24.3994		517.268
1694		-152.872		373.096
1695		-239.128		167.588
1696		-219.974		-49.2856
1697		-105.939		-228.719
1698		72.0832		-334.438
1699		272.067		-350.009
1700		451.971		-280.438
1701		579.533		-148.139
1702		638.14		14.9617
1703		627.688		176.361
1704		561.063		310.17
1705		458.301		400.834
1706		340.802		443.256
1707		227.33		440.538
1708		132.219		401.093
1709		65.0443		336.386
1710		30.6363		259.534
1711		28.7834		184.087
1712		53.9252		122.205
1713		95.8128		82.1205
1714		141.934		65.8211
1715		181.471		68.4857
1716		209.247		80.7407
1717		227.503		93.3877
1718		243.954		102.588
1719		266.395		112.642
1720		296.257		134.215
1721		324.665		178.039
1722		333.903		246.711
1723		304.723		328.897
1724		226.784		399.701
1725		107.296		428.414
1726		-26.9613		391.12
1727		-136.445		282.774
1728		-182.573		122.926
1729		-142.907		-48.3647
1730		-21.1201		-183.51
1731		152.924		-244.184
1732		333.357		-214.872
1733		474.511		-107.457
1734		546.201		44.8209
1735		541.787		200.911
1736		476.281		326.65
1737		376.497		404.214
1738		268.785		432.979
1739		170.419		422.919
1740		88.1764		385.319
1741		23.4077		326.412
1742		-20.6875		247.364
1743		-34.8959		149.993
1744		-6.21802		44.012
1745		74.1925		-49.5218
1746		201.749		-101.987
1747		353.532		-87.5741
1748		491.694		4.28027
1749		574.993		160.685
1750		573.997		346.062
1751		483.255		512.604
1752		324.737		616.508
1753		140.656		633.224
1754		-21.4324		565.31
1755		-124.964		439.758
1756		-155.406		296.395
1757		-121.91		172.716
1758		-49.8301		91.6676
1759		31.6973		57.0427
1760		101.242		57.3011
1761		150.873		74.8525
1762		184.69		95.7623
1763		212.056		115.367
1764		239.673		137.836
1765		266.623		170.867
1766		284.488		218.894
1767		281.92		278.454
1768		250.982		337.899
1769		192.02		381.273
1770		114.924		394.3
1771		36.5161		369.715
1772		-24.4832		309.905
1773		-52.7443		226.257
1774		-40.0935		136.039
1775		12.9866		58.2809
1776		97.8393		9.93541
1777		199.357		2.92701
1778		298.359		42.0819
1779		374.474		123.791
1780		409.656		235.563
1781		392.186		357.039
1782		320.442		463.065
1783		205.121		528.886
1784		68.5381		536.514
1785		-59.6372		480.431
1786		-149.565		370.475
1787		-179.355		230.414
1788		-141.451		92.1523
1789		-44.958		-12.8005
1790		87.05		-61.8296
1791		224.352		-46.805
1792		338.091		25.0337
1793		407.957		134.871
1794		425.706		258.972
1795		394.304		375.405
1796		323.859		468.302
1797		226.783		528.498
1798		114.655		551.289
1799		-1.88139		533.466
1800		-110.759		472.1
1801		-195.862		366.509
1802		-236.871		222.825
1803		-213.331		58.6711
1804		-112.488		-95.4395
1805		61.9616		-200.5
1806		284.478		-219.317
1807		509.429		-129.814
1808		681.265		63.7796
1809		750.759		327.149
1810		691.821		602.498
1811		512.23		824.508
1812		253.356		940.488
1813		-21.9939		927.254
1814		-249.552		798.035
1815		-383.919		596.462
1816		-411.316		379.95
1817		-349.925		199.283
1818		-238.243		82.771
1819		-117.044		31.2497
1820		-13.2117		25.1975
1821		67.4688		39.7055
1822		135.924		59.5286
1823		206.88		86.6861
1824		284.644		136.984
1825		355.365		227.507
1826		390.261		361.819
1827		358.685		520.906
1828		244.793		665.245
1829		59.4992		747.884
1830		-158.572		732.964
1831		-354.277		611.294
1832		-474.692		405.826
1833		-487.32		164.568
1834		-390.091		-55.7866
1835		-209.508		-208.198
1836		11.1599		-267.93
1837		227.49		-235.132
1838		406.186		-128.076
1839		529.517		27.9648
1840		591.985		209.937
1841		593.335		400.166
1842		533.359		583.452
1843		412.122		741.871
1844		235.269		852.333
1845		20.5224		890.132
1846		-199.8		837.834
1847		-383.524		695.228
1848		-489.958		484.73
1849		-493.347		248.471
1850		-392.372		37.2662
1851		-211.238		-104.236
1852		8.19972		-150.053
1853		219.624		-98.0335
1854		384.914		33.5722
1855		481.264		215.331
1856		501.107		416.443
1857		447.064		610.573
1858		326.443		776.178
1859		149.272		893.445
1860		-69.1342		942.131
1861		-303.616		903.885
1862		-517.255		769.558
1863		-665.869		548.264
1864		-709.343		272.756
1865		-626.095		-3.49326
1866		-424.345		-218.535
1867		-144.363		-319.981
1868		150.597		-282.02
1869		392.072		-114.47
1870		526.355		139.952
1871		529.176		419.049
1872		410.027		659.831
1873		205.572		815.31
1874		-33.9989		863.792
1875		-259.599		808.869
1876		-433.557		672.445
1877		-533.38		485.424
1878		-550.275		280.4
1879		-485.857		88.2186
1880		-350.199		-62.7134
1881		-162.24		-147.171
1882		49.0786		-146.291
1883		245.965		-53.3224
1884		387.491		120.541
1885		439.616		344.045
1886		386.382		570.41
1887		237.476		748.667
1888		28.084		838.537
1889		-190.202		823.421
1890		-364.89		716.186
1891		-459.042		555.001
1892		-462.556		390.381
1893		-393.976		268.11
1894		-292.257		214.377
1895		-201.726		228.519
1896		-155.993		285.75
1897		-166.758		348.44
1898		-221.368		381.366
1899		-289.576		365.141
1900		-336.561		302.947
1901		-337.115		218.409
1902		-285.716		145.706
1903		-198.892		115.818
1904		-109.151		144.046
1905		-52.7985		223.381
1906		-56.1274		326.149
1907		-125.002		413.349
1908		-241.645		448.368
1909		-369.841		410.166
1910		-466.751		301.225
1911		-497.157		147.435
1912		-445.125		-9.96125
1913		-319.107		-127.414
1914		-148.977		-172.469
1915		23.5471		-133.001
1916		157.436		-19.5704
1917		223.487		139.143
1918		210.805		305.471
1919		127.461		442.962
1920		-3.64375		524.557
1921		-151.422		537.123
1922		-283.503		482.415
1923		-372.08		375.523
1924		-398.463		241.837
1925		-356.567		112.885
1926		-255.137		20.8201
1927		-117.752		-8.47426
1928		20.7054		37.3523
1929		121.697		151.742
1930		153.592		308.468
1931		102.005		467.207
1932		-24.1746		584.772
1933		-194.217		628.59
1934		-364.817		587.37
1935		-494.147		474.481
1936		-555.263		322.394
1937		-543.423		170.394
1938		-474.521		50.8617
1939		-375.874		-20.0452
1940		-274.135		-43.6795
1941		-186.162		-32.6318
1942		-116.793		-1.063
1943		-63.5346		42.7578
1944		-24.3567		97.7723
1945		-3.21463		165.214
1946		-9.47992		241.215
1947		-51.3366		312.35
1948		-127.174		357.941
1949		-220.741		358.869
1950		-304.14		308.457
1951		-348.417		219.044
1952		-336.906		119.604
1953		-274.23		44.3854
1954		-185.523		17.6478
1955		-105.328		42.2438
1956		-61.1908		98.3855
1957		-60.2739		153.887
1958		-86.1791		181.091
1959		-108.154		171.824
1960		-98.3186		142.332
1961		-48.0591		125.123
1962		25.1948		151.464
1963		84.8812		233.416
1964		92.8911		354.845
1965		29.1398		476.499
1966		-96.8349		553.03
1967		-248.295		553.734
1968		-376.724		476.76
1969		-442.671		349.901
1970		-431.855		217.878
1971		-359.042		122.802
1972		-258.631		87.5592
1973		-167.65		109.853
1974		-110.251		168.628
1975		-91.2939		238.071
1976		-101.042		300.806
1977		-126.748		353.111
1978		-163.308		400.172
1979		-216.29		445.433
1980		-295.587		481.547
1981		-403.874		489.401
1982		-527.486		446.708
1983		-636.211		341.733
1984		-693.514		184.233
1985		-672.621		6.72943
1986		-570.197		-145.74
1987		-410.21		-232.974
1988		-235.512		-235.662
1989		-91.0688		-162.294
1990		-7.01871		-43.7667
1991		10.4192		81.0715
1992		-23.4402		181.317
1993		-83.0898		243.537
1994		-146.195		271.172
1995		-201.713		275.876
1996		-249.258		267.109
1997		-291.728		246.602
1998		-327.162		210.661
1999		-345.926		157.966
2000		-335.554		96.8471
2001		-290.346		46.162
2002		-219.252		27.9492
2003		-146.069		55.4078
2004		-100.309		123.315
2005		-102.857		207.321
2006		-154.229		273.861
2007		-232.544		296.252
2008		-303.331		268.528
2009		-336.698		209.136
2010		-322.896		151.79
2011		-277.707		127.813
2012		-234.243		149.179
2013		-225.127		201.542
2014		-264.407		251.333
2015		-339.013		263.498
2016		-414.565		220.533
2017		-452.701		132.636
2018		-430.786		33.4709
2019		-353.596		-36.2621
2020		-250.886		-48.6786
2021		-162.413		-1.52935
2022		-118.691		82.5025
2023		-127.824		169.004
2024		-175.066		229.742
2025		-234.45		255.196
2026		-285.074		255.097
2027		-322.218		247.509
2028		-356.833		243.743
2029		-404.053		238.777
2030		-468.146		213.538
2031		-533.743		148.178
2032		-569.768		38.5387
2033		-545.043		-94.4619
2034		-447.354		-209.361
2035		-294.982		-261.68
2036		-133.168		-225.908
2037		-15.9424		-110.217
2038		18.1117		44.578
2039		-36.1568		182.188
2040		-148.168		255.925
2041		-266.394		249.131
2042		-342.693		180.708
2043		-353.746		93.387
2044		-308.921		31.3672
2045		-241.371		19.3532
2046		-188.176		53.7504
2047		-170.982		109.685
2048		-187.693		158.63
2049		-218.993		185.7
2050		-244.751		196.371
2051		-259.596		208.959
2052		-277.602		237.937
2053		-322.627		278.921
2054		-409.694		305.536
2055		-528.783		281.629
2056		-641.842		183.061
2057		-696.844		16.9797
2058		-653.069		-173.247
2059		-504.759		-322.184
2060		-290.083		-370.132
2061		-79.2771		-291.318
2062		53.5793		-108.21
2063		62.0447		115.826
2064		-53.0631		302.575
2065		-245.275		391.399
2066		-444.128		362.676
2067		-585.891		241.679
2068		-638.388		82.3299
2069		-608.721		-59.7841
2070		-531.989		-151.115
2071		-448.784		-189.376
2072		-384.316		-195.549
2073		-339.864		-195.235
2074		-299.576		-201.019
2075		-246.835		-205.842
2076		-179.43		-190.297
2077		-114.207		-138.422
2078		-78.5515		-51.7873
2079		-94.0506		46.9842
2080		-162.266		123.661
2081		-261.23		149.469
2082		-354.938		115.973
2083		-410.552		39.2768
2084		-413.603		-48.7252
2085		-372.817		-116.826
2086		-312.307		-149.197
2087		-256.289		-150.05
2088		-215.68		-136.173
2089		-184.615		-122.53
2090		-148.723		-110.294
2091		-99.6887		-85.1791
2092		-46.5423		-27.6159
2093		-15.7164		71.125
2094		-38.5288		196.941
2095		-132.469		313.349
2096		-287.051		375.811
2097		-463.236		353.204
2098		-608.266		244.954
2099		-679.118		83.9286
2100		-662.487		-77.4666
2101		-580.482		-191.436
2102		-478.574		-236.754
2103		-401.833		-226.889
2104		-372.002		-199.873
2105		-377.734		-195.305
2106		-383.322		-230.987
2107		-351.234		-292.046
2108		-266.126		-338.761
2109		-146.983		-329.164
2110		-40.2751		-244.313
2111		2.80088		-102.442
2112		-46.7425		46.099
2113		-178.733		141.058
2114		-345.944		140.523
2115		-484.415		40.88
2116		-541.761		-121.483
2117		-499.36		-287.157
2118		-377.844		-400.345
2119		-224.273		-431.62
2120		-88.7558		-386.07
2121		-3.10605		-294.348
2122		28.0014		-193.244
2123		20.5248		-107.323
2124		-4.98035		-41.4741
2125		-38.2549		12.8684
2126		-83.9395		63.3822
2127		-153.558		104.567
2128		-250.57		116.179
2129		-358.727		74.2793
2130		-442.332		-31.2115
2131		-460.153		-183.133
2132		-386.53		-336.954
2133		-228.355		-435.975
2134		-28.0168		-435.407
2135		150.62		-323.556
2136		247.319		-129.271
2137		229.873		88.4619
2138		106.303		263.983
2139		-80.461		350.286
2140		-271.99		334.603
2141		-417.805		238.085
2142		-491.794		101.717
2143		-495.24		-32.9066
2144		-447.71		-137.957
2145		-373.155		-203.035
2146		-289.866		-229.194
2147		-209.069		-219.88
2148		-140.532		-176.226
2149		-98.6863		-100.158
2150		-102.508		-2.5311
2151		-166.878		90.9329
2152		-289.66		142.733
2153		-443.058		117.308
2154		-576.973		-0.16256
2155		-636.059		-190.128
2156		-584.05		-399.464
2157		-423.536		-559.279
2158		-199.97		-613.195
2159		14.2167		-543.03
2160		149.509		-378.765
2161		169.55		-186.659
2162		86.9785		-40.0878
2163		-43.3992		13.3454
2164		-151.28		-27.4857
2165		-184.577		-118.917
2166		-133.674		-195.743
2167		-34.3892		-204.44
2168		51.5408		-129.833
2169		68.3817		-2.11372
2170		-5.36789		118.808
2171		-146.31		173.289
2172		-297.736		130.995
2173		-396.882		4.77319
2174		-403.748		-156.636
2175		-317.372		-292.189
2176		-172.663		-355.701
2177		-21.1938		-333.034
2178		92.7692		-242.05
2179		148.361		-117.666
2180		149.218		7.95831
2181		111.443		118.501
2182		47.651		213.236
2183		-42.1384		295.444
2184		-166.833		358.475
2185		-330.293		379.914
2186		-516.457		329.379
2187		-684.385		186.925
2188		-778.929		-38.1275
2189		-753.833		-299.74
2190		-596.351		-525.729
2191		-340.265		-643.712
2192		-59.0885		-611.261
2193		159.265		-436.011
2194		245.756		-175.647
2195		176.672		82.9345
2196		-18.4184		256.201
2197		-270.138		293.908
2198		-497.222		193.843
2199		-635.846		-3.43642
2200		-657.942		-235.172
2201		-572.603		-441.202
2202		-413.378		-581.647
2203		-220.457		-641.508
2204		-27.435		-623.947
2205		142.252		-539.606
2206		270.937		-399.949
2207		340.995		-218.312
2208		334.503		-16.0988
2209		240.63		172.699
2210		66.8471		305.055
2211		-153.856		341.969
2212		-366.723		265.937
2213		-511.365		93.6104
2214		-544.505		-124.613
2215		-458.842		-320.326
2216		-288.205		-432.515
2217		-95.2857		-431.415
2218		53.2975		-329.606
2219		113.401		-174.908
2220		79.0921		-28.4462
2221		-19.2072		61.63
2222		-132.429		78.3618
2223		-217.037		38.1435
2224		-253.577		-22.8781
2225		-251.069		-70.0362
2226		-236.457		-87.5796
2227		-236.104		-83.6761
2228		-260.008		-81.5375
2229		-297.197		-102.809
2230		-324.076		-153.233
2231		-320.11		-218.791
2232		-281.295		-274.214
2233		-223.371		-298.547
2234		-172.83		-288.393
2235		-150.902		-260.813
2236		-159.889		-243.764
2237		-180.134		-259.182
2238		-180.03		-308.234
2239		-134.171		-367.452
2240		-39.9312		-398.769
2241		76.8788		-368.931
2242		171.129		-268.502
2243		198.484		-120.451
2244		136.925		26.6329
2245		-0.859329		118.023
2246		-170.35		116.09
2247		-312.1		16.5763
2248		-374.87		-149.248
2249		-334.661		-326.881
2250		-201.932		-459.119
2251		-15.2283		-505.531
2252		174.297		-453.244
2253		319.767		-316.402
2254		390.091		-127.196
2255		373.399		75.6507
2256		274.271		255.629
2257		109.095		382.529
2258		-96.9245		433.62
2259		-310.656		395.32
2260		-492.451		267.384
2261		-601.492		68.295
2262		-606.319		-162.301
2263		-497.767		-368.601
2264		-298.32		-492.545
2265		-61.6367		-493.183
2266		140.482		-364.007
2267		240.66		-140.023
2268		199.879		110.193
2269		22.9417		305.856
2270		-241.489		381.055
2271		-516.829		306.956
2272		-724.29		100.43
2273		-808.144		-183.766
2274		-750.996		-473.19
2275		-574.364		-701.488
2276		-326.383		-826.431
2277		-63.4546		-836.617
2278		166.056		-746.922
2279		330.644		-587.532
2280		416.285		-392.902
2281		422.196		-195.068
2282		356.453		-21.8465
2283		234.439		102.846
2284		79.7177		160.192
2285		-75.7721		140.866
2286		-195.6		50.986
2287		-247.791		-84.4559
2288		-216.184		-224.674
2289		-108.962		-323.766
2290		40.7559		-345.94
2291		184.188		-279.15
2292		273.344		-140.829
2293		278.235		27.5233
2294		197.615		175.225
2295		58.6693		260.812
2296		-94.138		266.398
2297		-216.165		202.367
2298		-278.492		101.123
2299		-276.493		3.27988
2300		-228.602		-57.5651
2301		-167.047		-65.553
2302		-125.255		-25.6049
2303		-126.97		40.8109
2304		-180.303		104.134
2305		-277.201		135.698
2306		-396.79		114.698
2307		-510.529		32.4324
2308		-587.896		-105.734
2309		-602.392		-280.191
2310		-537.941		-459.052
2311		-394.934		-603.255
2312		-193.918		-675.236
2313		25.6845		-649.958
2314		213.465		-524.949
2315		321.584		-325.023
2316		320.083		-98.3962
2317		208.215		95.999
2318		16.7724		206.349
2319		-200.464		204.539
2320		-383.535		95.0155
2321		-485.179		-87.6582
2322		-484.56		-291.533
2323		-390.857		-465.004
2324		-236.111		-572.412
2325		-61.2362		-601.755
2326		98.3997		-562.605
2327		222.004		-476.733
2328		304.335		-366.767
2329		350.028		-248.264
2330		365.524		-128.041
2331		353.295		-8.04485
2332		311.039		108.66
2333		235.453		213.824
2334		127.691		294.257
2335		-3.00612		336.116
2336		-139.689		330.73
2337		-261.915		278.832
2338		-351.674		191.186
2339		-398.297		85.6306
2340		-400.562		-17.8096
2341		-365.862		-101.547
2342		-307.617		-153.416
2343		-242.387		-167.914
2344		-187.426		-146.497
2345		-158.427		-97.6244
2346		-166.784		-36.4358
2347		-216.269		16.8814
2348		-300.17		40.9579
2349		-400.747		19.1513
2350		-492.522		-54.2838
2351		-549.356		-170.581
2352		-553.079		-307.787
2353		-500.058		-437.403
2354		-402.435		-534.051
2355		-283.019		-584.023
2356		-165.912		-588.68
2357		-67.2885		-561.041
2358		9.10095		-517.319
2359		69.4867		-467.935
2360		122.172		-412.968
2361		168.776		-344.712
2362		199.98		-256.056
2363		198.875		-149.896
2364		150.812		-43.7285
2365		54.7065		34.2585
2366		-70.7247		56.7865
2367		-190.277		11.5329
2368		-264.911		-89.6499
2369		-268.506		-211.88
2370		-200.789		-309.486
2371		-89.7123		-344.5
2372		18.674		-303.097
2373		78.8843		-202.19
2374		64.9272		-82.7754
2375		-19.0727		7.18729
2376		-141.325		32.6543
2377		-256.552		-14.7827
2378		-325.153		-115.208
2379		-328.585		-230.807
2380		-274.404		-322.889
2381		-189.662		-367.327
2382		-106.908		-361.637
2383		-50.0909		-321.541
2384		-26.9628		-270.124
2385		-30.5591		-225.965
2386		-47.4726		-196.332
2387		-67.3759		-178.112
2388		-88.2668		-164.633
2389		-114.931		-153.444
2390		-152.308		-149.976
2391		-198.407		-164.826
2392		-241.579		-206.366
2393		-264.261		-273.271
2394		-251.46		-351.723
2395		-199.31		-419.489
2396		-118.815		-455.146
2397		-32.3764		-447.826
2398		35.4589		-402.35
2399		68.4341		-337.032
2400		65.0053		-275.213
2401		37.6459		-234.84
2402		5.65442		-221.285
2403		-14.6189		-226.773
2404		-17.0851		-236.219
2405		-7.2873		-236.031
2406		2.33589		-221.083
2407		0.243973		-196.406
2408		-17.8003		-173.208
2409		-47.063		-161.937
2410		-77.3843		-166.518
2411		-99.4497		-182.94
2412		-109.893		-202.655
2413		-112.244		-218.388
2414		-113.352		-228.603
2415		-117.717		-237.772
2416		-123.511		-252.187
2417		-123.121		-273.924
2418		-108.393		-296.903
2419		-77.7695		-308.085
2420		-41.0119		-294.04
2421		-18.0193		-249.931
2422		-31.1836		-186.135
2423		-94.1849		-128.344
2424		-202.397		-109.893
2425		-329.867		-158.785
2426		-435.178		-284.696
2427		-474.592		-471.648
2428		-417.618		-679.858
2429		-258.971		-856.496
2430		-22.3558		-951.52
2431		245.199		-932.857
2432		486.132		-795.825
2433		647.633		-564.201
2434		694.533		-283.53
2435		616.551		-9.68689
2436		429.078		203.533
2437		168.745		314.8
2438		-114.127		302.204
2439		-364.401		166.661
2440		-531.333		-67.805
2441		-577.646		-356.879
2442		-487.742		-642.237
2443		-273.492		-861.618
2444		24.6691		-961.913
2445		343.315		-912.838
2446		608.707		-717.364
2447		754.502		-414.844
2448		740.001		-74.3391
2449		563.258		221.395
2450		264.249		397.45
2451		-83.8863		407.635
2452		-393.695		248.136
2453		-587.023		-40.5892
2454		-616.342		-384.563
2455		-477.387		-696.542
2456		-209.48		-899.695
2457		116.228		-947.731
2458		416.715		-835.913
2459		619.261		-600.388
2460		679.646		-306.777
2461		591.858		-31.8641
2462		387.474		156.38
2463		125.725		215.277
2464		-122.599		136.725
2465		-293.156		-52.3884
2466		-343.682		-298.16
2467		-263.816		-533.845
2468		-77.052		-696.82
2469		165.587		-744.434
2470		398.77		-665.002
2471		559.987		-481.087
2472		606.446		-243.885
2473		527.232		-19.6441
2474		347.104		128.65
2475		120.274		159.455
2476		-84.6609		65.3803
2477		-204.688		-123.709
2478		-201.422		-348.679
2479		-73.2981		-538.275
2480		143.137		-630.437
2481		383.572		-591.243
2482		574.876		-425.508
2483		656.781		-175.682
2484		599.574		90.5289
2485		412.464		299.789
2486		140.426		393.833
2487		-148.955		345.062
2488		-384.172		162.876
2489		-508.333		-110.245
2490		-492.573		-410.844
2491		-341.505		-670.722
2492		-90.4205		-832.865
2493		204.016		-863.575
2494		476.813		-758.839
2495		668.625		-544.481
2496		738.281		-270.556
2497		671.929		-1.00114
2498		487.133		200.022
2499		230.547		282.955
2500		-31.3975		225.876
2501		-227.867		42.1896
2502		-302.061		-220.114
2503		-227.913		-488.956
2504		-19.6888		-686.801
2505		269.548		-752.698
2506		561.404		-661.022
2507		774.291		-430.509
2508		847.557		-119.901
2509		759.745		189
2510		534.793		415.613
2511		234.082		504.235
2512		-62.8331		439.339
2513		-282.115		247.875
2514		-376.207		-11.3887
2515		-334.818		-267.042
2516		-183.94		-455.837
2517		25.269		-538.597
2518		232.87		-507.277
2519		386.188		-382.78
2520		451.268		-206.05
2521		417.988		-26.2512
2522		299.347		110.574
2523		126.667		170.415
2524		-57.5661		137.154
2525		-208.133		15.3763
2526		-286.147		-170.012
2527		-267.856		-377.897
2528		-151.503		-559.129
2529		40.061		-668.018
2530		262.973		-674.766
2531		462.552		-575.162
2532		588.03		-393.792
2533		607.547		-178.694
2534		518.371		11.7262
2535		348.468		125.679
2536		148.489		133.317
2537		-23.306		35.2408
2538		-118.108		-138.563
2539		-109.949		-338.613
2540		-1.39961		-510.874
2541		179.459		-611.613
2542		388.776		-617.666
2543		579.508		-529.843
2544		712.818		-369.797
2545		765.607		-172.574
2546		733.343		22.3843
2547		628.824		179.538
2548		478.115		273.678
2549		314.721		294.073
2550		172.707		246.131
2551		79.4577		150.193
2552		49.2023		37.0814
2553		79.0151		-59.4182
2554		149.034		-111.762
2555		227.75		-107.006
2556		281.495		-51.3234
2557		285.374		31.4566
2558		231.859		107.41
2559		133.719		143.895
2560		19.923		120.74
2561		-74.1269		37.12
2562		-118.437		-88.3739
2563		-97.9644		-224.305
2564		-16.5755		-336.857
2565		105.519		-400.157
2566		239.196		-402.902
2567		355.465		-349.565
2568		432.836		-256.819
2569		461.026		-147.43
2570		440.911		-44.2206
2571		382.068		34.1495
2572		299.635		75.2706
2573		211.596		73.6727
2574		136.572		31.0711
2575		91.5273		-43.4839
2576		88.8793		-134.034
2577		133.275		-219.608
2578		219.168		-278.076
2579		330.602		-291.411
2580		444.05		-250.825
2581		533.898		-159.81
2582		578.937		-33.7694
2583		567.67		103.786
2584		500.702		227.124
2585		389.733		314.181
2586		254.037		350.66
2587		116.057		331.624
2588		-2.41783		261.031
2589		-82.8927		150.335
2590		-112.02		17.0205
2591		-83.4083		-116.853
2592		0.283569		-226.838
2593		125.652		-289.84
2594		268.687		-289.467
2595		398.15		-221.682
2596		482.432		-98.4694
2597		498.402		52.785
2598		439.275		195.177
2599		318.236		292.262
2600		165.807		318.979
2601		21.2827		269.545
2602		-79.0083		159.273
2603		-112.475		19.5064
2604		-76.2722		-112.468
2605		13.3357		-204.788
2606		127.532		-239.703
2607		234.602		-216.941
2608		309.097		-151.413
2609		337.702		-66.9554
2610		320.723		11.175
2611		269.87		62.6137
2612		203.962		75.761
2613		144.159		49.1809
2614		109.604		-8.82713
2615		113.662		-81.9388
2616		160.768		-148.735
2617		244.337		-187.06
2618		346.706		-179.639
2619		442.195		-119.85
2620		503.5		-15.6541
2621		510.195		110.511
2622		456.567		227.004
2623		355.529		302.575
2624		236.238		317.325
2625		135.318		270.887
2626		84.2921		184.188
2627		97.728		93.4026
2628		166.777		37.7045
2629		260.971		45.1015
2630		338.05		121.588
2631		358.468		247.777
2632		299.414		384.407
2633		163.343		484.832
2634		-21.8818		510.119
2635		-211.135		441.637
2636		-355.513		287.091
2637		-416.689		78.4348
2638		-377.735		-137.279
2639		-247.49		-310.994
2640		-57.6992		-404.763
2641		145.819		-401.373
2642		315.315		-308.224
2643		413.347		-154.794
2644		422.104		15.4228
2645		347.593		156.424
2646		217.672		231.79
2647		74.3335		224.272
2648		-37.8693		140.311
2649		-84.2194		8.05783
2650		-49.5655		-130.745
2651		57.5282		-232.824
2652		207.564		-265.859
2653		359.025		-217.584
2654		470.625		-98.7444
2655		513.026		60.8572
2656		476.414		221.67
2657		371.905		345.861
2658		226.894		407.253
2659		76.4381		396.966
2660		-46.2762		323.735
2661		-117.563		209.728
2662		-127.349		83.8782
2663		-79.5754		-25.07
2664		10.2079		-94.2103
2665		118.836		-110.189
2666		220.154		-71.0215
2667		289.799		13.7632
2668		309.848		124.65
2669		272.87		235.526
2670		184.456		318.939
2671		63.0927		352.571
2672		-63.3795		325.414
2673		-164.451		241.647
2674		-215.209		120.504
2675		-203.667		-8.4404
2676		-134.576		-113.467
2677		-28.1935		-169.88
2678		85.7967		-167.108
2679		177.228		-111.335
2680		224.237		-22.8472
2681		219.026		70.7967
2682		168.907		143.307
2683		92.7215		177.032
2684		14.2329		166.981
2685		-45.1092		120.676
2686		-71.7986		54.4795
2687		-62.9308		-12.0491
2688		-25.6269		-61.8844
2689		26.1264		-84.8705
2690		76.0778		-79.7792
2691		110.508		-53.8662
2692		122.104		-20.2035
2693		112.014		6.54919
2694		89.4993		14.9377
2695		69.0569		0.808159
2696		65.5701		-30.614
2697		88.7644		-65.6356
2698		138.786		-86.1493
2699		204.666		-75.8592
2700		266.676		-26.698
2701		302.215		56.9432
2702		293.448		158.024
2703		234.012		251.184
2704		132.23		310.35
2705		9.46098		317.023
2706		-105.966		266.276
2707		-187.123		168.343
2708		-216.167		45.3258
2709		-188.763		-75.5725
2710		-114.015		-169.728
2711		-10.4732		-221.022
2712		99.8675		-224.346
2713		197.228		-184.541
2714		267.61		-113.001
2715		303.739		-23.7333
2716		304.039		69.5778
2717		270.93		154.94
2718		209.585		222.223
2719		127.555		263.058
2720		34.8998		271.286
2721		-55.9908		244.134
2722		-131.547		183.643
2723		-179.236		97.4706
2724		-190.268		-1.63793
2725		-161.86		-97.8731
2726		-98.2257		-175.4
2727		-9.91887		-221.529
2728		88.2177		-229.152
2729		179.885		-197.912
2730		250.226		-134.04
2731		288.268		-49.0952
2732		288.635		42.0338
2733		252.41		123.587
2734		187.041		181.609
2735		105.152		206.516
2736		22.2325		195.061
2737		-46.5337		151.092
2738		-89.5829		84.6351
2739		-101.467		9.32197
2740		-83.6244		-61.1731
2741		-43.07		-116.523
2742		10.535		-151.732
2743		68.2505		-166.995
2744		124.248		-165.644
2745		176.238		-151.255
2746		223.906		-125.427
2747		266.33		-87.3803
2748		299.922		-35.6088
2749		318.208		29.3216
2750		313.823		102.418
2751		281.912		173.833
2752		223.264		230.937
2753		145.522		262.195
2754		61.6246		261.156
2755		-13.9742		228.688
2756		-69.6799		172.407
2757		-99.7382		103.557
2758		-104.526		32.9137
2759		-88.2231		-32.2603
2760		-55.3153		-88.7595
2761		-7.98175		-135.376
2762		54.0095		-169.625
2763		130.691		-185.434
2764		217.947		-173.596
2765		304.605		-125.412
2766		372.718		-38.1525
2767		401.824		80.2633
2768		376.015		210.028
2769		291.042		323.006
2770		158.329		390.382
2771		3.77842		391.771
2772		-138.664		322.324
2773		-236.545		195.012
2774		-268.115		37.1552
2775		-227.941		-117.467
2776		-127.179		-237.936
2777		11.0771		-303.66
2778		159.143		-307.715
2779		291.867		-255.731
2780		391.21		-161.71
2781		447.517		-43.098
2782		458.259		82.9171
2783		425.934		201.075
2784		356.634		298.209
2785		259.797		363.218
2786		148.521		387.944
2787		39.1898		369.141
2788		-50.5662		310.619
2789		-105.559		224.099
2790		-117.21		127.637
2791		-86.4238		41.5876
2792		-23.7135		-16.6869
2793		53.7583		-37.3883
2794		127.198		-20.3724
2795		181.326		25.9556
2796		207.735		88.2621
2797		205.479		152.733
2798		179.202		208.531
2799		136.17		249.183
2800		83.755		272.019
2801		28.3082		276.712
2802		-24.6817		264.155
2803		-70.0681		236.362
2804		-103.177		197.072
2805		-120.947		152.075
2806		-123.469		108.334
2807		-114.697		71.7683
2808		-101.297		44.6561
2809		-89.6194		24.2514
2810		-82.0535		3.90366
2811		-74.7865		-23.2494
2812		-58.6748		-59.5003
2813		-23.5092		-99.1782
2814		35.8962		-128.879
2815		114.685		-132.015
2816		196.867		-96.2152
2817		259.45		-20.3815
2818		280.686		82.0854
2819		249.133		185.953
2820		169.556		262.199
2821		62.7663		288.382
2822		-40.8819		257.053
2823		-111.833		178.637
2824		-131.294		77.6041
2825		-96.8171		-16.3392
2826		-21.5633		-78.2374
2827		71.8886		-94.9934
2828		160.023		-67.158
2829		225.399		-5.57451
2830		259.63		74.6845
2831		262.082		159.82
2832		236.161		239.887
2833		185.964		308.118
2834		115.259		358.591
2835		28.9896		384.654
2836		-64.3644		379.778
2837		-151.872		340.705
2838		-218.226		271.051
2839		-250.488		182.847
2840		-243.385		94.4015
2841		-202.361		24.7933
2842		-142.472		-12.7636
2843		-83.2009		-15.6087
2844		-41.3879		7.90041
2845		-25.4592		42.4062
2846		-33.5235		72.1232
2847		-55.9673		86.8361
2848		-80.9598		84.62
2849		-99.9487		70.3752
2850		-110.472		51.4362
2851		-115.238		32.907
2852		-118.503		15.257
2853		-122.142		-4.76525
2854		-123.795		-30.808
2855		-118.043		-63.4199
2856		-99.7551		-98.5844
2857		-67.4405		-129.169
2858		-24.52		-148.369
2859		22.2784		-153.012
2860		66.402		-144.696
2861		104.683		-128.051
2862		138.253		-107.204
2863		170.518		-82.6661
2864		203.37		-50.7156
2865		233.965		-5.87943
2866		254.24		54.7296
2867		253.804		127.704
2868		224.943		202.559
2869		167.104		264.667
2870		88.4233		300.629
2871		3.33392		303.461
2872		-72.5987		274.984
2873		-127.999		224.329
2874		-158.535		163.557
2875		-166.144		102.923
2876		-155.549		48.3315
2877		-130.508		2.13069
2878		-92.3046		-33.741
2879		-41.4771		-54.7534
2880		18.3703		-53.4296
2881		77.3775		-22.5675
2882		119.577		39.3364
2883		127.381		123.526
2884		88.9231		210.395
2885		4.82973		274.208
2886		-109.203		291.743
2887		-225.909		251.262
2888		-315.055		157.713
2889		-353.637		31.6305
2890		-333.353		-97.8952
2891		-262.249		-203.111
2892		-160.252		-266.079
2893		-51.0348		-282.391
2894		45.8812		-259.281
2895		119.505		-209.958
2896		167.126		-147.51
2897		190.82		-81.3538
2898		193.544		-17.2484
2899		177.326		40.3201
2900		144.301		85.9029
2901		99.254		113.116
2902		51.2328		117.306
2903		12.2875		99.2233
2904		-6.7345		67.0545
2905		-1.36761		34.8443
2906		23.3002		17.3125
2907		53.7119		23.3023
2908		73.2865		51.2009
2909		69.918		88.9768
2910		41.9053		119.249
2911		-0.746643		127.213
2912		-40.5121		107.677
2913		-60.1545		67.8048
2914		-50.4958		24.2213
2915		-14.5301		-4.11021
2916		33.8848		-3.8511
2917		75.8787		27.5286
2918		95.0148		81.4081
2919		82.9256		142.125
2920		40.9928		193.13
2921		-21.8972		222.176
2922		-93.6234		223.571
2923		-162.645		197.384
2924		-219.736		147.137
2925		-257.685		77.9811
2926		-270.351		-3.50887
2927		-252.757		-88.2932
2928		-202.925		-164.133
2929		-124.644		-216.768
2930		-29.2831		-233.471
2931		65.1552		-207.835
2932		138.241		-143.499
2933		173.305		-54.6721
2934		163.064		37.3365
2935		112.199		110.431
2936		35.7104		148.36
2937		-46.1601		144.992
2938		-114.165		104.772
2939		-154.89		39.7315
2940		-162.651		-35.098
2941		-138.54		-105.673
2942		-88.0468		-160.979
2943		-18.9914		-193.2
2944		59.3325		-197.204
2945		136.117		-170.633
2946		199.309		-115.035
2947		237.266		-37.2601
2948		241.814		50.3461
2949		211.473		132.041
2950		152.985		192.907
2951		79.8082		223.586
2952		7.77216		223.283
2953		-50.3546		199.381
2954		-88.8286		163.723
2955		-109.536		127.325
2956		-119.08		96.214
2957		-124.094		70.4242
2958		-127.47		46.4324
2959		-127.602		21.3173
2960		-120.916		-4.05357
2961		-105.92		-24.9018
2962		-86.0051		-35.6669
2963		-68.8827		-34.4628
2964		-62.5854		-25.9021
2965		-70.179		-20.0668
2966		-86.4573		-27.5947
2967		-99.084		-53.2921
2968		-94.2742		-91.9235
2969		-64.4091		-129.034
2970		-13.5141		-147.105
2971		42.7542		-134.373
2972		83.3009		-91.8399
2973		91.378		-34.5835
2974		63.245		13.8855
2975		11.2302		31.9116
2976		-40.6822		9.83385
2977		-66.9448		-44.9561
2978		-51.5631		-110.587
2979		4.96012		-159.764
2980		85.9995		-171.044
2981		166.057		-137.104
2982		221.194		-66.4779
2983		237.686		21.463
2984		215.203		105.224
2985		163.89		169.101
2986		97.7669		206.737
2987		28.452		219.502
2988		-37.6069		211.732
2989		-97.6244		186.354
2990		-148.618		143.696
2991		-184.439		83.9958
2992		-196.202		11.5801
2993		-176.358		-62.4947
2994		-124.155		-121.77
2995		-49.1279		-149.767
2996		29.9723		-137.016
2997		90.9376		-86.1051
2998		116.158		-11.945
2999		99.2134		63.2049
3000		46.9219		117.731
3001		-23.9399		138.021
3002		-93.4346		121.994
3003		-145.415		77.7322
3004		-171.593		18.6038
3005		-171.556		-42.2176
3006		-149.831		-95.1656
3007		-112.442		-134.646
3008		-65.1282		-157.383
3009		-13.79		-160.894
3010		34.0718		-143.77
3011		69.0307		-107.829
3012		81.8963		-60.4266
3013		67.9161		-14.6114
3014		30.7698		14.2114
3015		-16.4302		14.3348
3016		-54.6982		-16.2494
3017		-66.4415		-67.2589
3018		-43.3062		-118.96
3019		9.3055		-149.777
3020		73.6316		-145.426
3021		126.618		-105.255
3022		149.536		-42.6599
3023		135.667		20.7173
3024		92.4851		64.2378
3025		37.5206		76.5302
3026		-9.77538		58.9993
3027		-36.0222		23.3538
3028		-37.9891		-14.9923
3029		-21.3456		-43.8722
3030		4.40365		-58.1279
3031		31.3924		-58.7864
3032		56.0426		-49.0382
3033		77.7103		-30.1924
3034		94.8117		-0.566025
3035		101.604		41.8013
3036		88.4592		94.3698
3037		46.3083		146.656
3038		-26.83		181.102
3039		-121.022		178.925
3040		-214.653		128.641
3041		-280.654		33.0919
3042		-296.458		-88.919
3043		-253.286		-207.823
3044		-160.355		-293.416
3045		-41.9531		-325.558
3046		71.3408		-300.783
3047		153.317		-232.167
3048		190.061		-143.06
3049		182.186		-58.0006
3050		141.387		4.94938
3051		83.9446		37.5507
3052		24.7852		40.1134
3053		-25.3829		17.6954
3054		-59.6263		-23.2839
3055		-72.883		-76.0792
3056		-61.0636		-132.47
3057		-22.4991		-181.39
3058		38.9989		-209.645
3059		111.861		-205.655
3060		177.76		-164.934
3061		216.741		-94.3435
3062		214.862		-12.1527
3063		170.818		57.2164
3064		98.0049		92.078
3065		20.3786		82.1709
3066		-36.4877		33.0276
3067		-55.273		-36.2151
3068		-33.2401		-100.687
3069		17.7701		-139.717
3070		77.4099		-144.293
3071		125.81		-118.873
3072		151.137		-77.2861
3073		152.45		-35.3229
3074		137.202		-3.96801
3075		115.522		13.5636
3076		94.7848		20.222
3077		77.3132		20.7463
3078		61.9281		17.6363
3079		47.6403		9.99841
3080		36.6063		-4.26287
3081		34.0909		-24.6754
3082		45.2153		-45.6952
3083		70.4504		-57.6025
3084		102.826		-50.8494
3085		129.057		-21.7005
3086		134.62		24.029
3087		110.527		71.5474
3088		58.405		102.19
3089		-8.83257		100.869
3090		-71.2304		62.4052
3091		-109.064		-6.17719
3092		-109.808		-88.3025
3093		-71.8088		-163.926
3094		-3.51781		-216.08
3095		80.6547		-235.079
3096		165.348		-219.172
3097		237.726		-172.446
3098		288.435		-102.033
3099		310.819		-16.5123
3100		300.201		73.9465
3101		254.665		156.764
3102		177.369		217.283
3103		78.838		241.493
3104		-22.9228		220.752
3105		-105.849		156.432
3106		-150.22		61.8145
3107		-145.598		-40.5111
3108		-95.1067		-125.367
3109		-14.7721		-173.275
3110		72.1186		-176.783
3111		143.301		-142.038
3112		184.851		-85.0659
3113		194.459		-24.6557
3114		179.639		24.7274
3115		152.326		56.8815
3116		122.896		73.3697
3117		96.5719		79.6482
3118		73.5332		80.4722
3119		51.8936		77.2393
3120		31.1838		68.4713
3121		13.9772		52.6105
3122		4.67384		30.9321
3123		6.36788		8.41148
3124		17.9959		-8.22919
3125		33.8383		-14.209
3126		46.0186		-9.81236
3127		48.7568		-0.84668
3128		41.9374		4.17635
3129		31.7634		-1.20105
3130		27.8234		-17.2706
3131		37.9118		-37.0874
3132		63.2842		-49.2752
3133		96.9201		-43.4642
3134		125.846		-15.6743
3135		136.483		29.0531
3136		120.453		78.0664
3137		78.1235		115.805
3138		18.4367		129.483
3139		-44.5392		113.185
3140		-96.3809		68.8766
3141		-126.147		4.5625
3142		-127.97		-68.8229
3143		-100.599		-139.974
3144		-46.2437		-198.295
3145		29.8955		-233.93
3146		118.998		-238.099
3147		207.795		-204.851
3148		279.197		-134.178
3149		315.521		-34.9782
3150		304.007		74.3267
3151		242.543		169.068
3152		142.76		225.208
3153		28.3056		227.497
3154		-71.8312		175.443
3155		-132.669		84.2165
3156		-141.496		-20.3184
3157		-101.539		-110.56
3158		-29.5411		-166.402
3159		51.5211		-180.895
3160		121.187		-160.246
3161		167.878		-118.744
3162		190.455		-71.4765
3163		195.019		-28.4545
3164		189.327		7.36095
3165		178.038		37.8928
3166		161.195		65.5889
3167		136.249		89.7652
3168		101.938		105.828
3169		61.3508		107.69
3170		22.186		91.7487
3171		-6.05884		59.9435
3172		-16.3819		19.9474
3173		-7.61233		-17.714
3174		15.0943		-44.0853
3175		42.8535		-55.3503
3176		67.2714		-53.6839
3177		83.9699		-45.0886
3178		93.5884		-35.5978
3179		99.9381		-28.0599
3180		106.608		-21.2626
3181		114.131		-11.7152
3182		119.383		3.15776
3183		117.493		22.4351
3184		105.044		41.3171
3185		82.5892		53.1736
3186		54.9822		52.7921
3187		29.3341		38.9044
3188		11.8501		14.5443
3189		5.4333		-14.8709
3190		9.43073		-44.452
3191		21.5356		-71.859
3192		40.4709		-97.127
3193		67.5257		-120.406
3194		105.664		-139.146
3195		156.44		-146.795
3196		216.443		-134.365
3197		275.608		-94.578
3198		318.915		-26.6747
3199		331.325		60.733
3200		303.905		150.648
3201		238.299		222.59
3202		147.246		259.486
3203		50.7064		253.561
3204		-30.7835		208.62
3205		-82.5769		137.864
3206		-99.4821		58.4832
3207		-85.2279		-14.2994
3208		-48.7047		-71.0375
3209		0.664371		-108.412
3210		55.9335		-126.752
3211		112.764		-126.822
3212		167.258		-108.14
3213		213.496		-69.9454
3214		242.942		-14.1109
3215		246.717		52.0816
3216		219.89		115.563
3217		165.498		160.538
3218		95.7574		174.094
3219		29.1672		151.84
3220		-15.7237		100.706
3221		-27.323		37.1795
3222		-5.57727		-18.6276
3223		38.0817		-50.628
3224		85.5405		-52.7893
3225		119.473		-30.8845
3226		130.175		0.724701
3227		118.82		25.6988
3228		95.9177		32.6842
3229		75.957		19.5888
3230		70.8677		-6.46661
3231		85.2431		-33.0951
3232		115.205		-48.3623
3233		150.96		-45.59
3234		181.442		-25.2915
3235		198.714		6.15162
3236		200.256		39.9286
3237		188.584		68.4327
3238		168.966		87.4398
3239		146.775		96.2202
3240		125.856		96.15
3241		108.436		89.0534
3242		96.0587		76.3843
3243		90.5185		59.5933
3244		93.8782		41.1495
3245		107.391		25.2069
3246		129.973		17.1088
3247		157.3		21.6603
3248		182.35		40.924
3249		197.456		72.7245
3250		197.049		110.803
3251		179.805		146.757
3252		149.1		172.981
3253		111.492		185.235
3254		73.9375		183.628
3255		41.1148		171.557
3256		14.1905		153.188
3257		-8.34093		130.834
3258		-28.2028		103.682
3259		-44.6019		68.6761
3260		-52.7923		23.2488
3261		-44.9748		-31.3906
3262		-13.4621		-88.1559
3263		45.1081		-134.513
3264		126.381		-155.717
3265		217.425		-139.864
3266		299.151		-82.869
3267		351.462		8.67355
3268		359.392		118.05
3269		318.056		222.435
3270		234.611		299.075
3271		126.516		331.549
3272		16.7404		314.038
3273		-72.3989		252.309
3274		-124.709		161.357
3275		-133.293		60.7983
3276		-100.767		-30.2778
3277		-36.9885		-97.3319
3278		44.4906		-132.319
3279		129.823		-133.517
3280		207.124		-103.987
3281		267.321		-49.7157
3282		304.01		21.7183
3283		313.085		101.671
3284		292.796		180.477
3285		244.397		247.658
3286		173.041		292.854
3287		88.1949		307.605
3288		2.96523		287.58
3289		-67.9369		234.419
3290		-111.223		156.371
3291		-118.221		67.2272
3292		-87.2372		-16.3693
3293		-24.2734		-78.5565
3294		58.1809		-107.827
3295		143.971		-99.5378
3296		216.925		-56.6856
3297		264.312		11.17
3298		279.252		90.4473
3299		261.516		166.764
3300		216.713		227.951
3301		154.245		266.114
3302		84.7361		278.326
3303		17.7225		265.984
3304		-39.7774		233.229
3305		-83.5233		185.116
3306		-111.277		126.236
3307		-121.517		60.2896
3308		-112.354		-9.29521
3309		-81.32		-78.08
3310		-26.3213		-139.396
3311		52.4732		-184.013
3312		150.531		-201.244
3313		257.653		-181.489
3314		358.333		-119.573
3315		434.147		-17.7498
3316		467.779		112.829
3317		447.624		253
3318		371.561		378.914
3319		248.63		467.049
3320		97.9786		499.591
3321		-54.7669		468.68
3322		-182.731		378.381
3323		-263.274		243.961
3324		-282.392		88.7597
3325		-237.13		-60.4051
3326		-135.709		-178.199
3327		4.35422		-245.067
3328		159.54		-250.21
3329		304.283		-192.963
3330		414.974		-82.6006
3331		473.513		63.2332
3332		470.04		221.222
3333		404.55		365.889
3334		287.144		473.56
3335		136.741		526.273
3336		-21.7303		515.052
3337		-161.404		441.912
3338		-258.269		320.049
3339		-295.855		171.924
3340		-268.862		25.3099
3341		-184.789		-92.1515
3342		-62.8899		-158.867
3343		69.6794		-164.349
3344		183.959		-111.987
3345		256.201		-18.5034
3346		273.953		90.1911
3347		239.307		185.919
3348		168.052		246.092
3349		84.6328		260.074
3350		14.3193		231.832
3351		-24.8937		177.769
3352		-27.7821		120.308
3353		-2.69334		79.4512
3354		32.7451		65.4792
3355		59.4007		75.6309
3356		64.8142		96.1359
3357		48.4382		108.783
3358		21.7491		99.3041
3359		3.18405		64.0419
3360		10.056		12.083
3361		50.8952		-38.0221
3362		121.434		-65.4844
3363		205.814		-55.3298
3364		282.274		-3.93066
3365		330.729		80.06
3366		339.001		179.297
3367		305.425		273.837
3368		237.431		346.872
3369		147.601		387.881
3370		49.626		392.634
3371		-43.8973		361.261
3372		-121.404		296.453
3373		-171.272		203.443
3374		-181.753		91.8297
3375		-143.378		-22.3286
3376		-53.6499		-116.512
3377		78.0586		-165.537
3378		228.414		-148.939
3379		363.178		-59.4946
3380		445.663		90.8224
3381		448.201		270.766
3382		362.428		436.8
3383		204.104		545.372
3384		10.1052		566.296
3385		-171.796		492.389
3386		-296.844		341.791
3387		-336.032		152.267
3388		-283.367		-30.2297
3389		-155.733		-164.48
3390		13.7713		-224.121
3391		185.964		-202.245
3392		325.492		-110.157
3393		407.778		27.9634
3394		422.005		181.936
3395		370.792		321.823
3396		267.971		422.573
3397		135.589		467.215
3398		0.504665		449.084
3399		-109.688		373.241
3400		-171.612		256.478
3401		-171.372		125.012
3402		-108.678		9.36761
3403		1.96212		-62.8355
3404		134.184		-74.2494
3405		256.53		-22.7544
3406		341.109		78.0257
3407		371.197		203.099
3408		345.084		323.899
3409		274.912		416.63
3410		181.266		468.188
3411		85.9021		477.78
3412		5.49167		454.312
3413		-51.5037		411.259
3414		-84.3799		361.527
3415		-97.298		314.28
3416		-95.9229		274.417
3417		-85.271		243.928
3418		-69.3555		223.598
3419		-51.9951		213.777
3420		-37.5184		213.838
3421		-30.3473		221.064
3422		-33.3711		230.184
3423		-46.026		234.444
3424		-63.4424		228.154
3425		-77.6141		209.563
3426		-80.4903		182.509
3427		-67.7532		155.658
3428		-41.482		139.29
3429		-10.2372		140.832
3430		13.7917		161.092
3431		19.5787		192.944
3432		2.06565		223.263
3433		-35.0337		237.495
3434		-79.6519		225.141
3435		-114.949		184.099
3436		-124.795		122.231
3437		-99.2616		55.6236
3438		-38.3039		4.12025
3439		47.4635		-14.4237
3440		139.075		10.5155
3441		213.922		78.6585
3442		251.626		178.211
3443		239.624		288.131
3444		177.095		382.939
3445		76.1341		439.054
3446		-40.3822		441.194
3447		-144.032		387.139
3448		-208.132		289.355
3449		-215.2		172.606
3450		-162.392		67.8124
3451		-63.0356		3.66025
3452		56.56		-1.60307
3453		164.308		54.4248
3454		231.439		157.552
3455		240.605		281.242
3456		190.389		394.496
3457		94.8494		470.743
3458		-21.5194		494.854
3459		-131.48		466.156
3460		-212.716		396.881
3461		-253.043		307.064
3462		-251.897		217.993
3463		-218.236		146.47
3464		-166.191		101.508
3465		-110.241		83.9384
3466		-61.4846		88.3703
3467		-25.7972		106.338
3468		-3.90304		129.431
3469		7.1829		151.563
3470		12.0713		170.042
3471		14.9086		185.452
3472		17.7459		200.597
3473		19.686		218.78
3474		17.0543		241.831
3475		4.70055		268.399
3476		-21.7342		293.135
3477		-63.1503		307.361
3478		-114.86		301.398
3479		-166.036		268.16
3480		-201.437		206.917
3481		-205.393		125.802
3482		-167.061		41.7469
3483		-85.3057		-22.7229
3484		28.6537		-45.2991
3485		152.149		-10.7584
3486		255.745		83.2769
3487		310.683		223.698
3488		297.017		383.564
3489		210.066		527.943
3490		63.1005		622.535
3491		-114.737		642.782
3492		-284.97		580.916
3493		-409.219		448.904
3494		-459.08		276.269
3495		-423.805		103.155
3496		-313.597		-29.7287
3497		-157.419		-91.6748
3498		4.34306		-70.1996
3499		130.549		25.5032
3500		190.438		167.064
3501		171.999		314.922
3502		85.016		429.63
3503		-42.3321		483.175
3504		-172.421		466.791
3505		-269.969		392.726
3506		-312.877		289.295
3507		-298.536		190.794
3508		-243.425		125.643
3509		-176.124		106.863
3510		-126.17		128.233
3511		-112.739		167.537
3512		-137.26		195.78
3513		-182.734		189.048
3514		-220.124		138.677
3515		-219.628		55.9077
3516		-162.785		-30.8643
3517		-50.9956		-85.472
3518		92.7742		-76.8183
3519		229.954		9.31059
3520		318.145		163.66
3521		324.779		354.566
3522		238.08		536.444
3523		71.6437		662.938
3524		-138.81		700.432
3525		-345.323		637.605
3526		-500.881		488.187
3527		-571.665		286.469
3528		-544.764		77.5094
3529		-429.591		-94.5288
3530		-253.469		-196.308
3531		-53.6345		-211.061
3532		131.406		-139.537
3533		268.77		2.776
3534		335.326		190.18
3535		319.392		391.308
3536		221.178		572.906
3537		52.9081		703.189
3538		-161.295		755.67
3539		-386.705		713.926
3540		-581.776		576.723
3541		-705.078		361.72
3542		-724.655		105.504
3543		-627.416		-141.6
3544		-425.343		-325.773
3545		-155.702		-402.746
3546		125.831		-349.894
3547		357.791		-173.468
3548		487.877		91.5835
3549		485.916		389.413
3550		351.158		656.46
3551		112.122		836.278
3552		-180.523		892.049
3553		-465.699		813.982
3554		-685.166		620.425
3555		-795.383		353.195
3556		-775.917		68.5874
3557		-633.273		-174.08
3558		-399.637		-324.484
3559		-126.591		-351.941
3560		125.564		-252.572
3561		301.223		-51.0142
3562		362.824		204.604
3563		300.543		454.11
3564		135.038		640.696
3565		-88.3629		726.022
3566		-312.859		700.136
3567		-486.757		582.7
3568		-577.893		414.927
3569		-580.891		245.157
3570		-515.007		113.439
3571		-414.005		40.8071
3572		-312.67		26.7591
3573		-235.555		54.8014
3574		-192.08		102.545
3575		-178.762		151.26
3576		-185.975		190.815
3577		-204.847		218.828
3578		-230.601		236.099
3579		-261.275		242.177
3580		-293.814		234.28
3581		-321.185		210.232
3582		-333.416		173.117
3583		-322.777		133.775
3584		-290.216		108.236
3585		-248.585		110.198
3586		-219.362		142.111
3587		-223		190.16
3588		-267.024		227.293
3589		-338.202		224.506
3590		-404.082		165.996
3591		-424.997		60.8307
3592		-372.263		-55.5623
3593		-244.488		-132.559
3594		-73.7601		-124.612
3595		82.5019		-12.262
3596		161.895		185.638
3597		121.615		414.679
3598		-43.0117		602.442
3599		-294.08		684.122
3600		-562.791		625.979
3601		-772.56		437.341
3602		-864.277		166.952
3603		-814.156		-114.03
3604		-638.359		-334.951
3605		-384.441		-445.706
3606		-114.678		-427.519
3607		111.603		-292.845
3608		250.882		-77.1668
3609		281.226		172.33
3610		202.181		406.957
3611		31.6679		583.801
3612		-197.835		670.727
3613		-443.417		650.583
3614		-657.35		525.115
3615		-795.281		317.181
3616		-826.376		68.8333
3617		-742.498		-166.451
3618		-562.446		-336.555
3619		-328.318		-404.809
3620		-94.1951		-360.15
3621		89.1356		-219.179
3622		187.679		-19.2192
3623		190.881		194.528
3624		109.597		382.164
3625		-32.3822		517.311
3626		-208.246		588.072
3627		-394.553		592.391
3628		-571.886		532.264
3629		-721.418		411.287
3630		-821.7		237.253
3631		-849.895		27.7225
3632		-788.772		-186.184
3633		-636.73		-362.277
3634		-415.315		-457.388
3635		-168.914		-441.98
3636		45.3441		-312.939
3637		174.585		-98.1765
3638		187.425		150.035
3639		84.198		370.969
3640		-104.149		514.275
3641		-327.696		554.165
3642		-534.407		493.781
3643		-685.064		359.259
3644		-760.859		187.534
3645		-762.362		14.0149
3646		-702.743		-134.951
3647		-600.133		-243.423
3648		-473.029		-303.207
3649		-339.628		-311.041
3650		-218.876		-268.386
3651		-129.971		-183.691
3652		-88.4919		-74.3916
3653		-100.359		34.6948
3654		-157.299		117.869
3655		-237.679		157.868
3656		-313.979		153.303
3657		-364.256		119.542
3658		-382.037		81.4104
3659		-379.026		60.5271
3660		-378.383		63.563
3661		-401.311		77.8853
3662		-453.671		77.6329
3663		-519.911		37.8089
3664		-568.235		-50.551
3665		-565.12		-172.134
3666		-492.305		-290.831
3667		-357.716		-363.849
3668		-194.687		-359.88
3669		-49.6621		-272.601
3670		35.656		-123.201
3671		39.191		48.7258
3672		-36.1774		200.785
3673		-168.097		301.886
3674		-326.62		338.484
3675		-485.209		311.596
3676		-625.104		228.652
3677		-732.167		96.9301
3678		-790.551		-76.4106
3679		-779.934		-277.679
3680		-680.936		-478.695
3681		-487.814		-635.039
3682		-221.765		-695.457
3683		64.2196		-621.06
3684		295.133		-406.363
3685		397.482		-91.1707
3686		327.941		244.968
3687		94.3279		506.363
3688		-241.805		614.582
3689		-584.023		537.819
3690		-834.53		303.242
3691		-928.601		-13.4911
3692		-855.469		-317.173
3693		-657.321		-527.892
3694		-408.037		-606.962
3695		-182.155		-563.832
3696		-28.1873		-443.063
3697		42.8622		-299.495
3698		50.9896		-174.239
3699		28.6253		-82.193
3700		0.858551		-14.882
3701		-25.6325		45.5934
3702		-60.847		110.693
3703		-120.042		176.503
3704		-210.452		225.662
3705		-323.951		237.642
3706		-439.158		200.579
3707		-530.804		117.828
3708		-580.312		6.22458
3709		-581.667		-111.799
3710		-540.201		-216.85
3711		-466.576		-296.868
3712		-370.974		-345.54
3713		-261.795		-357.571
3714		-149.397		-325.811
3715		-51.3153		-243.917
3716		6.51899		-114.161
3717		-3.86057		44.4094
3718		-99.6492		193.887
3719		-273.988		285.671
3720		-490.093		277.585
3721		-688.158		153.069
3722		-804.365		-66.9168
3723		-794.895		-326.322
3724		-654.421		-551.486
3725		-420.307		-677.154
3726		-159.931		-670.089
3727		53.7189		-540.163
3728		167.738		-334.427
3729		165.506		-117.444
3730		67.4298		52.8962
3731		-82.3804		143.554
3732		-235.956		151.784
3733		-358.28		97.7447
3734		-434.369		10.1825
3735		-465.756		-86.6169
3736		-461.011		-178.581
3737		-427.207		-259.379
3738		-367.384		-323.734
3739		-284.469		-362.506
3740		-187.673		-363.728
3741		-95.7096		-319.363
3742		-33.1931		-233.412
3743		-20.9934		-125.534
3744		-65.4672		-26.6037
3745		-152.874		32.8332
3746		-252.974		35.8704
3747		-331.041		-12.5615
3748		-362.863		-87.2753
3749		-345.431		-153.996
3750		-297.892		-184.996
3751		-252.123		-171.717
3752		-237.405		-128.307
3753		-266.507		-84.4825
3754		-329.689		-71.2618
3755		-399.151		-106.369
3756		-441.509		-185.936
3757		-432.376		-285.848
3758		-366.646		-371.561
3759		-260.586		-411.627
3760		-145.713		-389.242
3761		-57.7493		-307.745
3762		-25.1993		-189.042
3763		-61.2484		-66.6942
3764		-160.571		23.3448
3765		-300.745		51.6595
3766		-447.079		2.42946
3767		-559.757		-122.062
3768		-602.571		-300.004
3769		-552.31		-492.579
3770		-406.968		-651.208
3771		-189.992		-729.206
3772		52.193		-695.498
3773		260.48		-546.134
3774		379.271		-308.846
3775		373.637		-37.6383
3776		241.163		201.924
3777		13.54		352.11
3778		-253.17		380.092
3779		-496.087		286.343
3780		-664.097		101.556
3781		-730.52		-125.881
3782		-695.864		-346.046
3783		-581.331		-520.547
3784		-417.678		-628.137
3785		-235.339		-662.726
3786		-59.7938		-627.463
3787		87.6267		-529.852
3788		186.843		-381.146
3789		218.479		-199.608
3790		168.242		-13.9339
3791		35.0163		137.796
3792		-161.905		216.03
3793		-381.877		192.796
3794		-571.214		64.4088
3795		-679.123		-142.754
3796		-675.271		-377.517
3797		-561.363		-579.397
3798		-371.247		-698.514
3799		-159.027		-711.786
3800		19.9012		-628.727
3801		126.903		-484.936
3802		150.009		-326.822
3803		102.562		-194.78
3804		12.8452		-111.958
3805		-89.276		-82.2919
3806		-182.178		-96.6095
3807		-255.136		-141.849
3808		-304.545		-207.778
3809		-327.911		-288.055
3810		-320.423		-376.438
3811		-276.645		-462.078
3812		-196.097		-528.272
3813		-88.62		-556.715
3814		24.8487		-535.521
3815		117.917		-466.488
3816		168.753		-366.915
3817		169.492		-263.965
3818		129.823		-183.7
3819		72.3664		-140.093
3820		21.7463		-129.697
3821		-7.21944		-134.949
3822		-16.1057		-134.547
3823		-20.7455		-115.549
3824		-41.4422		-80.8279
3825		-90.6905		-47.8475
3826		-164.97		-39.3446
3827		-245.082		-70.8006
3828		-304.981		-141.378
3829		-324.523		-233.21
3830		-299.423		-319.525
3831		-243.136		-377.394
3832		-179.643		-398.395
3833		-130.974		-391.555
3834		-106.115		-377.038
3835		-97.2543		-373.966
3836		-85.4772		-388.977
3837		-52.9103		-411.821
3838		5.19469		-420.663
3839		75.1474		-394.599
3840		129.615		-326.95
3841		140.657		-232.175
3842		94.7338		-142.236
3843		2.07791		-93.4581
3844		-104.695		-109.766
3845		-182.805		-190.226
3846		-197.183		-307.048
3847		-136.026		-415.464
3848		-16.9591		-471.406
3849		119.068		-449.397
3850		223.573		-352.96
3851		259.28		-213.294
3852		214.02		-77.0743
3853		104.437		11.2037
3854		-31.3282		25.0604
3855		-148.239		-35.9159
3856		-209.995		-148.015
3857		-199.836		-273.361
3858		-123.394		-373.088
3859		-4.09128		-418.573
3860		125.704		-397.43
3861		233.827		-313.769
3862		294.929		-184.545
3863		293.829		-34.588
3864		226.54		107.892
3865		100.387		215.018
3866		-66.1687		262.999
3867		-244.709		236.691
3868		-400.429		134.568
3869		-498.973		-27.7512
3870		-515.694		-217.938
3871		-444.538		-393.036
3872		-302.776		-510.664
3873		-128.561		-542.168
3874		29.1528		-482.94
3875		125.585		-355.447
3876		134.762		-203.002
3877		58.218		-75.9675
3878		-75.7861		-15.2777
3879		-222.347		-39.4624
3880		-335.375		-139.976
3881		-382.401		-286.221
3882		-353.204		-437.675
3883		-259.659		-557.83
3884		-128.007		-624.386
3885		12.1803		-632.362
3886		137.261		-590.338
3887		233.559		-513.061
3888		295.856		-414.829
3889		322.934		-306.776
3890		313.974		-198.402
3891		268.502		-100.899
3892		189.899		-28.723
3893		89.7564		3.05557
3894		-10.7583		-14.7726
3895		-85.0924		-78.4864
3896		-110.561		-168.28
3897		-78.8805		-252.219
3898		-2.60475		-297.101
3899		86.7687		-282.212
3900		149.618		-209.732
3901		154.137		-106.331
3902		90.6152		-14.11
3903		-22.6708		26.0479
3904		-145.265		-8.17261
3905		-230.219		-110.153
3906		-243.206		-245.843
3907		-176.846		-366.849
3908		-54.0074		-429.644
3909		81.3365		-412.708
3910		181.62		-324.397
3911		213.971		-198.543
3912		171.642		-80.2364
3913		74.3636		-8.31892
3914		-41.5445		-2.03641
3915		-138.127		-56.8202
3916		-189.058		-149.664
3917		-186.09		-250.336
3918		-137.383		-332.678
3919		-60.2992		-381.245
3920		26.6824		-391.687
3921		108.863		-366.723
3922		175.651		-311.51
3923		217.973		-231.714
3924		226.13		-135.177
3925		190.906		-35.2811
3926		108.348		47.4467
3927		-14.1734		88.2373
3928		-154.537		65.7453
3929		-278.318		-28.2842
3930		-347.693		-181.885
3931		-334.083		-362.346
3932		-229.593		-523.743
3933		-52.2906		-620.444
3934		157.313		-621.753
3935		347.699		-522.181
3936		471.619		-343.524
3937		499.778		-128.162
3938		428.329		73.7207
3939		278.218		218.32
3940		87.4258		279.164
3941		-100.58		251.917
3942		-248.212		152.607
3943		-331.835		10.9472
3944		-345.111		-138.504
3945		-297.802		-264.78
3946		-211.299		-346.761
3947		-112.396		-376.485
3948		-26.676		-359.397
3949		27.3308		-311.798
3950		42.2365		-256.002
3951		23.198		-214.041
3952		-13.9539		-201.282
3953		-47.7512		-221.66
3954		-58.1748		-266.179
3955		-33.7561		-315.561
3956		23.7028		-346.601
3957		98.6786		-340.431
3958		166.313		-289.96
3959		200.518		-203.778
3960		183.248		-104.873
3961		111.81		-24.1992
3962		1.55435		9.05965
3963		-117.273		-22.5081
3964		-207.867		-117.579
3965		-238.017		-254.626
3966		-190.69		-396.781
3967		-70.6407		-501.89
3968		95.2679		-534.943
3969		264.55		-479.131
3970		390.764		-341.99
3971		436.984		-154.418
3972		386.924		37.4614
3973		250.08		185.292
3974		59.1057		252.291
3975		-139.796		223.45
3976		-300.294		108.88
3977		-388.673		-60.5677
3978		-391.799		-243.491
3979		-318.135		-400.121
3980		-192.331		-502.243
3981		-46.2151		-537.988
3982		90.0917		-511.001
3983		194.032		-435.772
3984		252.526		-332.045
3985		261.095		-220.676
3986		222.337		-121.623
3987		145.382		-52.9828
3988		46.3062		-29.244
3989		-52.1541		-57.7677
3990		-123.663		-134.374
3991		-144.958		-240.679
3992		-104.565		-346.11
3993		-9.80211		-415.875
3994		112.107		-423.084
3995		221.098		-360.388
3996		278.1		-245.544
3997		260.542		-117.24
3998		172.766		-21.593
3999		46.0957		5.71407
4000		-72.4011		-45.8755
4001		-138.218		-156.952
4002		-127.044		-285.68
4003		-43.9919		-384.644
4004		79.5914		-419.623
4005		200.047		-382.011
4006		279.465		-289.699
4007		299.586		-176.763
4008		265.635		-77.5254
4009		199.324		-12.9111
4010		125.606		14.7111
4011		60.4984		16.7233
4012		6.13892		7.26379
4013		-45.0948		-7.20091
4014		-100.651		-31.7557
4015		-158.422		-78.3806
4016		-203.774		-155.733
4017		-215.1		-259.548
4018		-175.107		-369.55
4019		-81.7498		-455.226
4020		47.2619		-487.962
4021		179.106		-453.579
4022		277.63		-359.082
4023		316.666		-230.42
4024		288.742		-102.662
4025		205.702		-7.58377
4026		92.021		35.615
4027		-24.9588		22.9831
4028		-122.834		-37.68
4029		-186.987		-132.95
4030		-208.972		-248.319
4031		-183.653		-368.959
4032		-108.622		-477.747
4033		12.8123		-553.937
4034		166.988		-575.732
4035		327.672		-527.336
4036		459.742		-407.616
4037		529.094		-235.318
4038		515.173		-46.6711
4039		420.086		115.231
4040		269.135		215.31
4041		101.564		238.878
4042		-44.6746		195.365
4043		-146.909		111.402
4044		-203.641		16.6689
4045		-229.534		-70.1509
4046		-242.473		-147.917
4047		-250.007		-228.641
4048		-243.009		-324.702
4049		-200.545		-435.016
4050		-103.833		-538.428
4051		48.1265		-599.032
4052		230.092		-581.799
4053		394.899		-471.157
4054		489.769		-283.087
4055		477.637		-64.0362
4056		353.683		123.79
4057		149.315		224.652
4058		-78.3374		209.339
4059		-266.657		84.5571
4060		-368.611		-111.678
4061		-366.036		-325.584
4062		-270.775		-506.519
4063		-115.185		-621.237
4064		62.0794		-658.795
4065		228.153		-626.499
4066		361.628		-541.253
4067		451.7		-421.728
4068		494.079		-284.707
4069		487.727		-145.522
4070		434.655		-19.8146
4071		342.059		76.479
4072		224.032		130.138
4073		100.241		135.163
4074		-8.89122		95.7201
4075		-88.3651		25.0567
4076		-132.685		-59.6202
4077		-145.411		-143.673
4078		-134.456		-219.241
4079		-106.12		-284.713
4080		-61.8255		-340.022
4081		0.118225		-381.191
4082		78.6752		-398.31
4083		164.097		-379.265
4084		236.451		-317.834
4085		271.077		-221.559
4086		249.301		-114.069
4087		169.134		-29.0394
4088		49.824		2.49567
4089		-73.2518		-34.3212
4090		-161.866		-130.731
4091		-190.393		-257.327
4092		-155.811		-376.504
4093		-77.1865		-458.413
4094		15.1028		-492.45
4095		94.668		-488.543

 
--------------------------------------


