Compute Correlation 
 
0		15.9657		-662.755
1		328.581		-583.559
2		575.994		-362.851
3		693.647		-43.3881
4		643.521		301.765
5		428.657		585.877
6		96.9626		731.952
7		-268.422		695.938
8		-570.552		482.157
9		-726.188		145.26
10		-691.209		-223.078
11		-475.738		-519.813
12		-143.336		-661.357
13		206.738		-610.115
14		469.75		-387.699
15		569.083		-69.3843
16		481.975		239.7
17		247.884		439.628
18		-44.6552		470.207
19		-289.138		332.359
20		-399.541		87.766
21		-341.919		-164.041
22		-146.828		-323.134
23		102.72		-327.065
24		303.445		-174.365
25		371.562		75.6244
26		274.399		326.392
27		41.5293		481.568
28		-248.316		480.755
29		-498.227		319.841
30		-628.692		48.8718
31		-603.522		-249.764
32		-437.168		-492.259
33		-183.146		-620.305
34		88.8335		-614.403
35		316.001		-491.313
36		457.027		-290.621
37		494.98		-59.057
38		432.087		160.23
39		282.837		331.128
40		70.6834		423.771
41		-170.927		414.879
42		-397.026		292.878
43		-554.609		66.7786
44		-594.123		-226.7
45		-486.622		-524.473
46		-239.348		-750.459
47		98.8925		-838.358
48		447.681		-755.417
49		718.572		-516.733
50		843.771		-182.844
51		798.354		159.491
52		606.858		425.882
53		331.973		560.65
54		50.9088		550.726
55		-170.06		422.954
56		-292.692		228.315
57		-310.461		21.757
58		-240.673		-153.262
59		-111.855		-270.66
60		46.2188		-319.19
61		206.123		-296.959
62		341.574		-208.67
63		426.483		-67.6339
64		438.785		100.346
65		369.44		256.923
66		231.863		359.291
67		64.5466		375.628
68		-78.1997		301.345
69		-146.33		166.827
70		-116.983		29.9105
71		-8.75453		-46.4745
72		121.725		-22.8489
73		202.029		95.5149
74		176.546		256.127
75		34.6631		379.084
76		-179.563		391.808
77		-382.496		263.361
78		-485.388		22.0934
79		-433.271		-252.568
80		-230.52		-461.527
81		58.8972		-526.957
82		336.903		-424.508
83		511.095		-192.461
84		530.973		85.6856
85		404.891		316.555
86		191.442		433.713
87		-29.0491		419.802
88		-188.56		305.669
89		-255.271		149.463
90		-237.903		7.68097
91		-171.34		-87.3351
92		-93.3274		-133.763
93		-25.2916		-150.028
94		33.3452		-155.958
95		96.1798		-157.106
96		173.134		-141.088
97		256.849		-87.3991
98		320.706		15.6232
99		330.13		157.031
100		261.314		301.227
101		117.191		399.823
102		-68.2307		412.088
103		-240.218		324.043
104		-343.965		156.799
105		-346.164		-40.0021
106		-247.784		-206.696
107		-82.7595		-295.65
108		96.0935		-287.366
109		237.046		-194.469
110		306.586		-53.3273
111		297.285		91.6128
112		224.901		203.327
113		118.124		261.519
114		6.80698		263.613
115		-86.1642		219.508
116		-147.316		144.464
117		-170.679		54.0667
118		-154.782		-37.2016
119		-101.426		-115.022
120		-16.9767		-164.647
121		85.4087		-172.802
122		185.337		-132.177
123		258.486		-46.3922
124		283.469		67.6477
125		249.796		182.319
126		163.318		266.764
127		46.2728		296.874
128		-68.7723		263.861
129		-149.149		177.88
130		-172.707		65.0735
131		-134.853		-40.9487
132		-49.4769		-110.003
133		56.3448		-124.636
134		151.689		-84.6531
135		211.629		-5.65263
136		224.193		87.3927
137		192.372		168.82
138		131.118		220.02
139		61.0451		233.777
140		1.4771		214.287
141		-34.6595		173.667
142		-42.7598		126.942
143		-25.4564		87.6889
144		10.0451		65.748
145		54.4075		67.0295
146		97.218		94.2281
147		126.822		146.87
148		130.333		219.829
149		95.5813		300.949
150		15.7691		369.886
151		-104.325		400.633
152		-243.749		368.962
153		-366.196		263.311
154		-428.563		94.8834
155		-396.165		-98.6585
156		-259.519		-260.124
157		-45.1266		-330.465
158		186.466		-271.962
159		357.63		-87.6857
160		401.277		172.34
161		288.932		423.546
162		47.0313		575.467
163		-247.332		566.518
164		-491.894		390.711
165		-597.252		104.065
166		-522.361		-193.731
167		-292.325		-396.278
168		9.83551		-431.438
169		274.815		-289.266
170		409.17		-25.0762
171		370.383		263.556
172		180.411		475.744
173		-87.091		545.34
174		-339.004		462.276
175		-499.427		269.546
176		-534.866		39.5155
177		-458.557		-157.836
178		-315.029		-279.717
179		-155.146		-318.435
180		-15.1179		-291.914
181		90.9174		-225.233
182		163.735		-135.162
183		204.705		-26.4453
184		205.345		99.445
185		148.714		230.486
186		22.7029		336.117
187		-162.817		372.867
188		-366.681		303.221
189		-523.393		118.783
190		-566.253		-145.296
191		-457.151		-414.599
192		-208.586		-599.515
193		114.142		-629.877
194		413.676		-484.772
195		596.36		-203.455
196		607.593		128.286
197		451.26		410.554
198		185.173		566.19
199		-104.358		566.07
200		-336.363		433.018
201		-462.151		224.986
202		-474.751		7.6089
203		-399.711		-170.041
204		-275.218		-286.194
205		-133.519		-341.704
206		7.14442		-346.425
207		138.364		-307.001
208		251.095		-223.91
209		328.286		-98.6232
210		347.334		55.4517
211		292.116		207.514
212		167.337		315.646
213		5.20628		343.739
214		-142.071		280.68
215		-222.66		150.633
216		-209.051		6.88174
217		-113.094		-89.8582
218		16.893		-99.0406
219		117.093		-20.107
220		137.874		106.095
221		67.7392		215.987
222		-60.626		253.489
223		-185.65		197.117
224		-246.277		70.5389
225		-211.086		-68.6256
226		-92.9147		-156.138
227		57.8553		-150.998
228		177.435		-53.2907
229		217.751		98.0838
230		166.198		245.535
231		47.0866		339.699
232		-94.3093		359.369
233		-215.424		315.193
234		-294.799		237.06
235		-336.065		153.786
236		-356.916		77.2622
237		-371		-0.0209656
238		-374.395		-93.3727
239		-345.385		-207.868
240		-258.319		-325.489
241		-103.882		-406.361
242		96.1718		-405.147
243		289.434		-294.971
244		410.277		-86.4055
245		407.115		169.206
246		266.699		395.335
247		23.5218		518.666
248		-250.719		497.791
249		-473.3		339.36
250		-580.8		94.8024
251		-550.592		-160.325
252		-405.108		-354.685
253		-198.717		-444.906
254		5.44199		-425.665
255		157.861		-324.073
256		235.446		-183.376
257		241.541		-44.7911
258		196.249		64.6773
259		123.799		135.002
260		43.3626		168.264
261		-33.692		171.116
262		-101.26		149.44
263		-154.419		107.392
264		-187.34		49.708
265		-194.487		-15.7262
266		-173.749		-77.6148
267		-128.903		-123.842
268		-69.4618		-145.313
269		-7.93962		-138.682
270		43.7441		-106.551
271		76.6466		-55.5744
272		85.1251		5.72359
273		66.029		67.7996
274		18.6387		119.477
275		-53.4639		147.519
276		-139.385		138.581
277		-219.427		84.4043
278		-268.022		-11.4708
279		-261.957		-129.432
280		-191.413		-235.975
281		-68.5016		-293.759
282		72.2391		-276.663
283		183.854		-183.326
284		224.821		-41.9639
285		177.394		97.5401
286		57.6579		182.408
287		-88.5178		179.014
288		-203.109		88.1678
289		-239.941		-53.994
290		-184.307		-190.668
291		-59.0154		-268.372
292		86.1087		-259.37
293		196.411		-172.226
294		235.834		-45.8514
295		200.702		69.6408
296		117.889		135.72
297		29.1826		140.886
298		-29.6979		101.925
299		-44.7825		51.5068
300		-26.9083		19.4583
301		-1.72657		17.8143
302		6.97994		37.0974
303		-8.80731		54.9003
304		-37.6453		51.1826
305		-56.6012		21.351
306		-45.8871		-20.1756
307		-1.66185		-47.6648
308		60.2033		-38.485
309		111.389		13.9134
310		125.281		95.5769
311		90.1978		178.423
312		14.6725		233.668
313		-77.6524		244.887
314		-160.154		213.85
315		-215.379		156.632
316		-240.659		93.0767
317		-244.799		36.2101
318		-238.829		-12.1915
319		-227.173		-57.8103
320		-205.094		-104.913
321		-164.064		-148.792
322		-101.498		-175.186
323		-28.0996		-167.942
324		32.9714		-120.774
325		56.1697		-45.6703
326		28.0796		28.3203
327		-41.9361		67.097
328		-122.144		49.0393
329		-171.574		-21.2531
330		-160.409		-111.418
331		-87.3896		-174.603
332		15.6427		-172.305
333		96.0342		-95.783
334		104.928		25.3393
335		22.8188		133.035
336		-126.773		166.146
337		-283.286		89.7554
338		-373.345		-85.3136
339		-342.835		-302.759
340		-182.248		-481.697
341		66.506		-549.34
342		325.238		-471.029
343		509.898		-264.389
344		562.831		8.24771
345		473.005		265.077
346		276.37		436.025
347		37.7829		486.314
348		-176.017		423.316
349		-319.895		285.901
350		-380.796		123.421
351		-372.889		-24.7654
352		-322.489		-140.14
353		-251.965		-223.155
354		-170.883		-282.286
355		-77.6563		-321.771
356		31.0791		-335.379
357		150.096		-309.375
358		260.881		-232.346
359		335.673		-105.828
360		348.282		50.5397
361		286.152		202.506
362		157.618		311.919
363		-9.06075		349.776
364		-174.247		305.909
365		-299.095		191.698
366		-356.397		35.5851
367		-336.564		-125.85
368		-247.945		-257.461
369		-112.953		-332.916
370		37.6817		-338.928
371		170.944		-276.895
372		257.471		-162.723
373		277.617		-24.7823
374		227.237		100.898
375		121.394		178.875
376		-6.63959		185.021
377		-113.046		116.544
378		-157.107		-3.31902
379		-116.844		-129.68
380		-0.334236		-209.97
381		153.215		-203.557
382		285.019		-99.5149
383		337.926		75.4106
384		279.473		263.389
385		117.196		395.47
386		-100.961		417.769
387		-302.396		313.436
388		-416.215		111.16
389		-399.908		-123.764
390		-255.723		-312.602
391		-30.22		-391.526
392		202.576		-334.089
393		367.508		-159.449
394		413.762		76.0468
395		330.162		299.672
396		145.669		446.916
397		-83.4753		480.731
398		-293.734		399.503
399		-433.522		232.801
400		-475.538		28.5853
401		-419.772		-162.245
402		-288.608		-298.614
403		-117.737		-356.473
404		53.3273		-330.445
405		188.795		-231.727
406		261.762		-84.2957
407		257.656		79.4578
408		176.555		223.669
409		34.153		314.951
410		-139.682		329.21
411		-305.74		258.056
412		-423.666		112.672
413		-461.948		-76.8643
414		-406.868		-267.642
415		-267.399		-414.251
416		-74.0722		-480.648
417		128.256		-450.033
418		291.845		-329.712
419		378.477		-149.506
420		369.39		45.8824
421		270.081		208.394
422		108.808		298.967
423		-70.7695		297.567
424		-220.943		208.357
425		-302.496		58.6443
426		-295.247		-108.306
427		-203.737		-244.972
428		-56.2202		-312.842
429		103.165		-293.56
430		227.175		-194.533
431		279.57		-46.9329
432		246.204		103.666
433		139.387		211.33
434		-6.07198		244.03
435		-143.974		193.457
436		-231.28		77.1573
437		-241.277		-67.5427
438		-171.109		-195.506
439		-41.6387		-267.467
440		109.689		-261.017
441		240.082		-175.878
442		312.98		-32.7137
443		306.851		133.209
444		219.544		281.067
445		68.1241		373.821
446		-114.987		386.174
447		-288.568		310.209
448		-411.017		158.099
449		-449.731		-38.8499
450		-389.989		-235.555
451		-241.011		-382.982
452		-36.57		-441.003
453		171.642		-391.009
454		327.442		-243.891
455		387.061		-39.5083
456		333.973		163.669
457		185.829		306.368
458		-10.0032		347.939
459		-191.594		280.25
460		-303.235		130.442
461		-314.159		-48.8637
462		-228.084		-198.343
463		-80.0646		-272.483
464		77.6842		-253.991
465		194.976		-156.979
466		240.143		-18.6665
467		207.867		116.025
468		116.556		210.14
469		-1.98144		244.625
470		-115.059		219.898
471		-198.441		150.485
472		-239.758		56.9196
473		-236.763		-40.7724
474		-193.576		-125.778
475		-118.205		-184.167
476		-22.6403		-204.216
477		75.8176		-177.881
478		154.859		-104.804
479		191.352		3.3952
480		169.138		122.142
481		87.2589		218.814
482		-35.998		263.121
483		-166.669		239.084
484		-266.249		152.959
485		-306.29		32.5476
486		-279.978		-82.9072
487		-204.948		-158.375
488		-115.431		-177.281
489		-46.9541		-147.592
490		-20.6238		-96.6409
491		-34.5138		-57.0056
492		-66.3746		-50.2495
493		-86.3614		-76.5168
494		-73.4477		-115.207
495		-27.2481		-136.464
496		30.8439		-117.769
497		68.0034		-57.2421
498		56.8363		23.2086
499		-9.57463		86.8084
500		-112.004		98.8297
501		-211.854		43.4364
502		-267.387		-67.6477
503		-251.899		-198.852
504		-165.437		-305.16
505		-34.8241		-350.544
506		97.7098		-322.1
507		191.775		-233.87
508		224.116		-119.336
509		195.541		-16.7375
510		127.383		45.81
511		50.2851		59.043
512		-8.8269		32.3243
513		-35.721		-13.9326
514		-30.7251		-58.4979
515		-4.25379		-87.1572
516		30.3798		-95.2381
517		62.7059		-85.1901
518		86.9803		-62.0656
519		100.555		-30.2248
520		101.179		6.95955
521		85.9423		45.0504
522		53.0285		76.5626
523		5.14924		91.4803
524		-48.0459		81.0101
525		-91.0775		42.9555
526		-107.866		-14.4482
527		-89.1366		-73.116
528		-38.3517		-110.917
529		27.2869		-110.698
530		82.0764		-68.5258
531		101.587		2.92079
532		72.8838		77.8581
533		0.652679		126.712
534		-93.6228		127.438
535		-179.192		74.0993
536		-227.121		-20.8069
537		-220.368		-130.978
538		-158.985		-225.642
539		-58.9338		-279.612
540		54.2231		-280.275
541		153.649		-229.516
542		218.27		-140.998
543		236.519		-34.9499
544		206.719		67.0099
545		135.505		145.461
546		35.9403		185.123
547		-73.8261		176.206
548		-171.827		116.214
549		-234.699		12.2958
550		-242.21		-117.102
551		-183.521		-243.22
552		-63.2037		-332.053
553		95.9143		-353.257
554		255.551		-290.579
555		371.023		-149.965
556		404.536		38.4211
557		338.465		226.332
558		183.642		360.799
559		-21.1463		400.847
560		-219.325		331.881
561		-353.707		172.344
562		-385.184		-30.4005
563		-306.435		-214.319
564		-145.521		-322.711
565		42.461		-323.284
566		193.289		-219.558
567		255.21		-50.312
568		206.77		123.158
569		64.4886		237.832
570		-122.557		250.662
571		-289.567		153.504
572		-378.42		-24.1076
573		-357.693		-225.404
574		-233.13		-386.319
575		-44.8507		-457.664
576		147.472		-421.535
577		285.835		-296.138
578		333.628		-127.669
579		286.736		27.2334
580		172.466		121.578
581		37.4737		133.155
582		-70.0401		69.5758
583		-116.822		-37.7025
584		-93.8667		-147.009
585		-15.988		-221.833
586		86.8207		-242.067
587		181.786		-207.676
588		244.31		-134.805
589		263.788		-47.292
590		243.371		32.2509
591		195.382		88.444
592		135.401		114.955
593		77.6641		113.003
594		32.887		88.5772
595		7.99677		50.1716
596		6.40246		7.65999
597		27.7568		-28.2847
598		67.1962		-47.3067
599		115.011		-41.575
600		157.885		-8.54879
601		182.06		47.103
602		177.559		113.83
603		141.674		176.201
604		80.0215		219.596
605		4.53703		234.603
606		-70.6695		219.207
607		-133.597		177.978
608		-176.821		119.084
609		-197.333		51.0325
610		-194.583		-18.9872
611		-168.597		-84.5179
612		-119.931		-138.028
613		-51.8271		-169.946
614		26.8348		-170.294
615		100.299		-133.103
616		148.474		-61.6856
617		153.427		28.3717
618		107.555		111.214
619		19.5385		158.26
620		-85.5192		148.92
621		-173.06		79.9997
622		-211.131		-30.7722
623		-182.785		-149.444
624		-93.4529		-237.508
625		30.2188		-266.02
626		149.896		-226.321
627		229.626		-132.884
628		248.628		-17.2035
629		207.683		84.4625
630		126.947		144.232
631		36.7727		151.317
632		-34.0644		113.369
633		-67.7989		50.934
634		-61.4776		-11.7069
635		-24.7755		-55.0828
636		25.9564		-69.3369
637		74.1283		-54.5059
638		107.262		-17.6515
639		118.477		30.8331
640		106.004		79.961
641		72.2507		119.546
642		23.3446		141.053
643		-31.0963		138.907
644		-79.0232		112.449
645		-108.669		67.5338
646		-112.564		16.2252
647		-91.1673		-26.3778
648		-53.943		-47.5612
649		-16.5523		-42.4514
650		5.21018		-16.7045
651		2.20174		15.364
652		-23.8744		36.7981
653		-61.1593		35.5068
654		-93.1164		9.59129
655		-106.174		-32.2308
656		-95.6723		-75.3383
657		-67.0728		-106.559
658		-31.9262		-120.212
659		-0.972752		-119.61
660		21.6346		-113.331
661		39.6144		-108.586
662		60.5789		-105.764
663		89.1661		-97.6669
664		121.559		-74.254
665		145.142		-30.419
666		144.255		27.8169
667		109.433		82.8387
668		45.1155		111.954
669		-28.8743		98.2611
670		-83.8645		40.4945
671		-94.4508		-43.5512
672		-50.594		-122.497
673		36.3396		-163.833
674		136.932		-147.774
675		215.283		-76.0159
676		243.585		28.7895
677		213.021		132.556
678		136.158		203.738
679		40.1997		225.249
680		-45.1719		199.15
681		-99.3724		142.756
682		-116.75		79.017
683		-104.899		26.4955
684		-77.648		-6.257
685		-47.2931		-20.0976
686		-20.3497		-20.2546
687		1.6291		-10.8783
688		17.9238		7.15971
689		24.9389		34.1291
690		16.1194		67.0101
691		-13.9422		96.5406
692		-63.7374		108.75
693		-121.534		91.1331
694		-167.645		40.3883
695		-182.256		-32.9519
696		-155.272		-106.524
697		-92.8756		-154.849
698		-16.6777		-160.965
699		45.0171		-125.099
700		70.008		-65.5341
701		52.7635		-10.6277
702		7.22163		14.4366
703		-39.9188		-0.341705
704		-62.279		-45.1392
705		-46.7289		-95.5058
706		0.399544		-124.83
707		56.9663		-117.725
708		96.6104		-77.4942
709		102.235		-23.9351
710		74.4294		17.2383
711		30.5897		27.7173
712		-4.58315		5.71333
713		-12.0459		-33.7463
714		12.008		-67.2329
715		54.8377		-75.3643
716		94.501		-52.6326
717		111.67		-9.55929
718		99.517		33.6426
719		66.5285		58.1858
720		31.0749		56.4913
721		11.0079		35.4892
722		14.0837		11.9745
723		34.3169		2.88879
724		55.9438		16.0068
725		62.488		46.0312
726		45.7787		77.9394
727		10.0498		95.3946
728		-30.8177		89.3981
729		-61.0021		62.493
730		-70.8945		26.5483
731		-61.2332		-4.18909
732		-41.293		-20.5729
733		-22.6742		-22.3615
734		-12.6402		-16.5458
735		-10.9357		-11.7096
736		-11.6868		-12.1964
737		-8.80063		-15.7718
738		-1.14149		-16.1402
739		6.03626		-8.54604
740		4.52167		5.34581
741		-10.586		16.7712
742		-35.8027		14.3397
743		-58.9754		-8.655
744		-64.6906		-48.4409
745		-42.8265		-90.3661
746		4.48086		-114.909
747		61.7473		-107.435
748		106.241		-66.6109
749		118.655		-6.70543
750		93.0196		48.0068
751		40.5596		74.3522
752		-14.8212		61.4393
753		-47.4838		16.2145
754		-42.0716		-39.5532
755		-0.621525		-79.4479
756		58.737		-84.6833
757		110.706		-52.3909
758		134.745		4.02544
759		123.99		62.2951
760		86.9446		102.343
761		41.5897		115.259
762		5.46458		105.83
763		-12.8682		87.8922
764		-16.6723		75.5739
765		-17.2183		75.4486
766		-25.9667		83.7642
767		-47.4186		89.8507
768		-76.6146		83.3131
769		-102.412		60.6432
770		-114.333		27.4498
771		-108.842		-4.80744
772		-91.3983		-25.4904
773		-73.1916		-30.8755
774		-64.5807		-26.1259
775		-69.0975		-22.0661
776		-81.4886		-28.707
777		-90.8716		-49.3046
778		-87.1227		-78.3687
779		-66.7899		-104.716
780		-35.1521		-117.755
781		-3.30888		-113.364
782		17.9578		-96.0322
783		23.99		-76.1152
784		18.4313		-63.884
785		10.6203		-63.8594
786		9.83176		-72.6818
787		19.7897		-81.6697
788		36.6721		-82.4652
789		51.7477		-72.3742
790		57.0498		-56.1975
791		50.6929		-43.418
792		38.611		-42.3426
793		31.5568		-54.6267
794		38.9604		-73.464
795		63.121		-86.6695
796		97.1119		-83.0943
797		127.748		-58.8604
798		142.14		-19.9229
799		134.323		20.5512
800		108.372		48.6536
801		76.3126		56.6073
802		51.9684		46.3885
803		44.0791		28.246
804		52.3296		15.0579
805		68.2622		15.6768
806		80.3258		30.8408
807		80.1028		53.6679
808		66.2649		74.132
809		44.2665		84.7429
810		22.3055		84.1362
811		6.20024		76.6698
812		-3.66565		68.573
813		-11.5524		63.2486
814		-22.3617		58.791
815		-37.0724		49.3853
816		-50.6839		29.8217
817		-54.2768		0.33403
818		-40.3012		-31.4217
819		-8.10778		-52.9097
820		33.6807		-52.826
821		69.7968		-27.6075
822		85.0536		15.3524
823		71.8701		59.9109
824		34.6181		88.0922
825		-11.708		88.407
826		-48.0982		61.3626
827		-60.2293		19.283
828		-44.9279		-19.5589
829		-11.1711		-39.5677
830		24.7957		-34.877
831		47.6357		-11.353
832		50.1795		17.2713
833		36.1418		36.9254
834		17.1359		40.3791
835		5.8152		30.3962
836		8.9059		17.4318
837		23.7906		13.3514
838		40.2824		24.6728
839		46.4303		48.9298
840		35.1273		75.9647
841		8.00637		93.2873
842		-25.3144		92.5532
843		-52.0701		73.7625
844		-62.6192		45.1344
845		-54.9111		18.9419
846		-35.0431		5.62833
847		-13.9247		9.21806
848		-2.0178		26.1295
849		-4.87939		47.591
850		-21.5232		64.0492
851		-45.9482		69.1864
852		-70.5515		61.716
853		-89.4105		44.5623
854		-99.8792		22.453
855		-102.172		-0.426247
856		-97.8121		-21.4878
857		-88.2754		-39.3601
858		-74.7243		-52.9064
859		-58.7079		-60.7647
860		-42.9137		-61.9671
861		-30.9577		-57.2292
862		-25.9065		-49.8008
863		-28.2486		-44.8605
864		-34.6746		-47.3068
865		-38.8017		-58.9334
866		-33.937		-76.6371
867		-16.6869		-93.0006
868		10.5242		-99.4046
869		39.6469		-90.3575
870		60.225		-66.8488
871		64.32		-36.7923
872		50.7523		-11.9825
873		26.4008		-2.77847
874		3.65073		-13.0102
875		-5.02473		-37.6517
876		7.12975		-64.5618
877		37.7236		-79.6414
878		75.8632		-73.0874
879		106.644		-43.8661
880		117.466		-0.365486
881		103.348		43.0332
882		68.9171		71.8697
883		26.3714		77.3733
884		-9.54191		59.674
885		-27.2559		27.3095
886		-22.4767		-6.4629
887		0.787582		-28.8025
888		32.2984		-31.7706
889		59.6035		-14.6285
890		72.3331		16.5279
891		65.3278		51.2668
892		39.8332		78.3411
893		2.72931		89.0788
894		-35.7283		79.7777
895		-64.9544		52.6326
896		-77.1138		15.0451
897		-69.4863		-22.5487
898		-45.4147		-49.8714
899		-13.365		-60.1825
900		15.8748		-52.7144
901		33.1115		-33.1078
902		34.3819		-11.3546
903		22.7254		2.24638
904		7.05817		1.60809
905		-1.70724		-12.1544
906		4.19514		-30.8397
907		25.2895		-42.6725
908		53.8976		-37.8749
909		77.0927		-13.7897
910		82.495		22.9803
911		64.339		58.721
912		26.8955		78.3432
913		-16.5757		72.2029
914		-49.1075		40.8254
915		-57.2473		-4.78148
916		-36.9173		-47.5116
917		4.81114		-71.2894
918		52.8376		-67.6823
919		90.5412		-38.9965
920		106.608		3.42303
921		99.0717		44.6657
922		74.9178		72.7534
923		45.8309		83.1033
924		22.434		79.1068
925		9.90306		69.011
926		6.8643		61.0839
927		7.63723		59.6689
928		6.17757		63.9721
929		-0.597198		69.7637
930		-11.7839		72.593
931		-23.9594		70.4648
932		-33.8721		64.4948
933		-40.5208		57.4441
934		-45.346		51.3522
935		-50.5781		45.9743
936		-57.0125		39.108
937		-62.8595		28.5868
938		-64.6108		14.5506
939		-59.5123		0.314957
940		-48.072		-9.01517
941		-34.8199		-9.60411
942		-26.4698		-1.82353
943		-28.2126		8.89912
944		-40.1719		14.2463
945		-56.2433		7.37669
946		-66.4131		-12.7714
947		-61.7357		-39.7718
948		-39.5052		-61.9512
949		-5.75118		-67.8532
950		26.6427		-52.3229
951		43.6757		-20.0039
952		37.1774		15.8695
953		9.45344		39.1819
954		-26.9397		38.5791
955		-54.5137		13.3047
956		-58.8993		-25.7898
957		-35.782		-60.7907
958		6.71016		-74.8034
959		51.4356		-59.7463
960		79.9234		-20.1149
961		80.6682		29.0921
962		54.1019		69.2611
963		11.9584		86.5333
964		-28.5168		77.6828
965		-52.606		50.8393
966		-54.538		20.9477
967		-39.3651		2.37496
968		-19.6891		2.29733
969		-9.11158		17.9169
970		-15.7094		38.5337
971		-38.5735		51.1317
972		-68.761		46.5911
973		-93.8162		23.6157
974		-103.444		-11.1774
975		-93.6661		-46.6059
976		-67.8245		-71.7887
977		-34.4874		-80.2023
978		-3.67517		-71.3631
979		16.6849		-49.9402
980		22.7174		-23.2906
981		14.6867		1.14873
982		-4.12462		17.5825
983		-28.7738		22.4861
984		-53.6285		14.6146
985		-72.9798		-5.01078
986		-81.7518		-32.9503
987		-76.6616		-63.3988
988		-57.6325		-89.0515
989		-28.6945		-103.053
990		2.5168		-101.558
991		27.0141		-85.7492
992		37.8576		-62.0907
993		33.2499		-40.223
994		17.722		-29.1154
995		0.533394		-33.105
996		-8.25658		-49.7573
997		-2.33724		-70.7659
998		17.8691		-85.6688
999		45.3394		-86.7125
1000		69.7682		-72.5164
1001		82.5316		-48.6798
1002		80.8663		-24.9501
1003		69.1503		-10.297
1004		56.583		-8.33407
1005		52.3658		-15.4114
1006		60.7737		-22.4032
1007		78.6074		-19.3716
1008		96.3657		-0.833633
1009		102.654		30.9751
1010		89.7358		66.4927
1011		57.5832		92.7654
1012		14.4731		99.1112
1013		-26.1497		81.9026
1014		-51.1052		46.3072
1015		-52.7542		4.28123
1016		-31.8414		-30.1793
1017		3.16772		-46.3702
1018		39.7234		-40.5383
1019		66.0452		-16.5345
1020		75.1105		16.4596
1021		66.3269		47.8346
1022		44.6088		69.3142
1023		17.6934		77.1657
1024		-6.92723		72.356
1025		-24.2318		59.0908
1026		-32.4796		42.7027
1027		-32.7581		27.8287
1028		-27.8559		17.3835
1029		-21.0758		12.3355
1030		-15.3314		11.991
1031		-12.5657		14.4922
1032		-13.4057		17.4104
1033		-17.033		18.4485
1034		-21.3982		16.2305
1035		-23.9126		10.9703
1036		-22.5635		4.65307
1037		-17.0716		0.425308
1038		-9.49873		1.2222
1039		-3.80003		8.12239
1040		-4.25856		19.237
1041		-13.3469		29.8636
1042		-30.0055		34.1216
1043		-49.3154		27.5396
1044		-63.996		9.46695
1045		-67.2966		-15.9142
1046		-56.0869		-40.674
1047		-32.7056		-56.0749
1048		-4.56919		-56.1961
1049		18.4803		-40.65
1050		28.0572		-15.0995
1051		20.6877		10.7652
1052		-0.68593		26.9975
1053		-27.8362		27.313
1054		-50.5329		11.4817
1055		-60.5489		-14.7951
1056		-54.6785		-42.3833
1057		-35.5543		-62.4229
1058		-10.0688		-69.6105
1059		13.7359		-63.717
1060		29.8488		-48.8777
1061		36.1784		-31.2081
1062		34.496		-15.9879
1063		28.7212		-5.71518
1064		22.559		0.209969
1065		17.683		4.24857
1066		13.2729		8.72958
1067		6.98613		14.1759
1068		-3.24953		18.7721
1069		-17.5823		19.1837
1070		-33.5535		12.2782
1071		-46.7131		-3.10052
1072		-52.2555		-25.1361
1073		-46.9533		-49.2774
1074		-30.5742		-69.6161
1075		-6.20955		-80.8503
1076		20.599		-80.0759
1077		43.5888		-67.7531
1078		57.7278		-47.5317
1079		60.7117		-25.0362
1080		53.5233		-6.062
1081		39.9127		5.19718
1082		25.0153		7.30646
1083		13.6033		1.77497
1084		8.5762		-7.7574
1085		10.2066		-17.0127
1086		16.3892		-22.6896
1087		23.7745		-23.5906
1088		29.3259		-20.8309
1089		31.6568		-17.0518
1090		31.5759		-14.9754
1091		31.5852		-15.9384
1092		34.5354		-19.0791
1093		42.0377		-21.5912
1094		53.3838		-19.9826
1095		65.5314		-11.7937
1096		74.2412		3.02529
1097		75.8979		21.7705
1098		69.191		39.913
1099		55.8431		52.9397
1100		39.9882		58.2892
1101		26.426		56.4741
1102		18.5277		50.8367
1103		16.7593		46.0098
1104		18.5225		45.7747
1105		19.4013		51.3047
1106		15.2424		60.6065
1107		4.10529		69.4112
1108		-12.809		73.0866
1109		-31.6459		68.6715
1110		-47.5278		56.1148
1111		-56.5357		38.2068
1112		-57.1405		19.3306
1113		-50.5086		3.69431
1114		-39.6807		-6.12276
1115		-28.1514		-9.7162
1116		-18.5844		-8.4155
1117		-12.2178		-4.26384
1118		-9.06937		0.957527
1119		-8.61514		6.18095
1120		-10.4141		10.8915
1121		-14.2964		14.651
1122		-20.085		16.7602
1123		-27.1643		16.3558
1124		-34.3161		12.8894
1125		-40.0517		6.62242
1126		-43.2979		-1.28915
1127		-43.9937		-9.30344
1128		-43.1335		-16.3675
1129		-42.0952		-22.6217
1130		-41.5562		-29.4001
1131		-40.6477		-38.3592
1132		-36.9771		-50.1089
1133		-27.7278		-63.119
1134		-11.4108		-73.6687
1135		10.6383		-77.1296
1136		33.9548		-70.1413
1137		52.2591		-52.6495
1138		59.9863		-28.6722
1139		54.9056		-5.18109
1140		39.5009		10.6004
1141		20.2676		14.3143
1142		5.07002		6.49703
1143		-0.298752		-7.56566
1144		5.28131		-20.2265
1145		17.8141		-25.0483
1146		30.2085		-19.8459
1147		35.84		-7.67005
1148		31.9135		4.81808
1149		20.9224		10.8285
1150		9.41229		7.05825
1151		4.60583		-4.40528
1152		10.5559		-16.9204
1153		25.7849		-22.5264
1154		43.6648		-16.0012
1155		55.4318		2.2944
1156		54.3887		26.2549
1157		39.2219		46.6942
1158		14.7728		55.5612
1159		-10.1381		49.6437
1160		-26.7654		31.9452
1161		-30.3703		10.0863
1162		-22.1086		-7.42873
1163		-8.0065		-15.188
1164		4.36905		-13.1138
1165		9.78729		-5.9192
1166		7.79288		-0.171276
1167		2.51386		-0.567444
1168		0.0356598		-7.39258
1169		4.8009		-16.4632
1170		16.9741		-21.5313
1171		32.1686		-17.8279
1172		43.6698		-4.84211
1173		45.9733		13.1504
1174		37.7694		29.1044
1175		22.8056		36.7341
1176		8.15805		33.74
1177		0.775875		23.0868
1178		4.02547		11.6821
1179		15.9374		7.11799
1180		29.9826		14.0664
1181		37.9524		32.0412
1182		33.5404		55.5031
1183		14.9812		76.1333
1184		-14.3278		86.1203
1185		-47.276		80.9697
1186		-75.6885		60.7585
1187		-92.9282		29.6152
1188		-95.4806		-5.98203
1189		-83.2506		-39.1422
1190		-58.9469		-63.9962
1191		-27.1914		-76.4375
1192		6.22329		-74.4543
1193		34.9629		-58.4399
1194		53.0148		-31.5613
1195		56.0457		0.178818
1196		43.0391		28.7581
1197		17.4747		46.1236
1198		-12.877		46.9626
1199		-38.0365		31.1642
1200		-49.3644		4.63501
1201		-43.2287		-22.3713
1202		-23.0372		-39.1434
1203		1.63965		-39.1497
1204		18.8848		-23.3164
1205		19.7509		-0.190731
1206		2.70859		17.446
1207		-24.9815		18.2666
1208		-49.9103		-2.10509
1209		-58.2506		-38.4065
1210		-42.1061		-77.3212
1211		-3.55736		-102.865
1212		45.5855		-103.284
1213		88.3905		-76.3678
1214		109.815		-30.7242
1215		103.021		17.6318
1216		72.1728		51.8895
1217		30.5198		61.3117
1218		-5.32195		45.3437
1219		-22.247		13.2616
1220		-15.6629		-20.2785
1221		9.44676		-41.6084
1222		41.5693		-43.4203
1223		68.1279		-26.8845
1224		80.7189		0.0911026
1225		77.8165		27.2477
1226		64.0423		46.6998
1227		46.7972		55.7713
1228		32.223		56.8715
1229		22.5665		54.8961
1230		16.0863		53.8214
1231		9.22914		54.4
1232		-0.365646		54.1116
1233		-11.8063		49.2375
1234		-21.0065		37.778
1235		-22.841		21.5143
1236		-14.245		5.99306
1237		3.41065		-1.69145
1238		23.9969		3.70366
1239		38.6791		22.6352
1240		39.5208		49.7695
1241		23.0568		75.5018
1242		-7.75819		89.456
1243		-44.1316		84.5477
1244		-74.3759		59.9476
1245		-88.0806		21.7473
1246		-79.9136		-18.9437
1247		-51.6277		-49.7467
1248		-11.5689		-61.2212
1249		28.0871		-50.0283
1250		55.3551		-19.9857
1251		62.3089		19.2811
1252		47.5134		55.5538
1253		16.2689		77.973
1254		-21.3237		80.4034
1255		-53.7604		63.137
1256		-71.8206		32.4506
1257		-71.3214		-1.74341
1258		-54.0768		-29.2838
1259		-26.8335		-43.002
1260		1.33369		-40.7343
1261		22.1798		-25.4996
1262		30.8659		-3.9242
1263		27.1057		16.3843
1264		14.6252		29.4814
1265		-0.682388		32.8085
1266		-13.0728		27.4963
1267		-18.8392		17.3551
1268		-17.1682		7.13417
1269		-9.86139		0.812683
1270		-0.27095		0.513138
1271		7.98276		6.24821
1272		12.0274		16.333
1273		10.2735		28.0993
1274		2.53016		38.5933
1275		-10.1091		45.1256
1276		-25.4784		45.7141
1277		-40.6625		39.4919
1278		-52.5286		27.0385
1279		-58.4862		10.4468
1280		-57.2973		-7.08061
1281		-49.578		-22.1354
1282		-37.6503		-32.2389
1283		-24.6611		-36.7043
1284		-13.2911		-36.7425
1285		-4.67853		-34.6692
1286		1.83777		-32.5604
1287		7.94705		-31.0953
1288		14.9609		-29.3014
1289		22.6231		-25.4575
1290		28.9785		-18.6963
1291		31.598		-10.3027
1292		29.6117		-3.6931
1293		25.3285		-2.70771
1294		24.1834		-8.86338
1295		32.4926		-19.0618
1296		53.7308		-25.3664
1297		85.1282		-17.6392
1298		116.661		11.6394
1299		133.662		62.4422
1300		122.576		124.762
1301		77.6217		180.503
1302		5.23626		209.634
1303		-76.2576		198.42
1304		-142.348		146.168
1305		-171.498		67.19
1306		-154.029		-13.4377
1307		-96.7544		-69.0024
1308		-21.027		-81.5129
1309		45.2787		-48.8563
1310		78.6023		14.4287
1311		68.7524		83.1857
1312		22.3231		131.894
1313		-40.8812		144.696
1314		-96.657		120.938
1315		-126.436		74.0571
1316		-124.163		24.7179
1317		-97.2848		-8.43752
1318		-61.9273		-16.1833
1319		-34.9408		-1.19699
1320		-26.6835		24.9341
1321		-37.6947		48.1906
1322		-60.2759		58.6833
1323		-83.5817		54.2422
1324		-99.3072		39.7499
1325		-105.124		23.1607
1326		-104.472		10.6711
1327		-103.323		3.64184
1328		-106.021		-1.32842
1329		-112.551		-9.57407
1330		-118.616		-24.5953
1331		-118.282		-45.5167
1332		-107.586		-67.1167
1333		-87.1131		-82.3251
1334		-62.1968		-85.7961
1335		-40.6846		-76.6939
1336		-29.4526		-59.329
1337		-31.3632		-41.4195
1338		-44.0385		-30.8808
1339		-60.8665		-32.636
1340		-73.6508		-46.7676
1341		-75.707		-68.6083
1342		-64.2164		-90.5268
1343		-41.1222		-104.59
1344		-12.4746		-105.16
1345		13.4053		-90.7
1346		28.3672		-64.4191
1347		26.897		-33.6464
1348		8.05323		-8.04029
1349		-23.6511		3.08647
1350		-58.8691		-6.23125
1351		-85.7049		-36.1345
1352		-93.292		-79.9683
1353		-75.663		-125.525
1354		-34.4931		-158.506
1355		20.5665		-167.266
1356		74.4764		-147.148
1357		111.653		-102.644
1358		121.356		-46.306
1359		101.507		5.36124
1360		59.3994		37.5086
1361		9.00764		41.8562
1362		-33.9501		19.0341
1363		-57.1501		-22.374
1364		-55.0425		-69.3827
1365		-29.4597		-109.048
1366		12.2365		-131.998
1367		60.1901		-133.988
1368		104.807		-115.567
1369		138.379		-80.746
1370		155.646		-35.7033
1371		153.986		12.0189
1372		133.846		54.1337
1373		99.4006		82.734
1374		58.6854		92.2851
1375		22.2869		81.9878
1376		0.285248		57.2321
1377		-1.69269		28.7941
1378		14.5142		9.32449
1379		39.4123		8.17674
1380		59.2695		26.8729
1381		62.0794		57.6742
1382		43.4231		86.497
1383		9.21103		99.269
1384		-26.461		88.8693
1385		-47.7195		59.1539
1386		-44.6609		23.7679
1387		-18.567		-0.012146
1388		18.2223		0.468475
1389		47.9425		27.0235
1390		55.8278		69.6907
1391		37.0392		111.658
1392		-1.50099		137.533
1393		-45.3082		140.614
1394		-80.2611		125.304
1395		-99.8865		103.429
1396		-107.959		86.631
1397		-114.977		79.1986
1398		-130.568		75.5789
1399		-156.322		64.1473
1400		-183.452		35.2048
1401		-197.058		-11.4677
1402		-184.92		-64.202
1403		-145.906		-104.173
1404		-92.8653		-115.199
1405		-47.7094		-93.3715
1406		-30.6457		-50.9188
1407		-49.113		-11.4862
1408		-92.5877		1.35591
1409		-136.671		-23.3707
1410		-155		-77.2807
1411		-133.108		-135.718
1412		-76.9196		-169.747
1413		-10.968		-161.205
1414		33.3393		-113.005
1415		33.7611		-48.961
1416		-10.6234		-2.7005
1417		-77.6637		-0.917557
1418		-132.128		-49.3925
1419		-142.733		-129.036
1420		-97.767		-204.251
1421		-11.4342		-239.66
1422		82.3581		-216.969
1423		145.706		-143.65
1424		154.148		-49.2852
1425		107.34		28.3779
1426		28.0793		60.5757
1427		-49.2675		39.5149
1428		-94.7035		-20.178
1429		-94.9555		-90.3558
1430		-56.6968		-143.298
1431		-0.193878		-163.389
1432		52.186		-151.157
1433		86.0595		-118.894
1434		98.7857		-81.6378
1435		96.1441		-49.2885
1436		85.3417		-24.1402
1437		69.501		-4.24057
1438		47.2187		10.8149
1439		17.0232		16.4474
1440		-16.9834		5.00461
1441		-43.0677		-27.8474
1442		-45.9962		-76.5603
1443		-15.8358		-124.063
1444		43.6507		-147.575
1445		112.734		-129.856
1446		162.376		-70.0454
1447		167.564		12.4948
1448		120.807		84.6868
1449		38.2786		114.483
1450		-45.5898		86.8322
1451		-93.3691		12.5155
1452		-82.5666		-75.3596
1453		-17.1621		-136.184
1454		73.4417		-140.975
1455		147.932		-86.2867
1456		172.487		4.1848
1457		136.384		91.0975
1458		56.1087		138.175
1459		-33.7578		128.598
1460		-97.7028		71.0107
1461		-115.392		-7.24007
1462		-88.5992		-75.2011
1463		-36.2092		-113.131
1464		18.7961		-119.144
1465		62.2239		-104.879
1466		93.8716		-83.9105
1467		122.465		-60.7834
1468		154.209		-27.9686
1469		182.949		27.0497
1470		189.189		108.876
1471		149.94		203.994
1472		54.4732		280.878
1473		-83.3468		302.414
1474		-224.6		245.233
1475		-319.199		115.646
1476		-328.557		-47.4814
1477		-245.833		-186.338
1478		-102.73		-249.027
1479		41.9918		-213.911
1480		127.883		-101.074
1481		120.209		35.5477
1482		25.9923		132.271
1483		-109.403		144.62
1484		-223.632		67.1447
1485		-266.249		-65.4097
1486		-221.037		-195.744
1487		-111.278		-271.339
1488		13.779		-267.839
1489		103.576		-197.447
1490		129.236		-99.3231
1491		93.7773		-18.2663
1492		25.7525		16.6264
1493		-38.6359		2.56644
1494		-74.3431		-41.1859
1495		-77.1346		-88.2432
1496		-60.032		-121.032
1497		-40.3628		-138.457
1498		-26.3986		-151.644
1499		-12.1894		-171.623
1500		16.3363		-197.667
1501		68.2406		-214.498
1502		136.343		-200.876
1503		196.024		-144.769
1504		216.313		-55.614
1505		177.854		34.8502
1506		87.5171		85.506
1507		-19.6712		66.7598
1508		-94.0888		-21.6227
1509		-94.7872		-146.084
1510		-10.8017		-251.964
1511		130.907		-287.954
1512		275.777		-230.38
1513		365.706		-94.9784
1514		365.097		69.949
1515		275.965		205.628
1516		134.912		268.943
1517		-5.85165		249.593
1518		-103.09		170.273
1519		-139.974		71.0901
1520		-128.058		-12.3994
1521		-94.2941		-65.2614
1522		-61.7805		-95.1167
1523		-35.9713		-120.163
1524		-4.35338		-151.616
1525		50.7098		-182.029
1526		134.359		-187.273
1527		228.403		-141.698
1528		295.173		-37.6765
1529		295.454		102.528
1530		211.266		231.038
1531		60.5895		294.403
1532		-105.406		259.905
1533		-222.965		134.303
1534		-244.793		-35.6618
1535		-163		-182.555
1536		-13.9325		-248.494
1537		138.145		-211.505
1538		230.733		-94.8272
1539		231.471		45.4768
1540		151.205		148.162
1541		35.6853		175.644
1542		-59.181		129.652
1543		-95.3892		46.4697
1544		-69.8333		-24.7558
1545		-12.1859		-48.5819
1546		34.1113		-20.646
1547		36.7619		32.7179
1548		-8.14365		71.4052
1549		-75.4149		65.0268
1550		-126.154		9.90019
1551		-130.146		-69.4387
1552		-82.7134		-134.417
1553		-6.98414		-153.964
1554		59.1601		-121.348
1555		83.824		-57.2758
1556		57.945		1.98495
1557		-0.778812		24.4463
1558		-58.5129		-0.87632
1559		-84.0798		-59.311
1560		-65.333		-119.92
1561		-14.3126		-153.126
1562		41.0464		-146.493
1563		73.3445		-110.094
1564		70.7138		-69.0767
1565		42.0801		-48.3491
1566		10.2851		-58.4825
1567		-2.31188		-90.8373
1568		12.9921		-124.242
1569		46.9832		-138.759
1570		79.3854		-128.034
1571		92.3664		-102.801
1572		82.306		-83.4843
1573		62.5041		-86.4946
1574		54.9478		-112.661
1575		75.8865		-145.157
1576		123.91		-158.767
1577		178.128		-135.531
1578		208.415		-77.7294
1579		192.687		-10.1299
1580		131.712		30.8643
1581		52.735		16.2079
1582		-1.13393		-58.479
1583		8.75664		-166.795
1584		96.5333		-260.665
1585		242.214		-290.932
1586		397.796		-229.758
1587		506.475		-84.0973
1588		526.054		106.064
1589		445.811		283.626
1590		289.619		396.751
1591		104.935		417.54
1592		-56.2675		349.434
1593		-155.589		221.74
1594		-178.071		75.6955
1595		-131.576		-50.4966
1596		-38.6657		-131.399
1597		73.3247		-156.619
1598		179.204		-127.768
1599		258.429		-54.2909
1600		295.186		48.6924
1601		279.275		160.455
1602		209.441		255.247
1603		97.678		306.378
1604		-29.2968		294.435
1605		-134.862		216.731
1606		-183.915		92.7126
1607		-156.979		-39.1745
1608		-60.3574		-133.848
1609		73.5177		-156.857
1610		197.132		-98.9148
1611		266.252		19.4579
1612		257.491		155.976
1613		176.94		263.966
1614		55.8913		311.086
1615		-64.0313		290.711
1616		-148.861		221.12
1617		-184.736		133.768
1618		-179.4		57.3377
1619		-153.282		5.85848
1620		-126.049		-23.6113
1621		-106.343		-43.8467
1622		-89.9691		-66.1313
1623		-66.4912		-91.9099
1624		-29.2934		-112.249
1625		17.6422		-114.891
1626		60.6455		-93.9677
1627		84.4014		-55.8271
1628		81.9811		-16.8942
1629		60.2933		5.50969
1630		37.0248		3.88988
1631		30.3308		-13.9523
1632		47.1892		-28.6543
1633		77.5996		-20.7425
1634		98.7741		16.5442
1635		87.7406		70.7314
1636		35.6344		114.401
1637		-44.5463		118.793
1638		-121.75		69.726
1639		-161.003		-22.9409
1640		-140.765		-127.929
1641		-64.2759		-206.443
1642		41.3299		-230.328
1643		137.892		-195
1644		194.299		-120.366
1645		200.196		-39.4923
1646		168.235		18.5757
1647		124.178		42.3389
1648		90.9716		40.4814
1649		76.1365		32.7274
1650		69.7278		34.8533
1651		53.766		47.1652
1652		17.1477		53.6629
1653		-33.4059		32.7032
1654		-73.6907		-27.087
1655		-74.3784		-115.466
1656		-18.78		-201.451
1657		84.38		-247.192
1658		201.4		-227.904
1659		288.317		-146.768
1660		312.74		-35.8199
1661		271.069		58.7618
1662		191.211		99.8021
1663		118.524		78.396
1664		91.9638		18.52
1665		123.204		-36.0906
1666		190.344		-46.1363
1667		250.144		1.07086
1668		262.517		83.8788
1669		213.933		157.81
1670		126.525		180.506
1671		47.2062		136.536
1672		22.1072		48.0604
1673		70.0842		-35.3062
1674		170.156		-62.7073
1675		270.568		-10.4338
1676		315.477		103.219
1677		275.309		225.493
1678		164.223		295.976
1679		34.5568		278.804
1680		-49.646		182.901
1681		-46.4107		58.809
1682		41.1503		-26.9874
1683		165.367		-27.0405
1684		258.483		61.3946
1685		268.482		194.128
1686		187.214		303.029
1687		55.4055		332.429
1688		-58.7012		269.546
1689		-96.1633		152.314
1690		-40.0595		49.7817
1691		73.7218		24.9565
1692		174.077		99.6909
1693		192.016		240.588
1694		98.2697		374.106
1695		-78.8683		423.637
1696		-265.448		349.479
1697		-377.923		170.735
1698		-364.957		-42.6485
1699		-233.314		-203.942
1700		-44.3272		-252.36
1701		117.267		-182.398
1702		185.91		-44.7283
1703		147.132		81.5297
1704		42.4188		130.392
1705		-55.0363		82.591
1706		-80.4644		-26.2513
1707		-12.1461		-126.679
1708		117.676		-154.02
1709		241		-83.7866
1710		291.266		54.9514
1711		239.496		195.077
1712		110.084		267.233
1713		-31.9466		236.643
1714		-115.167		121.354
1715		-99.0349		-17.5665
1716		5.51575		-108.314
1717		142.801		-105.717
1718		242.378		-13.877
1719		255.985		117.527
1720		181.779		220.678
1721		63.4344		245.642
1722		-34.6471		185.663
1723		-62.0425		78.6631
1724		-8.08057		-14.9801
1725		94.7794		-45.5365
1726		190.867		0.384777
1727		232.691		95.2338
1728		206.047		188.648
1729		135.073		237.285
1730		65.122		229.025
1731		33.929		187.729
1732		48.2235		156.067
1733		79.7807		166.644
1734		83.7247		218.728
1735		28.8553		275.046
1736		-77.7838		281.939
1737		-187.517		202.628
1738		-231.982		44.9904
1739		-160.332		-133.02
1740		27.8292		-245.923
1741		272.518		-221.822
1742		474.228		-41.8363
1743		537.567		242.986
1744		417.284		527.819
1745		143.893		697.568
1746		-184.79		678.038
1747		-443.593		470.608
1748		-533.478		153.584
1749		-423.907		-150.81
1750		-164.672		-328.591
1751		137.695		-321.318
1752		367.181		-147.318
1753		446.925		111.489
1754		367.369		349.241
1755		182.819		482.56
1756		-19.2976		482.344
1757		-159.898		378.054
1758		-200.389		235.64
1759		-151.89		122.554
1760		-60.3677		77.8883
1761		21.7272		101.105
1762		61.4091		161.93
1763		56.0709		223.051
1764		26.1084		261.746
1765		-3.88522		278.836
1766		-23.0514		291.676
1767		-40.7494		317.157
1768		-78.4593		355.989
1769		-152.683		388.148
1770		-259.57		382.491
1771		-370.895		315.182
1772		-444.529		186.427
1773		-444.377		25.7618
1774		-359.455		-117.765
1775		-211.991		-196.144
1776		-50.082		-183.696
1777		71.7662		-88.7473
1778		114.974		49.7623
1779		71.7734		178.748
1780		-33.6207		252.463
1781		-156.985		249.211
1782		-252.694		176.601
1783		-290.202		64.6903
1784		-261.911		-48.1328
1785		-180.953		-129.199
1786		-72.3451		-159.844
1787		36.7862		-136.333
1788		123.474		-65.9572
1789		170.652		37.4545
1790		166.677		155.611
1791		105.982		265.589
1792		-7.48826		340.263
1793		-155.641		352.578
1794		-304.511		284.514
1795		-409.408		137.813
1796		-427.83		-59.1989
1797		-336.458		-254.215
1798		-144.991		-384.854
1799		100.631		-400.304
1800		329.414		-282.475
1801		468.48		-57.2401
1802		469.976		210.477
1803		330.814		437.526
1804		96.4632		552.076
1805		-153.806		520.463
1806		-335.226		360.448
1807		-388.601		135.193
1808		-302.002		-70.0378
1809		-114.606		-179.491
1810		98.7217		-154.599
1811		255.874		-7.17953
1812		297.866		206.507
1813		209.535		408.003
1814		23.1769		526.178
1815		-195.493		522.63
1816		-372.886		403.673
1817		-454.413		215.206
1818		-422.579		23.426
1819		-300.108		-110.454
1820		-138.018		-151.554
1821		5.69862		-100.994
1822		87.885		8.87394
1823		94.0472		130.561
1824		39.476		221.522
1825		-41.589		259.764
1826		-113.131		248.976
1827		-152.942		212.016
1828		-159.898		176.714
1829		-150.322		161.195
1830		-146.001		165.759
1831		-160.32		175.013
1832		-189.775		168.778
1833		-215.383		135.923
1834		-213.51		83.6217
1835		-170.702		36.6527
1836		-94.6737		26.2655
1837		-15.1069		73.5907
1838		27.3572		175.798
1839		-0.416096		302.531
1840		-106.635		405.6
1841		-266.936		438.567
1842		-431.147		377.715
1843		-542.481		234.595
1844		-561.108		53.7299
1845		-481.571		-104.307
1846		-335.91		-187.387
1847		-180.731		-173.139
1848		-73.7598		-77.5561
1849		-50.2924		52.8764
1850		-109.937		161.815
1851		-219.223		206.967
1852		-328.283		176.56
1853		-393.484		91.4221
1854		-395.497		-7.38779
1855		-344.999		-78.8149
1856		-274.346		-100.097
1857		-220.229		-74.8744
1858		-206.164		-28.2678
1859		-233.014		7.54596
1860		-281.267		9.51802
1861		-322.786		-26.2279
1862		-335.422		-84.6917
1863		-313.122		-141.417
1864		-267.079		-175.494
1865		-218.338		-179.418
1866		-186.365		-161.353
1867		-179.597		-139.531
1868		-192.266		-132.413
1869		-208.23		-149.767
1870		-209.098		-188.67
1871		-182.352		-235.464
1872		-126.019		-271.766
1873		-48.7503		-281.27
1874		33.5109		-254.632
1875		102.102		-191.527
1876		139.816		-100.526
1877		134.353		2.12753
1878		81.5445		94.5574
1879		-11.5442		152.825
1880		-124.824		156.898
1881		-226.987		98.5113
1882		-282.73		-11.7337
1883		-264.894		-142.204
1884		-167.699		-246.477
1885		-14.8978		-278.244
1886		142.851		-210.488
1887		243.223		-50.9623
1888		235.998		154.281
1889		106.118		333.49
1890		-114.722		415.151
1891		-355.025		357.584
1892		-528.419		169.404
1893		-567.522		-89.3366
1894		-452.674		-327.7
1895		-222.526		-458.816
1896		39.2502		-434.915
1897		236.5		-267.28
1898		298.933		-22.0299
1899		209.912		206.866
1900		11.7329		335.845
1901		-213.655		324.788
1902		-379.667		190.816
1903		-430.296		-2.41553
1904		-360.378		-174.172
1905		-213.044		-261.066
1906		-57.0533		-241.211
1907		44.5264		-138.402
1908		59.7408		-6.30122
1909		-3.3833		98.3285
1910		-106.67		140.131
1911		-203.593		116.498
1912		-261.379		52.1665
1913		-272.857		-18.0951
1914		-253.652		-68.6082
1915		-228.149		-93.7628
1916		-213.031		-106.113
1917		-207.7		-124.061
1918		-196.426		-157.005
1919		-160.374		-196.776
1920		-92.2355		-220.325
1921		-4.85858		-202.31
1922		71.3833		-130.695
1923		101.683		-16.7751
1924		63.9071		106.179
1925		-38.9915		195.635
1926		-177.735		218.034
1927		-307.689		163.848
1928		-387.083		52.2747
1929		-394.11		-76.6731
1930		-335.141		-178.917
1931		-240.658		-224.18
1932		-151.261		-207.023
1933		-100.492		-146.626
1934		-102.221		-76.2968
1935		-147.687		-28.2113
1936		-212.445		-20.6011
1937		-268.971		-52.7239
1938		-298.523		-108.815
1939		-297.016		-167.897
1940		-273.141		-213.974
1941		-240.958		-241.682
1942		-211.601		-255.441
1943		-188.543		-263.707
1944		-168.365		-272.342
1945		-145.711		-281.078
1946		-118.809		-284.883
1947		-91.9034		-278.915
1948		-72.9889		-263.646
1949		-68.2176		-246.568
1950		-76.5282		-239.005
1951		-88.1423		-249.546
1952		-88.4639		-277.89
1953		-65.7371		-313.05
1954		-18.3191		-337.668
1955		42.8559		-336.725
1956		98.7593		-306.118
1957		132.023		-256.015
1958		136.979		-206.296
1959		124.099		-175.589
1960		115.328		-169.379
1961		131.514		-174.078
1962		177.869		-161.678
1963		235.624		-104.393
1964		265.979		7.05261
1965		226.845		151.03
1966		95.9384		276.674
1967		-110.798		321.757
1968		-336.029		240.829
1969		-497.753		31.3983
1970		-521.317		-255.153
1971		-373.879		-525.748
1972		-85.4676		-678.662
1973		254.93		-645.013
1974		529.423		-420.824
1975		636.619		-74.3233
1976		533.531		276.896
1977		255.295		510.912
1978		-97.1748		550.212
1979		-397.546		392.973
1980		-545.592		112.71
1981		-507.49		-174.102
1982		-327.084		-358.379
1983		-103.184		-384.414
1984		56.6155		-270.997
1985		84.4115		-98.5751
1986		-19.2977		31.003
1987		-189.359		43.0223
1988		-329.554		-75.9369
1989		-359.529		-273.71
1990		-252.696		-459.239
1991		-47.553		-546.712
1992		172.016		-495.744
1993		317.032		-328.776
1994		334.448		-118.366
1995		229.466		48.2663
1996		59.546		109.543
1997		-95.4785		55.299
1998		-171.459		-73.2875
1999		-147.437		-207.777
2000		-50.1819		-287.128
2001		64.5174		-285.259
2002		142.595		-218.607
2003		158.067		-131.758
2004		122.091		-70.45
2005		71.6545		-57.0054
2006		45.5883		-80.8413
2007		61.7208		-107.88
2008		107.382		-102.408
2009		147.566		-48.709
2010		145.311		39.2994
2011		82.5916		125.035
2012		-29.5511		168.231
2013		-156.451		145.13
2014		-256.947		59.1681
2015		-302.3		-62.6918
2016		-286.827		-184.649
2017		-225.661		-278.704
2018		-142.657		-333.999
2019		-56.8829		-354.778
2020		23.9172		-350.158
2021		99.6221		-323.826
2022		167.622		-271.401
2023		214.676		-187.75
2024		218.236		-79.3611
2025		158.723		27.5312
2026		36.5255		91.0188
2027		-117.117		70.9234
2028		-244.551		-47.9185
2029		-283.043		-239.254
2030		-194.786		-437.139
2031		9.0946		-558.745
2032		264.403		-540.11
2033		474.863		-368.613
2034		551.251		-95.5816
2035		451.742		179.352
2036		204.424		347.359
2037		-99.8632		336.515
2038		-342.752		144.114
2039		-426.812		-159.971
2040		-315.87		-461.03
2041		-49.3146		-646.279
2042		275.626		-649.946
2043		545.057		-477.097
2044		674.215		-196.78
2045		637.825		90.7366
2046		473.063		296.568
2047		256.279		376.313
2048		66.3889		340.213
2049		-47.3848		238.604
2050		-79.5785		132.387
2051		-60.5211		64.0664
2052		-33.3181		42.7305
2053		-29.0643		48.0365
2054		-52.7285		48.3539
2055		-85.2885		21.8406
2056		-98.8263		-30.8694
2057		-75.0573		-88.0766
2058		-17.0413		-120.334
2059		51.6072		-107.527
2060		98.6684		-50.3975
2061		99.4653		29.1326
2062		48.713		98.2374
2063		-37.4985		128.228
2064		-129.749		106.689
2065		-198.623		41.2509
2066		-226.598		-45.8465
2067		-213.241		-128.808
2068		-172.309		-189.227
2069		-123.207		-222.086
2070		-81.4334		-234.967
2071		-52.2732		-241.872
2072		-29.8779		-255.096
2073		-1.31003		-278.716
2074		46.6344		-305.945
2075		120.493		-320.874
2076		215.293		-303.785
2077		313.184		-238.488
2078		386.208		-119.86
2079		403.172		40.4875
2080		339.601		212.639
2081		188.435		352.7
2082		-32.1505		413.453
2083		-277.68		359.39
2084		-485.548		181.627
2085		-591.736		-93.1414
2086		-551.583		-404.541
2087		-357.401		-672.699
2088		-45.7097		-821.286
2089		309.918		-801.889
2090		619.063		-610.883
2091		801.17		-292.278
2092		809.448		74.7605
2093		643.767		399.219
2094		348.72		604.02
2095		-1.2449		645.675
2096		-323.404		522.381
2097		-547.468		270.032
2098		-629.816		-50.2307
2099		-559.277		-367.581
2100		-355.775		-615.844
2101		-64.5227		-744.672
2102		252.289		-727.63
2103		525.916		-567.605
2104		693.906		-298.705
2105		714.655		17.5301
2106		580.516		303.68
2107		324.388		485.366
2108		14.9689		513.282
2109		-260.739		380.8
2110		-423.719		129.377
2111		-429.25		-162.44
2112		-282.925		-404.156
2113		-39.1881		-524.004
2114		218.013		-493.427
2115		405.321		-335.623
2116		469.036		-114.852
2117		401.88		88.7678
2118		241.646		208.43
2119		53.7665		212.261
2120		-93.837		110.028
2121		-153.109		-55.4365
2122		-107.773		-226.233
2123		27.1017		-348.335
2124		214.3		-384.786
2125		406.424		-320.954
2126		555.948		-163.981
2127		622.25		59.9143
2128		577.518		308.2
2129		413.658		526.004
2130		149.731		654.373
2131		-164.176		644.744
2132		-452.265		477.293
2133		-630.72		176.09
2134		-634.972		-187.956
2135		-447.138		-512.31
2136		-111.051		-694.506
2137		274.822		-669.929
2138		587.599		-440.146
2139		723.648		-78.0149
2140		638.432		295.308
2141		365.216		554.079
2142		3.43715		615.1
2143		-319.418		468.515
2144		-496.723		179.122
2145		-481.782		-142.067
2146		-300.946		-383.182
2147		-36.5677		-473.826
2148		210.869		-406.685
2149		363.425		-231.087
2150		391.348		-24.4045
2151		314.416		143.301
2152		182.058		234.507
2153		45.0456		249.399
2154		-65.9916		212.23
2155		-145.565		149.575
2156		-202.337		74.0915
2157		-241.591		-17.3658
2158		-253.605		-131.788
2159		-216.008		-263.293
2160		-109.243		-383.654
2161		64.1715		-447.917
2162		268.906		-414.001
2163		442.908		-266.656
2164		519.625		-32.6578
2165		456.725		222.113
2166		257.538		414.232
2167		-25.5524		474.019
2168		-308.035		372.69
2169		-503.212		133.461
2170		-552.108		-177.568
2171		-441.096		-475.67
2172		-201.57		-685.553
2173		105.465		-761.773
2174		410.936		-695.288
2175		655.676		-507.402
2176		799.355		-237.748
2177		821.145		66.3603
2178		717.174		355.553
2179		499.901		580.637
2180		200.659		696.206
2181		-128.226		669.385
2182		-417.651		492.774
2183		-595.996		195.511
2184		-611.268		-155.71
2185		-452.794		-470.768
2186		-161.589		-663.357
2187		178.2		-681.713
2188		466.245		-529.503
2189		621.79		-266.346
2190		613.323		14.0577
2191		468.943		219.899
2192		262.449		296.123
2193		81.1401		243.04
2194		-10.2388		110.918
2195		6.58957		-26.1425
2196		101.628		-104.254
2197		216.165		-95.8178
2198		292.97		-16.3028
2199		302.003		89.6486
2200		249.762		174.075
2201		169.358		209.506
2202		98.3806		198.821
2203		57.4611		167.309
2204		41.2543		142.813
2205		26.2509		136.063
2206		-9.6968		132.853
2207		-67.8591		102.988
2208		-121.104		21.455
2209		-124.083		-109.892
2210		-37.3047		-252.892
2211		146.645		-342.991
2212		388.67		-315.959
2213		609.656		-139.993
2214		717.493		161.882
2215		644.37		510.787
2216		378.67		795.017
2217		-22.7743		909.272
2218		-448.476		794.925
2219		-767.983		465.266
2220		-876.375		5.41339
2221		-731.014		-453.516
2222		-367.127		-776.605
2223		113.021		-868.485
2224		572.85		-702.818
2225		884.084		-328.562
2226		964.662		147.696
2227		800.065		595.94
2228		442.759		901.264
2229		-7.91811		994.439
2230		-437.119		866.158
2231		-746.382		562.823
2232		-876.71		167.721
2233		-817.647		-224.717
2234		-602.305		-533.154
2235		-292.491		-705.76
2236		39.9099		-726.189
2237		329.57		-610.203
2238		528.874		-396.461
2239		612.874		-135.485
2240		579.409		120.346
2241		446.418		324.688
2242		247.813		443.362
2243		28.0752		459.317
2244		-165.014		376.201
2245		-289.737		219.123
2246		-320.619		30.7375
2247		-256.476		-138.294
2248		-122.67		-243.119
2249		34.9423		-258.875
2250		163.959		-189.867
2251		223.261		-69.2429
2252		198.201		52.1057
2253		106.735		124.212
2254		-6.84861		117.387
2255		-88.9293		34.3761
2256		-97.8735		-90.0798
2257		-21.0402		-202.572
2258		119.626		-252.041
2259		275.769		-209.891
2260		391.068		-81.0513
2261		422.201		98.1966
2262		353.879		274.018
2263		202.572		394.133
2264		8.78791		424.327
2265		-177.476		356.608
2266		-311.455		207.69
2267		-363.258		10.8929
2268		-320.86		-193.499
2269		-188.588		-365.431
2270		15.268		-469.033
2271		259.394		-475.521
2272		499.744		-367.997
2273		682.577		-149.041
2274		753.651		151.694
2275		673.889		475.375
2276		437.075		742.544
2277		81.5822		873.345
2278		-311.717		814.357
2279		-638.541		561.931
2280		-802.995		171.107
2281		-750.975		-256.224
2282		-491.716		-601.892
2283		-97.5707		-770.254
2284		319.244		-720.3
2285		644.538		-478.177
2286		799.859		-125.177
2287		765.307		233.513
2288		579.32		506.081
2289		317.312		642.283
2290		59.8351		642.344
2291		-135.575		545.47
2292		-247.871		405.861
2293		-288.184		268.594
2294		-283.179		156.07
2295		-256.508		69.0497
2296		-218.076		-1.50105
2297		-165.241		-60.5969
2298		-92.9594		-102.048
2299		-5.0972		-111.687
2300		80.9259		-78.2192
2301		139.535		-4.33794
2302		149.594		89.3781
2303		106.866		171.031
2304		28.7883		211.569
2305		-51.9291		199.124
2306		-102.225		145.622
2307		-104.701		81.6417
2308		-66.4236		41.6265
2309		-15.7243		46.6668
2310		11.7153		93.4693
2311		-9.18921		155.13
2312		-79.6707		193.513
2313		-174.961		177.402
2314		-254.3		97.9115
2315		-278.465		-25.8935
2316		-226.944		-153.525
2317		-107.378		-238.665
2318		46.3135		-247.029
2319		185.796		-169.356
2320		265.03		-24.9711
2321		255.494		144.514
2322		155.045		288.282
2323		-11.5521		361.401
2324		-199.592		337.514
2325		-356.289		216.217
2326		-434.483		23.9599
2327		-405.303		-191.489
2328		-267.178		-372.125
2329		-48.8181		-464.519
2330		195.627		-435.327
2331		399.469		-283.257
2332		502.133		-43.0172
2333		468.492		221.684
2334		302.228		435.591
2335		47.5187		535.118
2336		-223.04		489.505
2337		-431.069		311.857
2338		-517.815		55.2633
2339		-462.877		-205.084
2340		-289.095		-397.137
2341		-52.0434		-474.865
2342		181.113		-430.123
2343		354.415		-289.828
2344		438.49		-101.123
2345		433.418		87.8728
2346		360.072		243.078
2347		246.001		349.643
2348		113.598		407.257
2349		-24.0482		420.458
2350		-159.221		390.814
2351		-281.897		315.85
2352		-374.65		194.989
2353		-414.677		38.1727
2354		-382.967		-129.191
2355		-276.007		-269.57
2356		-113.206		-345.034
2357		65.1503		-332.536
2358		210.08		-235.404
2359		281.632		-84.8787
2360		264.451		70.0033
2361		174.091		180.4
2362		50.9862		216.02
2363		-55.4686		176.073
2364		-106.053		88.407
2365		-86.2173		-2.46812
2366		-10.4636		-53.1585
2367		84.414		-37.7769
2368		153.817		43.0426
2369		161.679		163.032
2370		92.9253		279.751
2371		-41.4534		348.665
2372		-207.368		337.226
2373		-357.022		235.209
2374		-441.999		59.1425
2375		-427.071		-149.999
2376		-301.807		-335.638
2377		-87.0732		-439.786
2378		166.24		-420.003
2379		387.717		-264.91
2380		506.154		-2.94767
2381		472.185		300.26
2382		277.61		557.622
2383		-36.3284		686.299
2384		-386.803		635.616
2385		-672.861		406.987
2386		-807.538		57.3409
2387		-747.308		-316.817
2388		-507.573		-610.008
2389		-157.779		-742.133
2390		202.299		-683.7
2391		475.966		-462.612
2392		599.809		-150.682
2393		559.572		163.642
2394		387.143		404.737
2395		142.258		529.936
2396		-111.511		534.112
2397		-325.779		440.014
2398		-474.728		281.83
2399		-550.876		91.2338
2400		-555.174		-107.935
2401		-489.363		-296.201
2402		-355.819		-451.56
2403		-164.509		-546.403
2404		58.6392		-552.863
2405		269.437		-455.507
2406		413.929		-264.833
2407		446.364		-23.0688
2408		349.355		203.487
2409		146.339		344.904
2410		-101.142		353.436
2411		-312.277		223.683
2412		-415.372		-2.33046
2413		-374.417		-248.386
2414		-202.788		-430.914
2415		41.6229		-488.797
2416		277.721		-404.346
2417		430.135		-207.636
2418		454.339		36.4504
2419		348.971		252.227
2420		152.263		378.375
2421		-74.0344		385.25
2422		-265.743		279.702
2423		-374.496		98.2005
2424		-378.114		-106.951
2425		-282.211		-282.575
2426		-115.231		-386.57
2427		79.8314		-395.346
2428		254.695		-307.197
2429		365.156		-142.452
2430		380.345		59.5998
2431		290.989		247.749
2432		114.426		370.198
2433		-106.568		388.636
2434		-313.003		291.144
2435		-445.858		98.804
2436		-464.669		-137.912
2437		-361.753		-353.379
2438		-166.037		-487.503
2439		65.9045		-505.404
2440		268.764		-408.425
2441		390.196		-232.084
2442		406.869		-31.963
2443		328.91		136.414
2444		191.927		235.404
2445		41.1204		254.04
2446		-85.0809		205.57
2447		-165.106		116.764
2448		-195.16		15.2331
2449		-182.901		-79.0923
2450		-139.036		-155.438
2451		-72.1712		-208.093
2452		10.716		-231.297
2453		99.8024		-217.727
2454		178.468		-162.395
2455		224.296		-69.747
2456		216.47		41.0747
2457		146.745		137.634
2458		28.1514		183.878
2459		-104.389		154.99
2460		-203.904		50.7297
2461		-228.875		-99.7926
2462		-161.258		-245.646
2463		-16.7298		-332.098
2464		158.265		-322.139
2465		302.446		-212.384
2466		362.566		-36.2359
2467		313.883		147.485
2468		169.826		275.989
2469		-23.0069		305.383
2470		-202.165		225.866
2471		-311.706		63.689
2472		-320.723		-130.006
2473		-231.381		-298.136
2474		-74.6579		-396.548
2475		103.062		-405.941
2476		256.232		-333.636
2477		352.949		-206.481
2478		380.55		-59.317
2479		343.916		75.8258
2480		259.235		176.257
2481		147.048		230.086
2482		27.4008		234.222
2483		-82.0503		191.504
2484		-166.026		108.941
2485		-211.488		-2.45205
2486		-208.706		-127.161
2487		-153.596		-245.513
2488		-50.2863		-335.852
2489		87.5801		-378.496
2490		237.867		-360.389
2491		373.417		-278.954
2492		467.207		-143.924
2493		497.956		23.4117
2494		454.963		193.415
2495		341.285		333.191
2496		174.607		412.827
2497		-14.6082		411.897
2498		-187.909		325.081
2499		-306.319		165.48
2500		-339.377		-35.8342
2501		-273.728		-234.957
2502		-118.617		-384.629
2503		94.0373		-446.095
2504		315.995		-400.081
2505		494.379		-253.303
2506		585.589		-37.9592
2507		567.208		196.152
2508		444.119		394.74
2509		246.841		513.378
2510		22.7463		528.706
2511		-176.915		443.289
2512		-310.092		283.172
2513		-353.403		89.5396
2514		-305.858		-92.5121
2515		-186.723		-224.739
2516		-29.0205		-283.492
2517		129.063		-263.238
2518		252.702		-175.905
2519		317.345		-46.9186
2520		313.12		90.9905
2521		246.226		205.078
2522		137.116		269.817
2523		15.5558		272.74
2524		-86.707		217.463
2525		-144.164		122.798
2526		-144.507		17.6975
2527		-92.1447		-66.9229
2528		-6.91221		-107.232
2529		81.9242		-93.6147
2530		144.631		-33.544
2531		160.14		50.7884
2532		122.48		129.296
2533		42.6288		173.078
2534		-54.568		162.986
2535		-137.248		95.3357
2536		-175.14		-16.527
2537		-147.781		-144.888
2538		-50.6186		-253.805
2539		102.175		-307.501
2540		278.909		-279.599
2541		435.934		-161.475
2542		527.267		32.3053
2543		516.917		263.683
2544		391.112		477.512
2545		166.541		614.629
2546		-109.269		629.032
2547		-367.566		504.235
2548		-536.819		262.767
2549		-565.073		-36.0023
2550		-438.712		-310.935
2551		-190.215		-483.439
2552		109.304		-503.2
2553		371.504		-365.982
2554		519.332		-116.324
2555		512.521		166.67
2556		360.554		395.763
2557		118.177		504.669
2558		-134.778		469.039
2559		-321.41		311.85
2560		-392.917		91.9094
2561		-341.824		-119.18
2562		-199.38		-262.098
2563		-19.7675		-307.413
2564		141.327		-260.108
2565		244.904		-151.28
2566		277.275		-22.3878
2567		247.722		90.3906
2568		178.661		165.572
2569		94.2835		197.367
2570		13.0366		190.388
2571		-53.8564		152.71
2572		-99.3259		91.6535
2573		-116.627		14.0822
2574		-98.3583		-70.2551
2575		-39.5953		-145.852
2576		56.6157		-192.325
2577		175.101		-190.045
2578		289.198		-128.485
2579		367.346		-13.2296
2580		383.643		132.344
2581		328.073		272.466
2582		211.842		369.997
2583		65.1478		398.947
2584		-72.0869		353.551
2585		-163.096		250.374
2586		-185.948		122.732
2587		-139.897		9.72383
2588		-44.5494		-56.0171
2589		67.2859		-57.6693
2590		160.128		2.01322
2591		206.132		103.018
2592		192.199		215.014
2593		122.361		306.388
2594		15.4355		352.74
2595		-100.916		342.816
2596		-197.975		280.686
2597		-253.631		183.867
2598		-258.069		77.9595
2599		-215.951		-10.8674
2600		-144.363		-63.493
2601		-66.937		-73.2278
2602		-5.9165		-47.0813
2603		25.1528		-2.28379
2604		25.3382		40.803
2605		5.23813		66.6795
2606		-18.7089		70.3285
2607		-32.0892		58.0466
2608		-29.0289		43.1298
2609		-14.3413		38.4463
2610		-0.289474		49.4685
2611		0.457703		71.2067
2612		-17.8317		90.6403
2613		-50.0599		93.5239
2614		-81.9668		72.2027
2615		-96.7076		30.4572
2616		-83.1801		-17.208
2617		-41.9762		-51.6912
2618		14.0823		-57.9753
2619		65.2283		-32.1879
2620		93.415		16.3872
2621		90.274		69.3372
2622		60.6522		107.277
2623		20.1719		118.317
2624		-11.9141		102.992
2625		-21.202		73.6087
2626		-4.18666		48.5882
2627		30.5197		44.5466
2628		65.8941		69.5456
2629		83.1762		120.045
2630		68.6704		182.223
2631		18.3257		236.572
2632		-60.9319		263.779
2633		-152.836		250.091
2634		-235.456		191.14
2635		-286.038		93.8776
2636		-286.447		-23.5449
2637		-228.623		-134.332
2638		-118.97		-208.437
2639		20.1262		-220.538
2640		153.451		-158.965
2641		241.481		-32.5231
2642		252.724		128.285
2643		175.942		277.805
2644		27.1585		368.801
2645		-152.57		368.868
2646		-309.272		273.337
2647		-394.384		108.82
2648		-382.308		-75.079
2649		-279.801		-223.348
2650		-122.857		-295.54
2651		37.9481		-279.763
2652		157.439		-194.674
2653		212.375		-78.7992
2654		207.335		27.6833
2655		167.744		100.059
2656		124.002		137.123
2657		94.9353		156.729
2658		78.9497		181.729
2659		57.2527		223.981
2660		7.21768		275.113
2661		-81.357		309.166
2662		-196		296.093
2663		-303.293		219.269
2664		-362.462		87.8555
2665		-344.524		-62.8753
2666		-247.613		-184.228
2667		-100.651		-234.279
2668		46.941		-196.185
2669		145.067		-85.9259
2670		163.305		54.2285
2671		102.522		173.508
2672		-7.26886		233.463
2673		-121.37		222.416
2674		-200.097		157.444
2675		-224.627		73.8009
2676		-202.212		7.46517
2677		-159.322		-20.7966
2678		-126.927		-12.8105
2679		-125.338		10.6717
2680		-155.501		21.8958
2681		-199.973		0.0265121
2682		-232.068		-59.3729
2683		-228.152		-142.934
2684		-177.389		-225.679
2685		-85.275		-281.095
2686		29.382		-290.366
2687		141.511		-247.41
2688		227.295		-158.951
2689		269.493		-41.1409
2690		259.793		84.937
2691		199.036		197.172
2692		96.607		275.447
2693		-30.4683		304.409
2694		-159.199		276.552
2695		-264.052		195.145
2696		-322.402		75.5282
2697		-320.887		-56.88
2698		-260.252		-172.393
2699		-156.213		-245.303
2700		-35.1994		-261.593
2701		73.8235		-222.864
2702		148.316		-144.659
2703		178.182		-49.9087
2704		166.469		39.537
2705		124.938		109.418
2706		67.1682		154.937
2707		2.94998		177.82
2708		-63.2739		180.948
2709		-129.606		164.185
2710		-191.835		124.114
2711		-240.123		58.0054
2712		-260.042		-30.3972
2713		-238.272		-127.098
2714		-170.398		-209.173
2715		-66.6161		-251.729
2716		48.3288		-237.938
2717		142.046		-167.553
2718		185.965		-59.5465
2719		166.638		53.0579
2720		91.8549		134.596
2721		-11.3951		159.903
2722		-106.571		123.774
2723		-161.047		42.8104
2724		-158.01		-51.0865
2725		-102.126		-122.871
2726		-16.9845		-147.293
2727		64.3552		-117.682
2728		111.854		-47.4991
2729		109.255		35.485
2730		59.357		99.8406
2731		-17.6954		121.914
2732		-92.1216		94.0541
2733		-135.271		27.0293
2734		-129.744		-53.9205
2735		-75.5792		-117.907
2736		9.47083		-139.156
2737		95.6814		-106.214
2738		151.377		-26.5176
2739		154.041		75.395
2740		98.7702		165.764
2741		0.91127		213.217
2742		-108.465		200.185
2743		-193.117		129.898
2744		-224.664		26.0342
2745		-193.258		-75.3301
2746		-111.647		-138.75
2747		-10.735		-142.551
2748		71.8728		-86.8666
2749		105.877		6.69234
2750		79.2488		103.633
2751		1.76885		169.824
2752		-100.029		183.862
2753		-193.98		143.553
2754		-254.43		64.2811
2755		-270.208		-29.2682
2756		-245.541		-113.691
2757		-194.5		-174.773
2758		-132.611		-209.538
2759		-70.1989		-222.511
2760		-10.6444		-219.25
2761		46.3212		-201.353
2762		99.0422		-165.955
2763		140.103		-109.854
2764		157.146		-35.5225
2765		138.451		45.0435
2766		80.4393		111.676
2767		-7.18335		142.793
2768		-102.019		124.689
2769		-175.872		58.801
2770		-205.235		-36.9151
2771		-180.696		-133.649
2772		-110.907		-202.198
2773		-19.2959		-223.702
2774		64.9884		-196.046
2775		117.831		-133.445
2776		128.091		-59.8912
2777		99.8285		0.247604
2778		48.7437		30.401
2779		-4.79618		25.8065
2780		-42.8006		-7.23531
2781		-54.2143		-55.3324
2782		-36.2514		-102.782
2783		6.58036		-135.323
2784		64.2626		-142.409
2785		122.963		-118.667
2786		166.875		-65.3408
2787		181.074		8.40489
2788		155.81		85.4849
2789		91.2988		143.739
2790		0.734585		162.13
2791		-90.9935		128.834
2792		-153.957		47.9641
2793		-163.709		-58.7616
2794		-111.704		-157.471
2795		-10.7854		-213.633
2796		107.535		-205.382
2797		203.825		-132.933
2798		245.531		-19.5809
2799		219.625		96.7203
2800		137.513		177.932
2801		29.9772		200.455
2802		-65.6265		163.339
2803		-120.156		86.8211
2804		-122.957		2.30858
2805		-83.4641		-61.2319
2806		-24.2049		-88.1418
2807		30.7174		-79.6241
2808		65.7981		-49.2794
2809		78.3328		-13.8729
2810		75.4816		15.3788
2811		66.8291		36.5552
2812		57.2136		54.4683
2813		44.0211		74.0685
2814		20.2972		94.2572
2815		-18.4542		106.139
2816		-68.1039		97.0627
2817		-114.406		58.392
2818		-137.671		-7.34581
2819		-121.678		-84.1642
2820		-62.447		-147.016
2821		27.6327		-171.29
2822		122.709		-143.193
2823		192.392		-66.2481
2824		212.916		39.007
2825		175.818		141.956
2826		90.7343		212.414
2827		-18.3311		230.415
2828		-121.227		191.754
2829		-190.854		107.949
2830		-210.164		1.64317
2831		-175.331		-100.147
2832		-95.2909		-172.554
2833		11.1136		-197.769
2834		119.122		-168.134
2835		202.565		-87.7107
2836		238.87		27.6083
2837		214.387		151.989
2838		129.131		254.253
2839		-0.84737		305.188
2840		-145.316		286.146
2841		-266.682		196.167
2842		-330.525		54.5301
2843		-316.587		-103.165
2844		-226.134		-234.905
2845		-82.5243		-305.05
2846		75.638		-295.453
2847		206.478		-210.784
2848		277.537		-76.1802
2849		274.612		71.5671
2850		203.946		195.654
2851		87.804		269.329
2852		-43.9456		281.19
2853		-162.58		234.919
2854		-246.571		145.018
2855		-283.846		31.3079
2856		-271.146		-85.463
2857		-212.372		-186.043
2858		-117.464		-253.855
2859		-2.02859		-276.344
2860		113.327		-247.374
2861		205.418		-170.19
2862		253.282		-59.2428
2863		244.396		61.0629
2864		179.956		161.57
2865		76.552		216.531
2866		-37.296		212.017
2867		-129.233		151.242
2868		-173.195		54.4127
2869		-157.924		-47.2565
2870		-90.733		-121.401
2871		4.87789		-144.806
2872		96.8199		-110.611
2873		154.556		-30.1613
2874		158.42		70.815
2875		105.345		160.177
2876		9.59142		208.904
2877		-101.383		199.479
2878		-194.569		131.023
2879		-240.553		20.0133
2880		-221.961		-103.568
2881		-139.116		-203.896
2882		-11.2685		-249.14
2883		127.411		-221.058
2884		236.611		-121.621
2885		281.444		25.7845
2886		243.51		181.659
2887		127.771		301.285
2888		-37.5257		348.151
2889		-208.448		305.538
2890		-338.366		182.171
2891		-392.029		9.7488
2892		-355.89		-166.879
2893		-241.177		-303.353
2894		-79.0251		-368.42
2895		90.0123		-351.303
2896		227.874		-261.984
2897		308.108		-125.455
2898		319.789		26.892
2899		266.366		165.122
2900		161.625		265.584
2901		25.4472		312.518
2902		-118.965		298.017
2903		-246.577		222.259
2904		-332.293		94.8324
2905		-354.623		-63.7858
2906		-301.492		-222.796
2907		-176.387		-345.662
2908		-1.67393		-398.904
2909		183.808		-362.818
2910		333.731		-240.009
2911		407.666		-57.6426
2912		384.306		138.629
2913		269.335		297.742
2914		94.5184		378.929
2915		-92.0492		364.319
2916		-241.067		263.839
2917		-317.009		110.782
2918		-307.695		-49.88
2919		-225.581		-175.852
2920		-101.245		-239.363
2921		27.687		-232.949
2922		127.841		-168.345
2923		178.069		-70.2167
2924		172.537		32.1687
2925		119.437		112.502
2926		37.0136		152.613
2927		-51.3743		145.07
2928		-122.148		93.7534
2929		-156.112		12.8792
2930		-142.662		-75.5538
2931		-83.0517		-146.179
2932		8.46839		-176.416
2933		106.87		-153.237
2934		182.371		-78.4139
2935		209.138		30.0918
2936		174.027		141.991
2937		82.1086		223.24
2938		-43.5224		246.75
2939		-168.081		201.474
2940		-255.628		96.4782
2941		-280.137		-41.5709
2942		-233.198		-176.564
2943		-125.882		-273.723
2944		15.4316		-309.206
2945		157.266		-275.581
2946		268.153		-182.042
2947		325.762		-50.297
2948		320.532		91.7589
2949		255.814		216.348
2950		145.666		300.686
2951		11.5627		330.126
2952		-121.209		299.928
2953		-227.374		216.043
2954		-285.874		94.7652
2955		-284.233		-39.3097
2956		-222.19		-157.513
2957		-113.151		-233.279
2958		17.7351		-248.941
2959		139.157		-201.064
2960		221.668		-102.215
2961		245.835		21.8718
2962		207.795		139.237
2963		120.276		220.665
2964		8.66537		247.833
2965		-96.5971		218.063
2966		-168.814		144.314
2967		-192.303		50.6468
2968		-166.103		-35.1967
2969		-103.32		-89.7802
2970		-26.6342		-100.279
2971		38.5458		-67.5476
2972		71.3772		-5.36145
2973		61.44		63.8136
2974		11.7054		115.384
2975		-62.1787		129.856
2976		-136.231		98.8271
2977		-185.106		27.9837
2978		-189.841		-63.9712
2979		-144.064		-150.466
2980		-56.586		-204.949
2981		50.7183		-209.123
2982		149.271		-158.819
2983		212.404		-65.4322
2984		223.315		47.604
2985		179.697		152.045
2986		93.5762		223.163
2987		-13.2021		246.276
2988		-115.886		219.498
2989		-193.459		152.342
2990		-232.886		61.4493
2991		-230.176		-34.4346
2992		-188.938		-118.369
2993		-117.981		-177.187
2994		-29.3306		-201.967
2995		62.8286		-188.132
2996		142.859		-136.098
2997		195.09		-52.4929
2998		206.632		49.0469
2999		171.214		148.85
3000		92.578		224.769
3001		-14.4696		257.833
3002		-126.568		238.201
3003		-217.661		169.009
3004		-266.395		66.2959
3005		-262.382		-45.3289
3006		-208.976		-139.805
3007		-121.623		-196.945
3008		-22.6251		-207.379
3009		65.4943		-173.674
3010		125.598		-107.872
3011		148.904		-26.9717
3012		135.112		51.6471
3013		90.6263		113.494
3014		26.2282		148.603
3015		-44.927		152.118
3016		-108.948		124.601
3017		-153.032		72.3052
3018		-167.907		6.91666
3019		-150.603		-56.1108
3020		-106.39		-101.066
3021		-48.4607		-116.721
3022		5.42117		-100.596
3023		38.6857		-60.664
3024		42.0867		-13.1606
3025		17.5388		23.1628
3026		-22.3079		34.2528
3027		-58.9368		16.388
3028		-75.3899		-22.3214
3029		-63.0791		-65.3403
3030		-25.0116		-94.5523
3031		25.9004		-97.4887
3032		72.4837		-71.7808
3033		100.161		-25.0933
3034		101.899		28.9791
3035		79.3036		76.7114
3036		40.0097		108.844
3037		-6.67602		122.056
3038		-53.2656		117.322
3039		-94.9933		96.9082
3040		-128.226		62.3592
3041		-148.142		14.9605
3042		-147.968		-41.6628
3043		-121.108		-98.8123
3044		-65.5526		-142.33
3045		11.8052		-155.962
3046		93.8698		-127.744
3047		156.826		-56.6711
3048		177.843		43.8416
3049		144.082		148.097
3050		59.0197		225.79
3051		-57.0731		252.466
3052		-173.189		218.499
3053		-257.964		132.765
3054		-290.221		19.4477
3055		-265.451		-90.6448
3056		-195.901		-170.556
3057		-104.737		-205.248
3058		-17.1935		-194.426
3059		47.449		-149.8
3060		80.1436		-88.8423
3061		81.7853		-28.2396
3062		59.6793		20.3238
3063		23.2382		51.0675
3064		-18.9303		62.5873
3065		-59.7678		55.7751
3066		-93.0921		32.7914
3067		-113.043		-2.50469
3068		-114.828		-43.5811
3069		-96.749		-81.195
3070		-62.3015		-105.266
3071		-20.6608		-108.358
3072		15.4517		-89.2137
3073		34.1371		-54.3746
3074		29.1548		-16.603
3075		2.94339		9.62005
3076		-33.7912		13.7452
3077		-65.9709		-6.52473
3078		-79.93		-44.1954
3079		-68.6027		-85.6711
3080		-33.9555		-115.933
3081		14.164		-123.922
3082		61.9498		-105.943
3083		96.4176		-66.022
3084		109.047		-13.6245
3085		97.1827		39.7905
3086		63.3436		83.7475
3087		13.5321		110.346
3088		-44.2701		114.599
3089		-100.857		94.3707
3090		-146.16		50.7496
3091		-170.094		-11.0078
3092		-164.57		-80.7185
3093		-126.462		-143.87
3094		-60.3611		-184.365
3095		20.5551		-189.116
3096		96.6895		-153.005
3097		147.179		-82.0535
3098		156.471		6.92568
3099		119.875		90.6261
3100		45.7586		146.235
3101		-46.6755		158.604
3102		-133.351		124.912
3103		-192.806		55.0943
3104		-212.439		-31.9751
3105		-191.341		-114.918
3106		-139.009		-176.371
3107		-70.8968		-207.261
3108		-2.83619		-207.651
3109		53.4756		-184.444
3110		92.4937		-147.403
3111		114.152		-105.357
3112		121.419		-64.0221
3113		117.562		-25.934
3114		104.426		8.03992
3115		82.3531		36.7228
3116		51.5111		57.3694
3117		13.745		65.8284
3118		-26.1346		58.11
3119		-60.4483		32.6708
3120		-80.3596		-7.63703
3121		-78.7347		-54.9631
3122		-53.1322		-97.7618
3123		-7.70097		-123.858
3124		46.9967		-124.39
3125		96.5492		-97.2409
3126		127.057		-48.5353
3127		129.873		8.68788
3128		104.922		58.4985
3129		61.1028		87.5455
3130		13.2977		89.9409
3131		-23.1302		69.5155
3132		-38.2772		38.295
3133		-31.6171		11.567
3134		-12.0975		1.43962
3135		5.82811		11.6055
3136		8.66772		35.6694
3137		-9.92181		59.921
3138		-46.0154		69.4488
3139		-86.8541		54.922
3140		-116.265		16.9786
3141		-121.641		-33.7886
3142		-99.3206		-81.2276
3143		-55.9525		-110.346
3144		-5.36109		-113.236
3145		37.4415		-91.5529
3146		62.1585		-54.6543
3147		66.2894		-14.6413
3148		54.2187		18.9941
3149		33.2521		42.4179
3150		9.06875		56.9009
3151		-16.7975		65.4242
3152		-46.127		68.7637
3153		-80.5301		63.6145
3154		-117.61		44.0765
3155		-149.373		5.80143
3156		-164.266		-49.5714
3157		-152.17		-112.437
3158		-109.874		-167.268
3159		-44.0725		-198.108
3160		29.9446		-195.027
3161		93.586		-158.389
3162		131.832		-98.7775
3163		138.458		-32.6267
3164		117.22		24.2929
3165		78.7248		62.3307
3166		34.8904		79.8756
3167		-5.98236		81.2408
3168		-41.0669		72.1998
3169		-71.2378		56.0154
3170		-97.2515		32.3086
3171		-116.621		-0.738533
3172		-123.43		-42.4736
3173		-111.471		-86.9349
3174		-78.9123		-123.331
3175		-31.5579		-140.14
3176		17.7025		-130.864
3177		53.5831		-98.2305
3178		65.1409		-54.1614
3179		51.0698		-15.0388
3180		20.5527		5.63914
3181		-11.0955		3.47944
3182		-29.9565		-15.0468
3183		-30.3424		-36.397
3184		-17.2795		-47.4213
3185		-3.22214		-42.5532
3186		-0.683895		-26.8042
3187		-14.7673		-12.8235
3188		-39.7572		-13.5038
3189		-61.8313		-34.1415
3190		-66.618		-68.555
3191		-47.5741		-101.549
3192		-10.521		-116.693
3193		28.4272		-105.381
3194		50.7978		-72.2338
3195		45.5676		-33.6556
3196		15.6244		-9.9025
3197		-22.7882		-14.5566
3198		-47.7476		-46.8566
3199		-42.7843		-91.0765
3200		-5.84922		-123.623
3201		48.5902		-124.542
3202		95.6449		-87.7743
3203		111.491		-24.9867
3204		84.7082		39.023
3205		21.9692		77.2103
3206		-54.6038		72.2314
3207		-117.019		23.8142
3208		-143.225		-51.7035
3209		-125.595		-129.022
3210		-72.477		-184.679
3211		-2.763		-205.756
3212		63.1638		-192.775
3213		111.385		-156.276
3214		137.695		-109.771
3215		145.429		-63.2827
3216		140.128		-20.7311
3217		124.731		18.1254
3218		98.2209		53.2367
3219		58.2362		80.6771
3220		5.61212		92.5476
3221		-52.4091		80.6689
3222		-102.769		41.9199
3223		-131.156		-18.0848
3224		-128.281		-85.4507
3225		-94.4691		-142.765
3226		-39.9863		-175.883
3227		19.1796		-179.298
3228		67.8942		-157.396
3229		97.4095		-121.202
3230		107.164		-82.6301
3231		102.366		-49.5166
3232		89.2555		-23.9984
3233		71.1714		-4.69022
3234		47.8039		9.25304
3235		17.9095		15.2125
3236		-16.5774		7.57226
3237		-48.1421		-18.404
3238		-65.2091		-61.6263
3239		-57.4082		-112.531
3240		-21.912		-155.089
3241		32.926		-173.239
3242		89.3275		-158.776
3243		127.138		-116.475
3244		133.054		-63.2656
3245		107.387		-21.2265
3246		64.6197		-7.47769
3247		27.0407		-25.9188
3248		14.3028		-65.086
3249		33.9816		-103.429
3250		77.8527		-119.559
3251		125.788		-102.447
3252		155.324		-56.5507
3253		152.107		0.557369
3254		116.084		46.6547
3255		60.5897		64.9965
3256		5.25268		51.0054
3257		-33.2574		12.4678
3258		-47.715		-36.2381
3259		-40.9418		-82.1927
3260		-20.8593		-119.554
3261		6.52043		-149.68
3262		41.5746		-176.069
3263		89.9969		-197.599
3264		156.537		-204.754
3265		237.22		-181.98
3266		315.068		-115.848
3267		362.889		-5.11659
3268		353.111		132.823
3269		270.728		263.445
3270		123.333		345.22
3271		-57.0566		344.826
3272		-222.16		251.172
3273		-322.985		82.0744
3274		-326.779		-119.575
3275		-228.748		-298.948
3276		-54.0916		-406.739
3277		150.114		-414.45
3278		329.778		-322.258
3279		439.83		-157.415
3280		456.142		35.2852
3281		380.2		206.991
3282		236.32		317.726
3283		63.433		345.384
3284		-95.5227		289.296
3285		-203.836		168.603
3286		-238.956		16.5828
3287		-196.992		-127.614
3288		-93.1698		-228.302
3289		42.0249		-261.989
3290		170.618		-223.515
3291		257.385		-127.696
3292		279.962		-5.33618
3293		235.612		105.844
3294		142.042		172.88
3295		31.4948		177.978
3296		-60.1038		123.884
3297		-105.133		32.1152
3298		-92.9605		-65.2637
3299		-32.2044		-137.077
3300		53.8913		-163.247
3301		136.649		-140.081
3302		191.771		-79.2746
3303		206.065		-1.95642
3304		179.247		69.0779
3305		121.375		115.718
3306		48.1729		127.664
3307		-23.2756		102.516
3308		-77.1643		44.4154
3309		-100.238		-37.1054
3310		-83.0221		-127.543
3311		-22.0435		-207.986
3312		77.2202		-257.347
3313		198.389		-257.128
3314		315.393		-197.856
3315		398.011		-84.6537
3316		420.733		61.1105
3317		371.881		205.962
3318		259.079		313.634
3319		108.303		356.373
3320		-43.62		323.862
3321		-160.309		226.157
3322		-216.523		89.6609
3323		-204.271		-51.919
3324		-132.604		-167.679
3325		-22.261		-236.841
3326		101.714		-251.283
3327		216.076		-213.866
3328		302.508		-134.903
3329		348.233		-29.2268
3330		346.008		85.145
3331		295.183		187.684
3332		203.881		257.293
3333		90.5096		276.78
3334		-17.9389		239.107
3335		-92.1471		152.559
3336		-110.082		41.3189
3337		-66.1652		-60.5352
3338		24.6358		-120.436
3339		130.792		-119.767
3340		215.593		-61.6667
3341		251.454		29.9115
3342		230.732		120.077
3343		167.948		177.616
3344		92.2102		187.622
3345		33.5048		156.223
3346		9.54182		105.351
3347		19.5564		60.5307
3348		47.8011		38.1589
3349		74.3464		38.9084
3350		86.9561		50.4247
3351		87.336		57.3511
3352		88.285		52.5975
3353		103.502		43.0269
3354		136.158		45.8417
3355		173.34		77.2991
3356		190.48		140.053
3357		164.282		216.759
3358		87.6356		274.65
3359		-21.8513		280.043
3360		-125.327		216.083
3361		-177.892		94.6353
3362		-149.009		-44.4773
3363		-38.4644		-147.786
3364		120.209		-170.175
3365		271.205		-94.687
3366		358.137		59.0089
3367		346.417		241.486
3368		236.539		392.667
3369		62.7986		464.614
3370		-121.23		438.183
3371		-263.364		327.071
3372		-330.471		168.936
3373		-316.275		8.95028
3374		-237.782		-116.22
3375		-124.07		-187.523
3376		-3.96209		-203.597
3377		101.815		-174.363
3378		181.956		-113.215
3379		231.295		-32.2777
3380		246.958		57.858
3381		227.271		145.786
3382		174.005		217.803
3383		95.6805		259.787
3384		8.54158		262.194
3385		-66.8754		225.299
3386		-112.73		161.033
3387		-120.994		89.4339
3388		-96.661		30.8434
3389		-54.9268		-2.31124
3390		-13.5635		-9.78698
3391		15.4782		-1.53488
3392		30.6588		9.34219
3393		39.2068		14.5516
3394		50.4667		14.8105
3395		68.4782		17.8472
3396		88.5526		31.5605
3397		100.23		56.794
3398		95.0137		84.6728
3399		74.0331		100.867
3400		50.3165		94.8764
3401		43.1724		68.9169
3402		66.8477		40.4879
3403		119.531		35.6998
3404		179.509		75.6134
3405		212.134		162.292
3406		185.601		272.431
3407		88.4038		363.327
3408		-60.4999		389.883
3409		-214.947		325.46
3410		-318.152		176.686
3411		-325.863		-15.4021
3412		-225.735		-189.36
3413		-43.9155		-286.769
3414		164.354		-274.853
3415		335.955		-158.357
3416		423.411		24.1552
3417		410.507		217.16
3418		313.935		369.941
3419		171.756		453.419
3420		25.3994		465.393
3421		-95.8034		423.676
3422		-180.904		352.481
3423		-233.228		269.957
3424		-260.147		183.117
3425		-263.713		91.5735
3426		-237.834		-3.58883
3427		-173.368		-92.1584
3428		-67.7051		-153.677
3429		67.2364		-164.178
3430		203.821		-107.516
3431		305.845		14.6472
3432		341.099		179.585
3433		293.635		348.962
3434		170.244		480.75
3435		-1.41681		542.479
3436		-181.744		520.525
3437		-331.015		422.477
3438		-419.545		272.941
3439		-433.28		105.62
3440		-374.569		-44.9399
3441		-259.685		-149.786
3442		-114.989		-189.867
3443		27.4226		-158.939
3444		134.96		-65.5073
3445		181.208		67.0015
3446		153.43		203.508
3447		58.5005		305.134
3448		-76.1018		340.661
3449		-208.599		298
3450		-295.966		190.607
3451		-309.535		54.8323
3452		-246.721		-62.3005
3453		-133.14		-120.807
3454		-13.1283		-103.703
3455		68.0309		-23.9729
3456		82.7054		81.0767
3457		32.0275		165.974
3458		-55.614		196.651
3459		-138.031		164.563
3460		-178.34		88.9751
3461		-160.778		6.70856
3462		-96.0556		-45.4268
3463		-14.2719		-46.924
3464		50.4761		-0.98834
3465		75.816		69.8276
3466		59.4871		136.666
3467		16.8828		178.819
3468		-29.971		192.103
3469		-65.4043		187.296
3470		-87.803		180.359
3471		-108.027		180.528
3472		-139.864		183.341
3473		-188.313		172.721
3474		-242.697		131.117
3475		-279.01		52.0784
3476		-270.84		-51.8301
3477		-203.499		-150.633
3478		-84.0713		-207.989
3479		58.0566		-196.731
3480		180.953		-111.564
3481		245.984		27.0942
3482		232.689		179.945
3483		146.277		303.177
3484		14.9296		364.045
3485		-121.259		351.271
3486		-224.521		276.721
3487		-271.02		168.886
3488		-255.996		61.9291
3489		-191.991		-14.9451
3490		-102.437		-44.3273
3491		-14.0048		-22.6459
3492		49.7454		41.4529
3493		72.4844		130.492
3494		47.4603		222.016
3495		-21.2964		292.693
3496		-118.996		323.012
3497		-222.233		302.397
3498		-304.046		233.411
3499		-341.482		132.916
3500		-323.465		28.4752
3501		-255.665		-49.8169
3502		-159.623		-79.5237
3503		-65.648		-53.9118
3504		-1.99539		15.886
3505		15.068		105.865
3506		-14.1809		189.143
3507		-75.7357		246.243
3508		-150.332		270.719
3509		-222.908		267.617
3510		-287.88		246.181
3511		-347.426		211.445
3512		-404.068		160.114
3513		-452.384		83.782
3514		-475.714		-21.8267
3515		-451.301		-146.88
3516		-362.607		-263.355
3517		-212.996		-331.124
3518		-33.0367		-313.389
3519		124.19		-195.303
3520		200.017		3.11951
3521		153.443		227.215
3522		-19.089		403.015
3523		-276.635		462.897
3524		-543.783		371.605
3525		-734.932		141.909
3526		-783.801		-166.954
3527		-666.782		-467.892
3528		-411.243		-674.595
3529		-86.0454		-729.374
3530		221.505		-620.198
3531		433.208		-381.705
3532		502.189		-81.3488
3533		423.086		202.918
3534		228.678		405.088
3535		-23.6479		486.739
3536		-269.652		442.697
3537		-454.427		297.409
3538		-543.412		95.2362
3539		-527.191		-111.654
3540		-420.799		-275.029
3541		-258.725		-360.394
3542		-86.6273		-353.903
3543		49.3235		-265.335
3544		113.951		-125.959
3545		92.8333		19.314
3546		-2.8823		124.44
3547		-139.106		156.25
3548		-269.139		105.328
3549		-348.893		-10.5861
3550		-351.744		-152.58
3551		-277.358		-274.204
3552		-150.919		-337.717
3553		-13.0774		-326.619
3554		95.1861		-249.677
3555		146.515		-135.346
3556		134.52		-19.6172
3557		72.346		67.0425
3558		-15.6258		108.227
3559		-104.17		102.898
3560		-174.707		60.593
3561		-217.24		-5.48912
3562		-227.61		-83.2061
3563		-203.599		-161.784
3564		-143.711		-228.884
3565		-50.2263		-268.089
3566		65.2823		-260.571
3567		178.363		-192.176
3568		254.344		-63.3472
3569		258.675		103.582
3570		171.897		265.284
3571		2.63182		368.856
3572		-208.635		370.928
3573		-398.975		257.017
3574		-503.854		52.1835
3575		-481.854		-183.207
3576		-332.953		-372.716
3577		-101.854		-451.39
3578		136.287		-390.674
3579		302.821		-210.157
3580		344.66		29.2566
3581		253.547		248.347
3582		67.6319		379.474
3583		-145.139		391.12
3584		-314.626		297.194
3585		-395.423		147.823
3586		-382.072		6.27465
3587		-306.915		-77.7033
3588		-222.564		-86.7723
3589		-177.402		-39.7266
3590		-195.002		20.436
3591		-265.947		47.8229
3592		-354.629		14.4575
3593		-416.894		-78.3535
3594		-420.054		-202.258
3595		-356.389		-315.628
3596		-244.866		-381.927
3597		-121.361		-384.354
3598		-22.651		-330.795
3599		28.3124		-247.909
3600		29.6726		-168.015
3601		-1.85162		-115.214
3602		-41.0633		-96.8286
3603		-66.6957		-103.269
3604		-70.4353		-115.391
3605		-58.9826		-115.263
3606		-49.0012		-95.2338
3607		-57.8861		-61.5061
3608		-94.7262		-31.1732
3609		-155.251		-24.5331
3610		-222.494		-56.1643
3611		-272.493		-128.306
3612		-282.567		-228.77
3613		-239.203		-333.737
3614		-143.141		-414.231
3615		-10.4112		-444.188
3616		130.739		-407.992
3617		246.251		-305.705
3618		304.645		-154.728
3619		285.633		12.7918
3620		186.909		156.776
3621		26.9729		239.184
3622		-157.59		234.882
3623		-320.63		140.214
3624		-419.026		-23.9363
3625		-425.76		-216.545
3626		-338.961		-387.836
3627		-183.187		-494.383
3628		-1.78678		-512.735
3629		157.422		-446.39
3630		257.993		-323.165
3631		286.07		-183.788
3632		252.533		-66.2472
3633		185.309		7.62149
3634		115.412		37.6888
3635		63.0948		41.0797
3636		30.4452		40.1571
3637		3.78137		48.9622
3638		-35.5627		64.929
3639		-97.638		70.1899
3640		-174.639		42.0643
3641		-241.275		-32.4063
3642		-265.349		-145.393
3643		-223.926		-266.933
3644		-117.272		-355.076
3645		26.803		-373.62
3646		161.351		-309.463
3647		238.639		-181.114
3648		230.607		-33.5708
3649		142.072		79.0922
3650		10.1498		116.208
3651		-110.568		68.1397
3652		-171.008		-39.1203
3653		-148.73		-154.849
3654		-57.6986		-225.516
3655		57.8548		-218.146
3656		142.922		-134.726
3657		155.961		-11.2081
3658		87.1188		98.488
3659		-37.6634		146.295
3660		-168.397		111.001
3661		-253.254		7.11728
3662		-261.232		-122.184
3663		-195.159		-224.672
3664		-89.43		-262.237
3665		6.23602		-227.249
3666		49.4783		-144.918
3667		24.1434		-60.8783
3668		-53.0682		-19.8441
3669		-140.927		-45.0553
3670		-193.018		-127.714
3671		-179.321		-231.029
3672		-100.382		-306.948
3673		12.1946		-318.112
3674		109.153		-255.36
3675		145.11		-143.117
3676		98.9824		-30.2573
3677		-15.3759		29.8374
3678		-152.891		1.8182
3679		-253.988		-115.69
3680		-267.778		-287.228
3681		-172.678		-451.982
3682		13.4619		-545.336
3683		237.538		-522.481
3684		428.205		-375.504
3685		519.608		-137.906
3686		473.604		124.903
3687		292.991		335.731
3688		21.5831		429.563
3689		-268.578		373.552
3690		-498.493		176.931
3691		-605.153		-111.866
3692		-559.203		-419.526
3693		-372.334		-668.894
3694		-92.6865		-800.305
3695		209.801		-787.041
3696		463.413		-640.774
3697		614.033		-405.987
3698		638.363		-145.578
3699		547.561		77.6855
3700		380.827		218.224
3701		191.505		258.29
3702		30.3914		209.478
3703		-68.4352		105.341
3704		-95.04		-11.8256
3705		-62.5346		-105.263
3706		1.33982		-154.233
3707		66.2771		-157.516
3708		110.39		-129.456
3709		126.131		-90.9403
3710		119.461		-59.4781
3711		103.454		-42.6372
3712		89.8586		-37.3267
3713		82.8416		-34.629
3714		77.91		-27.2437
3715		66.3509		-15.3583
3716		42.6322		-7.55025
3717		10.49		-15.88
3718		-16.1806		-47.4996
3719		-19.0337		-97.3279
3720		14.5291		-146.392
3721		81.6274		-168.037
3722		160.217		-140.29
3723		214.827		-59.0448
3724		210.79		54.6894
3725		131.489		158.451
3726		-9.31516		203.286
3727		-167.002		154.919
3728		-279.795		12.2353
3729		-292.664		-185.926
3730		-182.137		-370.543
3731		28.8815		-466.687
3732		274.023		-423.53
3733		464.811		-237.814
3734		523.224		39.7671
3735		412.807		319.325
3736		155.482		503.028
3737		-173.482		521.021
3738		-471.073		357.823
3739		-642.974		58.6029
3740		-636.573		-287.129
3741		-457.838		-577.687
3742		-166.154		-734.297
3743		149.67		-725.533
3744		403.628		-572.626
3745		539.947		-335.519
3746		545.835		-87.311
3747		446.83		111.419
3748		289.534		228.426
3749		121.096		261.487
3750		-25.442		228.497
3751		-135.194		153.255
3752		-206.099		54.6931
3753		-239.849		-56.0572
3754		-235.541		-171.5
3755		-189.75		-281.266
3756		-102.138		-368.817
3757		17.8573		-414.428
3758		148.457		-403.266
3759		259.871		-334.009
3760		324.182		-222.767
3761		326.123		-99.4758
3762		269.36		2.0868
3763		175.135		56.1
3764		74.0486		52.9315
3765		-4.916		0.446568
3766		-43.0614		-81.2813
3767		-35.0915		-168.365
3768		13.2082		-240.206
3769		89.7787		-282.616
3770		180.015		-287.335
3771		267.681		-250.72
3772		334.246		-174.472
3773		359.843		-68.964
3774		328.468		43.4334
3775		236.939		129.404
3776		103.308		153.203
3777		-31.4774		91.589
3778		-113.141		-50.7692
3779		-94.0584		-233.971
3780		43.4902		-390.355
3781		271.786		-447.231
3782		519.502		-357.393
3783		693.717		-124.333
3784		715.442		190.712
3785		554.303		485.965
3786		246.528		655.91
3787		-113.621		633.29
3788		-407.422		418.168
3789		-537.136		80.4968
3790		-464.078		-266.045
3791		-222.677		-508.262
3792		95.6075		-576.66
3793		381.047		-469.011
3794		549.435		-244.711
3795		571.437		6.01337
3796		475.427		202.587
3797		324.797		305.003
3798		182.834		321.653
3799		83.5146		292.71
3800		22.3494		260.078
3801		-29.8274		241.233
3802		-99.6917		221.269
3803		-187.473		166.94
3804		-260.756		53.986
3805		-270.534		-108.67
3806		-181.312		-273.057
3807		1.52343		-370.084
3808		223.439		-343.588
3809		398.649		-183.218
3810		447.501		61.9317
3811		335.748		298.195
3812		95.8498		425.847
3813		-181.761		383.988
3814		-385.159		180.423
3815		-429.158		-108.47
3816		-293.114		-368.858
3817		-30.6082		-497.821
3818		253.533		-446.977
3819		448.234		-241.704
3820		482.479		32.056
3821		352.308		266.286
3822		117.615		376.288
3823		-127.717		332.502
3824		-296.9		165.946
3825		-343.267		-52.3506
3826		-271.678		-245.603
3827		-126.302		-361.997
3828		35.7772		-388.551
3829		170.274		-344.858
3830		258.526		-263.91
3831		303.902		-172.646
3832		317.73		-82.868
3833		305.665		4.51531
3834		263.634		87.5152
3835		185.261		153.403
3836		74.7399		179.355
3837		-44.8316		144.257
3838		-135.223		44.7269
3839		-159.036		-95.3088
3840		-99.9276		-229.314
3841		24.6719		-307.03
3842		167.105		-298.817
3843		269.629		-212.473
3844		292.084		-92.373
3845		232.961		0.377762
3846		132.147		17.8667
3847		52.6059		-49.5825
3848		49.2292		-166.565
3849		140.262		-268.428
3850		296.091		-292.665
3851		451.742		-210.442
3852		537.47		-42.2798
3853		512.439		150.367
3854		384.641		293.766
3855		207.041		336.629
3856		51.8874		273.612
3857		-23.8217		145.999
3858		-4.34667		19.6135
3859		80.1288		-48.4629
3860		171.945		-37.2772
3861		217.449		30.2502
3862		194.934		102.608
3863		124.637		129.423
3864		55.9615		89.6932
3865		39.0782		3.63533
3866		96.1402		-78.0045
3867		207.436		-101.441
3868		319.9		-39.639
3869		373.729		91.2904
3870		333.438		237.811
3871		207.42		334.177
3872		45.9073		334.55
3873		-81.8191		235.997
3874		-119.785		81.0116
3875		-51.4998		-61.5725
3876		92.4818		-127.843
3877		248.722		-87.2221
3878		349.433		45.0639
3879		351.594		216.424
3880		253.417		361.119
3881		91.7247		428.183
3882		-76.8332		400.268
3883		-200.64		296.034
3884		-252.305		157.11
3885		-234.476		27.5989
3886		-171.86		-63.5156
3887		-95.4905		-109.642
3888		-28.0066		-122.185
3889		23.315		-118.982
3890		64.057		-112.768
3891		104.026		-105.499
3892		148.34		-90.2723
3893		193.118		-58.2657
3894		227.309		-5.95908
3895		238.61		61.3764
3896		219.632		131.154
3897		171.151		188.258
3898		101.524		220.124
3899		23.6387		219.779
3900		-48.3862		186.381
3901		-101.351		124.449
3902		-124.154		43.2318
3903		-109.244		-43.3792
3904		-55.2148		-117.502
3905		30.1134		-160.105
3906		128.342		-156.614
3907		213.277		-103.745
3908		258.558		-14.1091
3909		248.007		84.8821
3910		184.144		159.148
3911		90.1163		180.831
3912		2.7184		140.596
3913		-41.5943		53.3443
3914		-21.973		-46.2267
3915		57.2835		-117.11
3916		167.736		-128.931
3917		268.392		-74.7258
3918		322.844		26.3985
3919		314.194		137.96
3920		251.021		222.066
3921		161.988		255.174
3922		82.0742		236.522
3923		37.239		185.881
3924		34.6181		132.527
3925		62.1879		101.317
3926		96.9896		102.572
3927		117.033		129.933
3928		110.847		166.047
3929		80.6301		192.146
3930		38.7145		196.373
3931		0.391266		177.218
3932		-22.6535		141.65
3933		-25.3636		100.35
3934		-8.56184		63.3648
3935		23.5494		38.2419
3936		65.1345		30.3853
3937		108.629		43.6605
3938		143.843		79.3606
3939		158.53		133.412
3940		142.007		193.846
3941		91.1139		241.451
3942		15.4292		255.267
3943		-62.1191		221.672
3944		-111.375		142.993
3945		-106.425		40.7206
3946		-37.6519		-49.6346
3947		81.5781		-90.9353
3948		217.502		-59.009
3949		327.363		47.2219
3950		374.736		204.86
3951		341.834		375.702
3952		233.513		520.036
3953		72.0741		608.819
3954		-113.198		628.936
3955		-295.481		580.55
3956		-453.991		470.303
3957		-571.218		306.309
3958		-628.053		99.1518
3959		-602.93		-131.666
3960		-478.827		-351.233
3961		-256.44		-509.877
3962		33.5973		-555.136
3963		328.549		-452.687
3964		547.028		-207.302
3965		615.936		127.743
3966		500.696		460.737
3967		224.728		690.387
3968		-132.785		743.014
3969		-462.604		602.171
3970		-665.221		316.706
3971		-687.963		-17.6029
3972		-543.032		-295.561
3973		-298.468		-442.855
3974		-46.5653		-441.327
3975		135.284		-328.63
3976		213.201		-173.999
3977		202.565		-43.1543
3978		150.277		30.1142
3979		104.527		52.511
3980		88.628		57.677
3981		92.223		79.8086
3982		83.1562		129.937
3983		31.9253		188.04
3984		-65.9313		214.83
3985		-182.506		175.951
3986		-269.49		64.4943
3987		-282.764		-91.0989
3988		-205.919		-238.402
3989		-59.7022		-325.516
3990		107.695		-325.412
3991		244.014		-247.058
3992		317.08		-127.827
3993		326.781		-12.105
3994		299.118		71.5223
3995		266.795		121.798
3996		248.31		159.257
3997		237.915		207.904
3998		212.079		275.838
3999		148.055		346.978
4000		42.7598		389.253
4001		-80.194		374.55
4002		-180.496		298.226
4003		-222.993		185.738
4004		-198.579		81.2238
4005		-131.062		23.6733
4006		-64.6319		24.3534
4007		-37.9782		59.4541
4008		-59.7443		83.8246
4009		-100.516		59.429
4010		-108.055		-17.3276
4011		-39.2989		-106.221
4012		107.987		-139.817
4013		282.742		-59.8715
4014		397.36		144.765
4015		368.367		419.944
4016		161.995		660.426
4017		-179.012		753.057
4018		-543.343		629.89
4019		-793.232		305.533
4020		-822.859		-120.823
4021		-606.128		-501.805
4022		-211.032		-701.242
4023		226.656		-649.702
4024		558.4		-371.063
4025		681.341		31.0724
4026		574.08		419.217
4027		295.574		677.559
4028		-48.8545		751.7
4029		-355.229		656.732
4030		-558.633		454.608
4031		-644.94		216.756
4032		-635.905		-6.75763
4033		-561.194		-196.611
4034		-436.505		-351.298
4035		-261.079		-464.528
4036		-34.5703		-510.851
4037		219.791		-451.589
4038		443.796		-259.803
4039		556.564		50.1552
4040		488.549		408.077
4041		221.248		701.567
4042		-189.319		816.469
4043		-621.298		687.169
4044		-928.436		332.459
4045		-997.918		-142.484
4046		-798.69		-582.037
4047		-397.386		-839.854
4048		66.4855		-836.337
4049		435.618		-588.432
4050		595.856		-199.085
4051		516.52		187.655
4052		254.038		444.676
4053		-79.6971		507.171
4054		-367.138		387.315
4055		-529.438		155.837
4056		-547.052		-96.5631
4057		-451.734		-297.549
4058		-299.277		-414.102
4059		-140.048		-450.339
4060		-2.31231		-429.161
4061		106.384		-371.941
4062		185.745		-288.823
4063		229.57		-183.563
4064		223.52		-66.6014
4065		156.049		35.4422
4066		35.088		83.448
4067		-102.019		43.5948
4068		-195.049		-89.5841
4069		-184.441		-278.856
4070		-41.8876		-449.712
4071		207.781		-516.866
4072		486.691		-421.668
4073		689.307		-163.17
4074		723.948		192.942
4075		552.661		533.881
4076		211.36		740.963
4077		-199.507		735.495
4078		-550.485		509.953
4079		-730.119		131.519
4080		-684.192		-282.809
4081		-432.038		-608.374
4082		-55.2862		-754.786
4083		334.069		-691.778
4084		631.873		-451.405
4085		771.466		-109.413
4086		735.802		243.734
4087		551.677		529.717
4088		272.826		698.412
4089		-38.8288		731.107
4090		-326.653		634.764
4091		-545.397		433.684
4092		-662.349		163.417
4093		-657.871		-131.999
4094		-528.199		-401.947
4095		-290.11		-593.892

 
--------------------------------------


