Compute Correlation 
 
0		-45.6797		524.956
1		-179.491		430.946
2		-240.741		303.978
3		-234.864		188.095
4		-189.241		111.165
5		-137.494		76.7874
6		-103.106		67.9376
7		-89.8715		59.7552
8		-83.1768		34.7234
9		-60.7198		-7.33167
10		-6.75381		-49.1414
11		77.5761		-65.3995
12		172.996		-36.5197
13		250.369		40.4389
14		284.016		149.177
15		263.24		260.95
16		196.392		346.98
17		105.901		390.041
18		17.4256		389.564
19		-50.8877		358.365
20		-93.5894		313.654
21		-115.533		267.868
22		-124.309		224.499
23		-122.72		180.834
24		-106.252		135.223
25		-67.2277		93.7099
26		-3.11278		71.1805
27		76.3926		85.4157
28		148.522		146.834
29		184.562		249.625
30		162.074		369.739
31		76.1793		471.814
32		-56.0619		522.345
33		-200.837		502.971
34		-320.087		417.473
35		-385.357		289.257
36		-386.481		151.01
37		-331.472		32.0679
38		-238.838		-50.1066
39		-127.459		-90.7019
40		-10.0724		-91.615
41		106.193		-53.7393
42		213.481		26.6622
43		296.235		154.357
44		329.622		325.984
45		286.489		521.13
46		150.823		700.384
47		-68.8939		814.023
48		-334.296		819.378
49		-584.524		699.651
50		-755.172		475.085
51		-801.53		200.053
52		-716.041		-54.1184
53		-531.87		-224.063
54		-310.502		-276.61
55		-118.461		-218.885
56		-3.10056		-92.2313
57		22.3593		46.8668
58		-21.1464		150.083
59		-92.2894		194.626
60		-149.747		187.903
61		-169.799		158.833
62		-153.863		141.161
63		-123.97		157.038
64		-109.817		208.032
65		-134.263		276.385
66		-203.822		334.407
67		-307.389		356.536
68		-422.142		328.469
69		-522.553		250.202
70		-588		133.365
71		-606.325		-4.21558
72		-573.504		-143.329
73		-491.663		-265.704
74		-367.862		-354.266
75		-214.701		-393.316
76		-51.7256		-370.554
77		94.6019		-281.349
78		194.326		-133.615
79		221.033		49.4952
80		160.589		231.561
81		18.2182		370.219
82		-179.284		428.189
83		-387.883		384.584
84		-556.503		242.682
85		-640.321		31.3348
86		-613.347		-200.78
87		-476.634		-396.792
88		-259.664		-506.198
89		-14.23		-498.618
90		198.064		-373.094
91		321.867		-160.132
92		323.726		84.7684
93		202.877		295.218
94		-6.55684		412.48
95		-243.687		403.331
96		-437.975		271.482
97		-530.714		58.0972
98		-494.062		-169.881
99		-340.846		-340.593
100		-121.034		-400.631
101		94.558		-332.725
102		237.922		-161.187
103		266.439		57.0653
104		176.19		252.618
105		1.32599		367.277
106		-199.73		372.613
107		-365.478		276.908
108		-451.71		118.884
109		-443.803		-48.2305
110		-357.555		-175.486
111		-229.87		-232.85
112		-104.227		-215.348
113		-16.794		-140.299
114		12.4627		-38.5288
115		-17.761		56.2102
116		-92.8854		116.136
117		-188.096		125.04
118		-274.835		80.6909
119		-327.177		-5.2778
120		-327.828		-109.706
121		-273.224		-202.8
122		-176.297		-255.745
123		-64.9128		-249.941
124		25.2769		-185.039
125		62.6324		-81.9923
126		32.2775		21.7016
127		-55.5815		84.488
128		-166.439		77.0661
129		-252.689		-4.06807
130		-271.845		-132.329
131		-204.542		-259.099
132		-64.3188		-331.852
133		105.827		-315.165
134		249.426		-205.562
135		318.582		-33.4097
136		292.583		149.25
137		184.924		289.684
138		35.8437		354.97
139		-105.927		343.03
140		-203.616		279.744
141		-245.803		204.293
142		-247.198		150.215
143		-237.518		131.258
144		-244.777		138.207
145		-281.513		147.103
146		-340.375		133.683
147		-400.265		86.1601
148		-438.772		10.0491
149		-443.748		-76.6492
150		-417.919		-154.292
151		-374.715		-211.895
152		-328.474		-251.071
153		-285.249		-281.746
154		-239.833		-312.66
155		-180.841		-342.718
156		-100.864		-358.819
157		-5.55307		-342.066
158		84.2375		-279.378
159		139.447		-174.133
160		136.089		-49.511
161		68.2266		58.2534
162		-46.2957		114.217
163		-170.972		100.049
164		-264.838		22.7919
165		-299.349		-87.5051
166		-270.017		-190.502
167		-197.274		-252.799
168		-116.198		-261.65
169		-60.0728		-228.848
170		-45.6107		-183.249
171		-66.6644		-155.876
172		-99.0143		-164.919
173		-113.41		-207.723
174		-90.226		-263.219
175		-28.6257		-303.024
176		53.8384		-305.379
177		130.407		-264.998
178		178.029		-194.32
179		187.421		-116.135
180		165.46		-51.8682
181		129.266		-11.7837
182		95.5889		7.94685
183		71.4743		20.1238
184		51.2996		36.4798
185		21.8371		58.4822
186		-27.3729		74.3577
187		-94.055		64.5252
188		-159.475		13.1693
189		-193.912		-79.7806
190		-169.717		-192.755
191		-76.3054		-286.768
192		70.1046		-319.209
193		227.456		-261.987
194		340.484		-116.295
195		360.846		82.9394
196		266.95		275.887
197		75.2578		397.462
198		-162.092		400.7
199		-373.206		274.929
200		-490.402		51.5806
201		-473.475		-204.879
202		-323.752		-417.739
203		-83.9036		-523.082
204		176.157		-490.156
205		381.947		-330.199
206		477.556		-91.2803
207		441.521		158.231
208		290.828		351.279
209		72.9041		441.425
210		-150.585		414.115
211		-322.191		287.51
212		-403.711		104.126
213		-384.103		-82.956
214		-279.4		-224.755
215		-126.017		-288.146
216		29.879		-262.513
217		144.103		-160.732
218		184.912		-14.9772
219		140.387		131.478
220		21.4068		234.942
221		-140.624		262.452
222		-301.311		200.878
223		-414.815		61.431
224		-446.686		-122.344
225		-384.265		-303.268
226		-241.104		-433.875
227		-53.4475		-480.422
228		130.487		-432.895
229		265.01		-307.509
230		320.284		-140.83
231		289.925		22.203
232		190.627		141.857
233		54.732		193.975
234		-80.7422		174.016
235		-184.203		94.5694
236		-235.473		-21.2306
237		-226.899		-146.817
238		-161.242		-257.073
239		-49.0622		-330.371
240		92.4481		-349.243
241		239.273		-302.003
242		361.075		-186.554
243		424.969		-15.3566
244		403.652		181.577
245		286.174		359.281
246		86.9726		467.778
247		-152.008		467.616
248		-369.355		345.745
249		-501.541		124.914
250		-504.258		-138.705
251		-369.709		-370.633
252		-132.455		-501.576
253		139.559		-490.95
254		366.391		-341.429
255		482.351		-98.6368
256		457.461		164.184
257		306.223		370.877
258		80.7871		467.242
259		-148.354		437.126
260		-316.55		304.53
261		-385.16		122.085
262		-351.089		-48.8128
263		-243.627		-158.493
264		-111.277		-183.169
265		-4.33619		-129.053
266		40.5446		-26.7474
267		9.47137		80.6314
268		-87.2979		150.929
269		-220.41		154.074
270		-350.236		78.6565
271		-436.721		-66.3744
272		-448.313		-254.159
273		-368.852		-445.485
274		-201.745		-596.574
275		29.2526		-668.211
276		283.329		-634.961
277		510.175		-492.572
278		660.968		-261.358
279		700.541		16.2403
280		617.488		284.305
281		428.885		486.732
282		177.533		581.784
283		-78.2205		553.647
284		-279.573		417.271
285		-383.031		214.668
286		-372.13		3.44193
287		-261.539		-159.201
288		-92.2579		-232.249
289		80.6594		-201.811
290		204.126		-84.0196
291		241.994		80.8191
292		184.57		240.816
293		50.0717		347.896
294		-122.071		371.296
295		-283.644		305.273
296		-391.761		169.091
297		-420.338		-0.141174
298		-365.777		-158.992
299		-245.816		-269.758
300		-92.7716		-309.468
301		56.0401		-273.756
302		167.52		-175.51
303		219.311		-39.8282
304		202.786		102.482
305		123.02		221.005
306		-3.0889		290.599
307		-149.669		295.157
308		-285.571		230.631
309		-379.365		107.16
310		-405.844		-50.7067
311		-353.211		-207.148
312		-228.772		-322.395
313		-60.3105		-363.389
314		108.976		-314.855
315		231.865		-186.603
316		271.887		-13.3162
317		216.378		154.528
318		82.4508		266.41
319		-87.2403		288.896
320		-238.257		217.636
321		-322.949		79.3064
322		-316.943		-77.6739
323		-227.215		-200.303
324		-88.7159		-249.539
325		48.9382		-213.218
326		139.347		-108.773
327		154.938		24.6401
328		94.8186		140.917
329		-17.1444		202.764
330		-142.217		192.852
331		-240.218		117.271
332		-281.6		1.39289
333		-254.747		-119.2
334		-167.417		-209.188
335		-43.2123		-242.44
336		85.0672		-207.767
337		183.408		-111.08
338		224.557		25.9743
339		194.829		170.706
340		98.3777		287.041
341		-42.6176		344.998
342		-192.93		329.735
343		-314.019		247.069
344		-376.03		122.76
345		-367.915		-5.25453
346		-301.45		-99.611
347		-206.892		-136.638
348		-121.446		-114.491
349		-75.0513		-52.671
350		-79.4743		17.0342
351		-125.429		64.2063
352		-188.784		71.897
353		-242.617		41.7683
354		-269.151		-9.66541
355		-265.865		-61.1927
356		-243.25		-97.8363
357		-216.178		-116.807
358		-194.147		-125.666
359		-176.133		-134.321
360		-152.983		-145.974
361		-115.843		-152.749
362		-65.4981		-139.065
363		-16.6987		-91.3111
364		5.84369		-8.56073
365		-21.4834		91.9468
366		-108.45		178.345
367		-243.22		215.797
368		-393.972		181.016
369		-519.618		72.7211
370		-584.814		-86.9522
371		-572.378		-260.581
372		-487.806		-409.015
373		-354.718		-503.966
374		-204.512		-534.411
375		-65.8121		-505.291
376		41.5951		-431.133
377		107.071		-329.291
378		126.017		-216.561
379		97.4025		-109.734
380		24.6738		-27.3863
381		-80.4702		10.9558
382		-195.077		-9.70137
383		-287.006		-91.392
384		-323.872		-216.738
385		-286.252		-349.815
386		-178.845		-446.541
387		-32.8414		-471.587
388		103.741		-414.322
389		184.89		-295.505
390		186.436		-160.093
391		117.171		-58.2835
392		15.0803		-23.1582
393		-70.3737		-55.722
394		-101.812		-125.037
395		-71.9082		-183.89
396		-6.72183		-192.593
397		47.5193		-139.242
398		47.7884		-46.2958
399		-23.7637		39.8595
400		-150.098		71.1965
401		-286.525		21.1358
402		-381.059		-102.829
403		-397.701		-262.767
404		-331.37		-407.765
405		-207.899		-496.116
406		-70.2507		-511.394
407		41.2125		-465.456
408		104.399		-388.508
409		120.208		-312.797
410		105.833		-258.886
411		82.16		-230.827
412		63.028		-220.845
413		51.8173		-218.72
414		45.5887		-219.138
415		42.2313		-222.618
416		44.6378		-230.53
417		58.5521		-238.995
418		85.6302		-237.283
419		117.171		-213.227
420		134.256		-162.979
421		116.267		-98.6389
422		54.0872		-47.4331
423		-39.7419		-40.5748
424		-131.238		-96.3094
425		-177.837		-206.175
426		-148.949		-333.164
427		-44.0114		-424.955
428		102.198		-437.316
429		231.487		-356.641
430		287.156		-209.827
431		240.435		-55.3663
432		105.395		41.2734
433		-65.5866		36.6824
434		-204.24		-70.9343
435		-256.216		-241.21
436		-204.087		-410.275
437		-72.767		-519.386
438		84.5463		-539.595
439		212.189		-480.992
440		276.487		-383.19
441		277.209		-293.214
442		241.724		-242.811
443		206.658		-236.477
444		197.858		-254.976
445		219.27		-270.549
446		255.546		-264.13
447		285.149		-234.767
448		295.13		-196.751
449		288.54		-167.501
450		280.484		-154.51
451		285.968		-149.8
452		307.685		-135.39
453		331.861		-96.3172
454		335.295		-32.9541
455		299.805		35.4641
456		225.535		79.105
457		134.795		73.5733
458		63.3141		14.8347
459		42.9426		-75.6806
460		84.917		-159.307
461		172.814		-197.909
462		269.256		-172.066
463		333.054		-90.2327
464		337.959		15.7265
465		283.507		105.984
466		192.944		150.873
467		100.234		142.429
468		33.7345		94.2169
469		5.26428		30.939
470		9.47809		-25.2578
471		32.1956		-63.8046
472		61.2892		-85.6814
473		92.863		-95.934
474		129.103		-94.9925
475		170.004		-75.5599
476		205.544		-27.9386
477		214.967		49.2575
478		175.537		140.289
479		76.8605		212.455
480		-67.4838		227.5
481		-218.959		159.796
482		-326.452		12.0116
483		-347.419		-180.795
484		-267.809		-362.373
485		-110.488		-477.602
486		72.783		-495.696
487		222.665		-423.137
488		296.934		-300.024
489		286.985		-181.716
490		218.757		-114.739
491		138.543		-118.38
492		91.381		-179.952
493		102.692		-264.472
494		171.169		-332.483
495		274.434		-356.518
496		382.48		-328.794
497		470.767		-258.395
498		526.624		-162.046
499		547.614		-55.2383
500		535.571		51.2301
501		492.072		148.91
502		419.007		227.49
503		323.355		273.91
504		221.459		277.301
505		137.56		237.444
506		94.8825		170.783
507		102.919		108.191
508		148.339		83.0148
509		196.439		114.093
510		204.908		192.712
511		144.609		281.848
512		17.05		330.331
513		-141.412		296.556
514		-272.599		170.4
515		-321.84		-18.212
516		-263.768		-209.633
517		-115.635		-339.795
518		69.0718		-368.653
519		224.155		-297.873
520		300.11		-168.995
521		285.054		-43.0667
522		207.198		27.9624
523		118.313		23.8259
524		67.2894		-38.275
525		77.5166		-116.489
526		139.174		-167.904
527		219.133		-169.935
528		281.712		-128.535
529		308.148		-70.0264
530		304.149		-22.5525
531		292.195		1.43076
532		294.147		11.3773
533		315.16		30.3447
534		338.822		77.5826
535		336.676		152.841
536		286.662		232.275
537		189.581		279.113
538		73.5062		263.603
539		-17.2754		181.178
540		-43.4625		58.3554
541		9.11225		-57.5358
542		121.296		-119.864
543		248.95		-104.34
544		343.525		-19.5673
545		374.114		98.7375
546		339.662		206.324
547		265.609		271.62
548		187.734		288.451
549		132.674		274.27
550		105.857		256.107
551		92.8038		253.063
552		71.9411		265.59
553		30.5447		277.314
554		-25.9659		267.613
555		-76.9024		226.808
556		-99.4394		164.451
557		-83.905		105.394
558		-41.7423		75.692
559		-0.883514		86.5647
560		9.34091		126.057
561		-24.6387		163.809
562		-91.3188		166.88
563		-158.415		118.143
564		-188.972		26.9892
565		-160.832		-73.8833
566		-78.9329		-144.259
567		26.3079		-156.545
568		113.822		-109.597
569		152.095		-28.9612
570		134.143		46.4096
571		79.6119		83.758
572		23.3631		72.0683
573		-2.92864		25.7035
574		13.7653		-25.0801
575		63.1582		-50.9445
576		119.413		-38.2556
577		156.214		5.80891
578		160.423		59.6971
579		137.044		100.875
580		103.603		118.079
581		78.1812		115.61
582		68.6602		107.948
583		69.5237		108.78
584		67.6111		121.643
585		52.6811		138.072
586		25.7239		144.305
587		-0.580612		132.14
588		-9.9595		106.808
589		5.54593		86.3124
590		37.3062		91.7531
591		61.2144		133.716
592		48.7028		202.62
593		-17.6242		269.244
594		-132.104		296.294
595		-264.736		255.779
596		-372.031		143.519
597		-415.158		-16.7675
598		-376.684		-182.177
599		-267.822		-308.062
600		-122.898		-365.849
601		15.9068		-352.916
602		115.884		-290.471
603		165.062		-211.426
604		172.864		-144.94
605		161.218		-105.23
606		151.712		-89.3034
607		155.619		-83.2296
608		171.2		-72.359
609		188.289		-49.548
610		196.34		-17.4733
611		190.899		15.0638
612		175.173		39.5932
613		156.728		52.9204
614		142.196		57.8745
615		133.647		60.1527
616		128.666		63.9611
617		123.509		69.5782
618		116.689		74.3152
619		110.27		75.8375
620		107.933		75.1567
621		111.276		76.8519
622		117.202		86.0769
623		118.639		104.28
624		108.618		126.725
625		85.3089		143.981
626		54.6028		147.067
627		28.036		133.374
628		16.6299		109.58
629		23.953		89.1843
630		42.6421		85.3897
631		57.0135		103.026
632		51.025		134.217
633		17.6022		160.805
634		-35.8551		162.93
635		-89.2656		129.595
636		-118.642		65.6212
637		-107.678		-9.01057
638		-56.2413		-67.5497
639		18.7531		-88.6051
640		90.7219		-65.9556
641		135.419		-11.1019
642		141.555		52.6372
643		114.829		101.342
644		73.6557		121.261
645		39.2083		113.839
646		25.1155		92.927
647		32.0158		76.2469
648		49.24		75.9961
649		61.9884		93.5
650		59.6129		120.226
651		40.4637		143.822
652		11.1205		155.221
653		-18.7952		152.704
654		-42.6123		140.969
655		-59.6801		126.426
656		-73.894		112.133
657		-89.0261		95.7661
658		-104.21		71.9423
659		-112.788		37.3282
660		-105.565		-4.88687
661		-76.6859		-44.2858
662		-28.5659		-67.1827
663		27.2894		-63.2886
664		74.4576		-31.3754
665		98.722		19.343
666		94.3606		73.0389
667		66.2249		114.312
668		26.5957		134.664
669		-11.2855		135.018
670		-39.3305		123.225
671		-57.0566		108.357
672		-69.3535		95.339
673		-81.3507		83.0733
674		-93.842		66.9544
675		-102.27		43.8921
676		-99.9729		16.3877
677		-83.6431		-7.25806
678		-57.4022		-17.1382
679		-32.5372		-8.05589
680		-22.4429		15.8646
681		-35.2438		41.4068
682		-68.2068		51.8544
683		-107.379		35.3793
684		-133.205		-8.13365
685		-129.623		-65.6257
686		-92.153		-115.891
687		-30.8187		-138.859
688		33.6693		-124.683
689		78.6881		-78.2423
690		89.2345		-17.0334
691		63.8041		36.3484
692		14.2075		63.4028
693		-40.0474		56.4007
694		-79.7313		19.976
695		-92.4993		-32.2505
696		-75.676		-83.6431
697		-35.039		-120.079
698		18.6814		-132.993
699		73.3285		-119.743
700		117.501		-82.5742
701		141.515		-27.684
702		138.273		35.0633
703		104.97		92.4908
704		45.3786		129.863
705		-28.797		134.689
706		-99.3284		101.677
707		-146.369		36.4964
708		-155.564		-44.2027
709		-124.336		-117.618
710		-64.0211		-163.157
711		3.90273		-170.829
712		56.4034		-145.641
713		78.6731		-105.531
714		70.5355		-73.3915
715		46.3213		-66.6962
716		28.12		-89.543
717		35.5218		-130.838
718		76.6466		-169.408
719		144.557		-183.491
720		220.45		-160.096
721		281.763		-100.024
722		311.167		-16.6826
723		302.411		70.0995
724		260.913		141.875
725		199.755		187.378
726		133.753		204.263
727		74.6447		197.077
728		29.1267		173.522
729		-0.457108		141.344
730		-14.3825		107.09
731		-14.4451		76.3128
732		-4.0782		53.8763
733		11.0982		43.1853
734		23.711		44.4208
735		26.8589		53.0999
736		17.4946		60.6186
737		-0.950829		57.4588
738		-18.7525		37.9949
739		-23.6351		4.42491
740		-6.74757		-32.705
741		32.0813		-58.3597
742		82.8372		-59.837
743		128.879		-33.2507
744		154.202		13.8235
745		150.89		65.2386
746		122.882		103.531
747		83.9609		117.947
748		50.8844		109.096
749		35.2115		87.8048
750		38.1237		68.8111
751		50.9331		62.757
752		60.8682		70.8279
753		58.8292		84.921
754		44.7365		93.1236
755		27.4811		87.3132
756		19.5425		68.5119
757		29.3628		46.9101
758		55.8401		36.5015
759		88.1093		47.3254
760		110.792		79.674
761		111.817		123.505
762		88.4924		163.37
763		48.5254		186.079
764		5.58128		186.847
765		-27.9704		170.618
766		-46.9699		148.099
767		-54.797		129.034
768		-59.6336		116.777
769		-68.1685		107.307
770		-80.711		93.0911
771		-90.7633		69.2648
772		-89.3495		38.152
773		-71.4458		9.14227
774		-40.4685		-6.26164
775		-7.80834		-1.41556
776		12.6992		20.6752
777		12.4048		47.8611
778		-6.82646		64.765
779		-32.8807		61.0282
780		-49.4588		37.2779
781		-44.8026		5.29519
782		-18.2954		-17.9772
783		18.8251		-19.4737
784		49.2148		2.82555
785		58.606		38.5901
786		43.4437		70.5091
787		12.7793		83.4588
788		-16.6291		72.4753
789		-29.3186		45.1877
790		-19.2823		17.4342
791		7.15282		4.54552
792		35.209		13.1464
793		50.0144		37.9665
794		44.7071		65.2884
795		23.7916		80.932
796		0.0121727		78.175
797		-13.3086		61.1448
798		-9.98238		41.8731
799		5.70988		32.8513
800		21.9114		39.4762
801		26.5572		56.7881
802		14.8878		72.3911
803		-7.28921		73.8664
804		-26.5317		56.3902
805		-29.27		26.1363
806		-9.63261		-2.55616
807		26.8652		-14.7197
808		65.889		-2.79236
809		91.6977		29.338
810		95.2704		68.506
811		78.6533		99.388
812		53.2051		112.541
813		32.8694		108.903
814		26.3704		98.3556
815		32.7395		93.3662
816		42.5886		101.473
817		44.2167		120.947
818		30.8867		142.044
819		5.01328		152.991
820		-23.139		147.13
821		-41.4201		126.998
822		-42.8809		102.968
823		-29.802		87.2649
824		-12.2844		86.8772
825		-2.20343		99.5507
826		-6.06432		115.267
827		-20.9779		122.417
828		-36.2215		115.112
829		-39.6288		97.3227
830		-25.2192		81.2974
831		2.34662		80.9133
832		29.2125		103.585
833		39.1391		145.257
834		22.1109		191.446
835		-19.9252		223.986
836		-73.3936		230.052
837		-119.475		208.692
838		-143.288		171.414
839		-141.14		136.496
840		-122.141		119.95
841		-103.477		127.767
842		-101.859		153.273
843		-125.558		180.713
844		-170.866		192.958
845		-224.428		179.32
846		-269.801		139.709
847		-294.684		83.4994
848		-295.263		24.3194
849		-276.019		-26.1659
850		-245.853		-62.2866
851		-213.138		-84.6453
852		-182.473		-97.297
853		-154.48		-104.072
854		-128.04		-106.373
855		-102.971		-103.493
856		-81.2097		-94.763
857		-65.7507		-81.6571
858		-58.2214		-68.1845
859		-56.9449		-59.0978
860		-57.0303		-57.021
861		-52.7298		-60.4044
862		-40.7813		-63.814
863		-22.7039		-60.6615
864		-4.5166		-46.9522
865		6.18926		-23.8956
866		4.30978		2.2291
867		-9.83179		23.0422
868		-30.3736		32.3335
869		-48.7966		29.3093
870		-58.2956		19.0103
871		-57.2927		9.62286
872		-50.1914		8.10252
873		-44.9638		16.4398
874		-48.8511		30.5389
875		-64.4422		42.2727
876		-88.1425		43.607
877		-111.75		30.6612
878		-126.259		5.69383
879		-125.942		-23.8506
880		-110.774		-48.6037
881		-86.2255		-61.163
882		-60.7783		-58.8189
883		-42.5358		-44.0982
884		-36.4669		-23.2457
885		-43.2589		-3.64201
886		-59.8431		8.61951
887		-80.9487		10.1832
888		-100.85		0.747814
889		-114.748		-17.4129
890		-119.633		-40.2964
891		-114.755		-63.1482
892		-101.721		-81.5463
893		-84.1304		-92.559
894		-66.5363		-95.7059
895		-52.847		-93.2315
896		-44.6726		-89.2712
897		-40.459		-87.9686
898		-36.0937		-91.2621
899		-27.0051		-97.4835
900		-10.8984		-101.738
901		10.2975		-98.2073
902		30.53		-83.4289
903		42.0768		-58.8788
904		39.3769		-31.2944
905		22.3454		-10.2232
906		-2.68064		-3.73817
907		-25.1391		-14.3687
908		-34.7487		-37.37
909		-26.2044		-62.3839
910		-1.72632		-77.8353
911		29.8598		-75.9689
912		57.0725		-56.0641
913		70.7712		-24.2945
914		67.7141		9.54874
915		51.0255		36.6491
916		27.6184		52.6595
917		4.22971		58.4311
918		-15.6483		57.9425
919		-32.3517		54.969
920		-48.1324		50.6385
921		-64.2565		43.33
922		-79.1729		30.8118
923		-89.0673		13.0414
924		-90.5274		-6.4239
925		-83.5877		-21.6251
926		-73.0084		-27.5586
927		-66.5876		-23.7462
928		-71.0957		-15.6937
929		-88.0015		-12.9638
930		-111.549		-24.5135
931		-130.626		-53.6574
932		-133.8		-95.4748
933		-115.033		-138.324
934		-77.0187		-168.949
935		-30.2463		-178.647
936		11.8892		-167.278
937		39.4165		-142.945
938		50.2323		-117.523
939		50.3124		-100.402
940		49.639		-93.8581
941		56.1331		-92.5182
942		70.9734		-87.1576
943		87.9004		-70.6506
944		96.8772		-42.713
945		90.0517		-10.7519
946		66.6804		13.6882
947		34.2557		20.9485
948		5.18439		8.45212
949		-9.19064		-17.7447
950		-4.00439		-45.8418
951		17.122		-63.9947
952		44.397		-65.731
953		67.0452		-52.268
954		78.4314		-30.741
955		78.4025		-9.63889
956		71.8478		5.79717
957		64.6737		15.6365
958		59.7862		23.8458
959		55.4968		34.5633
960		47.1747		48.5431
961		30.95		62.038
962		7.03416		68.812
963		-19.5007		64.0088
964		-41.053		47.4425
965		-51.564		24.2161
966		-49.8642		2.20235
967		-40.2369		-12.1531
968		-29.8115		-17.1917
969		-24.3424		-16.5267
970		-24.9375		-16.3459
971		-27.7648		-21.1837
972		-26.9591		-30.7998
973		-18.9586		-40.1926
974		-5.52739		-42.8839
975		6.59674		-35.5602
976		9.50033		-21.1695
977		-0.744003		-8.32366
978		-20.6505		-6.95839
979		-39.9486		-22.4825
980		-46.3609		-51.7535
981		-32.1999		-83.435
982		0.789856		-102.98
983		41.1934		-99.8882
984		72.7757		-73.4765
985		82.1652		-34.0009
986		65.5058		1.67245
987		30.6423		17.8089
988		-6.32515		7.112
989		-28.391		-26.0272
990		-25.211		-67.8456
991		2.80314		-101.734
992		45.6296		-115.566
993		89.0438		-106.218
994		121.231		-79.3795
995		137.211		-45.3186
996		139.174		-13.2908
997		133.199		12.3145
998		124.724		32.3262
999		115.535		50.0502
1000		103.81		67.5804
1001		86.7644		83.6295
1002		63.856		94.1679
1003		38.3162		95.2705
1004		15.9567		86.1656
1005		2.02031		70.387
1006		-1.8751		54.1873
1007		1.31309		43.1453
1008		5.89589		39.0916
1009		6.99844		39.3251
1010		3.59747		38.681
1011		-0.908684		33.2145
1012		-1.05342		23.1871
1013		6.80123		13.391
1014		21.453		10.4383
1015		36.7356		18.538
1016		44.598		36.3256
1017		39.7286		56.8214
1018		23.0121		70.8077
1019		1.63322		71.8612
1020		-14.4833		60.1714
1021		-18.0588		42.8297
1022		-8.66817		30.2101
1023		6.69815		30.3076
1024		17.1963		44.149
1025		13.9721		64.887
1026		-4.89704		81.1868
1027		-33.0965		83.1283
1028		-59.1567		67.4307
1029		-72.2515		39.1713
1030		-67.5618		9.12305
1031		-48.3426		-11.7525
1032		-23.7223		-17.5948
1033		-3.6428		-9.88839
1034		6.12313		4.35413
1035		6.1407		17.1521
1036		1.68286		24.0614
1037		-1.42338		26.0133
1038		-0.775452		27.6049
1039		1.2634		33.1461
1040		-0.402161		43.1127
1041		-9.6		53.3422
1042		-25.5921		57.543
1043		-42.7369		51.5505
1044		-53.5212		36.5703
1045		-53.204		19.1698
1046		-43.1613		7.74032
1047		-30.6466		7.38725
1048		-24.7692		16.3612
1049		-30.8495		26.4308
1050		-46.4919		27.3668
1051		-61.962		13.2149
1052		-65.0819		-13.2425
1053		-48.2033		-40.6591
1054		-13.4074		-54.279
1055		27.1776		-43.5839
1056		56.5024		-8.37383
1057		60.7285		40.1349
1058		36.1682		84.0379
1059		-8.66551		107.01
1060		-57.057		101.877
1061		-92.0843		73.5786
1062		-104.447		36.0652
1063		-96.0995		4.88873
1064		-77.9758		-10.4978
1065		-63.2943		-10.6929
1066		-60.2383		-4.67282
1067		-67.9884		-3.73155
1068		-78.0671		-14.6163
1069		-79.9369		-35.7099
1070		-67.4735		-58.2362
1071		-42.6028		-71.5529
1072		-14.1589		-69.322
1073		7.17436		-52.9903
1074		14.7653		-30.6985
1075		9.3497		-12.4506
1076		-2.03719		-4.50618
1077		-10.678		-6.29966
1078		-11.4528		-11.5732
1079		-5.59917		-12.8569
1080		0.619301		-6.44398
1081		0.391998		5.22002
1082		-8.86934		15.1851
1083		-23.4885		16.6293
1084		-35.5477		7.56849
1085		-37.8004		-7.35808
1086		-28.4716		-19.2792
1087		-12.9111		-20.3604
1088		-0.888199		-8.82276
1089		-0.938129		9.40483
1090		-15.0214		23.6174
1091		-36.7381		24.3705
1092		-54.3743		9.22119
1093		-57.2763		-15.2122
1094		-42.0434		-36.2637
1095		-14.9954		-41.83
1096		10.6261		-27.006
1097		21.3367		2.94394
1098		10.3865		34.9875
1099		-18.7532		54.8529
1100		-54.2685		54.1568
1101		-82.1692		34.3012
1102		-93.3259		5.13006
1103		-87.5701		-20.7404
1104		-72.7728		-34.6538
1105		-59.6764		-35.9762
1106		-55.5858		-31.3979
1107		-60.5335		-30.1538
1108		-67.9612		-38.1364
1109		-69.2743		-54.3765
1110		-59.3973		-71.8545
1111		-39.9716		-81.9755
1112		-18.3512		-79.8916
1113		-3.11443		-67.4167
1114		1.09872		-51.8
1115		-3.76048		-41.1658
1116		-10.6323		-39.459
1117		-12.0531		-44.0478
1118		-5.17094		-47.5161
1119		6.08115		-42.6128
1120		13.1217		-27.3482
1121		8.02052		-7.03494
1122		-11.1795		8.16595
1123		-38.4069		8.94499
1124		-62.2282		-7.4875
1125		-71.9199		-35.1778
1126		-63.5312		-62.1675
1127		-42.382		-76.8453
1128		-20.3752		-74.3851
1129		-9.46421		-59.5592
1130		-14.8854		-44.1759
1131		-32.023		-40.4299
1132		-48.8074		-53.8348
1133		-52.4451		-79.7426
1134		-36.7933		-105.525
1135		-6.24549		-117.341
1136		26.131		-107.817
1137		45.2903		-80.4207
1138		42.1447		-48.062
1139		18.4521		-26.6575
1140		-13.9621		-27.0977
1141		-39.1592		-49.9118
1142		-44.9528		-85.366
1143		-28.488		-118.732
1144		3.2637		-137.694
1145		38.0066		-137.849
1146		64.8296		-123.562
1147		79.3068		-104.124
1148		84.3514		-87.8272
1149		86.789		-77.5048
1150		92.0972		-70.0109
1151		100.672		-59.5713
1152		107.848		-42.6205
1153		107.48		-20.9136
1154		96.6331		-0.895767
1155		78.272		10.2812
1156		60.08		9.54058
1157		50.009		0.334713
1158		51.2701		-8.97441
1159		59.9646		-10.0363
1160		67.0546		0.167793
1161		63.7562		16.9324
1162		47.2532		30.0817
1163		23.2318		29.8519
1164		3.42941		13.1084
1165		-0.737465		-13.8153
1166		14.9932		-37.6152
1167		44.3856		-44.8138
1168		73.0252		-29.272
1169		85.3762		3.76765
1170		72.9406		39.5554
1171		39.1256		60.8948
1172		-1.92407		56.7964
1173		-32.0755		28.1913
1174		-38.1004		-12.3318
1175		-18.1252		-46.6466
1176		17.6323		-59.882
1177		52.0762		-47.3752
1178		69.5502		-16.3676
1179		62.9464		18.1185
1180		36.1621		40.764
1181		1.09931		42.788
1182		-28.7142		24.8089
1183		-44.2526		-5.19892
1184		-43.7832		-37.0927
1185		-31.4034		-63.6541
1186		-12.8826		-82.8277
1187		8.30207		-96.3342
1188		32.3262		-106.14
1189		61.2374		-111.423
1190		95.5513		-108.118
1191		131.72		-91.3399
1192		162.322		-59.0431
1193		179.03		-14.4867
1194		176.609		34.1722
1195		155.54		77.0432
1196		121.716		106.598
1197		83.4641		120.333
1198		47.7557		120.585
1199		17.8959		111.903
1200		-6.10588		97.8811
1201		-25.0819		79.6216
1202		-38.1819		56.7758
1203		-42.3387		30.2655
1204		-34.399		4.47139
1205		-14.6322		-13.159
1206		10.9154		-15.5083
1207		31.389		-0.484718
1208		35.6805		25.9434
1209		18.4743		50.7996
1210		-15.6502		59.4836
1211		-52.8698		43.0903
1212		-75.8871		3.75912
1213		-72.2512		-45.1963
1214		-40.9277		-84.9976
1215		6.58846		-100.345
1216		51.5634		-86.9979
1217		77.1915		-53.8848
1218		76.8733		-18.4359
1219		57.1597		2.48858
1220		33.7362		1.23637
1221		22.6228		-17.1138
1222		31.438		-38.2456
1223		55.564		-47.1147
1224		81.3248		-36.653
1225		94.3136		-11.7166
1226		88.0684		13.9785
1227		68.0502		26.1714
1228		48.5512		18.8005
1229		44.2409		-1.96508
1230		61.2178		-20.8893
1231		92.8351		-22.3544
1232		122.902		0.376907
1233		134.618		40.747
1234		120.197		82.0783
1235		85.5766		106.731
1236		47.2974		106.084
1237		23.1325		85.5349
1238		21.7318		61.4064
1239		37.3463		51.2719
1240		52.9698		63.1276
1241		50.4712		89.7517
1242		22.1422		111.899
1243		-23.0331		109.043
1244		-62.4301		71.9537
1245		-71.1099		10.0395
1246		-35.6579		-51.1116
1247		36.9502		-81.3158
1248		120.576		-60.8163
1249		181.126		9.05292
1250		192.303		105.292
1251		147.931		193.301
1252		64.5995		242.583
1253		-26.6399		240.185
1254		-95.1249		195.206
1255		-124.314		132.469
1256		-117.569		79.0959
1257		-93.5495		51.2329
1258		-74.3453		47.752
1259		-73.1008		53.6864
1260		-87.7936		50.8201
1261		-104.104		29.1259
1262		-105.179		-7.36127
1263		-82.3844		-43.2363
1264		-40.8745		-61.052
1265		3.02442		-51.6995
1266		30.8857		-19.8721
1267		32.3798		18.3822
1268		10.7994		44.4485
1269		-19.0788		47.1711
1270		-39.3773		28.4773
1271		-38.8649		1.61229
1272		-18.5873		-16.7398
1273		9.57233		-15.7848
1274		30.2519		3.90012
1275		33.4238		31.6225
1276		19.5622		53.4903
1277		-1.62328		60.693
1278		-17.8285		54.231
1279		-21.987		43.4319
1280		-16.5247		39.3487
1281		-11.4957		47.1794
1282		-17.7629		62.3923
1283		-39.3807		73.019
1284		-69.8593		66.8845
1285		-94.7598		39.5639
1286		-99.3689		-1.67799
1287		-77.1965		-40.4825
1288		-34.4509		-59.3397
1289		12.169		-48.6214
1290		43.325		-11.7751
1291		46.3712		36.1596
1292		21.2105		75.9001
1293		-20.3256		93.1543
1294		-61.0143		84.856
1295		-86.9844		59.3003
1296		-93.9393		30.4977
1297		-87.7533		10.1628
1298		-79.5735		1.82507
1299		-78.5525		0.0916977
1300		-86.4242		-4.95183
1301		-96.8135		-21.0759
1302		-99.3129		-48.8961
1303		-85.6812		-81.2263
1304		-54.5307		-106.828
1305		-12.0224		-116.106
1306		31.4205		-105.426
1307		66.0933		-77.8335
1308		86.6748		-40.3177
1309		92.7117		0.217514
1310		86.2588		39.581
1311		68.8249		76.0507
1312		40.0528		107.923
1313		-0.824665		131.114
1314		-51.8328		139.073
1315		-105.919		125.682
1316		-151.684		89.5728
1317		-177.55		37.0057
1318		-177.381		-19.0886
1319		-154.255		-64.118
1320		-119.739		-88.5365
1321		-88.5033		-92.5156
1322		-70.8638		-85.6399
1323		-67.4165		-81.3642
1324		-69.0137		-89.0547
1325		-62.4785		-108.099
1326		-39.0902		-127.708
1327		-1.01076		-132.959
1328		38.3422		-114.007
1329		60.7553		-73.2971
1330		53.3775		-26.3376
1331		17.0607		5.04641
1332		-32.0433		3.88071
1333		-69.1549		-32.1939
1334		-72.8668		-88.0281
1335		-36.4419		-137.027
1336		27.5942		-153.572
1337		92.3149		-125.715
1338		128.634		-61.6997
1339		119.009		13.1559
1340		65.8587		67.8128
1341		-9.40881		79.5904
1342		-76.1592		44.1635
1343		-108.18		-23.1434
1344		-94.6255		-94.9475
1345		-43.3559		-144.162
1346		24.1862		-155.008
1347		83.2813		-127.797
1348		116.016		-76.1708
1349		116.588		-19.3096
1350		90.3592		26.3141
1351		48.6007		51.6711
1352		2.69506		55.1164
1353		-39.003		39.1922
1354		-70.8572		7.42703
1355		-87.9181		-36.4832
1356		-84.9368		-87.0222
1357		-58.1225		-134.866
1358		-8.93876		-167.298
1359		52.8606		-172.295
1360		110.022		-144.818
1361		143.539		-91.7403
1362		141.371		-31.7028
1363		105.735		11.4389
1364		54.4633		19.3389
1365		14.5453		-11.0331
1366		10.0242		-63.8845
1367		49.7777		-110.086
1368		121.42		-119.892
1369		194.969		-77.2105
1370		235.249		11.4695
1371		217.566		118.163
1372		139.34		204.397
1373		22.1589		237.28
1374		-96.787		203.259
1375		-179.881		113.383
1376		-203.887		-2.04927
1377		-167.862		-106.516
1378		-91.2189		-171.729
1379		-3.7224		-187.087
1380		67.2722		-160.64
1381		106.424		-112.366
1382		113.215		-64.0175
1383		98.0941		-30.6616
1384		75.2286		-17.3147
1385		56.1095		-20.8364
1386		46.8225		-34.5343
1387		49.0985		-52.1027
1388		62.9736		-68.7948
1389		88.349		-80.1031
1390		124.074		-80.0859
1391		165.392		-61.6817
1392		202.167		-19.8185
1393		220.209		44.12
1394		206.193		119.378
1395		154.259		187.047
1396		70.8539		225.941
1397		-25.2742		220.987
1398		-108.749		170.23
1399		-156.853		86.851
1400		-158.323		-5.19392
1401		-117.577		-80.2014
1402		-52.3828		-120.397
1403		13.8711		-121.928
1404		61.6622		-94.6769
1405		82.2396		-56.3857
1406		79.1147		-24.2274
1407		64.0574		-7.89075
1408		50.1213		-7.13997
1409		45.353		-14.3596
1410		50.0751		-20.1319
1411		58.5171		-18.6662
1412		63.3148		-10.3955
1413		60.1659		-0.838308
1414		50.2157		3.16709
1415		39.2307		-2.43979
1416		34.3767		-16.6625
1417		40.5148		-33.9291
1418		57.8989		-46.766
1419		82.1889		-49.1126
1420		106.442		-38.6731
1421		123.89		-17.4437
1422		130.215		9.4534
1423		124.552		35.8096
1424		109.174		56.2952
1425		88.3391		67.737
1426		66.8419		69.5493
1427		48.6993		63.443
1428		36.1801		52.5957
1429		29.3546		40.4383
1430		26.3727		29.2927
1431		24.5957		19.3027
1432		22.3754		8.26393
1433		20.7827		-7.204
1434		24.2656		-29.2764
1435		39.4032		-56.2648
1436		71.7442		-81.1606
1437		121.845		-92.6907
1438		182.462		-79.1783
1439		238.802		-34.0198
1440		272.556		39.6103
1441		268.683		127.376
1442		222.221		207.096
1443		141.991		256.064
1444		49.0279		259.639
1445		-30.1537		217.458
1446		-72.9971		144.407
1447		-69.2156		65.6313
1448		-24.5036		7.51064
1449		41.8549		-11.7488
1450		104.356		11.8695
1451		140.459		67.7301
1452		137.899		135.34
1453		97.6237		191.996
1454		31.9092		220.072
1455		-40.7488		211.437
1456		-101.517		168.187
1457		-135.79		100.503
1458		-135.578		23.2636
1459		-100.091		-47.2386
1460		-35.3265		-95.98
1461		46.7951		-111.552
1462		129.961		-88.4894
1463		196.204		-29.2889
1464		230		54.8815
1465		222.864		145.932
1466		176.664		223.387
1467		103.791		270.599
1468		23.3855		280.276
1469		-45.3049		256.755
1470		-89.7672		213.681
1471		-108.154		167.848
1472		-108.404		131.993
1473		-102.958		109.962
1474		-101.772		96.6086
1475		-107.219		82.3464
1476		-113.555		59.8229
1477		-111.156		29.007
1478		-93.1042		-2.18483
1479		-60.3658		-22.1487
1480		-22.4843		-22.4197
1481		6.82823		-3.20628
1482		16.9556		25.6475
1483		6.5332		49.1208
1484		-15.0426		54.7486
1485		-31.8909		39.5667
1486		-29.7375		12.4432
1487		-3.71869		-9.70729
1488		38.208		-10.1487
1489		78.1848		19.0526
1490		96.4383		72.3292
1491		80.5128		132.232
1492		31.3296		176.633
1493		-36.7303		188.102
1494		-101.595		161.13
1495		-142.294		104.108
1496		-146.792		35.5941
1497		-115.701		-23.0452
1498		-60.8974		-55.2061
1499		-0.378525		-53.8978
1500		48.0544		-22.6183
1501		71.8517		27.1235
1502		66.3023		79.9556
1503		34.7563		120.838
1504		-12.7366		138.474
1505		-61.7502		127.842
1506		-96.6594		91.8579
1507		-104.738		41.7355
1508		-80.7145		-4.86317
1509		-30.332		-28.5034
1510		29.13		-14.9052
1511		72.9296		38.0958
1512		77.2653		116.793
1513		29.378		193.778
1514		-64.9092		236.533
1515		-180.223		219.847
1516		-278.834		137.117
1517		-323.964		5.33109
1518		-294.046		-139.162
1519		-191.852		-252.993
1520		-44.3454		-301.403
1521		106.872		-270.671
1522		220.48		-172.235
1523		269.422		-37.163
1524		248.362		96.0917
1525		172.322		195.012
1526		68.3486		241.928
1527		-35.1535		235.782
1528		-116.519		187.746
1529		-163.76		114.359
1530		-172.974		32.1749
1531		-145.203		-44.0962
1532		-84.8241		-100.796
1533		-0.593077		-124.626
1534		92.1721		-104.543
1535		171.328		-36.5277
1536		211.915		71.1795
1537		194.211		196.129
1538		112.61		305.734
1539		-19.2839		367.054
1540		-170.79		358.616
1541		-303.569		278.924
1542		-384.635		147.446
1543		-397.231		-2.60499
1544		-344.795		-136.351
1545		-246.743		-228.498
1546		-128.942		-268.82
1547		-14.1987		-260.314
1548		82.5002		-212.574
1549		152.601		-135.36
1550		189.088		-36.6661
1551		183.017		73.8651
1552		125.457		179.407
1553		15.0352		253.746
1554		-133.137		266.535
1555		-283.713		195.785
1556		-387.495		42.3095
1557		-397.934		-161.938
1558		-291.757		-358.152
1559		-84.1098		-478.594
1560		170.315		-472.178
1561		393.006		-327.013
1562		509.277		-79.3078
1563		476.805		196.603
1564		302.883		414.067
1565		42.689		505.535
1566		-220.946		446.675
1567		-407.813		263.488
1568		-468.132		20.1941
1569		-397.05		-206.114
1570		-231.294		-353.003
1571		-31.2824		-391.529
1572		142.487		-330.356
1573		248.886		-206.034
1574		275.015		-65.7712
1575		233.643		49.2699
1576		153.212		114.3
1577		66.2281		123.275
1578		0.497528		85.5382
1579		-25.4419		20.3876
1580		-3.96661		-47.8347
1581		60.9794		-93.8108
1582		153.576		-95.6776
1583		247.38		-40.7126
1584		310.081		68.7279
1585		312.413		211.959
1586		239.143		352.656
1587		97.6384		448.653
1588		-80.7973		466.441
1589		-249.123		394.781
1590		-360.283		251.136
1591		-384.464		77.1929
1592		-320.517		-75.5621
1593		-196.378		-164.504
1594		-58.1063		-170.976
1595		47.7024		-105.579
1596		90.569		-1.88725
1597		65.0921		97.9559
1598		-10.6091		159.061
1599		-104.884		164.447
1600		-185.499		117.167
1601		-229.735		34.8945
1602		-228.39		-58.8576
1603		-184.075		-142.282
1604		-106.887		-198.992
1605		-10.783		-218.369
1606		87.8446		-194.943
1607		170.452		-129.105
1608		217.858		-29.3707
1609		214.598		85.8198
1610		155.319		189.655
1611		50.0609		253.357
1612		-75.3366		256.001
1613		-185.603		193.623
1614		-247.607		82.8969
1615		-242.464		-43.2544
1616		-172.645		-146.882
1617		-60.6999		-198.31
1618		59.7604		-185.616
1619		156.411		-116.363
1620		208.067		-11.6749
1621		208.027		103.415
1622		160.78		207.96
1623		75.6502		287.799
1624		-37.7366		333.095
1625		-169.184		334.373
1626		-303.74		281.709
1627		-417.899		169.397
1628		-481.138		4.23135
1629		-464.848		-188.051
1630		-355.917		-364.03
1631		-168.13		-473.996
1632		55.8727		-480.286
1633		255.585		-374.545
1634		373.578		-185.007
1635		377.721		31.2095
1636		274.307		208.754
1637		105.395		298.904
1638		-68.9778		287.351
1639		-195.568		196.699
1640		-248.086		72.8359
1641		-233.464		-37.6686
1642		-182.112		-107.742
1643		-128.206		-137.74
1644		-91.0017		-148.091
1645		-67.0866		-161.845
1646		-37.2021		-187.628
1647		17.0376		-212.977
1648		96.7718		-211.974
1649		179.968		-162.808
1650		230.189		-65.0232
1651		215.917		54.0437
1652		130.008		148.395
1653		-1.78091		174.328
1654		-128.825		112.665
1655		-197.111		-19.4691
1656		-173.783		-174.003
1657		-62.4619		-292.307
1658		98.4279		-330.725
1659		253.432		-278.72
1660		354.932		-160.956
1661		382.69		-22.9208
1662		348.782		91.9185
1663		286.465		161.532
1664		229.824		191.727
1665		195.495		207.259
1666		176.029		233.555
1667		147.733		279.677
1668		87.846		331.966
1669		-9.00519		361.607
1670		-124.427		341.581
1671		-223.533		263.392
1672		-271.909		144.264
1673		-253.088		20.8168
1674		-177.207		-67.4389
1675		-76.4347		-96.0663
1676		10.2086		-65.8996
1677		54.5236		-0.599701
1678		50.2656		66.5133
1679		12.5669		108.968
1680		-33.1169		118.307
1681		-65.886		104.61
1682		-79.8912		87.0544
1683		-85.1331		80.4855
1684		-98.8557		85.7527
1685		-132.94		89.0338
1686		-184.63		70.1849
1687		-235.775		15.1931
1688		-260.948		-74.2559
1689		-239.988		-179.29
1690		-168.325		-271.182
1691		-59.8661		-323.616
1692		58.7593		-323.694
1693		159.401		-276.449
1694		223.417		-201.258
1695		247.513		-122.517
1696		242.38		-59.4613
1697		225.741		-19.7191
1698		213.73		1.19324
1699		214.604		15.3303
1700		226.899		35.6778
1701		241.738		70.5771
1702		247.274		121.03
1703		233.11		180.911
1704		193.44		238.985
1705		128.81		281.624
1706		46.8758		295.805
1707		-37.8307		272.535
1708		-105.772		210.618
1709		-136.674		119.765
1710		-116.026		21.1911
1711		-42.0542		-56.0418
1712		69.8872		-83.1689
1713		188.508		-42.2758
1714		274.486		64.782
1715		293.246		213.4
1716		228.073		361.605
1717		88.16		462.787
1718		-92.2502		481.426
1719		-263.93		405.786
1720		-378.411		252.564
1721		-403.512		61.684
1722		-332.971		-116.589
1723		-187.067		-237.185
1724		-4.86492		-272.808
1725		168.339		-219.73
1726		293.58		-96.0072
1727		347.001		65.8862
1728		323.206		228.667
1729		233.736		359.048
1730		102.365		434.007
1731		-41.0384		444.098
1732		-166.942		394.044
1733		-252.169		300.838
1734		-284.702		189.4
1735		-266.111		86.2062
1736		-210.397		12.1513
1737		-138.93		-23.1311
1738		-72.7753		-23.1153
1739		-25.2541		-1.20499
1740		1.93689		26.4652
1741		17.0421		49.0722
1742		31.6102		65.9955
1743		52.2306		85.8438
1744		75.1605		119.866
1745		87.1482		173.17
1746		72.5316		238.738
1747		23.0846		298.115
1748		-54.8649		329.184
1749		-140.531		317.41
1750		-206.808		264.58
1751		-232.817		189.869
1752		-214.402		121.892
1753		-166.696		85.2747
1754		-116.79		88.6225
1755		-89.8371		120.481
1756		-95.7931		155.965
1757		-124.115		171.017
1758		-149.859		156.85
1759		-148.566		126.511
1760		-112.289		109.232
1761		-57.9449		134.618
1762		-22.6019		214.343
1763		-46.911		330.968
1764		-154.145		440.447
1765		-335.062		488.32
1766		-546.453		432.764
1767		-724.87		264.031
1768		-809.864		11.3032
1769		-766.606		-266.19
1770		-598.252		-499.72
1771		-343.446		-634.154
1772		-61.2349		-644.037
1773		189.04		-537.111
1774		364.116		-346.002
1775		443.825		-113.912
1776		428.517		118.317
1777		331.313		318.809
1778		171.067		464.637
1779		-30.2137		538.842
1780		-245.822		529.27
1781		-442.468		431.81
1782		-582.469		256.648
1783		-631.904		33.0277
1784		-572.509		-192.336
1785		-411.846		-365.182
1786		-185.984		-439.484
1787		48.1246		-393.064
1788		228.652		-236.347
1789		307.43		-10.3127
1790		263.964		225.649
1791		110.068		411.104
1792		-115.532		500.641
1793		-359.301		473.607
1794		-566.55		335.926
1795		-692.441		115.78
1796		-708.729		-143.537
1797		-607.114		-391.091
1798		-400.765		-575.592
1799		-124.441		-653.469
1800		168.283		-598.387
1801		412.965		-410.742
1802		548.31		-123.323
1803		533.817		201.363
1804		365.227		484.453
1805		80.7777		652.618
1806		-246.455		661.612
1807		-529.481		512.36
1808		-694.945		252.242
1809		-707.016		-40.1174
1810		-578.124		-281.384
1811		-362.216		-411.16
1812		-133.492		-410.018
1813		40.4053		-301.406
1814		119.967		-137.963
1815		102.323		20.795
1816		15.1562		129.576
1817		-99.1939		169.152
1818		-201.254		146.105
1819		-266.229		83.4061
1820		-286.912		8.12408
1821		-269.403		-57.7307
1822		-226.292		-100.543
1823		-171.717		-113.907
1824		-119.872		-96.4757
1825		-85.305		-51.782
1826		-81.8364		9.78807
1827		-118.229		69.5324
1828		-191.794		102.94
1829		-283.951		87.6425
1830		-362.158		14.5294
1831		-389.963		-103.394
1832		-342.403		-230.249
1833		-220.094		-317.33
1834		-54.6435		-321.392
1835		98.8872		-223.863
1836		180.811		-42.159
1837		149.723		172.884
1838		-0.261597		353.433
1839		-235.552		438.564
1840		-494.292		395.805
1841		-707.913		231.544
1842		-823.914		-13.3539
1843		-820.765		-279.797
1844		-710.01		-510.911
1845		-526.697		-668.088
1846		-314.059		-737.252
1847		-109.843		-725.191
1848		60.6781		-650.285
1849		184.349		-533.539
1850		255.677		-394.042
1851		272.883		-249.274
1852		237.48		-117.443
1853		157.12		-17.9955
1854		48.6853		31.7937
1855		-62.0296		23.1854
1856		-145.753		-38.2631
1857		-178.843		-131.427
1858		-152.082		-224.658
1859		-74.8699		-285.686
1860		27.4104		-292.315
1861		121.801		-239.428
1862		178.282		-139.694
1863		178.138		-18.4561
1864		117.557		94.2802
1865		6.51286		171.245
1866		-134.953		192.597
1867		-280.608		148.048
1868		-401.092		38.0393
1869		-467.068		-124.681
1870		-454.241		-313.563
1871		-350.923		-489.193
1872		-166.255		-605.46
1873		65.1505		-621.749
1874		286.733		-518.397
1875		433.646		-309.32
1876		453.804		-44.9486
1877		329.008		198.619
1878		86.9854		342.69
1879		-202.426		333.773
1880		-447.692		165.281
1881		-566.193		-116.355
1882		-513.677		-424.888
1883		-300.978		-662.696
1884		8.84087		-753.964
1885		321.922		-670.09
1886		545.339		-438.003
1887		617.093		-129.093
1888		523.76		166.038
1889		300.735		366.855
1890		16.9963		425.76
1891		-248.347		337.878
1892		-428.809		136.872
1893		-485.781		-119.102
1894		-413.659		-364.926
1895		-236.246		-543.973
1896		2.07545		-618.52
1897		247.023		-574.84
1898		445.002		-423.986
1899		552.918		-199.118
1900		546.73		50.5884
1901		427.408		269.61
1902		222.152		408.521
1903		-20.935		436.57
1904		-244.683		350.427
1905		-398.322		175.393
1906		-451.541		-42.2864
1907		-401.914		-249.806
1908		-272.786		-403.664
1909		-102.653		-480.925
1910		69.2544		-481.743
1911		214.919		-423.023
1912		322.228		-327.112
1913		391.399		-211.514
1914		426.32		-84.6278
1915		426.45		50.998
1916		384.298		190.66
1917		290.24		320.198
1918		142.103		414.6
1919		-45.9988		444.575
1920		-241.228		388.806
1921		-398.709		246.18
1922		-475.599		41.7555
1923		-446.99		-177.311
1924		-316.828		-355.18
1925		-118.924		-445.215
1926		92.7653		-425.41
1927		260.974		-305.472
1928		342.792		-123.144
1929		321.864		68.4426
1930		211.382		217.375
1931		47.7741		287.694
1932		-121.752		267.8
1933		-253.181		170.888
1934		-316.866		28.5567
1935		-303.364		-119.463
1936		-223.392		-236.141
1937		-102.978		-295.862
1938		24.353		-289.458
1939		126.343		-225.007
1940		179.856		-124.578
1941		176.2		-17.792
1942		122.672		66.3716
1943		39.821		107.498
1944		-45.0236		99.1747
1945		-106.149		50.2197
1946		-127.198		-18.8006
1947		-105.693		-82.6531
1948		-52.8787		-119.674
1949		10.8496		-118.299
1950		63.0709		-79.7912
1951		86.3227		-16.6179
1952		72.6583		52.3648
1953		24.7491		107.828
1954		-46.0271		134.964
1955		-123.172		126.461
1956		-188.974		83.4666
1957		-228.058		15.1418
1958		-230.564		-62.7565
1959		-195.069		-130.419
1960		-130.756		-168.166
1961		-57.5258		-162.321
1962		-2.48941		-111.583
1963		7.76007		-31.3205
1964		-42.3385		47.2383
1965		-147.66		84.7356
1966		-278.322		47.3736
1967		-384.831		-77.6528
1968		-412.785		-271.278
1969		-323.201		-482.056
1970		-111.124		-638.484
1971		185.398		-671.532
1972		491.121		-540.016
1973		713.892		-249.368
1974		773.314		144.002
1975		627.962		545.486
1976		291.398		848.589
1977		-168.834		966.093
1978		-648.912		855.674
1979		-1037.02		531.914
1980		-1242.88		61.7114
1981		-1219.79		-454.195
1982		-973.715		-906.904
1983		-558.905		-1204.53
1984		-63.2572		-1290.88
1985		411.62		-1154.83
1986		770.904		-830.331
1987		944.417		-388.663
1988		899.887		75.2447
1989		650.114		460.812
1990		252.417		682.168
1991		-201.062		687.727
1992		-602.222		474.48
1993		-852.227		92.0417
1994		-887.216		-366.792
1995		-696.782		-788.446
1996		-328.398		-1068.63
1997		125.04		-1141.14
1998		551.592		-995.856
1999		852.327		-679.634
2000		968.364		-279.741
2001		893.971		104.153
2002		672.113		389.284
2003		375.495		530.374
2004		81.3143		525.483
2005		-150.615		407.361
2006		-289.353		226.042
2007		-332.199		30.8941
2008		-295.474		-141.124
2009		-203.101		-268.462
2010		-78.6935		-341.402
2011		56.5806		-356.8
2012		182.137		-315.627
2013		276.3		-224.748
2014		318.464		-100.735
2015		295.706		28.6177
2016		210.837		128.63
2017		86.7504		168.178
2018		-37.1174		132.496
2019		-116.828		32.2102
2020		-120.534		-96.8265
2021		-42.6198		-204.535
2022		91.3849		-244.996
2023		232.339		-194.913
2024		325.215		-64.1641
2025		330.088		106.479
2026		237.765		259.95
2027		73.5763		344.001
2028		-112.098		330.267
2029		-262.468		223.803
2030		-334.407		59.8111
2031		-312.197		-110.266
2032		-210.327		-237.092
2033		-65.6285		-288.907
2034		76.8849		-258.956
2035		178.353		-163.676
2036		215.632		-34.2162
2037		184.142		94.1698
2038		95.2153		190.868
2039		-29.166		234.932
2040		-161.592		216.923
2041		-273.423		139.247
2042		-338.624		16.1973
2043		-338.433		-126.594
2044		-267.01		-254.89
2045		-136.439		-332.293
2046		21.9294		-330.27
2047		162.443		-239.13
2048		236.885		-75.5232
2049		210.152		117.856
2050		74.4179		282.22
2051		-144.256		360.235
2052		-390.654		315.47
2053		-596.089		146.439
2054		-700.074		-110.568
2055		-670.308		-391.692
2056		-513.526		-625.501
2057		-273.127		-755.703
2058		-14.4796		-758.415
2059		196.597		-647.988
2060		314.318		-469.862
2061		325.345		-283.702
2062		249.458		-143.41
2063		129.402		-81.1387
2064		14.5465		-100.289
2065		-55.3438		-178.704
2066		-60.8053		-279.539
2067		-5.15934		-364.969
2068		90.6099		-407.7
2069		197.433		-396.91
2070		288.098		-337.826
2071		344.193		-246.553
2072		358.487		-143.088
2073		333.239		-45.4267
2074		276.346		33.4819
2075		197.62		85.7876
2076		106.823		107.032
2077		13.8255		94.5019
2078		-70.0677		47.132
2079		-131.314		-32.6768
2080		-155.396		-136.252
2081		-130.669		-246.762
2082		-53.822		-340.223
2083		65.3198		-390.391
2084		202.381		-376.808
2085		322.322		-293.462
2086		388.613		-154.479
2087		375.294		6.32219
2088		277.726		143.257
2089		117.534		212.357
2090		-61.1437		186.427
2091		-203.886		66.0817
2092		-263.103		-117.828
2093		-214.192		-312.031
2094		-64.831		-456.735
2095		146.12		-504.281
2096		359.867		-434.119
2097		515.119		-259.1
2098		565.698		-21.3792
2099		492.726		219.96
2100		308.273		404.922
2101		50.6699		487.105
2102		-225.686		443.152
2103		-462.372		276.091
2104		-607.969		13.6179
2105		-626.92		-296.958
2106		-506.201		-596.006
2107		-259.786		-821.053
2108		70.2347		-918.685
2109		418.012		-857.923
2110		705.603		-642.02
2111		861.493		-313.897
2112		841.967		49.311
2113		648.267		354.08
2114		331.888		517.262
2115		-16.5699		493.474
2116		-293.605		292.762
2117		-416.091		-19.5898
2118		-349.609		-342.908
2119		-120.582		-574.513
2120		193.288		-644.456
2121		491.104		-538.242
2122		684.553		-298.692
2123		727.24		-6.64163
2124		626.317		251.076
2125		432.832		412.845
2126		216.386		460.156
2127		35.9982		416.093
2128		-80.155		327.209
2129		-138.505		238.657
2130		-167.899		174.501
2131		-199.25		131.502
2132		-247.817		87.4064
2133		-306.376		17.6735
2134		-351.262		-88.8692
2135		-356.514		-223.336
2136		-307.753		-361.417
2137		-208.487		-475.469
2138		-76.4539		-546.598
2139		66.6117		-570.062
2140		204.928		-551.825
2141		332.2		-499.587
2142		446.945		-414.901
2143		543.185		-292.262
2144		603.378		-126.648
2145		599.637		74.5337
2146		504.772		282.578
2147		308.781		448.549
2148		32.4805		516.427
2149		-269.804		444.183
2150		-522.003		223.9
2151		-649.376		-108.442
2152		-604.228		-478.946
2153		-383.971		-796.223
2154		-34.2917		-978.861
2155		363.696		-979.747
2156		717.082		-798.799
2157		946.773		-480.762
2158		1006.65		-100.547
2159		891.555		257.466
2160		634.099		519.165
2161		293.931		634.737
2162		-56.1235		585.665
2163		-343.754		385.733
2164		-509.457		77.7084
2165		-517.194		-273.656
2166		-362.679		-592.613
2167		-77.1125		-807.45
2168		276.56		-867.655
2169		616.636		-758.776
2170		863.349		-509.206
2171		961.789		-184.53
2172		899.052		130.823
2173		708.457		359.523
2174		457.966		455.812
2175		226.279		419.094
2176		75.3766		291.041
2177		30.1955		137.235
2178		73.3065		20.7502
2179		156.241		-21.5679
2180		222.15		9.23375
2181		229.994		78.5849
2182		170.382		135.905
2183		67.3358		137.126
2184		-33.448		62.7364
2185		-83.805		-75.3262
2186		-51.4669		-239.313
2187		69.217		-380.007
2188		256.872		-453.203
2189		471.205		-432.248
2190		665.094		-313.472
2191		795.991		-114.833
2192		833.9		129.632
2193		765.608		376.741
2194		596.299		580.933
2195		349.608		700.895
2196		65.9718		706.62
2197		-201.89		586.741
2198		-397.47		354.449
2199		-472.517		49.2232
2200		-400.09		-268.034
2201		-184.513		-526.893
2202		135.795		-664.027
2203		494.687		-639.991
2204		812.911		-450.939
2205		1017.14		-131.45
2206		1058.13		252.638
2207		922.943		619.438
2208		638.313		890.163
2209		264.451		1007.36
2210		-118.832		948.002
2211		-430.387		728.579
2212		-606.335		401.234
2213		-614.894		41.5552
2214		-463.896		-269.474
2215		-198.675		-465.39
2216		109.874		-510.991
2217		384.536		-410.967
2218		563.155		-207.228
2219		615.545		34.9423
2220		550.154		247.856
2221		407.904		382.491
2222		245.3		422.106
2223		113.244		383.449
2224		39.8		305.455
2225		23.6127		230.526
2226		40.0555		186.557
2227		56.6017		177.311
2228		49.9476		184.78
2229		16.9642		181.524
2230		-25.1494		146.445
2231		-48.7512		76.2527
2232		-30.1513		-12.562
2233		38.7943		-91.421
2234		147.221		-132.42
2235		270.699		-119.474
2236		381.767		-52.7103
2237		459.573		54.9112
2238		493.96		185.425
2239		483.16		322.802
2240		428.312		454.981
2241		329.778		570.729
2242		188.672		654.934
2243		13.0558		687.413
2244		-175.645		648.359
2245		-341.791		529.147
2246		-443.649		342.916
2247		-448.837		127.939
2248		-350.475		-60.599
2249		-175.562		-169.021
2250		20.3223		-166.621
2251		171.649		-60.2566
2252		227.849		105.625
2253		173.698		264.829
2254		35.7728		354.992
2255		-128.282		341.91
2256		-253.09		232.026
2257		-291.137		67.9289
2258		-229.572		-90.4121
2259		-91.6743		-189.643
2260		76.0909		-201.533
2261		224.051		-128.822
2262		316.629		2.04411
2263		339.944		155.504
2264		298.632		300.444
2265		206.511		416.527
2266		78.1406		492.352
2267		-73.6729		519.635
2268		-234.268		489.588
2269		-381.937		395.476
2270		-487.154		240.42
2271		-519.59		45.006
2272		-460.981		-151.86
2273		-317.256		-302.274
2274		-122.237		-366.357
2275		71.2141		-329.345
2276		210.225		-209.72
2277		262.834		-53.0881
2278		230.59		86.509
2279		146.153		169.446
2280		56.5077		186.458
2281		-0.138815		159.68
2282		-12.2628		128.192
2283		1.37844		125.426
2284		4.28336		160.139
2285		-35.6484		210.908
2286		-125.966		237.179
2287		-242.186		201.295
2288		-337.161		90.1655
2289		-362.811		-74.6273
2290		-293.377		-243.61
2291		-138.66		-359.812
2292		59.0807		-382.726
2293		242.614		-304.308
2294		362.613		-149.926
2295		394.814		34.9625
2296		344.055		204.622
2297		235.093		328.99
2298		96.9395		398.513
2299		-49.8045		417.42
2300		-195.858		391.525
2301		-336.085		319.431
2302		-458.293		193.375
2303		-536.73		9.67957
2304		-536.472		-217.659
2305		-428.412		-449.48
2306		-207.895		-626.798
2307		93.1356		-689.081
2308		408.412		-598.375
2309		655.295		-358.323
2310		762.004		-18.6761
2311		692.936		337.776
2312		461.516		621.004
2313		125.504		761.89
2314		-232.56		731.752
2315		-531.138		546.74
2316		-711.496		257.513
2317		-748.505		-69.4397
2318		-649.313		-370.377
2319		-444.015		-596.464
2320		-174.615		-717.914
2321		113.078		-722.837
2322		373.745		-615.102
2323		565.493		-413.876
2324		654.634		-154.134
2325		623.327		115.172
2326		477.572		338.508
2327		250.671		466.968
2328		-2.10843		473.397
2329		-218.165		362.859
2330		-347.077		172.587
2331		-367.15		-40.2468
2332		-291.474		-218.858
2333		-160.272		-326.907
2334		-22.5138		-359.505
2335		85.0086		-340.289
2336		151.669		-306.142
2337		193.794		-286.959
2338		242.314		-290.133
2339		323.563		-297.032
2340		442.651		-272.859
2341		577.346		-184.916
2342		685.188		-20.4714
2343		720.306		204.023
2344		652.118		446.232
2345		477.78		651.749
2346		223.707		771.955
2347		-63.2948		778.419
2348		-330.374		668.903
2349		-532.157		464.406
2350		-638.88		200.628
2351		-638.148		-81.3156
2352		-532.61		-341.404
2353		-336.972		-543.795
2354		-76.5907		-658.437
2355		212.691		-663.814
2356		485.905		-551.961
2357		694.137		-334.25
2358		794.219		-44.4968
2359		760.703		264.038
2360		595.588		528.926
2361		331.214		693.883
2362		23.9855		724.14
2363		-259.727		616.262
2364		-460.909		398.744
2365		-542.548		123.273
2366		-496.975		-149.925
2367		-344.333		-367.382
2368		-124.01		-493.519
2369		117.002		-515.156
2370		334.74		-439.834
2371		495.369		-290.341
2372		578.426		-98.2733
2373		577.36		101.614
2374		498.856		275.956
2375		361.533		396.891
2376		193.591		446.213
2377		28.572		419.086
2378		-100.968		325.905
2379		-170.74		190.725
2380		-170.687		45.7559
2381		-107.217		-76.8941
2382		-0.51281		-153.537
2383		122.311		-174.259
2384		235.607		-143.386
2385		321.866		-75.2176
2386		374.27		12.785
2387		394.722		106.198
2388		389.031		196.675
2389		362.083		281.069
2390		315.492		357.919
2391		248.583		423.817
2392		161.661		471.96
2393		59.2594		493.752
2394		-48.8002		482.472
2395		-149.366		436.805
2396		-229.966		362.109
2397		-282.672		268.595
2398		-305.67		167.393
2399		-301.681		66.7331
2400		-274.191		-29.5208
2401		-223.846		-120.018
2402		-147.43		-201.747
2403		-40.5813		-266.04
2404		96.6735		-297.535
2405		254.286		-277.646
2406		409.705		-191.869
2407		530.778		-38.1629
2408		583.964		167.411
2409		545.335		390.846
2410		410.296		587.106
2411		198.032		711.998
2412		-51.4754		735.112
2413		-287.306		649.277
2414		-461.215		473.188
2415		-540.5		246.274
2416		-515.988		17.618
2417		-402.832		-167.299
2418		-234.387		-277.755
2419		-51.6954		-303.653
2420		107.731		-254.964
2421		218.404		-155.832
2422		270.572		-35.9639
2423		268.985		77.6507
2424		228.143		166.37
2425		166.222		221.884
2426		99.7894		244.943
2427		40.576		242.136
2428		-5.41449		222.219
2429		-36.9701		193.176
2430		-55.7771		160.557
2431		-64.3721		127.111
2432		-64.4861		93.4321
2433		-56.0851		59.2593
2434		-37.2792		25.0559
2435		-5.19232		-6.5314
2436		42.272		-29.8697
2437		104.165		-36.7487
2438		174.523		-18.3342
2439		241.734		31.5515
2440		290.11		112.777
2441		303.822		216.389
2442		272.28		324.764
2443		195.077		415.186
2444		84.2998		466.248
2445		-37.388		465.079
2446		-142.892		412.581
2447		-209.264		324.23
2448		-225.551		225.535
2449		-196.659		143.433
2450		-141.336		96.792
2451		-84.7458		89.8419
2452		-48.4403		111.403
2453		-41.859		140.409
2454		-58.9787		155.547
2455		-81.6455		144.954
2456		-88.2418		111.786
2457		-63.9983		73.2117
2458		-8.51899		53.2045
2459		62.7032		72.1815
2460		123.392		137.852
2461		146.023		240.994
2462		111.865		357.675
2463		17.6532		456.715
2464		-123.253		509.2
2465		-284.989		496.507
2466		-436.339		414.411
2467		-548.083		272.879
2468		-598.422		92.8452
2469		-575.899		-98.1554
2470		-480.485		-270.152
2471		-323.825		-394.558
2472		-128.914		-448.297
2473		71.6269		-418.717
2474		240.006		-308.596
2475		341.093		-139.165
2476		352.453		51.4459
2477		273.418		215.935
2478		129.033		310.851
2479		-34.2693		311.18
2480		-161.556		220.973
2481		-207.369		74.9864
2482		-152.517		-70.7634
2483		-12.9256		-157.298
2484		163.723		-143.627
2485		313.283		-22.508
2486		377.266		175.329
2487		323.748		390.59
2488		159.217		555.29
2489		-73.08		615.882
2490		-307.574		551.2
2491		-478.141		378.956
2492		-539.249		148.975
2493		-479.261		-73.7286
2494		-322.013		-229.577
2495		-117.249		-281.65
2496		75.8119		-224.41
2497		205.822		-82.3301
2498		242.318		99.6716
2499		181.454		269.966
2500		44.2281		383.746
2501		-130.939		413.072
2502		-298.54		351.868
2503		-416.662		215.77
2504		-456.036		37.6247
2505		-406.149		-140.199
2506		-277.48		-275.329
2507		-99.3386		-335.092
2508		86.6429		-304.432
2509		236.279		-190.019
2510		313.731		-19.1168
2511		300.672		166.935
2512		201.034		323.126
2513		39.8215		412.193
2514		-143.666		413.763
2515		-306.072		328.644
2516		-410.554		177.39
2517		-434.733		-5.89385
2518		-374.274		-182.196
2519		-241.975		-316.073
2520		-63.5495		-382.043
2521		128.181		-368.102
2522		299.261		-276.607
2523		419.995		-123.155
2524		469.542		66.0618
2525		439.541		258.335
2526		336.23		419.949
2527		180.191		522.717
2528		2.91255		550.343
2529		-159.782		502.82
2530		-276.214		397.072
2531		-326.903		262.997
2532		-309.591		135.644
2533		-239.39		45.7388
2534		-143.873		11.584
2535		-54.7317		34.9025
2536		1.19438		101.774
2537		8.64552		187.95
2538		-33.3739		266.408
2539		-113.134		314.53
2540		-210.683		318.95
2541		-303.408		277.3
2542		-371.015		197.327
2543		-399.107		94.4039
2544		-381.348		-11.6243
2545		-320.528		-99.8742
2546		-228.604		-152.166
2547		-125.333		-157.027
2548		-34.939		-113.356
2549		19.3078		-32.4935
2550		21.7333		62.7321
2551		-29.799		142.78
2552		-121.02		179.408
2553		-223.27		154.809
2554		-300.645		68.7945
2555		-320.572		-58.853
2556		-264.577		-192.288
2557		-135.59		-289.093
2558		40.8799		-312.628
2559		222.407		-243.433
2560		360.637		-86.1395
2561		414.421		130.258
2562		361.372		358.858
2563		204.7		546.264
2564		-26.3883		645.938
2565		-282.809		630.176
2566		-506.787		497.836
2567		-645.592		275.93
2568		-664.739		14.4744
2569		-557.508		-224.602
2570		-348.182		-382.256
2571		-87.6144		-417.455
2572		158.47		-318.666
2573		325.924		-108.214
2574		369.145		162.346
2575		273.658		425.176
2576		60.3409		614.04
2577		-220.28		681.945
2578		-502.073		613.176
2579		-721.306		426.135
2580		-832.992		166.473
2581		-820.741		-106.757
2582		-697.809		-337.098
2583		-500.175		-483.825
2584		-275.022		-528.913
2585		-68.7927		-477.199
2586		81.8656		-351.481
2587		154.987		-185.392
2588		144.614		-16.4476
2589		60.0548		119.741
2590		-75.8563		194.439
2591		-229.581		190.625
2592		-361.768		107.562
2593		-434.972		-36.3591
2594		-423.493		-204.834
2595		-322.694		-350.638
2596		-153.907		-428.008
2597		38.3935		-407.275
2598		197.968		-286.583
2599		274.028		-95.5868
2600		238.571		111.512
2601		97.2714		272.191
2602		-110.679		335.775
2603		-324.318		280.29
2604		-480.232		119.79
2605		-532.475		-100.463
2606		-466.044		-318.844
2607		-299.645		-476.488
2608		-77.8025		-533.829
2609		143.728		-479.43
2610		313.494		-329.562
2611		395.887		-120.599
2612		376.408		101.706
2613		261.307		292.221
2614		73.9659		413.732
2615		-149.766		441.702
2616		-366.507		367.688
2617		-531.289		202.068
2618		-605.52		-24.8448
2619		-566.657		-265.474
2620		-417.122		-463.343
2621		-188.417		-566.887
2622		63.2029		-545.393
2623		270.44		-401.345
2624		374.896		-173.423
2625		346.624		72.7736
2626		195.653		264.453
2627		-29.7877		345.31
2628		-258.625		294.435
2629		-420.661		133.089
2630		-469.874		-83.4008
2631		-398.618		-285.454
2632		-237.771		-413.037
2633		-43.6008		-434.476
2634		122.781		-353.866
2635		215.173		-205.645
2636		214.339		-40.0262
2637		129.454		94.055
2638		-9.36026		162.123
2639		-162.652		150.017
2640		-292.335		62.7952
2641		-368.459		-80.2631
2642		-372.016		-251.078
2643		-295.799		-416.773
2644		-145.413		-542.769
2645		59.1709		-596.849
2646		283.189		-555.605
2647		480.499		-412.525
2648		602.452		-184.64
2649		611.103		86.3512
2650		492.66		341.23
2651		265.623		518.132
2652		-20.8001		570.854
2653		-298.88		484.046
2654		-501.65		279.237
2655		-582.635		8.98141
2656		-528.945		-259.038
2657		-363.236		-462.14
2658		-134.441		-559.838
2659		98.5886		-542.5
2660		284.22		-429.62
2661		390.192		-259.908
2662		407.876		-77.9972
2663		349.198		77.2663
2664		239.285		179.861
2665		108.442		218.555
2666		-14.0898		195.443
2667		-104.12		123.194
2668		-145.091		22.2792
2669		-130.256		-81.9255
2670		-64.5207		-163.013
2671		35.1677		-198.876
2672		142.336		-177.655
2673		227.004		-102.216
2674		264.054		9.20982
2675		241.193		127.448
2676		163.303		220.97
2677		51.0885		265.74
2678		-65.7339		252.588
2679		-158.16		189.297
2680		-206.761		96.7899
2681		-206.462		1.30801
2682		-165.944		-74.0913
2683		-102.769		-115.513
2684		-36.8491		-120.076
2685		14.9865		-94.0915
2686		41.8459		-49.4603
2687		39.2447		-0.298935
2688		8.51469		39.2236
2689		-43.5765		56.2284
2690		-104.773		40.7925
2691		-157.826		-11.3223
2692		-182.969		-95.4131
2693		-162.983		-195.872
2694		-89.7998		-287.635
2695		30.0107		-342.024
2696		173.913		-335.843
2697		308.034		-260.507
2698		397.012		-127.237
2699		415.76		34.4952
2700		358.538		185.428
2701		241.51		288.99
2702		97.5365		323.049
2703		-34.8007		286.422
2704		-123.596		197.819
2705		-152.709		88.1341
2706		-124.514		-10.4149
2707		-56.1571		-73.9026
2708		28.1933		-91.7865
2709		105.449		-66.6145
2710		159.047		-9.87887
2711		180.631		63.232
2712		168.862		137.802
2713		127.326		200.981
2714		63.1365		242.32
2715		-13.3733		254.084
2716		-88.8008		232.547
2717		-148.004		180.02
2718		-177.267		106.259
2719		-168.589		27.656
2720		-123.263		-36.4351
2721		-52.7298		-69.3532
2722		24.2205		-62.599
2723		87.1445		-18.7333
2724		120.326		49.6423
2725		117.251		124.398
2726		81.5104		187.901
2727		24.1398		228.022
2728		-40.9985		240.338
2729		-101.58		227.259
2730		-149.268		195.259
2731		-179.914		152.015
2732		-192.415		104.741
2733		-187.604		59.9029
2734		-168.024		23.4481
2735		-138.407		0.478287
2736		-105.839		-6.08157
2737		-78.6277		2.81824
2738		-63.7287		21.6071
2739		-63.8058		41.3912
2740		-75.6139		53.2586
2741		-91.02		52.2069
2742		-100.604		39.6014
2743		-98.2214		22.5851
2744		-84.089		10.4299
2745		-64.5513		9.6135
2746		-48.4032		20.3398
2747		-41.6903		36.6343
2748		-43.9822		50.2239
2749		-48.5365		56.1596
2750		-46.6754		56.8622
2751		-34.1895		61.8373
2752		-16.0685		82.5548
2753		-6.34998		124.81
2754		-22.277		182.695
2755		-75.1112		237.982
2756		-162.154		266.221
2757		-264.469		247.371
2758		-352.329		176.094
2759		-396.607		66.5226
2760		-381.193		-51.4066
2761		-310.635		-142.97
2762		-209.195		-182.353
2763		-111.472		-162.886
2764		-48.6876		-99.2082
2765		-36.7786		-20.4893
2766		-71.4495		41.9909
2767		-131.974		67.1596
2768		-191.4		50.9689
2769		-228.026		5.25639
2770		-232.904		-49.894
2771		-210.527		-95.9311
2772		-173.485		-122.9
2773		-134.686		-130.909
2774		-101.485		-126.343
2775		-74.3953		-115.849
2776		-50.201		-101.889
2777		-26.8249		-82.2225
2778		-6.59354		-53.0838
2779		4.13563		-13.6002
2780		-1.39925		31.6339
2781		-25.926		73.5782
2782		-65.8014		102.803
2783		-112.345		114.078
2784		-156.104		108.65
2785		-191.471		92.7614
2786		-218.789		73.3043
2787		-242.614		53.3142
2788		-267.15		30.2069
2789		-291.755		-1.95049
2790		-309.514		-47.3242
2791		-310.184		-103.441
2792		-286.202		-159.785
2793		-238.391		-201.263
2794		-177.871		-215.159
2795		-122.516		-197.997
2796		-89.3032		-158.41
2797		-86.3282		-114.058
2798		-108.733		-83.7321
2799		-140.96		-78.5047
2800		-164.48		-96.5007
2801		-167.201		-124.176
2802		-149.698		-143.662
2803		-124.925		-142.533
2804		-111.346		-120.988
2805		-122.856		-92.6208
2806		-160.564		-78.1805
2807		-210.695		-95.2656
2808		-249.813		-148.969
2809		-255.002		-228.062
2810		-214.224		-308.584
2811		-132.07		-363.165
2812		-28.4527		-371.775
2813		68.8927		-329.173
2814		134.479		-246.154
2815		153.335		-144.709
2816		124.404		-49.8721
2817		58.6239		17.9998
2818		-26.3993		47.6491
2819		-112.153		37.3128
2820		-183.088		-7.62369
2821		-227.979		-77.5409
2822		-239.757		-160.457
2823		-215.41		-242.674
2824		-156.861		-309.279
2825		-72.4091		-345.856
2826		22.7688		-341.867
2827		108.548		-294.704
2828		164.565		-212.396
2829		176.4		-113.026
2830		140.744		-20.2961
2831		67.1231		43.4966
2832		-24.8723		64.3885
2833		-111.924		40.7803
2834		-174.35		-16.9931
2835		-201.58		-91.1395
2836		-193.857		-162.816
2837		-160.041		-217.772
2838		-113.1		-249.257
2839		-65.5107		-257.767
2840		-26.3098		-248.678
2841		-0.272804		-229.443
2842		11.4964		-207.621
2843		10.7372		-190
2844		1.69296		-182.151
2845		-8.92708		-187.557
2846		-12.5596		-206.092
2847		-0.757339		-232.56
2848		31.562		-256.602
2849		82.7902		-264.952
2850		143.051		-245.921
2851		195.793		-194.587
2852		222.645		-116.374
2853		209.966		-27.0717
2854		154.487		51.2585
2855		65.5706		97.19
2856		-37.025		97.0104
2857		-129.079		49.2071
2858		-189.193		-35.2735
2859		-204.684		-136.802
2860		-174.137		-233.083
2861		-106.316		-305
2862		-16.5627		-340.406
2863		77.4619		-335.262
2864		159.201		-292.775
2865		215.286		-221.728
2866		236.694		-134.912
2867		219.709		-47.7515
2868		166.99		23.4244
2869		88.2305		64.0354
2870		-0.538044		64.6977
2871		-79.7752		24.4271
2872		-131.149		-47.9437
2873		-142.773		-135.309
2874		-112.946		-216.793
2875		-50.7033		-273.811
2876		27.2302		-295.424
2877		101.943		-280.922
2878		158.085		-238.765
2879		187.646		-182.636
2880		190.604		-126.525
2881		172.83		-80.9321
2882		142.774		-51.3906
2883		108.701		-39.1322
2884		77.4773		-42.6774
2885		54.6766		-58.9621
2886		44.9107		-83.3789
2887		51.286		-109.239
2888		73.7676		-127.877
2889		107.382		-130.411
2890		141.833		-111.09
2891		163.724		-70.8312
2892		161.2		-18.8961
2893		129.318		28.894
2894		73.528		55.3975
2895		9.15504		48.997
2896		-43.5464		9.03956
2897		-67.025		-52.8344
2898		-53.5428		-116.465
2899		-8.56042		-160.691
2900		51.2166		-171.456
2901		104.325		-146.992
2902		132.71		-97.9489
2903		128.041		-42.6289
2904		93.6729		0.284378
2905		41.8854		18.2164
2906		-11.7853		7.79592
2907		-54.2329		-26.1639
2908		-78.0253		-74.4858
2909		-81.373		-127.82
2910		-65.8225		-179.07
2911		-33.7169		-223.33
2912		12.8		-256.265
2913		70.769		-272.764
2914		134.448		-267.38
2915		194.24		-236.77
2916		237.961		-182.831
2917		254.509		-114.511
2918		238.449		-46.7121
2919		193.24		3.84338
2920		131.259		24.2403
2921		70.24		10.0688
2922		27.515		-32.9366
2923		14.4453		-91.0237
2924		33.3345		-147.292
2925		77.8258		-187.114
2926		136.15		-201.903
2927		195.417		-190.072
2928		245.004		-155.509
2929		277.974		-104.991
2930		290.735		-46.0752
2931		282.067		13.7278
2932		252.702		66.8279
2933		205.865		105.531
2934		148.172		123.055
2935		89.6741		115.67
2936		42.1425		84.9875
2937		15.6962		38.8966
2938		15.0422		-9.94695
2939		37.1881		-47.9968
2940		72.0346		-65.6269
2941		105.969		-60.7442
2942		127.068		-39.4424
2943		129.643		-13.2586
2944		116.078		5.78156
2945		95.1924		10.0929
2946		77.9926		-0.756924
2947		72.8851		-20.6052
2948		82.5157		-39.9762
2949		103.454		-50.3041
2950		128.446		-47.0747
2951		149.745		-30.6651
2952		161.763		-5.00943
2953		161.94		24.6733
2954		149.986		53.5867
2955		126.602		77.6641
2956		92.9808		92.7753
2957		51.6522		94.0182
2958		8.09366		76.331
2959		-28.3294		36.8162
2960		-45.4918		-22.1072
2961		-32.1103		-90.5327
2962		17.2448		-151.656
2963		97.9151		-185.815
2964		193.999		-176.974
2965		281.494		-119.266
2966		335.137		-20.7747
2967		336.622		97.3463
2968		281.099		206.477
2969		179.416		279.017
2970		55.1993		296.715
2971		-62.1353		255.912
2972		-145.894		168.053
2973		-179.219		55.6283
2974		-158.671		-54.6884
2975		-93.6682		-139.223
2976		-2.58723		-182.639
2977		92.7092		-180.282
2978		172.131		-137.582
2979		221.166		-67.3905
2980		232.803		13.5568
2981		207.775		88.1515
2982		153.568		141.86
2983		82.6255		164.941
2984		9.99681		153.848
2985		-49.3765		111.707
2986		-83.4194		47.7025
2987		-85.2783		-24.6817
2988		-54.735		-90.3483
2989		1.7204		-135.7
2990		72.2469		-151.49
2991		142.162		-134.758
2992		197.05		-89.4382
2993		225.81		-25.5349
2994		223.054		42.9519
2995		190.404		100.976
2996		136.392		135.769
2997		74.8402		139.94
2998		21.8315		113.651
2999		-8.25814		65.1766
3000		-6.81845		9.37561
3001		26.0078		-35.9195
3002		80.5287		-54.8808
3003		139.539		-38.6834
3004		182.949		11.1195
3005		193.811		82.1839
3006		163.849		154.376
3007		96.6173		205.465
3008		7.08651		217.773
3009		-82.3237		183.623
3010		-148.019		107.832
3011		-171.808		6.51944
3012		-145.774		-97.2747
3013		-74.1283		-179.638
3014		28.1771		-221.687
3015		139.345		-213.796
3016		235.847		-157.363
3017		297.469		-64.125
3018		311.347		46.487
3019		274.488		151.26
3020		194.535		227.756
3021		88.6499		258.918
3022		-19.5332		237.024
3023		-104.69		166.147
3024		-145.623		62.1888
3025		-130.838		-50.0298
3026		-62.25		-142.432
3027		44.4123		-190.877
3028		163.119		-181.882
3029		264.293		-116.713
3030		322.922		-11.3044
3031		325.514		108.157
3032		273.641		212.719
3033		182.944		278.81
3034		78.0247		294.475
3035		-14.9729		261.825
3036		-75.6444		195.225
3037		-94.2549		116.148
3038		-73.1141		46.6251
3039		-24.4663		3.38324
3040		33.9794		-5.77442
3041		84.257		17.274
3042		112.597		62.7417
3043		112.171		116.312
3044		83.8267		163.028
3045		35.0542		190.766
3046		-22.3257		192.684
3047		-75.1319		168.332
3048		-111.861		123.36
3049		-125.223		67.9357
3050		-113.672		14.212
3051		-81.5839		-26.6248
3052		-38.0104		-47.0337
3053		5.6909		-44.8614
3054		38.7549		-23.7045
3055		53.6713		8.16957
3056		47.9517		40.0063
3057		24.6279		61.2492
3058		-8.53061		64.0723
3059		-40.8048		45.2397
3060		-60.9065		6.99518
3061		-59.5237		-43.1295
3062		-31.63		-93.5787
3063		21.8517		-131.012
3064		93.4664		-143.267
3065		170.117		-122.553
3066		235.572		-68.097
3067		274.291		12.6494
3068		275.68		104.951
3069		237.529		190.005
3070		167.354		249.772
3071		80.9296		272.028
3072		-1.78523		253.995
3073		-62.1451		203.257
3074		-87.9799		135.557
3075		-76.7431		70.2211
3076		-35.7084		24.7297
3077		20.6387		10.2218
3078		74.9239		29.1819
3079		111.406		75.6747
3080		119.415		137.578
3081		95.0951		199.774
3082		41.565		247.332
3083		-32.0098		268.146
3084		-111.974		254.978
3085		-182.265		207.026
3086		-227.156		130.895
3087		-234.704		40.4704
3088		-200.399		-44.9762
3089		-129.909		-104.81
3090		-39.4742		-122.654
3091		47.0256		-92.0754
3092		104.233		-20.2011
3093		113.127		72.6189
3094		67.8846		157.733
3095		-20.9368		206.577
3096		-128.486		199.842
3097		-222.691		134.157
3098		-274.046		23.7467
3099		-264.739		-103.667
3100		-193.937		-215.289
3101		-77.5314		-282.988
3102		57.2512		-291.02
3103		180.149		-239.355
3104		266.07		-142.087
3105		300.649		-22.1765
3106		282.014		95.1822
3107		219.143		188.329
3108		128.252		242.735
3109		28.8099		252.327
3110		-59.8686		219.234
3111		-121.265		152.807
3112		-143.909		68.2468
3113		-123.485		-15.3721
3114		-64.4806		-78.149
3115		19.4795		-103.52
3116		107.571		-82.7815
3117		176.261		-18.4804
3118		205.551		74.9586
3119		185.083		174.26
3120		117.88		253.533
3121		20.0513		291.869
3122		-83.7564		279.701
3123		-167.763		221.621
3124		-212.762		134.622
3125		-211.468		42.4486
3126		-169.789		-31.8489
3127		-103.891		-72.5211
3128		-34.4437		-74.7925
3129		19.7259		-44.7848
3130		46.4877		3.69568
3131		42.5601		53.9426
3132		12.9335		90.9634
3133		-31.5771		104.708
3134		-77.4876		91.522
3135		-111.607		54.1269
3136		-123.419		0.657616
3137		-106.9		-56.8481
3138		-61.8302		-104.44
3139		5.53581		-128.792
3140		82.8805		-120.18
3141		153.725		-75.3554
3142		200.868		0.57909
3143		210.745		94.2364
3144		177.51		186.413
3145		105.421		256.605
3146		8.53136		288.389
3147		-92.4873		274.007
3148		-175.55		216.682
3149		-222.83		129.89
3150		-225.214		33.8493
3151		-184.285		-49.6477
3152		-111.487		-102.518
3153		-24.9265		-114.377
3154		55.0922		-84.3936
3155		110.601		-20.8687
3156		129.596		61.0446
3157		108.2		142.777
3158		51.1591		206.212
3159		-29.2678		237.341
3160		-115.838		229.161
3161		-189.926		183.272
3162		-235.627		109.754
3163		-243.537		25.0894
3164		-213.237		-51.6326
3165		-153.628		-103.453
3166		-80.7767		-119.995
3167		-13.6521		-100.278
3168		31.0867		-52.9192
3169		43.6959		6.46506
3170		23.8733		59.924
3171		-19.6006		92.4267
3172		-71.9421		96.0287
3173		-117.083		71.6682
3174		-142.443		28.1579
3175		-142.248		-21.0964
3176		-118.506		-62.42
3177		-79.5973		-85.7991
3178		-37.2074		-87.2982
3179		-2.71664		-69.4837
3180		15.8757		-40.046
3181		15.7904		-9.27048
3182		-0.162956		12.8594
3183		-24.5401		19.2548
3184		-47.2071		7.56265
3185		-57.8882		-19.0144
3186		-48.9124		-52.0886
3187		-17.6721		-79.7289
3188		31.799		-89.275
3189		88.7513		-70.9003
3190		137.566		-21.107
3191		161.456		54.9385
3192		147.282		143.258
3193		90.1457		223.628
3194		-3.80355		274.539
3195		-117.579		279.289
3196		-226.932		231.379
3197		-306.521		137.347
3198		-336.896		15.9261
3199		-310.155		-106.471
3200		-232.441		-202.655
3201		-122.46		-251.896
3202		-6.49268		-245.316
3203		88.5631		-187.895
3204		142.022		-96.7032
3205		144.249		3.92276
3206		98.3777		88.7048
3207		18.7853		137.478
3208		-72.9306		139.543
3209		-153.253		95.529
3210		-202.036		16.6759
3211		-206.751		-78.023
3212		-164.985		-166.102
3213		-84.8792		-226.498
3214		16.5821		-244.147
3215		117.168		-213.459
3216		194.317		-139.872
3217		230.414		-38.9541
3218		217.192		66.9833
3219		158.054		154.169
3220		67.4952		203.29
3221		-32.4335		204.467
3222		-117.762		159.81
3223		-168.81		82.772
3224		-175.19		-5.5649
3225		-138.194		-82.165
3226		-69.9858		-128.012
3227		9.99783		-132.717
3228		80.2626		-96.6384
3229		122.586		-30.1876
3230		126.145		49.1743
3231		89.6337		121.287
3232		21.1949		167.887
3233		-63.5683		176.537
3234		-144.96		143.279
3235		-203.323		73.6401
3236		-223.297		-18.1623
3237		-197.481		-111.824
3238		-128.741		-185.097
3239		-30.4466		-218.837
3240		75.7778		-201.893
3241		164.605		-134.575
3242		212.996		-29.5623
3243		206.141		90.3261
3244		141.713		197.181
3245		31.1035		264.68
3246		-102.838		274.637
3247		-231.053		221.616
3248		-325.112		114.401
3249		-363.855		-26.0485
3250		-338.167		-171.511
3251		-252.792		-292.971
3252		-124.936		-367.055
3253		19.8884		-380.956
3254		153.699		-334.849
3255		252.241		-241.347
3256		300.186		-122.205
3257		294.173		-3.00088
3258		242.976		92.9773
3259		164.698		150.162
3260		81.6499		164.05
3261		14.2745		141.498
3262		-24.1762		97.8712
3263		-30.6052		51.8928
3264		-11.8194		19.8583
3265		18.7279		11.0834
3266		45.9314		26.0127
3267		57.9245		57.3861
3268		49.1964		93.703
3269		21.1072		123.423
3270		-19.8867		138.271
3271		-65.1171		134.656
3272		-106.291		113.245
3273		-136.885		77.5603
3274		-152.364		32.7126
3275		-149.957		-15.0929
3276		-128.905		-58.5018
3277		-91.4966		-89.2786
3278		-44.3058		-99.7781
3279		1.61052		-85.7375
3280		32.6911		-49.394
3281		37.1509		-1.13472
3282		10.2628		41.9702
3283		-41.7424		61.1942
3284		-101.535		43.3719
3285		-145.368		-12.5621
3286		-151.478		-92.8931
3287		-109.1		-172.233
3288		-24.2128		-221.935
3289		80.9124		-220.838
3290		174.777		-163.982
3291		227.884		-65.4743
3292		223.685		46.0134
3293		164.737		137.496
3294		71.5067		183.573
3295		-25.612		175.143
3296		-97.6533		121.546
3297		-127.096		45.6209
3298		-112.653		-25.8206
3299		-67.4323		-71.8774
3300		-12.0075		-83.8251
3301		34.1226		-65.7896
3302		58.9708		-30.5118
3303		60.2243		7.09869
3304		43.2452		35.4613
3305		16.8953		48.8265
3306		-10.2813		46.6672
3307		-31.8608		31.4641
3308		-43.3017		6.85644
3309		-40.9947		-22.6797
3310		-22.2135		-50.9362
3311		13.3198		-69.3177
3312		61.0063		-67.9705
3313		109.911		-39.1552
3314		144.045		18.2834
3315		146.887		95.6561
3316		107.808		174.619
3317		27.686		231.661
3318		-79.0897		245.667
3319		-187.65		205.674
3320		-269.931		115.567
3321		-303.496		-6.35802
3322		-278.459		-132.832
3323		-199.963		-235.831
3324		-85.6557		-294.338
3325		40.3036		-298.936
3326		153.975		-252.207
3327		236.632		-165.824
3328		276.902		-56.4221
3329		270.573		57.8401
3330		219.59		159.185
3331		131.561		231.185
3332		20.0293		260.076
3333		-95.5172		237.353
3334		-191.41		163.297
3335		-244.257		49.7964
3336		-237.455		-79.6808
3337		-167.545		-194.297
3338		-47.534		-263.769
3339		94.9177		-267.57
3340		224.598		-201.96
3341		308.954		-81.8816
3342		327.784		63.3125
3343		278.812		198.838
3344		177.227		294.831
3345		49.6769		334.295
3346		-74.6348		316.047
3347		-172.243		252.282
3348		-230.297		162.506
3349		-246.997		66.7232
3350		-228.543		-19.4845
3351		-184.761		-86.7455
3352		-125.563		-130.958
3353		-59.3981		-151.16
3354		6.4984		-147.847
3355		65.2166		-122.624
3356		109.876		-78.9411
3357		134.512		-22.919
3358		135.77		36.7699
3359		114.416		90.3814
3360		75.645		129.479
3361		27.8267		149.178
3362		-19.8957		149.222
3363		-60.1318		133.455
3364		-88.887		107.989
3365		-105.784		78.947
3366		-113.017		50.7216
3367		-113.711		25.2943
3368		-110.439		2.61964
3369		-104.435		-18.3735
3370		-95.5451		-38.7189
3371		-82.713		-58.6715
3372		-64.652		-77.3977
3373		-40.4978		-93.0203
3374		-10.3545		-102.924
3375		24.3111		-104.293
3376		60.5422		-94.8607
3377		94.2084		-73.7618
3378		120.856		-42.1547
3379		136.913		-3.24776
3380		140.781		38.493
3381		133.201		78.7581
3382		116.563		114.796
3383		93.338		145.989
3384		64.4498		173.102
3385		28.617		196.389
3386		-16.6112		213.548
3387		-72.2955		218.852
3388		-135.174		204.458
3389		-196.058		163.857
3390		-240.957		96.1804
3391		-255.168		9.27975
3392		-229.068		-80.3347
3393		-163.208		-151.406
3394		-70.2379		-184.656
3395		27.6652		-169.818
3396		105.329		-110.024
3397		142.705		-21.5596
3398		131.42		71.1579
3399		77.1784		143.441
3400		-2.81153		177.965
3401		-86.108		169.287
3402		-152.307		123.856
3403		-188.459		56.1051
3404		-190.917		-17.2118
3405		-163.724		-81.9085
3406		-115.096		-128.778
3407		-54.1272		-153.37
3408		10.8817		-154.335
3409		72.3282		-131.995
3410		122.522		-88.222
3411		153.619		-27.504
3412		159.065		41.9696
3413		136.131		108.609
3414		88.1208		159.77
3415		24.6873		185.524
3416		-40.4975		182.189
3417		-94.0422		153.755
3418		-127.267		110.278
3419		-138.669		63.7818
3420		-133.207		23.5561
3421		-118.765		-6.87239
3422		-101.617		-29.6449
3423		-83.2581		-49.4835
3424		-60.2658		-69.3249
3425		-27.2696		-87.0793
3426		18.54		-95.362
3427		73.7947		-84.5098
3428		128.246		-47.4739
3429		167.556		15.8198
3430		178.407		96.8349
3431		153.622		180.383
3432		94.995		249.327
3433		12.6972		289.917
3434		-78.2508		295.512
3435		-162.654		267.362
3436		-228.884		212.636
3437		-270.361		141.159
3438		-284.812		62.6334
3439		-272.492		-14.4523
3440		-234.922		-82.3082
3441		-175.105		-132.834
3442		-98.9888		-157.568
3443		-16.9436		-149.421
3444		56.3302		-105.81
3445		104.351		-31.7199
3446		113.487		59.1674
3447		78.0376		146.506
3448		3.56336		208.372
3449		-93.266		227.833
3450		-188.72		198.622
3451		-258.802		127.666
3452		-286.475		33.3638
3453		-266.787		-59.9137
3454		-208.1		-129.253
3455		-129.048		-160.021
3456		-52.339		-149.852
3457		2.49265		-108.583
3458		25.0118		-54.3115
3459		16.6468		-6.97732
3460		-10.4738		18.4443
3461		-38.1702		16.9834
3462		-48.8666		-4.61936
3463		-32.1799		-30.1182
3464		10.6489		-39.3071
3465		66.0079		-15.2964
3466		111.342		48.7051
3467		121.984		145.349
3468		79.4667		253.41
3469		-21.2576		342.668
3470		-168.128		382.259
3471		-333.304		350.082
3472		-479.461		240.388
3473		-569.376		67.0596
3474		-576.023		-138.572
3475		-490.207		-334.841
3476		-323.544		-479.724
3477		-106.093		-540.862
3478		120.448		-502.954
3479		311.936		-370.871
3480		430.958		-168.211
3481		453.994		67.8625
3482		375.444		293.937
3483		208.279		468.285
3484		-18.3585		558.155
3485		-264.05		545.553
3486		-483.887		430.848
3487		-636.446		233.552
3488		-691.866		-10.282
3489		-638.555		-254.208
3490		-486.745		-450.457
3491		-267.458		-560.263
3492		-26.4076		-562.974
3493		186.18		-461.309
3494		327.374		-280.906
3495		371.737		-63.8991
3496		316.889		141.852
3497		182.752		294.787
3498		4.81187		369.34
3499		-176.362		360.505
3500		-325.913		282.217
3501		-422.455		160.609
3502		-460.682		24.8061
3503		-448.658		-101.408
3504		-401.486		-204.394
3505		-334.167		-280.78
3506		-256.501		-333.635
3507		-171.756		-366.875
3508		-79.2141		-380.595
3509		20.9627		-369.466
3510		122.998		-324.938
3511		213.32		-240.345
3512		272.285		-116.699
3513		279.581		33.4182
3514		221.516		185.897
3515		97.5013		309.621
3516		-76.8555		374.371
3517		-271.552		359.603
3518		-448.686		261.171
3519		-571.772		93.6447
3520		-614.988		-112.65
3521		-569.497		-318.95
3522		-445.026		-487.38
3523		-266.562		-589.417
3524		-67.6177		-611.152
3525		117.538		-554.359
3526		260.376		-433.882
3527		341.938		-272.999
3528		353.919		-98.5826
3529		297.953		62.6689
3530		184.347		186.771
3531		31.0163		254.416
3532		-137.555		253.234
3533		-292.257		180.634
3534		-403.175		46.4764
3535		-445.484		-125.974
3536		-406.293		-302.458
3537		-290.185		-444.151
3538		-120.887		-517.14
3539		62.5963		-502.35
3540		215.207		-402.507
3541		298.101		-243.249
3542		290.194		-67.2717
3543		195.064		77.1704
3544		40.6791		149.999
3545		-128.239		130.957
3546		-262.899		25.4564
3547		-324.225		-137.139
3548		-293.527		-312.076
3549		-177.068		-451.795
3550		-3.57232		-518.673
3551		184.084		-494.399
3552		340.279		-383.775
3553		427.93		-212.526
3554		426.936		-20.2978
3555		338.163		149.053
3556		182.578		257.495
3557		-3.87238		281.142
3558		-178.355		215.353
3559		-300.597		75.7599
3560		-341.882		-104.958
3561		-291.82		-284.094
3562		-161.304		-418.478
3563		19.3029		-474.669
3564		206.764		-437.421
3565		355.161		-314.143
3566		427.354		-133.854
3567		404.772		59.5348
3568		292.745		218.204
3569		119.646		302.888
3570		-70.2464		293.441
3571		-228.419		194.45
3572		-315.199		34.1641
3573		-310.58		-143.148
3574		-219.69		-289.371
3575		-71.2772		-365.883
3576		90.4454		-354.283
3577		218.34		-261.446
3578		275.727		-117.417
3579		246.798		33.2881
3580		141.075		144.514
3581		-9.39927		181.781
3582		-159.334		132.236
3583		-263.284		8.38976
3584		-288.784		-155.452
3585		-225.744		-313.017
3586		-89.4278		-419.315
3587		83.8079		-443.509
3588		246.75		-377.739
3589		354.601		-239.477
3590		377.556		-66.8068
3591		309.244		91.9805
3592		168.786		191.593
3593		-4.01172		202.201
3594		-159.02		117.886
3595		-249.026		-41.1001
3596		-242.464		-232.865
3597		-132.444		-404.161
3598		60.3228		-503.939
3599		291.586		-496.883
3600		503.906		-373.487
3601		640.921		-153.93
3602		662.07		115.58
3603		553.916		373.475
3604		334.885		558.04
3605		51.7862		623.338
3606		-231.309		551.531
3607		-449.083		358.118
3608		-551.628		88.4259
3609		-517.16		-193.792
3610		-357.318		-422.574
3611		-113.667		-546.304
3612		153.428		-540.149
3613		380.326		-411.21
3614		515.748		-195.423
3615		532.527		52.504
3616		432.822		273.111
3617		246.033		416.466
3618		20.5006		453.361
3619		-188.676		381.126
3620		-332.777		223.155
3621		-380.71		22.5654
3622		-326.053		-168.512
3623		-188.376		-301.745
3624		-8.37859		-344.731
3625		162.395		-289.607
3626		275.139		-155.726
3627		297.456		14.8555
3628		223.328		168.571
3629		76.1323		255.695
3630		-96.9245		245.688
3631		-238.112		137.814
3632		-296.767		-36.7639
3633		-245.94		-222.818
3634		-92.684		-357.11
3635		121.804		-388.094
3636		332.874		-293.172
3637		471.157		-87.8562
3638		483.801		176.445
3639		351.682		425.785
3640		97.1932		584.417
3641		-219.97		596.85
3642		-517.945		444.725
3643		-714.484		153.615
3644		-749.258		-212.171
3645		-600.538		-565.276
3646		-291.88		-817.139
3647		112.76		-900.206
3648		524.001		-784.841
3649		848.112		-486.878
3650		1008.92		-64.2481
3651		965.346		396.216
3652		720.527		798.398
3653		320.832		1058.24
3654		-154.781		1121.89
3655		-612.287		976.824
3656		-962.879		653.523
3657		-1141.47		217.993
3658		-1119.5		-243.072
3659		-909.539		-640.896
3660		-561.107		-902.869
3661		-149.068		-986.665
3662		242.712		-887.485
3663		538.77		-637.271
3664		686.932		-296.455
3665		667.733		59.746
3666		496.672		357.424
3667		219.126		539.021
3668		-100.694		574.194
3669		-394.139		464.366
3670		-602.548		240.275
3671		-688.552		-46.5213
3672		-641.914		-335.865
3673		-479.106		-571.858
3674		-237.379		-713.409
3675		34.5997		-740.433
3676		286.956		-655.078
3677		477.407		-478.712
3678		577.281		-246.216
3679		574.525		0.753601
3680		474.151		220.383
3681		296.746		376.71
3682		75.3224		444.917
3683		-149.596		415.637
3684		-336.763		297.482
3685		-452.322		116.543
3686		-477.689		-88.1652
3687		-414.781		-273.282
3688		-286.249		-402.049
3689		-129.551		-454.428
3690		14.0587		-432.751
3691		112.359		-360.306
3692		152.267		-272.696
3693		143.249		-204.696
3694		112.396		-177.422
3695		92.8028		-190.786
3696		109.725		-224.343
3697		169.993		-246.219
3698		258.921		-226.523
3699		345.812		-149.802
3700		395.617		-21.6068
3701		381.871		133.122
3702		295.807		278.666
3703		148.583		380.204
3704		-33.3221		413.819
3705		-216.685		371.533
3706		-370.147		260.715
3707		-469.876		99.8062
3708		-501.555		-86.6518
3709		-460.152		-271.492
3710		-349.735		-426.707
3711		-184.621		-525.236
3712		8.96826		-544.862
3713		193.362		-474.898
3714		324.794		-323.762
3715		364.43		-123.388
3716		292.516		73.7757
3717		120.115		207.025
3718		-107.779		226.534
3719		-321.584		112.904
3720		-447.813		-111.118
3721		-434.644		-383.109
3722		-272.695		-618.83
3723		-2.03178		-740.219
3724		298.761		-703.419
3725		538.515		-515.788
3726		645.146		-234.672
3727		591.018		52.2782
3728		402.097		257.974
3729		147.418		326.155
3730		-86.8126		249.508
3731		-228.115		69.1779
3732		-241.693		-143.208
3733		-138.864		-313.034
3734		31.8941		-388.524
3735		206.091		-355.329
3736		327.064		-235.78
3737		363.081		-75.3461
3738		312.361		76.3215
3739		196.516		181.333
3740		47.7832		220.894
3741		-102.928		193.424
3742		-232.12		107.343
3743		-323.05		-25.7328
3744		-361.588		-193.143
3745		-333.594		-378.2
3746		-227.491		-555.458
3747		-41.9608		-689.323
3748		205.181		-739.717
3749		472.816		-674.637
3750		701.636		-485.109
3751		829.051		-195.608
3752		809.487		136.141
3753		632.354		432.024
3754		329.986		615.695
3755		-28.5949		636.359
3756		-356.681		485.348
3757		-575.093		199.287
3758		-634.697		-151.207
3759		-528.576		-482.802
3760		-290.592		-722.857
3761		17.7302		-827.084
3762		326.073		-786.726
3763		573.093		-625.029
3764		718.088		-386.603
3765		745.116		-124.74
3766		661.271		109.319
3767		492.165		273.693
3768		276.892		340.598
3769		62.7769		300.062
3770		-101.282		163.076
3771		-174.018		-37.3074
3772		-132.778		-249.596
3773		16.9936		-414.099
3774		238.463		-478.909
3775		470.03		-417.202
3776		642.044		-239.209
3777		699.162		7.20578
3778		620.399		249.602
3779		428.575		414.343
3780		184.345		452.139
3781		-34.0223		355.887
3782		-157.875		163.467
3783		-152.047		-55.9345
3784		-26.1318		-226.704
3785		170.845		-293.094
3786		369.577		-236.835
3787		505.205		-80.0379
3788		537.792		126.29
3789		461.431		321.978
3790		300.42		457.03
3791		96.5107		503.45
3792		-105.8		457.004
3793		-269.724		331.365
3794		-369.878		149.949
3795		-390.987		-59.6944
3796		-325.861		-267.283
3797		-176.27		-439.094
3798		42.807		-539.281
3799		298.743		-536.282
3800		541.563		-413.856
3801		712.48		-182.309
3802		760.039		116.469
3803		658.582		414.978
3804		421.184		637.322
3805		100.389		722.442
3806		-225.221		644.59
3807		-474.475		422.644
3808		-588.393		114.201
3809		-546.859		-203.304
3810		-371.278		-456.863
3811		-113.318		-598.102
3812		164.45		-612.444
3813		407.512		-515.561
3814		580.911		-341.064
3815		670.648		-126.423
3816		677.515		96.4953
3817		608.914		303.596
3818		474.016		475.254
3819		284.404		592.219
3820		58.3592		635.183
3821		-175.656		589.562
3822		-380.422		453.227
3823		-517.525		242.543
3824		-558.525		-7.60729
3825		-494.72		-251.197
3826		-340.796		-443.398
3827		-130.421		-552.851
3828		94.301		-568.82
3829		294.839		-500.757
3830		444.764		-371.489
3831		532.044		-208.008
3832		555.774		-34.3714
3833		520.656		130.739
3834		433.042		272.251
3835		300.7		375.628
3836		135.628		425.814
3837		-42.9059		409.854
3838		-208.203		322.21
3839		-330.281		169.806
3840		-383.142		-26.3767
3841		-352.089		-234.56
3842		-237.848		-419.205
3843		-55.9861		-548.839
3844		167.495		-601.646
3845		401.776		-567.382
3846		615.508		-446.463
3847		778.84		-248.464
3848		864.399		8.02356
3849		849.507		294.111
3850		721.188		569.979
3851		483.193		787.839
3852		161.838		900.247
3853		-193.495		872.636
3854		-517.892		695.885
3855		-745.711		393.456
3856		-828.21		18.9892
3857		-747.556		-356.035
3858		-521.754		-660.652
3859		-198.625		-842.226
3860		158.465		-877.462
3861		487.277		-773.554
3862		739.624		-560.804
3863		887.02		-281.373
3864		919.525		20.5493
3865		841.373		304.078
3866		667.53		532.931
3867		423.229		675.873
3868		145.18		709.704
3869		-119.252		625.767
3870		-318.354		437.426
3871		-408.381		183.552
3872		-368.262		-76.4519
3873		-210.269		-277.054
3874		19.4841		-366.528
3875		253.012		-324.857
3876		421.714		-171.8
3877		479.075		39.1177
3878		415.789		239.008
3879		261.212		367.337
3880		70.8013		391.578
3881		-94.899		315.372
3882		-190.972		172.931
3883		-200.627		13.2814
3884		-135.811		-118.267
3885		-27.6372		-193.935
3886		87.7743		-208.257
3887		181.664		-174.098
3888		239.093		-113.731
3889		258.992		-49.8035
3890		250.173		0.55307
3891		226.531		27.9086
3892		203.369		30.5189
3893		194.82		13.8847
3894		211.117		-9.64822
3895		254.977		-22.3845
3896		318.067		-5.44962
3897		380.079		54.1107
3898		412.917		155.474
3899		390.315		279.461
3900		299.982		391.039
3901		152.842		449.963
3902		-16.0046		426.447
3903		-156.897		315.405
3904		-223.161		142.326
3905		-189.675		-43.1236
3906		-64.1907		-184.228
3907		114.171		-238.335
3908		289.252		-192.954
3909		409.141		-69.7273
3910		445.27		85.4053
3911		401.225		221.352
3912		307.962		301.725
3913		208.378		316.892
3914		138.739		283.726
3915		115.295		234.448
3916		131.225		200.735
3917		163.794		200.676
3918		186.928		233.854
3919		182.682		285.248
3920		146.688		334.406
3921		86.5659		364.506
3922		15.9072		367.189
3923		-51.8907		342.195
3924		-106.772		293.971
3925		-141.704		228.573
3926		-150.969		153.057
3927		-129.829		77.0427
3928		-76.9162		14.0348
3929		1.87378		-20.1124
3930		90.9981		-12.3397
3931		167.264		40.8326
3932		206.769		128.687
3933		194.294		227.248
3934		130.637		306.544
3935		33.8632		341.523
3936		-66.7863		321.691
3937		-141.808		254.841
3938		-172.152		163.125
3939		-154.796		73.5491
3940		-101.026		7.76233
3941		-29.1113		-23.9691
3942		44.086		-22.3073
3943		107.93		6.55667
3944		157.184		56.9642
3945		187.226		126.168
3946		189.679		211.363
3947		152.687		303.566
3948		67.1657		383.179
3949		-63.8222		421.833
3950		-218.256		391.804
3951		-356.322		279.651
3952		-431.391		97.4592
3953		-407.439		-114.973
3954		-275.569		-299.941
3955		-61.6819		-400.942
3956		179.184		-383.589
3957		380.493		-249.437
3958		487.001		-36.6001
3959		473.495		193.241
3960		352.165		376.055
3961		166.355		466.277
3962		-25.8063		449.459
3963		-170.703		343.066
3964		-234.129		187.008
3965		-207.532		29.1526
3966		-105.641		-88.1607
3967		41.1922		-136.711
3968		195.797		-105.45
3969		321.445		0.172112
3970		387.229		160.367
3971		372.639		343.712
3972		272.146		511.198
3973		98.9163		622.955
3974		-114.783		647.786
3975		-322.898		573.261
3976		-476.99		412.253
3977		-540.865		201.927
3978		-503.006		-6.17976
3979		-381.264		-162.361
3980		-216.957		-235.243
3981		-60.0721		-221.8
3982		48.6521		-146.554
3983		91.4017		-50.2968
3984		77.2381		26.7522
3985		35.2323		60.1387
3986		0.440374		48.6247
3987		-0.837688		11.6584
3988		39.5126		-20.8611
3989		110.215		-21.2913
3990		186.547		25.9046
3991		239.627		120.115
3992		244.934		246.052
3993		187.785		378.284
3994		65.9254		486.289
3995		-109.283		539.101
3996		-312.159		510.389
3997		-503.392		385.199
3998		-634.528		168.03
3999		-658.213		-110.663
4000		-543.441		-394.172
4001		-291.286		-609.206
4002		55.9758		-685.56
4003		418.772		-580.586
4004		699.245		-299.353
4005		810.913		98.892
4006		708.916		513.067
4007		408.991		829.143
4008		-13.2876		956.148
4009		-444.064		856.174
4010		-766.323		557.098
4011		-895.946		143.321
4012		-805.886		-271.645
4013		-530.725		-580.22
4014		-151.75		-710.905
4015		230.252		-644.144
4016		523.909		-410.948
4017		668.637		-77.92
4018		643.874		273.861
4019		466.872		568.622
4020		183.219		749.838
4021		-145.291		787.523
4022		-452.567		680.384
4023		-679.221		454.491
4024		-782.888		158.739
4025		-747.176		-143.721
4026		-586.889		-388.537
4027		-346.331		-525.907
4028		-88.829		-534.637
4029		120.992		-428.94
4030		236.834		-254.006
4031		244.859		-70.6025
4032		166.24		66.1078
4033		46.5698		125.206
4034		-63.6857		108.344
4035		-129.302		44.3536
4036		-142.204		-27.1231
4037		-120.198		-75.1471
4038		-93.7984		-91.0051
4039		-88.016		-89.6354
4040		-108.222		-98.8615
4041		-136.92		-142.261
4042		-142.707		-224.439
4043		-96.6913		-326.02
4044		11.8895		-410.682
4045		168.41		-440.609
4046		337.195		-392.858
4047		475.002		-269.042
4048		547.077		-94.4113
4049		538.521		92.3824
4050		456.645		253.358
4051		324.625		362.538
4052		170.847		410.18
4053		19.607		399.674
4054		-112.82		340.529
4055		-216.351		242.297
4056		-282.414		112.862
4057		-300.64		-38.6637
4058		-259.913		-197.216
4059		-153.787		-339.246
4060		12.5979		-435.231
4061		218.231		-457.234
4062		427.655		-388.642
4063		598.507		-231.814
4064		692.657		-10.1145
4065		686.82		236.765
4066		578.805		462.492
4067		387.579		625.246
4068		147.821		696.674
4069		-98.5228		666.401
4070		-310.696		541.895
4071		-455.54		345.072
4072		-511.223		107.587
4073		-468.913		-133.805
4074		-333.352		-341.445
4075		-122.846		-480.956
4076		131.665		-525.938
4077		389.329		-463.052
4078		604.699		-296.498
4079		735.575		-50.2141
4080		752.207		233.829
4081		645.622		502.038
4082		432.478		699.781
4083		154.26		784.092
4084		-130.089		735.336
4085		-357.205		564.317
4086		-475.173		312.016
4087		-457.996		40.9092
4088		-314.097		-180.71
4089		-85.4586		-297.44
4090		163.382		-282.898
4091		363.864		-147.778
4092		463.881		63.5114
4093		443.303		287.159
4094		318.906		460.678
4095		136.686		542.757

 
--------------------------------------


