Compute Correlation 
 
0		578.97		-459.968
1		604.766		-304.179
2		568.567		-163.448
3		487.142		-58.0212
4		380.187		2.81648
5		265.111		17.5309
6		156.211		-11.9768
7		66.9382		-82.2726
8		11.8919		-186.674
9		5.56298		-311.756
10		57.3349		-435.63
11		165.261		-530.802
12		312.635		-571.64
13		470.337		-543.379
14		604.884		-448.125
15		688.842		-304.524
16		708.726		-141.01
17		666.769		14.0656
18		576.216		140.468
19		453.336		228.576
20		310.967		275.932
21		157.177		280.955
22		-0.657257		238.556
23		-149.653		141.097
24		-267.922		-15.2574
25		-327.273		-222.368
26		-302.055		-455.319
27		-180.304		-674.783
28		28.3575		-836.711
29		292.399		-905.545
30		566.265		-865.212
31		803.092		-723.189
32		966.744		-506.452
33		1038.46		-252.004
34		1016.6		3.09844
35		911.714		228.03
36		740.92		399.496
37		525.187		500.109
38		289.847		517.449
39		65.9331		446.396
40		-111.402		294.211
41		-209.496		84.8837
42		-208.446		-141.641
43		-110.397		-337.681
44		57.6473		-461.691
45		250.586		-492.239
46		419.956		-435.397
47		530.634		-321.363
48		571.886		-191.257
49		557.484		-80.0395
50		514.963		-3.74064
51		469.602		42.8492
52		431.569		77.2483
53		393.02		114.281
54		336.636		153.523
55		250.843		176.561
56		143.025		156.215
57		42.7551		73.3484
58		-7.94766		-67.601
59		26.5095		-233.145
60		156.217		-369.404
61		356.092		-421.993
62		571.038		-358.492
63		734.42		-183.305
64		792.068		61.904
65		721.552		312.395
66		538.854		502.821
67		290.521		588.365
68		35.8002		556.258
69		-172.894		424.417
70		-303.289		229.931
71		-346.419		14.0561
72		-311.022		-189.367
73		-214.239		-358.314
74		-74.2282		-480.494
75		92.2843		-548.748
76		268.253		-558.325
77		433.846		-508.147
78		566.947		-404.806
79		647.971		-265.666
80		667.117		-117.551
81		629.945		10.045
82		557.412		94.9135
83		479.108		130.639
84		421.999		129.199
85		399.559		115.78
86		406.364		117.679
87		420.795		152.075
88		414.826		218.075
89		366.61		296.527
90		270.458		357.547
91		140.124		372.402
92		4.39334		324.723
93		-102.807		216.75
94		-153.599		68.6806
95		-134.516		-87.8672
96		-49.6166		-219.26
97		81.7563		-298.688
98		230.847		-311.975
99		366.613		-259.554
100		462.19		-155.156
101		499.698		-22.3403
102		473.196		110.153
103		389.805		213.694
104		268.836		265.303
105		138.594		252.823
106		30.782		178.569
107		-26.8171		60.0915
108		-17.7395		-72.9077
109		57.8908		-185.426
110		182.225		-246.261
111		323.575		-236.807
112		444.571		-156.756
113		512.328		-24.725
114		507.553		126.576
115		429.801		259.239
116		297.31		340.423
117		141.591		350.88
118		-1.41365		289.308
119		-100.818		171.469
120		-138.107		24.7286
121		-110.319		-120.008
122		-28.5822		-236.276
123		86.9568		-307.58
124		213.73		-329.124
125		332.492		-305.867
126		430.468		-248.34
127		501.452		-168.263
128		543.695		-75.7784
129		557.351		21.0002
130		543.124		114.724
131		502.838		197.411
132		441.286		260.506
133		367.671		297.036
134		294.903		305.005
135		236.087		289.999
136		199.27		264.842
137		182.972		245.376
138		175.303		243.506
139		158.145		260.521
140		115.441		284.299
141		42.218		292.673
142		-50.0645		262.499
143		-135.158		180.975
144		-181.014		54.0668
145		-162.919		-92.3763
146		-75.181		-220.289
147		64.128		-293.287
148		218.112		-291.123
149		344.177		-218.388
150		410.052		-103.397
151		405.952		12.5426
152		347.72		91.0246
153		269.758		110.942
154		210.987		75.4963
155		199.912		9.3849
156		244.864		-51.9572
157		332.726		-75.9956
158		435.544		-43.9438
159		521.199		44.8511
160		563.327		175.288
161		547.084		323.039
162		470.078		461.555
163		340.2		566.907
164		172.956		620.046
165		-10.1642		607.933
166		-182.646		525.342
167		-315.024		377.888
168		-379.741		184.816
169		-358.67		-21.1218
170		-250.883		-198.862
171		-76.8448		-309.173
172		124.117		-326.781
173		303.604		-249.709
174		418.344		-101.491
175		443.581		75.3735
176		380.362		232.633
177		253.923		331.154
178		104.102		351.807
179		-28.0266		298.669
180		-111.963		194.334
181		-134.053		70.3917
182		-97.2622		-42.4593
183		-16.4405		-121.077
184		87.5591		-152.222
185		192.232		-131.956
186		275.676		-64.489
187		318.148		37.9404
188		304.849		154.604
189		230.617		257.313
190		104.937		315.092
191		-45.9729		302.774
192		-182.983		211.036
193		-264.42		53.378
194		-260.124		-134.288
195		-163.687		-303.026
196		2.85168		-406.776
197		194.939		-418.802
198		360.592		-341.78
199		458.964		-206.889
200		474.834		-61.84
201		423.006		47.383
202		340.911		93.5884
203		272.714		77.3311
204		251.734		24.5077
205		288.348		-25.7523
206		367.762		-37.3195
207		457.627		9.36861
208		521.418		111.4
209		531.714		246.411
210		478.39		382.049
211		369.609		487.272
212		226.729		541.059
213		76.3383		536.125
214		-57.1032		477.79
215		-155.863		379.969
216		-210.468		260.606
217		-219.207		138.102
218		-186.903		28.9687
219		-123.684		-53.8325
220		-43.5835		-102.466
221		37.5717		-115.661
222		105.229		-99.3038
223		149.624		-65.3357
224		168.517		-28.6292
225		167.873		-2.50543
226		159.814		5.64299
227		158.269		-3.05811
228		173.755		-19.2901
229		209.127		-28.8484
230		257.883		-17.8933
231		305.717		21.6015
232		334.95		88.0451
233		330.537		169.431
234		285.8		246.028
235		205.988		296.014
236		108.25		302.56
237		17.5306		260.154
238		-40.8098		177.897
239		-49.5271		78.0808
240		-6.21019		-10.1676
241		74.6564		-60.5195
242		165.772		-59.0584
243		236.412		-10.0122
244		263.904		65.1991
245		242.607		135.88
246		186.365		174.168
247		122.923		166.388
248		82.3446		118.645
249		84.3481		53.9581
250		130.266		2.05774
251		203.321		-13.5041
252		277.007		15.1139
253		327.348		78.3399
254		342.876		155.85
255		327.341		227.809
256		294.063		284.494
257		255.413		328.957
258		213.729		371.28
259		159.324		417.797
260		77.3716		461.855
261		-39.7702		482.281
262		-181.797		451.721
263		-318.193		351.452
264		-407.298		185.065
265		-413.51		-16.8504
266		-324.577		-204.861
267		-160.069		-329.065
268		34.0606		-359.472
269		203.139		-298.61
270		305.725		-179.942
271		329.493		-52.5885
272		293.522		40.3614
273		236.184		79.456
274		195.059		74.0468
275		189.128		53.1077
276		212.084		47.1634
277		239.514		71.1915
278		245.322		117.495
279		217.998		161.895
280		167.684		179.253
281		120.31		159.304
282		102.302		113.723
283		124.647		70.4027
284		175.448		58.0482
285		225.342		89.7385
286		242.996		154.704
287		212.193		223.101
288		141.06		261.362
289		58.2252		249.799
290		-2.08969		192.823
291		-17.9311		116.129
292		9.37425		52.3812
293		57.1375		23.278
294		95.1239		27.928
295		103.648		44.0744
296		85.8848		41.6573
297		67.3799		1.41028
298		82.6606		-71.6896
299		155.834		-147.661
300		285.395		-184.29
301		441.321		-147.138
302		576.162		-26.7086
303		644.655		155.723
304		622.233		356.228
305		513.779		525.837
306		349.267		628.83
307		169.648		653.256
308		10.7856		609.978
309		-106.835		522.663
310		-178.946		415.416
311		-210.843		304.84
312		-209.018		199.627
313		-176.847		105.703
314		-116.577		31.631
315		-35.1508		-10.6981
316		51.4825		-11.455
317		120.181		28.9234
318		149.232		94.5621
319		129.717		156.76
320		72.9999		184.805
321		9.01756		160.345
322		-25.249		87.8919
323		-2.27973		-4.64539
324		82.5026		-76.6562
325		207.203		-92.1289
326		331.952		-35.3635
327		415.44		82.4372
328		431.521		228.612
329		378.094		363.356
330		274.777		455.512
331		151.699		492.273
332		36.0374		479.031
333		-56.6526		431.187
334		-122.784		363.822
335		-164.401		285.55
336		-181.645		199.596
337		-169.75		110.126
338		-122.926		28.3646
339		-42.5949		-26.9805
340		55.9897		-36.8335
341		144.4		6.84167
342		190.697		92.0629
343		174.329		186.636
344		98.7116		248.844
345		-5.87811		245.158
346		-92.0652		166.783
347		-114.406		36.5932
348		-49.2982		-97.749
349		93.5151		-182.103
350		273.393		-177.624
351		434.219		-76.3339
352		525.848		96.1899
353		522.164		291.558
354		428.453		457.282
355		276.157		554.951
356		108.849		570.601
357		-33.4969		514.483
358		-125.377		412.57
359		-158.793		295.26
360		-139.749		188.566
361		-82.1743		110.305
362		-3.07214		70.3253
363		79.6478		71.9137
364		147.894		111.963
365		185.093		179.767
366		180.235		256.488
367		133.168		317.92
368		57.9749		341.409
369		-18.8465		314.955
370		-66.4251		244.204
371		-61.3353		153.114
372		1.86616		76.6519
373		106.595		47.8337
374		219.21		84.5128
375		301.311		181.856
376		324.12		313.956
377		278.728		443.796
378		178.037		536.966
379		50.2486		573.135
380		-72.4724		550.818
381		-164.828		484.541
382		-214.485		397.02
383		-222.189		310.681
384		-197.689		242.062
385		-154.704		200.186
386		-107.472		187.569
387		-69.3338		201.538
388		-51.9709		234.47
389		-63.5748		273.433
390		-105.516		301.12
391		-169.115		299.69
392		-235.226		257.267
393		-278.602		174.493
394		-276.504		67.4475
395		-218.279		-35.6931
396		-111.292		-103.896
397		20.1985		-114.811
398		143.341		-63.3568
399		228.612		36.7583
400		259.856		159.263
401		237.873		276.07
402		176.451		367.075
403		93.7163		424.39
404		4.02551		449.711
405		-85.1579		447.59
406		-170.327		419.603
407		-245.858		363.587
408		-299.877		278.578
409		-316.07		172.009
410		-281.606		63.6485
411		-197.004		-17.8904
412		-81.6465		-45.9563
413		29.803		-9.12237
414		100.059		80.3867
415		105.595		188.738
416		48.5227		273.503
417		-42.7776		302.159
418		-125.598		267.121
419		-162.226		189.502
420		-137.297		109.219
421		-64.4644		66.0602
422		21.0059		81.0925
423		79.9018		147.735
424		87.8463		236.789
425		45.569		312.405
426		-24.306		350.256
427		-91.622		348.202
428		-135.892		324.045
429		-156.654		302.181
430		-171.303		297.163
431		-201.877		303.841
432		-258.64		300.006
433		-330.274		260.31
434		-386.94		173.627
435		-395.267		53.7602
436		-337.443		-63.3127
437		-223.886		-135.179
438		-91.9472		-134.032
439		9.63351		-62.0607
440		43.2253		47.2135
441		0.584808		142.975
442		-92.3415		179.985
443		-186.625		139.231
444		-232.145		36.4584
445		-199.466		-85.1794
446		-91.6521		-174.272
447		58.7456		-192.621
448		204.873		-129.142
449		304.773		-0.841431
450		335.5		157.695
451		296.775		309.593
452		204.829		427.831
453		81.8746		499.442
454		-52.2118		522.222
455		-182.215		498.576
456		-294.812		431.882
457		-375.137		327.956
458		-407.315		199.784
459		-380.472		70.6609
460		-297.26		-28.7929
461		-179.087		-70.5992
462		-62.9956		-42.3933
463		10.6449		43.5835
464		15.0287		151.564
465		-49.6801		234.851
466		-153.829		255.291
467		-249.218		200.811
468		-289.458		92.3304
469		-250.698		-23.9872
470		-143.03		-96.2129
471		-7.01306		-89.2357
472		103.315		-0.176758
473		143.244		140.282
474		95.7995		280.99
475		-22.1778		371.624
476		-168.281		382.567
477		-292.641		315.006
478		-357.454		197.848
479		-349.724		74.0806
480		-282.869		-16.5578
481		-188.18		-51.143
482		-101.187		-28.6815
483		-49.1826		33.5349
484		-44.3085		108.987
485		-83.2738		171.68
486		-151.788		202.951
487		-230.532		194.092
488		-300.139		145.757
489		-344.295		65.9823
490		-351.47		-31.8357
491		-316.21		-130.782
492		-240.273		-212.637
493		-133.112		-260.892
494		-10.8293		-264.211
495		106.734		-219.215
496		200.12		-131.41
497		254.208		-13.82
498		260.695		116.013
499		218.633		239.348
500		133.639		338.758
501		16.8618		399.645
502		-115.663		411.481
503		-243.645		369.714
504		-344.41		278.398
505		-397.04		152.343
506		-388.506		16.6623
507		-319.698		-97.8652
508		-208.177		-163.366
509		-85.0818		-164.658
510		14.0189		-106.033
511		61.4567		-11.2886
512		47.9666		84.0865
513		-13.5109		146.024
514		-92.9382		154.932
515		-155.373		112.955
516		-175.029		42.1466
517		-145.002		-25.5787
518		-78.5292		-62.0029
519		-1.69598		-53.4866
520		58.4616		-4.53851
521		84.6308		66.7559
522		73.9655		138.294
523		35.6359		193.262
524		-16.2919		224.774
525		-70.0544		234.507
526		-119.555		227.525
527		-162.849		207.365
528		-197.942		174.715
529		-219.717		130.234
530		-220.867		78.981
531		-196.799		32.5595
532		-151.415		6.30991
533		-99.4736		12.0718
534		-62.7412		50.2481
535		-60.7131		106.12
536		-100.18		153.63
537		-169.342		165.973
538		-240.388		128.346
539		-280.302		46.5226
540		-265.263		-53.529
541		-191.829		-135.417
542		-79.3889		-167.243
543		37.4556		-134.715
544		122.933		-46.3904
545		153.912		71.0895
546		127.166		184.966
547		57.353		269.402
548		-32.2557		313.419
549		-120.878		320.726
550		-197.4		302.87
551		-260.671		270.48
552		-314.064		227.809
553		-358.609		173.224
554		-389.367		104.506
555		-397.351		24.8657
556		-375.625		-54.6646
557		-325.501		-118.428
558		-258.618		-153.326
559		-193.119		-155.783
560		-145.691		-134.232
561		-123.833		-105.364
562		-122.694		-85.977
563		-128.314		-84.82
564		-125.51		-98.8805
565		-106.026		-116.045
566		-72.5133		-122.484
567		-36.3291		-110.514
568		-10.6916		-82.5868
569		-3.24883		-49.3972
570		-12.2701		-23.5489
571		-28.3591		-12.6713
572		-40.2815		-15.964
573		-41.1675		-25.8906
574		-31.3633		-33.5397
575		-16.4859		-34.0094
576		-2.34839		-28.3366
577		9.57904		-20.8716
578		22.8902		-14.0885
579		42.422		-4.66794
580		68.3213		15.9368
581		92.1921		56.0501
582		98.6574		116.378
583		72.5504		185.38
584		8.32681		241.096
585		-83.6277		259.685
586		-178.049		226.953
587		-243.763		146.958
588		-256.803		42.7619
589		-211.32		-51.77
590		-122.739		-105.58
591		-21.3778		-102.944
592		60.3723		-48.8804
593		100.966		34.9398
594		96.4856		121.255
595		58.4873		189.259
596		4.93475		231.47
597		-50.1968		252.471
598		-102.743		261.248
599		-156.714		262.401
600		-216.906		251.872
601		-280.912		219.869
602		-336.085		159.148
603		-363.959		73.3335
604		-350.079		-20.3531
605		-293.62		-96.4999
606		-210.859		-132.845
607		-129.69		-121.625
608		-77.3498		-74.5336
609		-67.4896		-18.0435
610		-93.4466		19.0332
611		-131.55		19.5713
612		-153.047		-13.4819
613		-138.671		-58.7802
614		-88.4097		-87.5195
615		-21.5278		-78.0479
616		33.0471		-26.7017
617		50.9189		50.5006
618		23.752		125.855
619		-37.474		173.27
620		-108.629		179.999
621		-164.337		151.178
622		-189.318		105.538
623		-183.695		65.2979
624		-160.405		45.8579
625		-137.078		50.3755
626		-127.314		71.1275
627		-135.879		95.7124
628		-159.507		113.839
629		-191.564		120.83
630		-226.835		116.568
631		-263.218		101.707
632		-299.598		74.5737
633		-332.031		31.4775
634		-351.643		-29.4602
635		-346.646		-103.518
636		-308.094		-177.282
637		-236.336		-231.584
638		-144.093		-248.835
639		-53.6539		-221.28
640		11.1611		-155.693
641		34.5656		-71.6477
642		15.1039		6.16486
643		-34.554		57.8835
644		-94.1568		75.7475
645		-145.253		65.196
646		-178.518		39.6684
647		-195.452		12.3364
648		-204.136		-10.5218
649		-212.045		-31.0117
650		-220.422		-55.6319
651		-223.519		-88.7029
652		-212.966		-127.541
653		-184.328		-162.534
654		-141.584		-182.198
655		-96.4556		-180.169
656		-62.6709		-159.777
657		-48.3491		-133.14
658		-51.0362		-114.919
659		-58.5436		-114.085
660		-55.4827		-128.399
661		-32.0611		-144.951
662		9.73984		-146.775
663		56.1866		-122.114
664		88.2308		-71.3253
665		91.0546		-7.61145
666		61.6741		48.9017
667		10.6048		80.6561
668		-43.1959		80.7462
669		-81.3086		55.5057
670		-93.9893		20.5522
671		-83.4019		-7.23634
672		-60.7524		-17.3608
673		-39.4913		-9.07067
674		-28.6838		10.7332
675		-30.1262		33.0913
676		-40.2451		52.3038
677		-54.8387		67.7621
678		-73.1053		81.5619
679		-98.0917		93.9914
680		-133.206		100.408
681		-177.201		92.1441
682		-221.288		61.4296
683		-250.971		7.54727
684		-252.356		-59.7709
685		-219.727		-122.428
686		-160.046		-161.192
687		-91.3084		-164.593
688		-35.0311		-134.722
689		-6.46704		-86.4832
690		-7.68498		-40.3318
691		-27.3337		-12.1099
692		-47.4048		-5.34225
693		-53.485		-10.2018
694		-42.9801		-9.81563
695		-26.7682		9.41632
696		-23.2314		49.0803
697		-47.7439		96.4414
698		-103.229		130.029
699		-176.923		130.351
700		-245.26		90.1886
701		-284.505		19.0893
702		-281.797		-60.3275
703		-241.024		-122.403
704		-180.726		-149.767
705		-125.264		-140.416
706		-93.8368		-107.313
707		-92.7178		-71.2023
708		-114.155		-50.5909
709		-141.783		-53.941
710		-159.227		-77.5292
711		-157.35		-109.231
712		-136.856		-135.496
713		-105.8		-147.563
714		-74.2068		-143.962
715		-49.1958		-128.825
716		-33.0924		-107.887
717		-24.857		-85.0453
718		-23.098		-61.465
719		-28.2059		-37.2749
720		-42.0762		-14.0973
721		-65.7534		3.80138
722		-96.8952		10.8904
723		-129.185		3.5778
724		-154.58		-16.9056
725		-167.338		-44.1153
726		-167.409		-69.2341
727		-160.863		-85.826
728		-156.638		-93.787
729		-161.121		-99.9431
730		-173.55		-114.509
731		-185.061		-144.99
732		-182.351		-190.756
733		-154.411		-241.419
734		-98.9486		-280.266
735		-25.0595		-291.365
736		49.4532		-266.935
737		105.031		-211.308
738		128.293		-139.488
739		117.173		-71.0119
740		80.9454		-22.0925
741		35.3826		0.21228
742		-4.34793		-0.707924
743		-29.5504		-14.4155
744		-40.0524		-29.3668
745		-42.0042		-38.2369
746		-43.1499		-40.1524
747		-48.3363		-39.2469
748		-57.5139		-40.9142
749		-66.8497		-48.1484
750		-71.8035		-59.9539
751		-70.1181		-72.3737
752		-63.013		-81.1429
753		-54.1482		-84.1673
754		-47.2836		-82.3891
755		-44.2179		-78.7332
756		-44.2242		-76.0379
757		-45.1379		-75.3885
758		-45.1912		-75.8726
759		-44.2982		-75.7592
760		-43.9496		-74.169
761		-45.8654		-72.0236
762		-50.3893		-71.587
763		-55.7897		-74.8845
764		-59.0373		-82.0595
765		-57.6491		-90.8169
766		-51.4585		-97.4467
767		-43.1447		-98.925
768		-37.0641		-94.8729
769		-36.9424		-88.1737
770		-43.6998		-83.7867
771		-54.6496		-86.3285
772		-64.5636		-97.7145
773		-68.0597		-116.126
774		-62.0456		-136.838
775		-46.9511		-154.43
776		-26.181		-165.165
777		-4.18811		-168.327
778		15.7251		-165.907
779		32.7234		-160.977
780		48.2871		-155.72
781		64.8351		-150.188
782		83.966		-142.329
783		105.249		-129.133
784		126.078		-108.199
785		142.503		-78.9633
786		150.528		-43.1245
787		147.31		-4.29992
788		131.922		32.7976
789		105.646		63.3414
790		71.8857		83.3825
791		35.6884		90.8125
792		2.79128		86.1759
793		-21.8685		72.9972
794		-35.8899		57.1758
795		-40.7132		45.2393
796		-41.6583		41.8078
797		-46.2186		47.2625
798		-60.9448		56.86
799		-88.1488		62.1127
800		-124.062		54.2158
801		-159.643		28.1474
802		-184.018		-14.5356
803		-189.123		-65.771
804		-173.312		-114.164
805		-142.025		-149.855
806		-105.048		-168.659
807		-71.6785		-173.307
808		-46.3672		-171.078
809		-27.2053		-169.094
810		-8.14726		-169.923
811		16.2632		-170.045
812		46.4117		-162.221
813		76.1291		-140.512
814		95.3495		-105.08
815		95.6654		-63.7841
816		75.7082		-29.2893
817		43.1326		-12.9283
818		11.7005		-18.5861
819		-5.30772		-40.1183
820		-1.92706		-64.0576
821		17.2414		-76.4686
822		39.3997		-70.3767
823		50.5381		-49.6575
824		43.367		-27.0235
825		21.7988		-16.9479
826		-0.707527		-27.2442
827		-8.31129		-53.9626
828		8.27116		-82.6222
829		45.9481		-95.4027
830		89.9191		-80.5884
831		120.733		-39.1701
832		124.118		15.1013
833		98.3298		62.4307
834		55.0054		86.9867
835		12.9495		84.8605
836		-11.847		65.6655
837		-14.5854		46.8975
838		-3.90334		44.1101
839		3.21662		62.2595
840		-8.94913		92.9238
841		-46.0247		118.871
842		-100.289		123.395
843		-154.722		99.2517
844		-192.004		52.2845
845		-203.404		-2.1277
846		-192.64		-47.6698
847		-172.692		-75.79
848		-157.562		-89.5851
849		-153.812		-100.764
850		-156.808		-121.57
851		-153.82		-156.454
852		-132.189		-198.407
853		-87.774		-232.23
854		-28.7044		-242.941
855		27.9187		-224.581
856		64.6771		-184.306
857		73.0683		-139.298
858		58.1186		-108.05
859		35.7211		-100.796
860		24.1045		-114.366
861		34.1227		-134.311
862		63.7045		-143.067
863		99.4511		-129.595
864		124.354		-95.1585
865		127.204		-52.1404
866		108.404		-16.7695
867		79.0423		-0.0371399
868		53.9725		-2.01781
869		43.0787		-12.7424
870		45.8509		-18.9231
871		52.4042		-12.4343
872		50.2441		4.5498
873		32.6873		20.8587
874		3.83075		23.3641
875		-23.0501		5.60932
876		-32.9503		-27.1477
877		-18.2224		-59.6804
878		16.01		-74.6358
879		53.4644		-62.2082
880		74.7538		-26.1756
881		67.6112		17.2682
882		33.6743		47.4887
883		-11.9805		49.9995
884		-48.4182		23.9685
885		-59.5145		-17.4022
886		-42.0214		-53.7891
887		-6.8022		-68.1809
888		27.2304		-55.2393
889		43.0107		-23.2733
890		33.6596		10.9054
891		4.96398		31.1054
892		-28.9144		29.7432
893		-53.6597		10.5083
894		-62.1521		-15.2713
895		-56.9695		-35.9635
896		-47.1024		-46.1675
897		-41.3453		-48.741
898		-42.605		-51.5232
899		-46.5466		-61.1856
900		-45.1625		-78.272
901		-32.7545		-96.586
902		-10.3518		-107.253
903		14.3808		-104.788
904		31.8137		-91.1761
905		36.7039		-75.1532
906		32.1277		-66.8599
907		28.2307		-71.0277
908		36.1579		-82.9864
909		60.5946		-90.305
910		95.4593		-79.5811
911		125.705		-44.7013
912		134.709		8.26494
913		113.378		62.7131
914		65.8375		99.2415
915		8.23495		105.483
916		-39.0259		82.6281
917		-61.6022		44.8728
918		-58.458		11.8693
919		-41.9707		-1.83264
920		-30.709		5.41209
921		-38.7605		21.6544
922		-67.4704		28.2475
923		-104.2		10.6173
924		-128.885		-32.9941
925		-124.901		-89.648
926		-88.3425		-137.797
927		-30.7088		-158.114
928		26.4647		-143.272
929		62.1103		-101.525
930		65.6815		-52.3216
931		41.5432		-16.4828
932		5.67615		-6.26079
933		-23.1639		-20.423
934		-32.8699		-46.557
935		-23.03		-68.8122
936		-3.33821		-76.5071
937		13.1208		-68.9222
938		17.524		-54.0825
939		9.56381		-42.8733
940		-3.71843		-42.3423
941		-13.2276		-52.1631
942		-13.6346		-66.0191
943		-6.09314		-76.5541
944		3.5901		-80.4348
945		9.81831		-80.1963
946		11.6807		-81.7584
947		13.9378		-89.373
948		23.7219		-101.491
949		45.0099		-110.526
950		74.5278		-107.044
951		102.046		-85.9931
952		115.394		-51.0781
953		107.521		-14.2304
954		81.4068		10.0615
955		49.5835		12.6318
956		28.0595		-4.77167
957		27.7231		-29.6587
958		48.0227		-45.0546
959		76.6732		-38.6546
960		95.8859		-9.85469
961		91.9257		29.3883
962		62.7979		60.5894
963		19.7397		68.5396
964		-18.4682		49.5744
965		-35.3957		13.7359
966		-25.7166		-20.4427
967		1.94866		-35.7545
968		29.6582		-25.4361
969		39.718		3.32988
970		24.0086		33.3504
971		-11.9129		46.5574
972		-51.9861		33.3474
973		-78.157		-2.84184
974		-79.478		-47.9295
975		-56.9426		-84.9055
976		-21.7704		-102.409
977		11.4332		-99.5157
978		32.4888		-84.4669
979		40.0314		-68.6367
980		40.3516		-59.6064
981		41.9256		-57.4564
982		49.3256		-56.1824
983		60.3274		-48.9291
984		67.8623		-33.4557
985		65.3424		-14.2405
986		51.7743		0.141739
987		33.217		2.6778
988		19.4742		-7.07695
989		17.9667		-22.0166
990		28.6485		-31.4378
991		43.3558		-27.7134
992		50.3628		-11.5984
993		41.6723		7.326
994		18.6906		15.7672
995		-7.38342		4.70791
996		-21.1604		-24.3779
997		-11.7941		-58.9906
998		20.088		-81.5491
999		61.4625		-78.8527
1000		92.9777		-49.8565
1001		99.0312		-7.22099
1002		76.4363		28.6095
1003		36.7977		39.902
1004		1.01747		21.1466
1005		-11.3568		-17.615
1006		7.65233		-55.5902
1007		50.1277		-71.7377
1008		96.1437		-55.4499
1009		123.785		-11.8081
1010		119.969		41.2525
1011		86.4265		82.1667
1012		37.9075		96.3123
1013		-6.02879		82.3587
1014		-30.9626		51.3402
1015		-33.9078		19.4793
1016		-22.8899		-0.883448
1017		-10.6284		-7.13935
1018		-6.38186		-6.07147
1019		-10.7784		-8.06243
1020		-16.4265		-19.6859
1021		-13.5476		-39.249
1022		3.08813		-57.8614
1023		30.2828		-65.1789
1024		57.964		-56.131
1025		75.1726		-34.4008
1026		76.7577		-10.452
1027		66.5991		4.74462
1028		55.2822		6.46864
1029		53.516		-0.687065
1030		65.2305		-5.45815
1031		84.5856		3.1646
1032		98.8789		28.7829
1033		95.8461		64.5421
1034		71.1682		96.2027
1035		31.7347		109.779
1036		-7.43156		99.4567
1037		-31.04		71.1951
1038		-31.822		39.8195
1039		-14.5345		21.0843
1040		6.66677		23.11
1041		16.088		42.0024
1042		5.214		64.141
1043		-22.5961		73.8614
1044		-54.0457		62.218
1045		-73.3332		31.9255
1046		-70.8655		-4.23087
1047		-48.3687		-30.5184
1048		-17.6236		-36.8189
1049		6.29888		-23.807
1050		13.3415		-1.9523
1051		3.57597		14.8763
1052		-13.6394		17.3695
1053		-25.7345		5.69451
1054		-24.5106		-11.3374
1055		-10.7533		-22.1294
1056		6.73058		-19.5408
1057		16.8916		-5.14605
1058		13.4154		11.9712
1059		-1.36944		21.0456
1060		-18.014		16.4468
1061		-25.9421		1.26792
1062		-20.2139		-14.5594
1063		-4.85107		-20.5302
1064		9.43675		-12.3985
1065		11.8901		4.67571
1066		-1.25689		18.7816
1067		-23.6789		18.3527
1068		-41.9353		-0.425282
1069		-43.059		-30.3966
1070		-22.46		-56.6023
1071		12.5491		-64.3252
1072		45.9269		-47.5599
1073		61.2872		-13.0093
1074		50.926		22.8983
1075		20.3848		42.5604
1076		-14.1679		36.6948
1077		-34.4697		9.493
1078		-29.991		-23.5173
1079		-3.63627		-43.8215
1080		29.8513		-39.9253
1081		51.9215		-13.5246
1082		50.2572		21.5308
1083		25.3091		46.8458
1084		-10.1947		49.4076
1085		-38.3547		28.3602
1086		-45.7676		-4.99107
1087		-30.3862		-33.7317
1088		-1.92078		-44.6057
1089		24.158		-34.7822
1090		35.3787		-12.4981
1091		28.755		8.45215
1092		11.4703		16.9183
1093		-4.29071		10.4424
1094		-9.0214		-4.23514
1095		-1.40734		-16.2114
1096		11.5451		-17.7023
1097		19.6521		-9.02165
1098		16.6444		1.80405
1099		4.71187		4.51876
1100		-6.43319		-6.20897
1101		-5.54901		-26.4785
1102		12.668		-44.5716
1103		43.2632		-47.5242
1104		72.7413		-29.0991
1105		86.1737		5.62951
1106		75.7726		42.0672
1107		45.9389		63.608
1108		11.6292		60.8053
1109		-9.36874		37.0062
1110		-6.12755		7.07043
1111		19.1522		-10.3748
1112		51.9213		-3.02665
1113		72.8649		28.198
1114		68.2485		69.3344
1115		37.3927		100.617
1116		-6.82219		106.915
1117		-44.7122		85.6926
1118		-60.1257		48.2106
1119		-48.7573		13.3929
1120		-20.011		-2.22908
1121		8.43438		6.98818
1122		20.235		33.3629
1123		8.88022		60.5939
1124		-19.4141		72.7966
1125		-49.6939		62.8355
1126		-66.6303		35.5362
1127		-62.5163		4.37956
1128		-40.6442		-16.1007
1129		-12.614		-17.7989
1130		8.4361		-2.37717
1131		14.5973		20.9389
1132		6.22824		41.2849
1133		-9.99283		52.0299
1134		-26.2474		53.2092
1135		-38.465		49.4958
1136		-47.8768		45.5132
1137		-58.5182		41.8554
1138		-72.6461		34.5564
1139		-87.4		18.3928
1140		-95.2386		-8.20361
1141		-88.2202		-40.042
1142		-63.6041		-66.3131
1143		-27.1561		-75.8069
1144		8.30927		-63.3838
1145		28.8495		-33.8264
1146		26.7149		-0.463409
1147		4.92617		21.1221
1148		-23.7131		21.0839
1149		-42.9452		0.628357
1150		-41.4674		-28.4063
1151		-18.8802		-49.6503
1152		14.1069		-50.771
1153		41.3634		-29.8894
1154		49.8383		3.60921
1155		36.2582		34.2418
1156		8.46223		48.6611
1157		-19.1836		42.4389
1158		-33.5935		21.8028
1159		-29.6217		-0.372147
1160		-12.0299		-11.8166
1161		8.0078		-7.19769
1162		19.5394		9.89592
1163		17.6515		30.0808
1164		5.23085		44.2078
1165		-10.0093		48.5416
1166		-21.0722		46.0688
1167		-26.194		43.4135
1168		-29.5362		45.5686
1169		-37.7393		51.9423
1170		-54.6596		56.3289
1171		-77.7816		50.8916
1172		-98.7679		31.6594
1173		-108.028		1.9912
1174		-100.601		-28.3875
1175		-79.6934		-48.4751
1176		-55.4806		-52.3066
1177		-39.6049		-42.6663
1178		-38.4711		-29.7801
1179		-49.3244		-25.4977
1180		-61.6175		-36.235
1181		-63.1025		-58.8438
1182		-47.2348		-82.0167
1183		-17.5383		-92.6525
1184		13.8076		-83.6389
1185		32.6023		-58.5178
1186		30.8321		-30.1347
1187		11.7263		-13.7717
1188		-11.42		-18.4886
1189		-22.2621		-41.5784
1190		-10.5034		-69.4327
1191		21.9935		-84.5752
1192		61.6061		-75.1311
1193		89.8228		-41.5422
1194		92.945		3.21753
1195		69.3767		40.1332
1196		30.5543		53.8678
1197		-4.93805		40.4898
1198		-20.8267		9.13249
1199		-11.069		-23.1164
1200		17.8801		-40.1167
1201		51.3466		-34.4612
1202		74.552		-10.0879
1203		79.9154		21.269
1204		69.6506		47.308
1205		52.6871		61.699
1206		38.2513		66.2902
1207		30.2211		68.1331
1208		25.6136		73.6345
1209		17.8321		83.7611
1210		2.27893		93.378
1211		-19.5026		95.0672
1212		-40.0137		84.85
1213		-50.3617		65.9503
1214		-46.3664		47.8938
1215		-32.2288		41.164
1216		-19.1106		50.5338
1217		-19.0647		71.2569
1218		-37.7235		90.8007
1219		-70.1832		95.5302
1220		-102.864		78.6697
1221		-120.681		44.8309
1222		-115.62		8.16464
1223		-91.7244		-15.1805
1224		-63.3547		-16.1909
1225		-47.368		1.5451
1226		-53.4672		23.4088
1227		-78.2382		31.7923
1228		-106.501		16.2485
1229		-119.519		-20.0185
1230		-105.636		-61.2093
1231		-67.3481		-87.2373
1232		-20.6302		-84.8261
1233		13.3657		-55.1935
1234		19.805		-13.8626
1235		-1.53009		17.5238
1236		-35.8799		23.0006
1237		-61.4703		1.16331
1238		-61.5183		-33.8844
1239		-33.6568		-60.1898
1240		8.50898		-60.0854
1241		42.682		-30.1195
1242		50.0616		16.7409
1243		25.754		57.9238
1244		-18.3275		73.3943
1245		-59.6812		56.4976
1246		-77.1618		17.6101
1247		-62.1511		-21.3301
1248		-22.9671		-38.3487
1249		19.6996		-22.7356
1250		43.622		19.8755
1251		36.1551		71.0758
1252		-0.247581		109.553
1253		-50.6576		121.629
1254		-96.3911		106.821
1255		-124.565		75.9015
1256		-133.177		43.3291
1257		-129.379		18.9653
1258		-122.787		4.00277
1259		-118.521		-6.88929
1260		-114.535		-19.2146
1261		-104.828		-32.7452
1262		-86.179		-40.3663
1263		-63.5812		-32.8475
1264		-50.1355		-6.71687
1265		-60.5383		29.9712
1266		-101.478		58.3886
1267		-164.686		56.9541
1268		-227.467		12.9072
1269		-261.591		-68.8988
1270		-246.617		-165.392
1271		-180.813		-244.143
1272		-83.5815		-277.798
1273		12.4437		-256.911
1274		76.0591		-194.476
1275		91.6173		-119.642
1276		65.4757		-63.6852
1277		21.5813		-45.3907
1278		-11.3252		-63.2272
1279		-14.0905		-98.0425
1280		14.3134		-124.406
1281		58.1799		-124.256
1282		95.0491		-95.5731
1283		108.418		-51.7988
1284		96.1536		-12.9402
1285		70.3016		6.22814
1286		48.9392		4.13629
1287		45.1323		-7.68539
1288		59.4277		-12.2908
1289		80.0193		2.18924
1290		90.1754		35.4254
1291		78.3587		75.1543
1292		45.0693		104.45
1293		2.5131		111.584
1294		-32.5399		96.6741
1295		-48.4024		71.3268
1296		-44.9651		51.6317
1297		-33.3338		48.7148
1298		-28.964		62.3866
1299		-42.4138		81.5009
1300		-73.1271		90.674
1301		-109.781		79.3223
1302		-136.828		47.7277
1303		-143.274		6.70335
1304		-128.519		-28.7414
1305		-101.964		-47.8215
1306		-76.864		-49.4412
1307		-62.3213		-41.5572
1308		-58.3784		-35.0446
1309		-57.182		-36.0349
1310		-49.4378		-41.6313
1311		-32.037		-41.8602
1312		-11.8798		-26.8637
1313		-3.0853		5.01124
1314		-18.7505		43.3913
1315		-61.8617		69.223
1316		-120.821		64.0667
1317		-172.726		20.5193
1318		-193.307		-52.0309
1319		-168.605		-129.829
1320		-102.341		-184.545
1321		-15.0343		-195.671
1322		64.7427		-159.32
1323		112.553		-89.198
1324		117.662		-9.61818
1325		85.5916		55.5012
1326		33.1418		91.9562
1327		-20.6954		98.6168
1328		-62.7956		84.1407
1329		-89.014		60.0055
1330		-101.778		34.4299
1331		-104.901		10.5208
1332		-99.6982		-11.151
1333		-85.1085		-28.3711
1334		-61.4371		-35.3014
1335		-34.5155		-24.8524
1336		-16.4597		5.67226
1337		-21.2275		49.457
1338		-56.6978		89.7366
1339		-117.804		105.762
1340		-185.466		82.973
1341		-233.288		22.1082
1342		-239.586		-58.2534
1343		-198.901		-128.201
1344		-126.63		-159.721
1345		-53.5933		-140.384
1346		-12.4667		-80.4038
1347		-22.438		-9.02232
1348		-79.7443		38.4884
1349		-158.97		37.0436
1350		-224.617		-16.7602
1351		-247.263		-103.458
1352		-216.391		-190.197
1353		-143.816		-245.88
1354		-56.6287		-254.365
1355		16.1377		-219.498
1356		56.0359		-160.328
1357		60.8514		-100.025
1358		41.4733		-54.9077
1359		12.9534		-29.2804
1360		-14.4257		-17.9188
1361		-38.9167		-13.499
1362		-64.3475		-13.5962
1363		-93.189		-22.5876
1364		-120.835		-47.3247
1365		-135.432		-89.6033
1366		-123.987		-140.718
1367		-81.3422		-182.356
1368		-16.3841		-194.325
1369		48.9346		-165.317
1370		88.2754		-100.674
1371		83.2835		-22.2991
1372		33.2044		40.0439
1373		-43.5981		62.0524
1374		-117.441		36.1506
1375		-160.722		-25.119
1376		-160.221		-95.3421
1377		-122.158		-146.863
1378		-67.7414		-163.301
1379		-21.9112		-145.718
1380		-1.37918		-109.776
1381		-8.09808		-76.0795
1382		-30.996		-59.3345
1383		-54.179		-62.165
1384		-66.4222		-76.4063
1385		-66.4752		-90.291
1386		-61.5443		-96.6869
1387		-60.519		-97.2671
1388		-66.6084		-100.24
1389		-74.2628		-113.344
1390		-72.4966		-136.786
1391		-52.6875		-160.924
1392		-15.9964		-170.651
1393		24.4989		-154.358
1394		48.9448		-112.341
1395		40.895		-59.4836
1396		-2.8343		-19.9792
1397		-68.194		-16.241
1398		-128.469		-57.4888
1399		-155.562		-133.937
1400		-132.609		-219.763
1401		-61.7714		-283.591
1402		36.4875		-301.463
1403		132.055		-266.178
1404		197.338		-188.945
1405		217.162		-93.2631
1406		192.26		-4.69289
1407		135.766		58.3193
1408		65.628		88.6518
1409		-2.68254		88.9802
1410		-59.7689		66.8155
1411		-101.592		29.7426
1412		-126.431		-16.4794
1413		-132.546		-66.7316
1414		-118.496		-114.296
1415		-85.7324		-150.241
1416		-41.1424		-165.786
1417		3.07438		-156.681
1418		33.2086		-126.79
1419		40.0218		-88.0811
1420		23.6124		-56.1382
1421		-5.96938		-43.0384
1422		-33.3293		-51.3343
1423		-45.5332		-72.6733
1424		-39.0241		-92.2374
1425		-21.7264		-96.9565
1426		-8.85844		-83.1668
1427		-14.4011		-59.4284
1428		-42.6917		-42.6671
1429		-84.7517		-49.3874
1430		-121.58		-86.4505
1431		-132.979		-146.296
1432		-107.524		-209.257
1433		-48.6262		-251.955
1434		26.3506		-257.658
1435		93.4202		-223.526
1436		132.049		-161.408
1437		133.1		-92.1628
1438		101.161		-36.6588
1439		50.787		-7.93184
1440		-0.772659		-7.90897
1441		-40.4553		-29.4227
1442		-62.765		-61.5037
1443		-68.8973		-94.6551
1444		-63.232		-123.508
1445		-49.8963		-146.298
1446		-31.3989		-162.605
1447		-9.50928		-171.598
1448		13.1146		-172.157
1449		32.4646		-164.554
1450		44.7379		-151.945
1451		48.9995		-139.899
1452		48.8391		-133.552
1453		51.1968		-133.867
1454		62.2672		-135.627
1455		82.5334		-129.165
1456		104.123		-105.766
1457		112.882		-64.1563
1458		95.0774		-14.2534
1459		45.7424		24.7849
1460		-25.8626		32.3072
1461		-97.3218		-3.50775
1462		-141.228		-77.9209
1463		-137.203		-168.96
1464		-82.126		-245.044
1465		6.7287		-277.97
1466		97.7401		-255.354
1467		157.824		-186.549
1468		166.329		-98.9964
1469		123.491		-26.5476
1470		49.5445		4.81183
1471		-24.8891		-12.7715
1472		-72.3878		-67.3196
1473		-79.8251		-134.19
1474		-52.0391		-188.167
1475		-7.00298		-214.451
1476		34.4144		-213.495
1477		58.6698		-198.059
1478		64.8504		-184.784
1479		63.0847		-185.019
1480		67.6882		-199.477
1481		89.0783		-218.838
1482		128.561		-229.195
1483		178.075		-219.03
1484		224.203		-184.161
1485		253.777		-128.799
1486		258.218		-63.1653
1487		235.142		0.272614
1488		187.643		49.846
1489		122.849		76.1439
1490		51.0632		72.5645
1491		-14.4454		36.2868
1492		-58.2527		-29.683
1493		-65.6014		-114.259
1494		-27.4672		-197.896
1495		53.8582		-255.997
1496		161.759		-266.296
1497		267.643		-217.869
1498		339.208		-117.684
1499		352.097		9.16803
1500		300.035		126.929
1501		198.512		202.018
1502		79.5626		215.963
1503		-20.6923		172.521
1504		-76.4618		95.4248
1505		-82.1156		17.4931
1506		-52.8448		-33.9895
1507		-15.8547		-48.796
1508		3.6351		-36.7718
1509		-5.22794		-21.0338
1510		-34.1801		-24.8539
1511		-60.9503		-58.8129
1512		-61.5662		-114.636
1513		-23.653		-168.769
1514		45.9344		-193.915
1515		122.963		-172.835
1516		176.301		-107.664
1517		182		-20.2337
1518		134.313		56.6997
1519		48.6044		93.1606
1520		-44.9593		74.2394
1521		-113.735		5.57408
1522		-135.219		-89.9577
1523		-104.497		-182.214
1524		-33.8901		-245.519
1525		54.1073		-266.974
1526		136.622		-248.325
1527		198.284		-201.683
1528		234.128		-142.166
1529		247.3		-81.4153
1530		243.859		-24.8641
1531		228.022		26.7939
1532		200.349		73.7384
1533		159.377		113.584
1534		105.141		140.558
1535		42.101		147.721
1536		-20.526		130.813
1537		-71.3886		91.3736
1538		-101.247		37.2642
1539		-106.578		-19.8459
1540		-90.646		-68.7586
1541		-61.5349		-102.613
1542		-28.2591		-120.417
1543		2.93579		-125.628
1544		30.1447		-122.766
1545		54.5265		-114.112
1546		77.0739		-98.4673
1547		95.474		-72.7986
1548		103.161		-35.945
1549		91.5596		7.74786
1550		54.7799		47.2042
1551		-5.47675		67.1254
1552		-77.5083		53.7071
1553		-141.516		1.27029
1554		-175.732		-83.2971
1555		-164.599		-180.758
1556		-105.59		-264.966
1557		-11.5196		-311.749
1558		93.047		-307.73
1559		180.148		-255.363
1560		228.235		-171.948
1561		229.386		-82.9263
1562		190.92		-12.3315
1563		130.921		25.502
1564		69.9027		29.4557
1565		22.5802		9.15027
1566		-6.46447		-21.8901
1567		-21.4709		-53.728
1568		-29.6937		-84.25
1569		-34.5694		-118.036
1570		-31.8679		-160.66
1571		-11.2389		-211.787
1572		37.3861		-261.24
1573		115.875		-290.821
1574		212.939		-281.626
1575		305.386		-223.547
1576		365.79		-122.136
1577		373.386		1.02792
1578		323.107		115.261
1579		228.29		192.164
1580		115.529		216.289
1581		13.9794		190.125
1582		-55.8541		131.176
1583		-88.5852		62.7976
1584		-92.8874		3.52844
1585		-83.9948		-39.7749
1586		-74.1		-71.8431
1587		-65.9043		-102.576
1588		-52.6608		-138.318
1589		-24.3658		-175.981
1590		23.7093		-203.479
1591		85.2757		-206.302
1592		143.662		-176.544
1593		178.836		-119.174
1594		177.176		-51.7815
1595		138.713		2.42944
1596		77.8011		24.8891
1597		16.7281		9.77301
1598		-24.3832		-34.2724
1599		-36.0109		-89.5594
1600		-21.5979		-138.784
1601		7.13142		-173.113
1602		38.8748		-194.438
1603		70.1527		-210.716
1604		106.828		-227.398
1605		158.604		-240.382
1606		229.57		-235.261
1607		310.519		-194.133
1608		378.166		-106.832
1609		402.889		19.4984
1610		361.914		158.202
1611		251.603		270.487
1612		92.4599		319.7
1613		-76.1461		286.102
1614		-209.58		175.303
1615		-273.833		16.4539
1616		-256.705		-148.728
1617		-169.759		-280.861
1618		-41.181		-354.988
1619		96.1486		-365.188
1620		215.372		-321.142
1621		300.758		-240.112
1622		346.498		-139.418
1623		352.065		-33.1201
1624		318.451		66.7266
1625		248.157		147.07
1626		148.615		193.005
1627		35.7606		191.275
1628		-66.1745		136.988
1629		-130.585		39.5929
1630		-138.396		-76.3822
1631		-87.1869		-177.887
1632		5.66544		-235.244
1633		108.451		-234.057
1634		187.384		-181.176
1635		220.108		-101.396
1636		203.938		-26.2356
1637		154.867		19.7534
1638		98.0883		28.3945
1639		55.1789		8.54919
1640		34.6895		-21.7101
1641		30.8333		-46.6516
1642		30.3587		-61.559
1643		23.1258		-73.7885
1644		9.93584		-95.9708
1645		2.89381		-135.709
1646		18.0413		-188.167
1647		64.613		-236.292
1648		137.403		-258.927
1649		217.09		-242.392
1650		278.865		-188.85
1651		304.835		-116.369
1652		293.299		-50.179
1653		259.462		-9.6694
1654		226.823		1.72026
1655		213.73		-2.10941
1656		222.479		1.61947
1657		237.219		30.5838
1658		232.297		85.4366
1659		186.957		146.694
1660		98.7453		182.653
1661		-11.6372		164.758
1662		-107.005		82.8109
1663		-149.002		-47.6122
1664		-114.844		-189.345
1665		-7.66236		-297.48
1666		144.054		-336.424
1667		297.107		-292.584
1668		408.944		-177.756
1669		450.943		-23.0525
1670		414.789		132.569
1671		311.217		253.618
1672		163.949		315.193
1673		2.91492		305.207
1674		-140.572		223.839
1675		-236.812		82.9143
1676		-261.02		-93.7683
1677		-198.813		-270.777
1678		-53.3641		-405.09
1679		149.219		-455.729
1680		360.954		-397.519
1681		522.339		-233.856
1682		580.497		-1.80738
1683		508.938		235.031
1684		320.423		405.417
1685		66.2276		454.779
1686		-179.466		365.27
1687		-344.66		162.893
1688		-384.198		-91.7269
1689		-293.998		-325.27
1690		-109.445		-477.204
1691		110.487		-518.487
1692		305.846		-456.69
1693		435.285		-327.143
1694		485.37		-175.743
1695		467.808		-41.7806
1696		408.431		52.3604
1697		334.536		102.274
1698		266.359		115.833
1699		214.751		105.682
1700		183.3		84.1751
1701		171.222		61.9504
1702		174.324		48.3407
1703		184.127		50.7067
1704		187.621		71.3338
1705		170.373		103.413
1706		123.431		129.712
1707		51.0845		127.057
1708		-25.5194		76.6259
1709		-72.9752		-24.0403
1710		-58.5525		-153.851
1711		33.3819		-271.223
1712		189.41		-328.253
1713		366.647		-290.966
1714		506.023		-156.611
1715		554.721		40.7159
1716		488.266		239.974
1717		322.174		375.234
1718		107.558		400.638
1719		-87.6207		307.449
1720		-203.398		126.09
1721		-208.034		-86.9323
1722		-105.656		-270.494
1723		70.2345		-378.91
1724		272.412		-392.618
1725		456.314		-317.14
1726		590.108		-173.971
1727		656.16		9.75192
1728		646.979		207.123
1729		561.307		391.565
1730		404.608		534.523
1731		193.82		606.079
1732		-38.1313		581.72
1733		-243.929		453.714
1734		-372.638		241.004
1735		-387.14		-9.55115
1736		-280.671		-234.386
1737		-83.5616		-374.215
1738		144.977		-396.237
1739		338.064		-307.078
1740		446.518		-149.602
1741		456.787		15.731
1742		392.98		136.57
1743		302.152		189.369
1744		230.286		185.406
1745		200.95		159.856
1746		207		150.205
1747		218.735		175.511
1748		203.319		227.156
1749		144.601		275.292
1750		52.7151		286.704
1751		-41.2565		243.893
1752		-101.985		154.906
1753		-108.337		48.9297
1754		-63.3228		-39.2995
1755		9.54532		-87.109
1756		80.7726		-93.5395
1757		131.41		-75.9178
1758		161.794		-55.9607
1759		187.426		-44.1633
1760		224.645		-32.2806
1761		275.005		1.00932
1762		318.455		74.0127
1763		320.677		184.782
1764		251.869		303.453
1765		107.266		380.189
1766		-82.1807		366.416
1767		-256.127		239.464
1768		-346.759		18.1469
1769		-306.774		-239.244
1770		-130.417		-454.606
1771		142.257		-558.784
1772		439.709		-516.591
1773		684.843		-337.389
1774		820.622		-67.8884
1775		824.652		227.707
1776		708.433		489.786
1777		504.89		677.767
1778		252.924		772.561
1779		-12.5038		769.912
1780		-261.301		672.129
1781		-463.266		485.342
1782		-584.439		224.42
1783		-591.119		-78.6576
1784		-462.548		-370.932
1785		-206.629		-585.758
1786		130.884		-661.881
1787		471.712		-567.564
1788		726.351		-318.461
1789		824.431		20.8949
1790		741.551		355.335
1791		510.251		591.166
1792		209.195		669.303
1793		-65.7312		585.443
1794		-236.492		388.7
1795		-269.536		159.659
1796		-183.346		-22.2902
1797		-34.9881		-108.207
1798		107.091		-93.6693
1799		191.406		-13.3271
1800		201.014		79.565
1801		154.378		138.196
1802		91.4777		140.697
1803		53.2233		95.3381
1804		63.8538		32.4309
1805		123.051		-11.3679
1806		209.094		-8.52972
1807		289.43		50.1409
1808		332.883		154.509
1809		318.691		280.341
1810		240.538		396.962
1811		106.524		474.203
1812		-62.8309		487.561
1813		-237.231		422.251
1814		-380.149		277.069
1815		-454.475		67.7649
1816		-430.805		-171.95
1817		-297.008		-394.149
1818		-65.6856		-546.23
1819		224.314		-584.632
1820		514.6		-488.491
1821		741.186		-268.086
1822		851.517		35.6351
1823		818.796		360.821
1824		648.789		640.551
1825		377.279		819.346
1826		59.8623		865.24
1827		-241.789		774.578
1828		-472.778		569.793
1829		-594.127		292.584
1830		-587.638		-4.645
1831		-457.447		-267.267
1832		-229.31		-446.545
1833		52.3365		-507.699
1834		330.534		-437.574
1835		546.015		-250.048
1836		650.649		13.744
1837		620.901		292.711
1838		466.455		520.477
1839		229.617		643.862
1840		-25.9485		638.994
1841		-234.351		518.729
1842		-347.953		327.873
1843		-351.57		127.409
1844		-264.945		-26.4418
1845		-132.753		-100.305
1846		-6.48865		-92.106
1847		74.2495		-27.2907
1848		93.761		54.61
1849		61.602		116.736
1850		4.1691		137.928
1851		-48.6598		117.417
1852		-75.6289		70.7262
1853		-70.3271		20.1221
1854		-40.2856		-15.377
1855		-1.03345		-26.324
1856		31.1517		-14.0206
1857		44.5923		12.2449
1858		34.437		39.3342
1859		2.577		53.6658
1860		-43.1072		43.3758
1861		-89.1982		0.146339
1862		-117.405		-78.1587
1863		-106.98		-184.061
1864		-40.0649		-297.938
1865		90.6341		-389.009
1866		274.631		-421.671
1867		480.857		-366.607
1868		662.317		-213.166
1869		768.354		22.1851
1870		761.032		295.945
1871		629.575		547.724
1872		396.807		717.75
1873		114.306		765.615
1874		-152.519		683.213
1875		-344.097		496.941
1876		-423.906		258.528
1877		-387.209		28.2983
1878		-258.948		-142.633
1879		-82.8207		-224.977
1880		93.4044		-215.231
1881		230.673		-131.363
1882		305.806		-3.63824
1883		312.392		134.993
1884		257.429		255.744
1885		156.713		337.236
1886		31.1231		366.317
1887		-95.8414		338.333
1888		-200.386		257.826
1889		-261.875		139.084
1890		-267.501		4.92509
1891		-216.624		-117.596
1892		-122.277		-204.24
1893		-8.02184		-241.077
1894		99.6335		-229.047
1895		180.567		-182.951
1896		228.015		-124.605
1897		249.68		-72.8584
1898		262.015		-35.0519
1899		280.077		-4.24347
1900		307.787		36.0261
1901		333.638		101.302
1902		334.532		195.002
1903		286.601		302.068
1904		178.324		391.168
1905		19.8563		425.246
1906		-156.128		376.31
1907		-303.077		238.197
1908		-375.522		31.7794
1909		-344.407		-199.679
1910		-206.823		-403.131
1911		13.2712		-531.267
1912		272.865		-555.086
1913		522.453		-469.515
1914		718.251		-291.394
1915		830.156		-52.2918
1916		844.22		209.963
1917		761.126		457.825
1918		593.415		657.663
1919		363.579		781.675
1920		103.209		810.17
1921		-148.51		735.436
1922		-349.123		566.324
1923		-460.954		330.87
1924		-461.292		73.9251
1925		-350.948		-151.543
1926		-156.98		-297.835
1927		72.8698		-336.218
1928		283.055		-265.583
1929		426.112		-112.347
1930		475.629		78.6626
1931		431.495		258.715
1932		315.934		389.25
1933		162.913		450.19
1934		6.14548		440.138
1935		-129.048		370.107
1936		-227.363		255.274
1937		-279.769		109.623
1938		-278.46		-54.007
1939		-215.031		-219.694
1940		-84.0845		-364.12
1941		109.292		-456.808
1942		342.846		-467.087
1943		576.519		-375.907
1944		760.563		-187.106
1945		850.603		68.1492
1946		823.74		337.533
1947		688.29		563.216
1948		481.994		701.079
1949		258.585		735.231
1950		68.1285		681.277
1951		-60.2969		576.757
1952		-125.895		463.156
1953		-150.381		367.914
1954		-162.341		294.857
1955		-179.672		227.344
1956		-198.899		142.16
1957		-196.73		26.8834
1958		-143.065		-108.257
1959		-18.9512		-230.303
1960		169.503		-295.662
1961		388.324		-268.814
1962		585.611		-138.823
1963		709.785		73.9844
1964		727.911		324.037
1965		636.204		556.107
1966		458.878		723.178
1967		237.209		798.942
1968		14.8732		780.652
1969		-173.491		683.187
1970		-306.36		529.339
1971		-372.578		342.299
1972		-366.103		143.841
1973		-283.528		-42.6048
1974		-127.106		-188.405
1975		88.2416		-260.823
1976		329.092		-231.158
1977		544.622		-87.6966
1978		677.457		152.703
1979		681.914		441.459
1980		542.657		707.618
1981		285.221		878.149
1982		-27.531		902.156
1983		-313.158		769.356
1984		-495.516		515.002
1985		-528.953		208.837
1986		-411.584		-67.7151
1987		-183.038		-247.194
1988		91.494		-294.953
1989		343.795		-214.981
1990		522.732		-42.2433
1991		605.101		173.545
1992		595.074		385.228
1993		515.067		560.089
1994		393.639		683.431
1995		255.836		755.105
1996		118.758		782.857
1997		-8.13031		776.456
1998		-120.469		744.662
1999		-216.856		694.636
2000		-298.077		632.003
2001		-366.878		560.057
2002		-426.645		478.227
2003		-478.214		381.436
2004		-515.899		262.296
2005		-525.381		116.654
2006		-486.141		-49.353
2007		-379.185		-214.457
2008		-197.847		-343.399
2009		42.9921		-395.603
2010		304.364		-339.393
2011		530.243		-166.499
2012		663.052		99.4611
2013		662.551		405.106
2014		520.971		680.51
2015		268.214		859.43
2016		-35.3599		899.39
2017		-316.245		794.394
2018		-509.02		575.877
2019		-574.107		302.04
2020		-506.366		39.9743
2021		-332.682		-152.874
2022		-100.771		-241.877
2023		135.788		-219.815
2024		330.948		-103.22
2025		454.337		76.4092
2026		493.245		282.412
2027		450.009		480.549
2028		337.497		643.033
2029		175.082		749.664
2030		-13.864		787.697
2031		-203.325		752.021
2032		-366.099		646.155
2033		-476.44		483.487
2034		-514.136		287.431
2035		-469.18		89.306
2036		-345.437		-76.4314
2037		-161.682		-178.878
2038		50.9435		-197.596
2039		254.907		-127.688
2040		414.297		18.6885
2041		502.709		215.071
2042		508.705		427.113
2043		437.178		620.826
2044		306.261		770.135
2045		140.923		861.384
2046		-34.405		893.505
2047		-201.48		874.18
2048		-350.178		813.928
2049		-476.32		720.897
2050		-576.893		598.818
2051		-645.412		449.064
2052		-670.284		275.708
2053		-637.581		90.7678
2054		-537.498		-83.5563
2055		-371.642		-217.714
2056		-157.508		-282.389
2057		72.5932		-258.129
2058		278.543		-143.011
2059		423.004		45.0872
2060		481.533		272.804
2061		448.274		500.494
2062		335.347		692.523
2063		166.9		824.617
2064		-28.8772		885.993
2065		-226.016		876.747
2066		-403.051		803.341
2067		-541.778		675.588
2068		-625.232		507.046
2069		-638.162		317.974
2070		-571.616		137.65
2071		-430.219		2.37423
2072		-238.069		-52.6024
2073		-38.5666		-5.45402
2074		114.387		140.526
2075		172.358		351.994
2076		109.969		571.425
2077		-63.2802		733.38
2078		-302.816		785.866
2079		-541.76		708.596
2080		-712.469		520.625
2081		-768.683		273.967
2082		-699.707		35.6285
2083		-531.367		-134.735
2084		-314.153		-202.738
2085		-104.181		-166.295
2086		54.8591		-50.3496
2087		141.908		106.812
2088		158.278		268.72
2089		119.284		410.812
2090		43.3753		522.385
2091		-55.4806		601.762
2092		-169.222		649.206
2093		-291.905		662.472
2094		-414.608		637.492
2095		-523.298		573.135
2096		-601.725		476.302
2097		-637.995		363.295
2098		-630.925		255.66
2099		-592.012		172.042
2100		-541.117		120.253
2101		-497.47		94.0574
2102		-470.414		76.9071
2103		-454.815		51.2317
2104		-433.919		8.76757
2105		-388.677		-43.4219
2106		-309.118		-84.6569
2107		-202.109		-89.7347
2108		-91.3549		-41.3377
2109		-9.17685		60.0964
2110		16.4765		193.847
2111		-25.9785		325.172
2112		-126.102		417.793
2113		-254.559		447.268
2114		-373.594		409.696
2115		-450.338		322.409
2116		-467.562		216.881
2117		-427.985		127.239
2118		-351.262		79.1392
2119		-265.775		82.9904
2120		-198.995		133.168
2121		-170.014		212.275
2122		-186.186		297.818
2123		-243.78		368.491
2124		-331.077		408.291
2125		-432.048		408.207
2126		-529.397		366.26
2127		-606.776		286.919
2128		-650.622		180.388
2129		-652.058		61.5676
2130		-608.741		-51.8297
2131		-525.958		-142.248
2132		-416.118		-195.875
2133		-296.288		-205.746
2134		-184.25		-173.136
2135		-94.3938		-106.563
2136		-34.8994		-18.7148
2137		-7.23761		77.5116
2138		-7.98364		172.254
2139		-31.9673		259.999
2140		-75.2371		338.635
2141		-136.49		406.952
2142		-216.372		461.939
2143		-315.04		497.306
2144		-429.152		504.08
2145		-549.725		473.218
2146		-661.973		399.377
2147		-747.528		284.448
2148		-788.614		139.482
2149		-773.001		-15.9167
2150		-698.254		-156.901
2151		-573.856		-258.736
2152		-420.291		-302.846
2153		-265.018		-281.828
2154		-136.187		-201.855
2155		-55.7765		-81.5108
2156		-34.1628		52.8493
2157		-67.8537		174.002
2158		-141.21		260.952
2159		-231.657		303.986
2160		-316.701		306.08
2161		-380.371		280.285
2162		-416.978		244.182
2163		-431.072		213.492
2164		-433.939		197.153
2165		-438.256		195.489
2166		-453.052		201.762
2167		-480.834		206.118
2168		-517.665		200.092
2169		-555.74		179.866
2170		-587.119		147.199
2171		-606.987		108.011
2172		-615.271		69.4776
2173		-616.238		36.9377
2174		-616.45		11.7315
2175		-621.958		-9.39995
2176		-635.668		-33.2924
2177		-655.629		-68.0827
2178		-674.71		-120.279
2179		-681.862		-191.893
2180		-664.859		-278.405
2181		-614.047		-368.349
2182		-526.183		-445.038
2183		-407.081		-490.421
2184		-271.83		-490.262
2185		-141.939		-439.026
2186		-39.8724		-342.584
2187		17.3515		-217.35
2188		23.1199		-85.7456
2189		-17.3474		30.5183
2190		-89.8597		116.697
2191		-177.264		168.16
2192		-265.898		189.056
2193		-349.428		187.232
2194		-428.167		168.088
2195		-504.239		130.756
2196		-575.267		69.0011
2197		-630.324		-23.1769
2198		-651.112		-143.904
2199		-618.82		-277.974
2200		-524.039		-397.257
2201		-375.07		-468.121
2202		-200.034		-463.575
2203		-40.6202		-375.144
2204		60.9119		-218.989
2205		76.5853		-32.89
2206		3.22165		135.447
2207		-135.989		244.377
2208		-299.772		272.226
2209		-443.596		223.52
2210		-534.969		125.226
2211		-563.121		15.0033
2212		-539.652		-73.3126
2213		-490.737		-120.958
2214		-445.032		-128.124
2215		-422.736		-109.965
2216		-430.068		-87.6673
2217		-460.383		-79.201
2218		-499.991		-93.7016
2219		-534.978		-130.962
2220		-555.696		-184.744
2221		-557.616		-247.005
2222		-539.583		-310.44
2223		-501.894		-368.481
2224		-446.139		-414.026
2225		-377.015		-439.116
2226		-304.377		-437.165
2227		-242.961		-407.312
2228		-208.242		-358.445
2229		-209.222		-309.668
2230		-241.354		-285.224
2231		-283.773		-304.662
2232		-303.746		-371.99
2233		-268.099		-469.017
2234		-157.796		-557.073
2235		20.3375		-588.016
2236		230.362		-521.276
2237		414.935		-340.648
2238		512.076		-64.0821
2239		475.195		257.814
2240		289.154		554.48
2241		-23.3547		754.935
2242		-407.034		807.363
2243		-788.425		692.407
2244		-1094.2		426.729
2245		-1267.49		57.1547
2246		-1278.15		-351.227
2247		-1125.98		-728.67
2248		-838.305		-1012.72
2249		-464.176		-1157.15
2250		-67.0592		-1138.29
2251		283.834		-959.259
2252		524.046		-651.987
2253		606.222		-275.144
2254		512.47		93.9648
2255		262.918		374.386
2256		-84.0466		501.235
2257		-442.691		444.857
2258		-721.121		222.538
2259		-847.322		-102.945
2260		-791.573		-439.546
2261		-576.789		-692.97
2262		-271.981		-795.81
2263		29.848		-728.484
2264		242.035		-524.135
2265		311.955		-255.488
2266		236.076		-8.53226
2267		57.1744		147.057
2268		-154.527		179.756
2269		-328.393		102.67
2270		-417.924		-36.65
2271		-413.82		-177.779
2272		-341.757		-271.07
2273		-247.488		-294.118
2274		-176.588		-255.651
2275		-157.446		-187.105
2276		-193.559		-127.131
2277		-266.485		-106.281
2278		-346.138		-137.793
2279		-402.716		-216.606
2280		-415.186		-324.709
2281		-374.173		-438.563
2282		-280.469		-534.686
2283		-142.413		-591.865
2284		25.0522		-591.362
2285		199.12		-518.047
2286		347.847		-364.609
2287		432.296		-138.435
2288		414.426		132.208
2289		269.884		397.352
2290		1.34328		593.264
2291		-353.84		658.811
2292		-726.824		555.599
2293		-1032.56		284.403
2294		-1193.29		-109.296
2295		-1162.38		-544.164
2296		-939.825		-924.26
2297		-573.525		-1165.71
2298		-145.818		-1219.66
2299		249.851		-1083.93
2300		533.819		-800.33
2301		658.664		-439.977
2302		616.473		-82.764
2303		434.889		201.815
2304		165.654		367.504
2305		-129.216		396.292
2306		-389.652		297.223
2307		-566.654		101.822
2308		-628.912		-141.887
2309		-567.965		-376.604
2310		-401.666		-545.226
2311		-173.947		-602.942
2312		51.7925		-530.165
2313		206.844		-342.022
2314		236.718		-89.3037
2315		120.202		152.35
2316		-119.636		303.858
2317		-418.422		308.523
2318		-688.557		152.943
2319		-847.255		-125.678
2320		-844.69		-449.87
2321		-681.536		-727.043
2322		-408.87		-880.463
2323		-110.305		-874.483
2324		126.765		-724.756
2325		239.808		-490.238
2326		209.29		-251.053
2327		60.7336		-81.437
2328		-148.088		-27.8831
2329		-348.165		-99.2763
2330		-479.803		-270.081
2331		-506.076		-492.48
2332		-417.004		-711.015
2333		-226.64		-874.43
2334		32.7422		-942.792
2335		316.042		-891.311
2336		569.832		-713.562
2337		738.002		-425.452
2338		770.997		-68.3997
2339		638.883		292.082
2340		344.887		576.003
2341		-66.6555		707.218
2342		-513.784		636.267
2343		-894.057		359.811
2344		-1111.84		-71.7762
2345		-1107.14		-563.612
2346		-875.526		-1000.96
2347		-471.242		-1281.64
2348		8.1393		-1345.05
2349		450.31		-1187.9
2350		759.901		-861.576
2351		882.529		-453.592
2352		814.24		-60.5335
2353		595.378		237.601
2354		293.531		394.07
2355		-17.0102		400.06
2356		-272.562		279.183
2357		-430.604		76.4312
2358		-473.629		-153.824
2359		-408.452		-358.216
2360		-263.04		-492.885
2361		-81.4241		-530.836
2362		84.0997		-468.064
2363		184.139		-326.693
2364		185.525		-152.326
2365		83.0796		-3.77531
2366		-95.2178		63.7527
2367		-293.564		17.3129
2368		-444.385		-140.212
2369		-490.621		-367.839
2370		-406.315		-597.858
2371		-207.351		-757.699
2372		52.4127		-794.536
2373		298.593		-693.348
2374		460.849		-481.658
2375		495.301		-219.509
2376		396.811		20.8935
2377		197.573		177.78
2378		-45.8961		216.537
2379		-271.208		135.77
2380		-426.889		-37.2322
2381		-482.588		-257.652
2382		-431.629		-475.565
2383		-288.089		-645.705
2384		-81.7866		-733.485
2385		146.589		-718.573
2386		350.173		-597.877
2387		482.02		-388.398
2388		503.895		-128.255
2389		396.973		126.978
2390		171.014		314.521
2391		-132.66		380.187
2392		-447.879		295.243
2393		-699.876		67.8769
2394		-826.554		-256.202
2395		-797.266		-605.663
2396		-621.852		-904.479
2397		-346.153		-1094.38
2398		-35.6932		-1150.49
2399		245.988		-1084.53
2400		455.864		-935.225
2401		580.08		-750.8
2402		630.611		-571.275
2403		632.991		-417.652
2404		611.676		-291.275
2405		579.715		-181.785
2406		536.576		-78.4895
2407		473.619		20.8924
2408		383.17		107.951
2409		265.97		167.956
2410		133.322		187.683
2411		3.42442		162.204
2412		-105.582		97.2196
2413		-181.938		6.26293
2414		-222.852		-95.1958
2415		-232.564		-195.314
2416		-217.587		-288.287
2417		-182.125		-372.783
2418		-126.273		-447.82
2419		-47.8454		-508.794
2420		53.344		-546.072
2421		171.174		-547.126
2422		291.219		-501.319
2423		392.214		-405.274
2424		450.572		-266.638
2425		446.447		-104.869
2426		369.549		51.1617
2427		223.296		168.089
2428		26.5642		214.508
2429		-187.371		168.016
2430		-374.941		21.8806
2431		-489.591		-209.926
2432		-491.858		-491.038
2433		-360.676		-766.159
2434		-103.021		-970.652
2435		241.749		-1045.42
2436		605.922		-953.808
2437		906.733		-695.605
2438		1066.62		-312.701
2439		1035.05		116.836
2440		805.144		496.115
2441		419.067		733.962
2442		-40.2492		769.499
2443		-469.353		589.199
2444		-770.582		231.095
2445		-876.669		-225.087
2446		-766.6		-678.618
2447		-468.699		-1032.93
2448		-51.0416		-1218.05
2449		397.086		-1204.6
2450		786.943		-1006.72
2451		1049.52		-674.656
2452		1147.95		-280.065
2453		1081.31		101.412
2454		880.17		406.155
2455		596.089		593.865
2456		288.034		652.392
2457		9.01662		595.824
2458		-204.098		456.976
2459		-335.533		276.604
2460		-389.588		92.3594
2461		-384.544		-69.5028
2462		-343.856		-197.598
2463		-287.736		-293.603
2464		-227.896		-366.58
2465		-166.828		-426.159
2466		-101.036		-477.455
2467		-26.032		-519.538
2468		59.5807		-547.364
2469		152.78		-555.417
2470		247.636		-540.645
2471		338.044		-503.033
2472		419.444		-443.887
2473		488.073		-363.588
2474		538.196		-261.156
2475		559.506		-136.98
2476		537.522		2.11618
2477		458.528		138.376
2478		318.028		242.833
2479		129.053		281.513
2480		-74.469		227.28
2481		-242.764		73.1925
2482		-323.695		-158.641
2483		-280.61		-417.747
2484		-107.728		-637.049
2485		163.595		-752.478
2486		471.118		-723.538
2487		738.911		-547.039
2488		899.378		-258.777
2489		912.132		77.2267
2490		773.279		387.433
2491		512.948		608.166
2492		183.752		699.076
2493		-154.039		647.51
2494		-444.778		465.02
2495		-644.081		180.303
2496		-720.584		-166.933
2497		-656.188		-529.058
2498		-448.203		-851.927
2499		-114.208		-1078.19
2500		303.097		-1155.69
2501		735.946		-1050.98
2502		1100.62		-763.764
2503		1315.98		-335.713
2504		1326.72		152.829
2505		1122.95		599.98
2506		747.503		909.438
2507		286.482		1018.51
2508		-155.059		916.649
2509		-483.964		647.073
2510		-645.231		290.826
2511		-634.201		-60.6914
2512		-491.031		-334.046
2513		-280.941		-492.595
2514		-69.0631		-539.977
2515		100.035		-509.084
2516		211.221		-443.069
2517		274.85		-377.136
2518		314.275		-328.101
2519		351.83		-294.033
2520		399.436		-261.484
2521		456.394		-215.046
2522		512.918		-144.362
2523		555.589		-46.5034
2524		571.227		75.1453
2525		548.069		212.572
2526		475.769		353.102
2527		346.924		477.718
2528		161.62		560.222
2529		-66.1854		570.415
2530		-304.251		482.734
2531		-503.962		288.411
2532		-610.754		6.08741
2533		-581.177		-315.085
2534		-400.748		-603.613
2535		-95.0578		-784.269
2536		271.654		-801.445
2537		611.567		-638.785
2538		837.608		-327.43
2539		888.76		60.6289
2540		747.64		431.959
2541		444.712		697.058
2542		48.6876		793.21
2543		-352.54		698.127
2544		-673.524		431.761
2545		-849.121		48.028
2546		-845.034		-379.129
2547		-660.827		-770.718
2548		-327.347		-1055.77
2549		99.2528		-1181.69
2550		545.827		-1122.23
2551		933.024		-883.04
2552		1188.74		-503.453
2553		1263.02		-52.263
2554		1141.13		384.01
2555		850.074		719.531
2556		454.894		890.127
2557		43.6822		870.461
2558		-295.154		681.137
2559		-496.577		382.424
2560		-535.645		56.0022
2561		-431.578		-219.329
2562		-238.003		-389.719
2563		-23.3269		-438.831
2564		151.503		-387.421
2565		250.172		-281.338
2566		268.079		-173.333
2567		228.48		-105.469
2568		170.699		-97.6194
2569		135.495		-144.46
2570		152.396		-220.11
2571		231.95		-287.518
2572		363.614		-309.315
2573		518.479		-257.696
2574		655.6		-121.963
2575		730.891		87.036
2576		707.667		336.431
2577		567.349		575.773
2578		317.887		746.887
2579		-3.17031		798.059
2580		-333.525		699.45
2581		-599.296		454.992
2582		-733.89		106.067
2583		-697.212		-275.645
2584		-488.876		-605.125
2585		-150.588		-806.069
2586		243.555		-831.184
2587		605.9		-674.364
2588		857.195		-371.293
2589		944.987		10.8839
2590		853.716		390.708
2591		605.079		690.787
2592		250.528		852.671
2593		-140.575		845.851
2594		-493.784		670.949
2595		-741.472		358.453
2596		-833.375		-35.8228
2597		-745.681		-438.433
2598		-487.768		-769.667
2599		-104.35		-958.488
2600		329.652		-959.02
2601		722.892		-764.336
2602		988.406		-412.314
2603		1066.35		20.3499
2604		941.402		436.199
2605		648.259		742.73
2606		262.157		877.781
2607		-123.126		825.939
2608		-422.635		620.185
2609		-583.527		328.366
2610		-596.48		29.7166
2611		-492.068		-209.807
2612		-324.747		-354.708
2613		-151.517		-404.499
2614		-13.5323		-385.777
2615		73.2133		-336.675
2616		116.419		-290.715
2617		137.961		-266.102
2618		161.657		-263.194
2619		203.52		-269.053
2620		267.433		-265.451
2621		346.125		-236.321
2622		425.191		-172.21
2623		487.435		-71.5376
2624		515.959		59.9087
2625		496.137		209.61
2626		417.645		358.534
2627		277.561		481.788
2628		84.2213		551.288
2629		-139.92		541.411
2630		-358.86		436.949
2631		-528.627		240.866
2632		-607.497		-21.5367
2633		-568.161		-304.745
2634		-407.761		-552.05
2635		-151.92		-709.398
2636		149.271		-739.988
2637		432.636		-634.991
2638		637.453		-416.94
2639		720.63		-134.71
2640		667.234		148.381
2641		493.689		369.905
2642		243.167		482.933
2643		-25.2041		466.369
2644		-250.354		328.794
2645		-383.061		105.394
2646		-396.475		-150.97
2647		-291.183		-382.258
2648		-93.9191		-538.439
2649		149.621		-588.366
2650		386.085		-525.868
2651		567.094		-369.69
2652		660.02		-157.426
2653		654.208		64.802
2654		561.188		253.962
2655		409.224		379.803
2656		234.198		430.064
2657		69.8157		410.214
2658		-59.9335		338.531
2659		-144.22		238.693
2660		-184.423		132.531
2661		-189.987		35.1163
2662		-173.056		-46.861
2663		-143.846		-113.719
2664		-107.98		-169.597
2665		-66.101		-218.893
2666		-15.2962		-263.459
2667		48.4486		-301.163
2668		127.569		-325.929
2669		220.655		-329.113
2670		321.094		-301.896
2671		417.048		-238.242
2672		493.018		-137.758
2673		532.914		-7.57482
2674		524.011		137.539
2675		460.702		277.267
2676		346.762		389.676
2677		195.259		455.888
2678		26.0479		464.01
2679		-138.233		411.102
2680		-276.2		302.807
2681		-370.504		151.333
2682		-408.883		-26.9144
2683		-384.115		-212.887
2684		-294.113		-385.354
2685		-143.18		-521.15
2686		55.6207		-596.731
2687		278.405		-592.169
2688		490.909		-497.377
2689		653.169		-318.553
2690		728.512		-81.7503
2691		694.602		169.275
2692		552.619		381.849
2693		330.469		507.974
2694		77.7168		518.436
2695		-146.989		412.309
2696		-292.11		218.038
2697		-327.507		-14.6355
2698		-251.848		-229.158
2699		-90.8555		-377.887
2700		112.36		-433.639
2701		310.741		-393.662
2702		465.412		-275.866
2703		552.688		-110.157
2704		564.891		70.9288
2705		506.701		238.747
2706		390.266		370.941
2707		231.911		450.857
2708		51.4237		466.524
2709		-127.285		411.392
2710		-276.543		287.306
2711		-368.301		108.037
2712		-380.66		-99.38
2713		-305.458		-297.863
2714		-153.483		-448.329
2715		45.7368		-520.414
2716		250.626		-501.944
2717		418.999		-403.263
2718		520.344		-254.288
2719		544.439		-95.0565
2720		503.145		36.9279
2721		424.834		117.975
2722		343.699		144.213
2723		287.969		130.541
2724		271.138		103.421
2725		288.92		90.4985
2726		322.349		110.792
2727		345.371		168.551
2728		334.072		252.273
2729		274.624		338.591
2730		167.839		399.394
2731		29.5025		409.968
2732		-113.214		356.043
2733		-228.174		238.217
2734		-285.975		72.8567
2735		-267.273		-110.666
2736		-168.121		-275.908
2737		-2.03766		-387.291
2738		201.901		-418.338
2739		404.771		-358.25
2740		566.144		-215.081
2741		653.107		-14.5536
2742		647.695		205.346
2743		550.85		402.664
2744		381.969		540.569
2745		174.299		595.008
2746		-32.4906		559.203
2747		-200.67		444.205
2748		-301.867		275.751
2749		-322.108		88.4011
2750		-263.754		-81.6414
2751		-144.211		-203.619
2752		8.13614		-257.958
2753		159.966		-239.696
2754		279.923		-158.968
2755		345.046		-38.4166
2756		345.378		92.026
2757		285.67		201.91
2758		183.732		267.031
2759		65.8305		274.556
2760		-39.6852		225.278
2761		-108.846		132.575
2762		-127.043		18.5737
2763		-91.4711		-91.2802
2764		-10.8248		-173.827
2765		97.3049		-212.765
2766		210.486		-201.5
2767		306.107		-144.053
2768		365.943		-54.0625
2769		380.049		47.9946
2770		349.303		139.176
2771		285.827		199.558
2772		210.603		217.799
2773		148.137		195.225
2774		119.092		146.689
2775		132.882		97.0818
2776		182.931		73.7262
2777		246.92		96.6204
2778		292.893		169.814
2779		289.894		277.414
2780		219.761		386.454
2781		85.7489		456.451
2782		-85.6166		452.821
2783		-250.782		359.569
2784		-361.844		186.581
2785		-381.503		-31.3624
2786		-295.162		-243.767
2787		-116.05		-398.77
2788		118.215		-457.843
2789		356.209		-406.112
2790		546.665		-255.384
2791		651.317		-39.5977
2792		653.037		195.08
2793		557.664		401.993
2794		390.154		544.152
2795		187.135		600.615
2796		-11.6169		568.49
2797		-170.77		461.257
2798		-265.031		304.672
2799		-282.485		131.393
2800		-225.751		-24.8628
2801		-111.04		-135.108
2802		34.8945		-180.253
2803		179.835		-154.818
2804		292.597		-68.2523
2805		349.796		56.8721
2806		341.254		189.798
2807		272.525		298.76
2808		163.594		358.697
2809		43.898		357.488
2810		-55.1808		298.98
2811		-108.427		201.936
2812		-103.395		95.0881
2813		-43.775		9.51169
2814		51.4434		-29.7904
2815		152.93		-10.9315
2816		229.022		61.1054
2817		254.82		165.242
2818		219.938		269.782
2819		132.528		341.462
2820		17.9578		355.75
2821		-88.0442		305.302
2822		-150.197		203.663
2823		-145.303		82.4538
2824		-70.873		-17.6753
2825		52.4619		-59.8112
2826		186.076		-23.2074
2827		284.748		88.9141
2828		310.743		249.068
2829		245.883		413.036
2830		97.5787		532.763
2831		-103.089		570.3
2832		-310.262		508.268
2833		-475.915		353.8
2834		-561.931		135.432
2835		-548.211		-105.152
2836		-435.233		-323.281
2837		-241.697		-480.256
2838		0.774078		-549.292
2839		253.715		-518.298
2840		477.393		-390.428
2841		635.75		-183.443
2842		701.224		71.8575
2843		659.691		334.726
2844		514.797		559.985
2845		289.957		706.132
2846		26.1158		744.768
2847		-225.589		668.672
2848		-415.247		495.429
2849		-506.665		264.485
2850		-486.919		27.6944
2851		-369.581		-164.112
2852		-190.264		-274.307
2853		4.07611		-289.151
2854		168.466		-219.315
2855		271.449		-94.2515
2856		301.379		48.1265
2857		266.182		172.628
2858		187.732		255.267
2859		93.544		287.022
2860		8.83582		272.822
2861		-48.9384		227.302
2862		-72.3692		169.367
2863		-63.7028		117.213
2864		-32.7737		84.6052
2865		5.9317		78.4571
2866		36.7365		97.6075
2867		46.6278		132.938
2868		29.1165		169.249
2869		-12.8551		189.195
2870		-66.2878		178.83
2871		-110.848		133.332
2872		-124.93		60.726
2873		-93.5652		-18.3952
2874		-15.4585		-76.0073
2875		93.8157		-85.5789
2876		204.363		-31.9681
2877		280.147		81.3538
2878		290.407		230.785
2879		220.488		377.898
2880		78.166		480.191
2881		-106.941		503.858
2882		-290.884		434.348
2883		-427.431		281.259
2884		-480.783		76.1013
2885		-435.042		-136.134
2886		-297.823		-308.762
2887		-97.4352		-404.908
2888		124.969		-405.622
2889		325.605		-312.824
2890		467.718		-147.082
2891		528.46		58.4637
2892		501.892		265.972
2893		398.177		440.541
2894		239.888		556.143
2895		56.6809		599.093
2896		-120.43		568.976
2897		-264.267		477.347
2898		-355.507		344.774
2899		-385.17		196.786
2900		-355.383		59.3419
2901		-278.38		-45.6016
2902		-173.831		-103.784
2903		-64.8504		-110.971
2904		26.721		-73.3848
2905		84.8712		-5.97003
2906		102.769		71.3546
2907		83.9688		138.732
2908		40.9399		181.491
2909		-8.90588		193.915
2910		-48.6973		180.401
2911		-67.4694		153.468
2912		-63.6258		129.056
2913		-45.1943		120.586
2914		-26.619		133.839
2915		-23.1013		164.553
2916		-44.4945		199.749
2917		-91.0331		222.417
2918		-152.562		217.898
2919		-211.624		179.573
2920		-249.278		111.76
2921		-251.499		28.7526
2922		-213.834		-49.5209
2923		-142.779		-103.542
2924		-53.6774		-119.751
2925		33.7856		-93.847
2926		100.702		-31.1474
2927		133.035		55.5005
2928		123.818		149.035
2929		73.5675		231.474
2930		-10.3901		286.525
2931		-114.967		301.527
2932		-222.507		269.208
2933		-312.487		189.52
2934		-364.309		71.2636
2935		-361.371		-67.4243
2936		-295.771		-200.785
2937		-172.193		-299.886
2938		-9.21869		-339.218
2939		163.138		-303.74
2940		309.631		-194.048
2941		398.215		-27.6807
2942		408.241		164.226
2943		335.851		344.148
2944		194.926		477.115
2945		13.4476		538.749
2946		-173.432		520.226
2947		-331.441		429.162
2948		-434.21		286.716
2949		-467.797		122.204
2950		-432.239		-33.2058
2951		-340.381		-152.389
2952		-214.682		-216.898
2953		-82.6324		-219.908
2954		28.5766		-167.181
2955		97.4957		-75.7867
2956		113.033		29.5252
2957		77.1013		121.962
2958		4.25695		179.295
2959		-82.0903		189.717
2960		-156.222		155.069
2961		-197.629		90.1095
2962		-197.102		17.7254
2963		-159.232		-38.507
2964		-100.36		-61.9358
2965		-42.6324		-47.9599
2966		-6.31615		-4.88715
2967		-3.13542		49.6431
2968		-32.9485		95.1849
2969		-84.7034		115.447
2970		-140.953		103.204
2971		-183.969		61.6758
2972		-201.132		2.37701
2973		-187.906		-59.2763
2974		-147.863		-108.721
2975		-90.4243		-135.75
2976		-27.6412		-136.017
2977		28.7209		-110.746
2978		69.0907		-65.4444
2979		87.0267		-8.47176
2980		79.643		50.1499
2981		47.9755		99.7754
2982		-2.65187		130.428
2983		-62.6412		134.599
2984		-119.083		109.357
2985		-158		58.093
2986		-167.64		-8.99627
2987		-141.979		-76.3111
2988		-83.2617		-126.156
2989		-2.52899		-143.218
2990		82.331		-118.939
2991		150.671		-54.4194
2992		184.255		39.1255
2993		172.068		142.626
2994		113.426		233.579
2995		18.4914		291.487
2996		-93.9348		302.885
2997		-200.812		264.664
2998		-280.322		184.867
2999		-317.032		80.7327
3000		-305.478		-25.4925
3001		-251.26		-111.96
3002		-169.379		-162.454
3003		-80.2237		-170.116
3004		-4.2869		-138.693
3005		42.9819		-80.9886
3006		54.7881		-14.9878
3007		34.1113		41.2097
3008		-7.8903		74.2013
3009		-55.6127		78.4867
3010		-93.6937		57.2511
3011		-111.258		20.6752
3012		-104.554		-17.5576
3013		-77.3841		-44.412
3014		-39.4251		-51.0978
3015		-3.116		-35.1946
3016		19.9091		-0.903137
3017		21.8766		42.4314
3018		0.723038		82.9672
3019		-39.573		109.433
3020		-90.1006		113.879
3021		-139.208		93.5278
3022		-175.227		51.4064
3023		-189.148		-4.33144
3024		-176.661		-62.1938
3025		-139.181		-109.86
3026		-83.614		-136.872
3027		-20.9459		-136.929
3028		36.0469		-109.309
3029		75.4807		-59.1172
3030		88.8851		3.67719
3031		73.0599		66.2097
3032		30.9088		115.333
3033		-28.933		140.387
3034		-93.6766		135.626
3035		-148.963		101.775
3036		-182.044		46.3202
3037		-184.945		-17.7753
3038		-156.811		-74.8508
3039		-104.692		-110.378
3040		-42.2377		-114.926
3041		13.6133		-87.1108
3042		47.2476		-34.4414
3043		48.9509		28.4473
3044		17.9429		83.8878
3045		-37.2715		116.402
3046		-101.51		117.342
3047		-157.682		87.3276
3048		-192.075		35.6103
3049		-198.298		-23.3777
3050		-178.519		-74.9552
3051		-141.723		-108.745
3052		-99.8733		-121.228
3053		-63.613		-115.569
3054		-39.1888		-99.162
3055		-27.5556		-80.1899
3056		-25.6009		-64.7321
3057		-28.518		-55.4603
3058		-32.0377		-52.0546
3059		-33.5667		-52.6353
3060		-32.0565		-55.1577
3061		-27.1793		-57.9878
3062		-18.6976		-59.5688
3063		-6.64494		-57.7656
3064		7.74588		-49.7355
3065		21.0766		-32.8454
3066		27.7198		-6.44284
3067		21.216		26.4138
3068		-3.1141		58.3986
3069		-45.3775		79.2705
3070		-99.5129		78.9852
3071		-153.902		51.4938
3072		-194.29		-2.32495
3073		-208.068		-73.9161
3074		-188.352		-148.934
3075		-136.294		-211.124
3076		-60.8485		-246.784
3077		23.7698		-248.222
3078		101.865		-215.208
3079		159.879		-154.274
3080		188.828		-76.5469
3081		185.231		4.86707
3082		150.854		77.1319
3083		91.9089		129.291
3084		18.129		153.426
3085		-58.2562		145.699
3086		-123.967		107.346
3087		-166.804		45.2415
3088		-178.312		-28.597
3089		-156.248		-99.028
3090		-105.823		-151.18
3091		-38.895		-174.336
3092		28.9927		-164.944
3093		82.896		-127.542
3094		112.596		-73.1051
3095		115.037		-15.3851
3096		94.2278		33.3423
3097		58.8164		65.4944
3098		18.5228		79.2399
3099		-18.9956		77.2976
3100		-49.6215		64.3823
3101		-72.2921		44.7181
3102		-87.2399		20.8192
3103		-94.2159		-6.07355
3104		-91.8318		-34.4689
3105		-78.4187		-61.1835
3106		-53.8696		-81.0851
3107		-21.3004		-88.4366
3108		12.6186		-79.3214
3109		39.1643		-53.9485
3110		50.4405		-17.5696
3111		42.4162		20.667
3112		16.7191		50.6242
3113		-19.7132		64.6943
3114		-57.0812		60.4352
3115		-86.278		41.1959
3116		-102.075		14.4782
3117		-104.631		-11.2449
3118		-98.7673		-29.8881
3119		-91.4085		-39.9016
3120		-88.3455		-44.3888
3121		-91.6872		-49.2552
3122		-99.019		-60.2603
3123		-104.523		-80.2345
3124		-101.516		-107.585
3125		-85.3397		-136.632
3126		-55.4473		-159.572
3127		-15.9391		-169.27
3128		25.6086		-161.807
3129		60.526		-137.887
3130		81.7594		-102.642
3131		85.9646		-64.0031
3132		74.3104		-30.2365
3133		51.8052		-7.53687
3134		25.4687		1.54176
3135		2.04612		-1.64578
3136		-13.9295		-12.8471
3137		-21.0958		-26.7358
3138		-21.0046		-38.8215
3139		-16.8836		-46.7434
3140		-12.0015		-50.5321
3141		-8.33795		-51.8653
3142		-6.07567		-52.7602
3143		-4.04081		-54.3489
3144		-0.779251		-56.3062
3145		4.31735		-57.1559
3146		10.4236		-55.248
3147		15.5309		-49.8715
3148		17.4079		-41.9018
3149		14.7783		-33.6227
3150		8.10283		-27.7755
3151		-0.462925		-26.2848
3152		-7.96112		-29.2905
3153		-11.9806		-34.978
3154		-11.8375		-40.3346
3155		-9.02354		-42.5173
3156		-6.69131		-40.2384
3157		-8.36631		-34.5602
3158		-16.4114		-28.7516
3159		-30.8506		-27.2524
3160		-48.9949		-34.1331
3161		-65.9896		-51.5976
3162		-76.0834		-79.0092
3163		-74.2204		-112.708
3164		-57.5266		-146.646
3165		-26.3325		-173.667
3166		15.4961		-187.175
3167		61.0458		-182.854
3168		101.669		-160.079
3169		128.966		-122.604
3170		137.062		-78.1769
3171		124.564		-36.9219
3172		95.4962		-8.72368
3173		58.6682		-0.271091
3174		25.3864		-12.7432
3175		6.06529		-41.0877
3176		6.84771		-75.3829
3177		27.5149		-103.999
3178		61.603		-117.485
3179		98.8094		-111.709
3180		128.806		-88.9468
3181		144.915		-56.463
3182		146.1		-23.1807
3183		136.444		4.07829
3184		122.408		23.0811
3185		109.225		36.2745
3186		98.1912		48.4944
3187		86.2236		63.4724
3188		67.9205		80.9475
3189		39.1202		95.9265
3190		0.143013		100.601
3191		-43.0125		88.0943
3192		-80.2931		56.2332
3193		-101.423		9.45244
3194		-100.203		-42.2339
3195		-77.2408		-86.8444
3196		-39.763		-115.009
3197		1.44642		-123.388
3198		36.5463		-115.339
3199		60.4363		-98.545
3200		74.0461		-80.8281
3201		82.544		-66.2423
3202		91.4224		-53.4187
3203		102.499		-37.0246
3204		111.948		-11.6314
3205		111.51		23.9472
3206		92.4737		64.098
3207		50.6389		97.0988
3208		-10.1008		109.02
3209		-77.3483		89.2854
3210		-133.388		35.5371
3211		-160.802		-44.2939
3212		-148.327		-133.615
3213		-94.7053		-211.867
3214		-9.18806		-260.459
3215		91.2351		-267.787
3216		186.611		-231.755
3217		258.969		-159.391
3218		295.917		-64.2426
3219		292.213		37.1282
3220		249.556		128.343
3221		175.39		195.487
3222		81.4407		228.546
3223		-17.7257		222.401
3224		-106.318		177.679
3225		-169.456		101.299
3226		-195.862		6.1409
3227		-180.579		-90.7058
3228		-126.736		-171.197
3229		-45.4128		-220.419
3230		46.7492		-230.232
3231		131.652		-201.125
3232		194.194		-141.548
3233		225.523		-64.9799
3234		224.004		14.0726
3235		193.854		83.5333
3236		142.412		135.467
3237		77.5218		165.77
3238		6.22765		172.625
3239		-64.8954		155.077
3240		-128.529		112.85
3241		-175.852		47.671
3242		-197.363		-34.7568
3243		-185.49		-123.601
3244		-138.014		-203.865
3245		-60.558		-259.758
3246		33.4307		-279.431
3247		125.777		-259.129
3248		198.821		-204.78
3249		240.746		-130.097
3250		248.705		-51.8176
3251		228.402		15.8825
3252		190.408		65.3556
3253		145.059		96.1283
3254		98.4498		112.163
3255		51.4726		117.365
3256		2.26436		111.873
3257		-49.3969		91.2698
3258		-98.298		49.3574
3259		-132.984		-16.8047
3260		-138.891		-102.201
3261		-104.358		-192.189
3262		-26.8984		-265.247
3263		83.2824		-299.469
3264		204.442		-280.329
3265		309.05		-206.499
3266		372.034		-91.2619
3267		378.363		41.0831
3268		327.149		162.383
3269		231.003		248.544
3270		111.355		285.341
3271		-8.078		270.442
3272		-107.118		211.689
3273		-172.483		123.119
3274		-198.332		20.7551
3275		-184.905		-80.3402
3276		-136.707		-167.339
3277		-61.2944		-229.866
3278		31.1423		-260.18
3279		128.017		-253.982
3280		215.279		-211.703
3281		279.44		-139.463
3282		310.329		-48.7862
3283		303.542		45.3462
3284		261.522		127.63
3285		192.757		185.679
3286		109.452		212.2
3287		24.7108		205.515
3288		-49.7112		168.66
3289		-104.51		107.919
3290		-133.032		31.6659
3291		-131.3		-50.1373
3292		-98.5318		-126.193
3293		-38.1858		-184.667
3294		41.1998		-215.098
3295		126.431		-211.185
3296		202.013		-173.35
3297		254.096		-109.613
3298		274.592		-33.8234
3299		263.605		38.4758
3300		228.82		95.0061
3301		181.894		130.302
3302		133.429		146.135
3303		88.9841		148.558
3304		48.1733		143.1
3305		7.39915		130.707
3306		-35.2181		106.837
3307		-75.4912		64.5025
3308		-102.127		-0.0310135
3309		-100.192		-81.8635
3310		-57.9537		-165.535
3311		25.9764		-228.262
3312		138.795		-247.578
3313		255.302		-210.357
3314		345.196		-119.263
3315		383.177		6.40198
3316		357.791		136.117
3317		275.445		237.773
3318		158.09		287.712
3319		35.7512		277.365
3320		-62.887		214.328
3321		-118.238		118.174
3322		-123.435		13.352
3323		-83.4492		-77.7671
3324		-11.2015		-139.371
3325		77.0245		-163.545
3326		165.057		-149.349
3327		238.648		-101.222
3328		286.292		-27.8268
3329		300.115		58.5467
3330		277.379		142.866
3331		222.089		209.449
3332		145.469		245.447
3333		64.1546		244.71
3334		-4.02216		210.285
3335		-45.3872		153.995
3336		-54.7712		92.7441
3337		-36.8486		42.7813
3338		-3.73576		14.2842
3339		30.1426		8.57179
3340		53.6146		19.0621
3341		62.2918		35.2949
3342		58.6954		47.9199
3343		49.3523		52.2367
3344		40.7014		48.8147
3345		36.0514		41.3706
3346		35.0226		33.5109
3347		35.356		26.3891
3348		35.6153		18.5674
3349		36.8986		7.91928
3350		42.4297		-5.87682
3351		55.3127		-20.0448
3352		75.9695		-29.6191
3353		101.045		-30.1147
3354		124.697		-20.3103
3355		141.691		-3.28699
3356		150.468		15.1814
3357		154.181		30.1731
3358		158.753		41.0704
3359		168.733		52.6907
3360		183.21		72.9884
3361		194.303		108.125
3362		189.616		157.343
3363		157.986		210.527
3364		95.9898		250.231
3365		12.0017		257.838
3366		-74.4974		221.402
3367		-138.526		141.742
3368		-158.036		34.0306
3369		-121.814		-75.9696
3370		-33.7336		-159.542
3371		88.0601		-193.554
3372		216.363		-166.823
3373		322.264		-82.4992
3374		382.009		43.6068
3375		381.59		187.338
3376		318.592		321.365
3377		201.896		419.918
3378		50.1007		462.699
3379		-110.942		438.158
3380		-251.678		346.196
3381		-343.784		199.698
3382		-366.203		23.8041
3383		-310.906		-148.064
3384		-186.326		-281.261
3385		-16.5998		-348.44
3386		163.891		-336.786
3387		319.258		-251.256
3388		421.193		-112.508
3389		455.195		49.6424
3390		421.977		204.569
3391		334.259		327.743
3392		211.133		403.997
3393		72.9262		426.98
3394		-61.4086		396.632
3395		-174.294		317.189
3396		-248.713		197.362
3397		-268.987		52.3168
3398		-224.431		-94.7596
3399		-114.993		-214.235
3400		44.084		-276.091
3401		222.037		-259.221
3402		378.704		-160.316
3403		475.867		2.12953
3404		489.737		191.522
3405		419.271		364.109
3406		286.345		483.147
3407		127.303		530.437
3408		-20.6475		510.309
3409		-132.245		444.487
3410		-200.632		360.523
3411		-234.974		279.452
3412		-251.082		208.533
3413		-260.255		142.216
3414		-262.235		70.2039
3415		-245.892		-12.1217
3416		-197.07		-96.8177
3417		-109.253		-163.989
3418		8.8465		-189.867
3419		133.105		-158.368
3420		231.766		-70.2519
3421		277.642		54.8688
3422		258.963		184.858
3423		183.783		286.821
3424		76.0812		338.819
3425		-34.292		336.297
3426		-122.838		290.778
3427		-177.675		222.255
3428		-200.062		149.589
3429		-198.997		83.7517
3430		-183.584		26.7471
3431		-157.563		-24.2092
3432		-118.74		-70.4533
3433		-63.078		-107.594
3434		9.46093		-125.772
3435		91.0573		-114.252
3436		166.627		-67.6459
3437		218.721		9.82298
3438		234.168		104.436
3439		209.007		197.431
3440		149.31		271.401
3441		67.8473		315.37
3442		-21.2355		326.229
3443		-106.64		306.456
3444		-180.931		260.203
3445		-238.377		190.644
3446		-271.779		100.503
3447		-271.177		-4.48846
3448		-226.339		-111.641
3449		-132.562		-200.06
3450		2.9756		-244.217
3451		158.003		-221.984
3452		297.836		-124.18
3453		384.055		38.6267
3454		386.46		235.568
3455		293.787		422.237
3456		118.939		552.737
3457		-103.407		592.791
3458		-325.944		529.342
3459		-501.297		373.602
3460		-593.737		157.15
3461		-586.649		-76.8812
3462		-484.388		-284.23
3463		-309.223		-428.512
3464		-95.3391		-487.112
3465		118.085		-453.744
3466		293.472		-338.386
3467		400.715		-165.287
3468		422.253		30.7336
3469		356.937		209.917
3470		221.628		335.05
3471		49.1886		379.87
3472		-117.856		336.333
3473		-237.304		218.175
3474		-278.525		58.7744
3475		-231.523		-96.9618
3476		-110.559		-204.815
3477		49.3604		-233.925
3478		202.389		-175.812
3479		305.131		-46.7266
3480		329.09		117.452
3481		268.367		272.034
3482		140.405		376.482
3483		-20.0388		405.468
3484		-171.444		354.883
3485		-277.14		241.498
3486		-314.63		96.9801
3487		-280.324		-41.5239
3488		-188.914		-141.372
3489		-68.1319		-182.374
3490		49.3503		-160.91
3491		134.635		-89.5742
3492		169.774		7.26126
3493		151.729		100.638
3494		92.2597		165.062
3495		13.8485		185.324
3496		-57.2053		160.274
3497		-98.5921		102.508
3498		-98.4551		34.0714
3499		-58.5977		-20.5534
3500		6.51029		-42.0115
3501		74.548		-21.8648
3502		122.381		35.1398
3503		133.052		112.878
3504		100.579		188.944
3505		31.284		241.26
3506		-58.4198		254.11
3507		-146.753		221.975
3508		-212.201		150.433
3509		-238.514		54.3782
3510		-218.075		-45.5788
3511		-153.305		-127.483
3512		-56.2354		-172.377
3513		53.4626		-168.107
3514		151.777		-112.249
3515		214.816		-13.7164
3516		224.078		107.544
3517		171.695		223.379
3518		64.3253		302.959
3519		-75.8873		320.354
3520		-214.462		262.507
3521		-311.999		135.213
3522		-334.546		-35.2532
3523		-264.279		-206.314
3524		-107.157		-328.861
3525		105.33		-360.478
3526		321.764		-278.511
3527		482.939		-88.9639
3528		537.629		171.958
3529		457.588		444.824
3530		247.323		661.118
3531		-54.5677		760.933
3532		-383.356		709.355
3533		-663.58		506.861
3534		-827.859		190.653
3535		-834.012		-173.615
3536		-675.871		-507.546
3537		-384.921		-738.939
3538		-22.4981		-818.937
3539		335.165		-732.996
3540		614.957		-503.151
3541		763.289		-181.462
3542		756.952		163.157
3543		606.252		461.039
3544		350.373		656.716
3545		46.8281		719.415
3546		-241.948		647.215
3547		-461.607		464.768
3548		-575.81		215.904
3549		-571.471		-46.6817
3550		-458.989		-272.238
3551		-268.112		-421.201
3552		-40.7556		-471.449
3553		177.625		-420.876
3554		346.559		-286.255
3555		437.594		-98.8826
3556		438.805		102.09
3557		356.093		277.436
3558		211.126		395.368
3559		36.2795		437.384
3560		-132.427		401.302
3561		-262.989		300.807
3562		-333.988		161.561
3563		-338.56		14.7171
3564		-284.783		-110.611
3565		-192.363		-194.044
3566		-86.49		-228.026
3567		9.40862		-218.187
3568		79.929		-179.912
3569		121.07		-132.209
3570		139.699		-90.8392
3571		149.331		-63.0145
3572		163.684		-45.4607
3573		190.327		-26.5612
3574		226.732		8.16721
3575		260.255		69.2278
3576		272.177		157.443
3577		244.429		261.538
3578		166.667		359.991
3579		41.2292		426.588
3580		-115.708		437.86
3581		-277.082		380.004
3582		-410.963		253.247
3583		-487.766		72.6106
3584		-486.693		-134.747
3585		-400.06		-334.549
3586		-235.037		-491.445
3587		-12.9615		-574.977
3588		233.329		-564.844
3589		463.879		-455.094
3590		637.578		-256.781
3591		719.427		1.69312
3592		688.237		277.489
3593		543.089		520.034
3594		306.387		680.982
3595		21.664		725.496
3596		-254.422		641.824
3597		-464.563		445.984
3598		-564.599		179.494
3599		-534.663		-99.8096
3600		-384.252		-331.542
3601		-149.674		-467.208
3602		115.25		-481.255
3603		352.33		-375.893
3604		512.226		-178.999
3605		564.48		63.5738
3606		502.548		298.705
3607		343.622		477.044
3608		124.174		562.39
3609		-107.532		538.277
3610		-300.803		411.182
3611		-412.694		209.84
3612		-417.61		-19.807
3613		-314.307		-224.078
3614		-127.871		-354.219
3615		95.1159		-379.485
3616		298.257		-296.609
3617		431.238		-131.83
3618		465.075		66.3742
3619		401.151		242.369
3620		270.148		351.411
3621		120.643		374.057
3622		1.35189		321.295
3623		-56.158		228.222
3624		-47.405		138.865
3625		6.26068		88.4906
3626		69.1365		90.7995
3627		107.481		135.12
3628		103.321		194.125
3629		59.9133		237.814
3630		-2.82894		246.933
3631		-59.7952		219.687
3632		-92.8358		169.332
3633		-97.579		114.9
3634		-82.0735		70.5889
3635		-58.9246		39.6576
3636		-35.9984		15.7753
3637		-11.3011		-9.50893
3638		24.9402		-38.0152
3639		82.2063		-60.4556
3640		160.415		-59.3737
3641		245.163		-18.4152
3642		310.932		66.9196
3643		331.431		183.072
3644		292.231		300.743
3645		199.326		385.403
3646		78.9662		411.405
3647		-31.6511		373.09
3648		-98.7816		287.624
3649		-105.13		188.241
3650		-55.7337		111.107
3651		25.4209		81.8374
3652		105.818		107.406
3653		156.65		176.189
3654		161.523		264.799
3655		118.766		347.464
3656		38.1337		403.376
3657		-64.7521		419.526
3658		-172.521		389.758
3659		-267.106		312.938
3660		-328.937		193.146
3661		-337.353		42.5775
3662		-274.815		-115.029
3663		-134.898		-244.294
3664		69.2137		-304.449
3665		300.847		-261.766
3666		504.734		-104.135
3667		621.214		148.658
3668		605.684		444.734
3669		445.947		712.037
3670		170.095		879.208
3671		-159.087		898.079
3672		-461.789		759.368
3673		-664.619		495.728
3674		-721.379		171.375
3675		-624.183		-137.312
3676		-402.176		-362.834
3677		-110.045		-462.246
3678		188.212		-423.588
3679		434.301		-263.379
3680		585.602		-18.5354
3681		619.413		263.111
3682		533.227		530.959
3683		343.352		737.955
3684		82.968		846.194
3685		-201.016		832.875
3686		-453.881		696.193
3687		-622.643		459.009
3688		-668.021		167.499
3689		-575.47		-116.859
3690		-361.116		-330.979
3691		-69.578		-425.874
3692		236.452		-379.286
3693		491.835		-200.993
3694		644.796		70.8356
3695		668.042		380.546
3696		562.398		669.136
3697		353.128		887.059
3698		81.4734		1002.56
3699		-205.223		1004.61
3700		-462.184		901.565
3701		-653.57		717.281
3702		-756.704		486.169
3703		-764.625		247.527
3704		-686.866		39.1157
3705		-547.669		-109.761
3706		-380.859		-184.356
3707		-221.665		-187.652
3708		-97.3909		-138.706
3709		-20.1064		-65.8066
3710		15.5754		3.68323
3711		28.2903		53.0779
3712		40.6164		81.7487
3713		68.3703		103.739
3714		113.007		140.099
3715		160.361		208.195
3716		186.207		312.54
3717		166.158		440.941
3718		85.7354		567.309
3719		-53.2868		659.592
3720		-232.209		689.485
3721		-419.827		640.384
3722		-579.629		511.564
3723		-677.21		318.477
3724		-686.381		90.4202
3725		-593.845		-133.143
3726		-403.01		-307.288
3727		-136.965		-388.039
3728		160.658		-341.176
3729		429.215		-152.772
3730		600.825		161.242
3731		616.143		550.777
3732		442.743		936.479
3733		90.193		1225.21
3734		-384.538		1333.44
3735		-885.339		1212.03
3736		-1298.35		864.327
3737		-1521.08		350.514
3738		-1490.51		-224.07
3739		-1201.55		-734.055
3740		-709.996		-1065.26
3741		-119.344		-1142.97
3742		444.34		-949.494
3743		862.13		-527.082
3744		1048.72		33.4922
3745		969.722		614.578
3746		646.8		1097.71
3747		150.873		1388.24
3748		-414.322		1433.8
3749		-934.568		1233.63
3750		-1309.06		837.182
3751		-1471.25		332.386
3752		-1402.3		-174.389
3753		-1133.74		-582.579
3754		-738.192		-820.29
3755		-310.051		-859.835
3756		59.0991		-721.537
3757		303.337		-464.561
3758		396.943		-167.565
3759		356.519		94.7604
3760		230.692		271.922
3761		81.4276		348.657
3762		-36.5299		344.195
3763		-91.6144		301.221
3764		-82.5348		269.094
3765		-35.5974		286.945
3766		5.69226		371.372
3767		-4.94906		511.269
3768		-101.97		670.2
3769		-296.258		795.199
3770		-568.501		830.222
3771		-869.269		732.016
3772		-1126.93		485.517
3773		-1263.44		114.926
3774		-1215.87		-313.88
3775		-958.987		-702.999
3776		-521.503		-944.656
3777		10.9679		-951.772
3778		510.829		-688.436
3779		839.861		-189.637
3780		889.237		438.654
3781		615.69		1042.13
3782		60.9938		1458.68
3783		-653.454		1564.88
3784		-1356.85		1313.39
3785		-1875.21		748.772
3786		-2078.93		-3.8302
3787		-1916.9		-772.975
3788		-1427.11		-1386.95
3789		-722.313		-1716.88
3790		42.8446		-1704.73
3791		711.531		-1370.28
3792		1159.74		-798.317
3793		1318.47		-113.009
3794		1180.42		551.837
3795		793.52		1079.22
3796		245.521		1387.85
3797		-355.483		1442.27
3798		-901.426		1254.76
3799		-1303.1		879.631
3800		-1505.28		400.793
3801		-1495.49		-86.1494
3802		-1303.99		-494.402
3803		-993.73		-764.453
3804		-642.299		-875.233
3805		-320.627		-844.184
3806		-75.4551		-715.998
3807		78.5811		-544.105
3808		154.856		-372.001
3809		181.18		-221.572
3810		183.211		-92.4496
3811		172.352		28.6028
3812		143.135		153.737
3813		80.3156		282.775
3814		-28.8402		400.11
3815		-183.885		480.77
3816		-367.684		501.906
3817		-551.562		453.363
3818		-705.925		341.857
3819		-810.426		187.031
3820		-858.328		12.2123
3821		-853.302		-164.439
3822		-801.388		-333.188
3823		-703.787		-488.675
3824		-555.781		-621.455
3825		-353.498		-711.149
3826		-105.341		-726.995
3827		158.609		-637.882
3828		386.023		-428.642
3829		513.694		-115.183
3830		488.218		249.748
3831		288.25		585.024
3832		-61.1918		802.675
3833		-489.385		835.411
3834		-896.744		659.958
3835		-1182.54		307.247
3836		-1273.93		-144.479
3837		-1146.28		-591.145
3838		-828.529		-931.194
3839		-393.07		-1091.31
3840		65.1362		-1042.03
3841		452.501		-800.132
3842		696.684		-419.652
3843		758.194		23.6697
3844		633.146		449.115
3845		349.287		785.072
3846		-41.7996		978.988
3847		-474.18		1003.45
3848		-877.829		858.977
3849		-1189.4		573.534
3850		-1362.82		198.047
3851		-1377.82		-202.62
3852		-1243.95		-562.477
3853		-997.844		-828.358
3854		-693.499		-971.035
3855		-388.012		-989.738
3856		-127.197		-908.306
3857		63.9774		-764.304
3858		182.923		-595.287
3859		242.95		-427.55
3860		262.103		-271.599
3861		252.546		-125.534
3862		215.274		15.9889
3863		142.313		152.068
3864		24.9478		270.183
3865		-136.367		348.033
3866		-325.642		362.005
3867		-512.129		298.391
3868		-658.524		162.051
3869		-733.392		-21.8022
3870		-722.505		-213.974
3871		-634.183		-373.476
3872		-496.256		-470.551
3873		-345.946		-495.206
3874		-216.981		-457.924
3875		-129.362		-382.675
3876		-85.8173		-295.716
3877		-75.883		-215.312
3878		-85.0464		-146.874
3879		-104.242		-85.2943
3880		-134.999		-22.7883
3881		-187.764		41.9876
3882		-274.277		98.3728
3883		-397.755		124.798
3884		-545.783		96.5004
3885		-689.672		-3.29237
3886		-791.207		-173.571
3887		-814.478		-391.489
3888		-738.323		-616.04
3889		-564.683		-798.331
3890		-319.929		-894.789
3891		-48.9696		-878.839
3892		195.484		-747.552
3893		364.866		-521.96
3894		424.631		-241.973
3895		360.216		41.8227
3896		178.936		277.177
3897		-91.3751		418.524
3898		-406.096		434.178
3899		-709.673		312.266
3900		-943.77		64.8573
3901		-1057.61		-271.034
3902		-1019.27		-637.262
3903		-825.199		-964.111
3904		-504.624		-1184.73
3905		-116.019		-1251.25
3906		264.817		-1147.93
3907		562.622		-896.647
3908		721.47		-552.281
3909		718.705		-188.793
3910		569.571		119.995
3911		321.214		318.926
3912		38.2909		383.826
3913		-214.928		324.387
3914		-390.459		177.749
3915		-466.285		-4.2569
3916		-448.139		-169.788
3917		-364.319		-279.529
3918		-256.037		-314.527
3919		-166.229		-278.545
3920		-129.163		-195.482
3921		-162.401		-102.897
3922		-262.175		-42.7881
3923		-403.081		-50.9023
3924		-542.802		-146.338
3925		-631.87		-323.9
3926		-627.016		-551.89
3927		-505.043		-777.256
3928		-272.943		-938.045
3929		29.6642		-980.513
3930		337.805		-876.06
3931		577.02		-632.456
3932		683.603		-295.208
3933		623.185		62.1189
3934		401.892		356.156
3935		66.6124		515.399
3936		-305.75		499.121
3937		-626.936		308.434
3938		-818.877		-13.1416
3939		-832.774		-389.371
3940		-661.38		-728.723
3941		-341.934		-945.549
3942		50.9364		-980.543
3943		421.212		-816.151
3944		673.544		-483.193
3945		736.907		-56.2617
3946		584.184		362.349
3947		241.955		667.461
3948		-213.55		778.733
3949		-674.805		663.464
3950		-1031.49		346.989
3951		-1201.03		-93.6212
3952		-1151.44		-551.498
3953		-908.808		-920.924
3954		-546.761		-1127.14
3955		-161.844		-1145.1
3956		156.376		-1001.34
3957		349.926		-759.549
3958		403.917		-496.427
3959		342.666		-277.263
3960		214.226		-139.751
3961		70.8797		-90.0223
3962		-46.7154		-109.511
3963		-117.221		-167.323
3964		-138.132		-232.095
3965		-120.459		-279.481
3966		-82.7125		-294.927
3967		-46.5627		-273.917
3968		-33.8375		-222.145
3969		-62.8673		-156.214
3970		-142.752		-103.082
3971		-266.572		-95.5066
3972		-407.136		-162.204
3973		-519.563		-314.819
3974		-552.765		-537.049
3975		-467.54		-782.178
3976		-254.709		-982.749
3977		54.9387		-1070.85
3978		394.705		-1002.14
3979		680.25		-773.924
3980		835.881		-429.47
3981		818.834		-46.0489
3982		632.135		288.679
3983		321.597		502.673
3984		-40.6685		558.092
3985		-378.532		456.702
3986		-630.953		232.567
3987		-761.979		-62.2472
3988		-761.161		-371.683
3989		-638.461		-644.55
3990		-419.103		-838.032
3991		-141.331		-919.413
3992		144.186		-870.128
3993		377.706		-693.228
3994		500.473		-420.824
3995		471.446		-115.138
3996		285.174		142.053
3997		-18.0708		271.666
3998		-357.516		224.517
3999		-634.025		2.29575
4000		-762.567		-338.156
4001		-702.442		-701.364
4002		-472.249		-985.438
4003		-142.598		-1117.34
4004		190.818		-1076.64
4005		442.326		-898.135
4006		564.688		-653.221
4007		559.538		-419.427
4008		467.386		-252.058
4009		344.192		-169.761
4010		236.919		-157.97
4011		169.243		-185.184
4012		141.839		-221.484
4013		143.341		-249.372
4014		162.832		-263.022
4015		195.349		-259.692
4016		237.606		-231.754
4017		278.427		-166.857
4018		292.623		-57.7648
4019		245.573		83.9071
4020		109.253		219.939
4021		-117.449		291.754
4022		-395.714		241.396
4023		-650.718		39.2152
4024		-794.303		-295.06
4025		-758.433		-689.694
4026		-524.951		-1040.58
4027		-137.709		-1246.37
4028		309.323		-1244.61
4029		703.389		-1033.4
4030		950.379		-670.045
4031		1002.8		-248.308
4032		868.062		134.284
4033		596.505		404.858
4034		257.973		528.794
4035		-80.888		506.739
4036		-369.209		361.571
4037		-572.692		125.401
4038		-668.223		-166.128
4039		-640.741		-471.937
4040		-487.53		-742.141
4041		-228.134		-921.265
4042		88.0756		-961.892
4043		385.761		-844.865
4044		582.765		-595.656
4045		619.438		-285.551
4046		485.445		-12.388
4047		229.898		134.123
4048		-53.0074		108.334
4049		-259.258		-70.9817
4050		-316.784		-326.79
4051		-214.944		-555.386
4052		-7.74991		-670.029
4053		211.185		-637.008
4054		350.669		-487.656
4055		361.564		-301.127
4056		255.971		-166.516
4057		97.9233		-142.407
4058		-28.7977		-232.533
4059		-59.6435		-387.797
4060		23.2989		-531.901
4061		187.11		-596.937
4062		366.791		-551.681
4063		495.835		-410.421
4064		533.068		-220.755
4065		473.859		-39.147
4066		343.136		92.1534
4067		177.137		155.907
4068		5.67133		155.591
4069		-155.522		101.891
4070		-299.94		0.318741
4071		-418.607		-151.681
4072		-491.099		-356.54
4073		-486.899		-603.182
4074		-378.024		-858.063
4075		-156.536		-1068.12
4076		153.13		-1176.47
4077		495.046		-1144.15
4078		797.223		-967.527
4079		995.305		-682.272
4080		1053.91		-351.805
4081		976.133		-45.3317
4082		797.713		184.368
4083		569.85		313.847
4084		339.623		348.266
4085		137.101		309.752
4086		-26.321		222.483
4087		-150.178		102.643
4088		-234.312		-42.5091
4089		-272.495		-207.944
4090		-253.975		-382.326
4091		-171.431		-543.996
4092		-29.8654		-664.649
4093		149.461		-719.037
4094		332.979		-695.422
4095		484.98		-601.07

 
--------------------------------------


