Compute Correlation 
 
0		184.786		383.239
1		95.7736		499.546
2		-46.2543		567.936
3		-215.446		569.728
4		-380.947		498.098
5		-511.02		359.196
6		-577.979		172.593
7		-564.31		-30.2265
8		-468.694		-210.959
9		-309.213		-333.404
10		-120.938		-374.159
11		52.9757		-331.045
12		174.432		-225.091
13		222.956		-94.1389
14		202.264		20.1803
15		137.698		87.0304
16		65.3964		96.3606
17		17.9548		60.1251
18		12.9319		4.65979
19		48.9757		-41.6805
20		110.361		-59.5328
21		176.519		-43.3421
22		230.997		1.10083
23		265.388		63.4074
24		277.373		134.597
25		265.89		208.531
26		228.215		278.608
27		162.154		333.319
28		72.5379		355.705
29		-22.694		329.561
30		-92.733		250.628
31		-103.56		136.537
32		-34.5461		28.1169
33		105.767		-22.0289
34		274.118		28.9062
35		403.001		191.228
36		425.379		430.473
37		303.975		673.722
38		51.6869		834.344
39		-267.623		845.861
40		-560.224		690.213
41		-737.474		407.303
42		-749.706		80.8104
43		-604.184		-193.843
44		-359.538		-345.263
45		-100.016		-350.005
46		98.0144		-235.152
47		192.095		-60.4411
48		181.788		109.695
49		98.004		230.196
50		-18.0998		285.157
51		-134.227		281.644
52		-234.562		234.515
53		-314.31		153.255
54		-367.664		39.0968
55		-379.34		-106.736
56		-326.998		-270.55
57		-194.349		-419.585
58		12.8564		-508.195
59		258.759		-495.867
60		484.5		-368.224
61		629.344		-149.086
62		656.257		104.629
63		568.797		324.441
64		409.914		458.497
65		242.378		492.454
66		120.34		452.401
67		66.3513		388.436
68		65.4131		347.698
69		78.479		351.153
70		67.4133		386.24
71		17.3521		418.576
72		-55.8362		415.394
73		-116.713		366.951
74		-133.149		293.519
75		-97.3278		233.932
76		-32.3496		222.378
77		19.8246		267.072
78		22.4727		343.628
79		-33.6103		407.674
80		-122.96		420.164
81		-198.445		371.137
82		-217.997		287.928
83		-170.4		222.08
84		-85.2602		221.089
85		-20.4193		299.993
86		-32.3399		428.719
87		-144.677		543.164
88		-331.937		575.446
89		-527.7		488.25
90		-654.175		295.509
91		-658.587		58.3857
92		-538.121		-141.9
93		-340.905		-240.924
94		-142.763		-219.299
95		-11.7037		-108.598
96		22.0184		27.1263
97		-24.1399		124.011
98		-98.7419		148.342
99		-145.387		109.197
100		-131.417		48.8143
101		-61.9562		17.356
102		26.49		46.2015
103		87.6996		133.465
104		90.0688		247.922
105		30.8281		347.368
106		-66.0444		400.27
107		-165.101		399.035
108		-238.064		359.047
109		-275.348		306.101
110		-285.265		260.975
111		-283.414		230.45
112		-280.283		209.116
113		-275.317		189.18
114		-260.837		170.597
115		-232.447		164.034
116		-198.182		184.145
117		-179.255		237.288
118		-200.549		311.84
119		-275.661		378.335
120		-395.349		401.002
121		-526.974		355.39
122		-626.728		242.611
123		-659.165		91.931
124		-614.138		-50.5816
125		-512.208		-142.171
126		-395.479		-162.277
127		-308.393		-120.777
128		-278.156		-51.7643
129		-304.327		3.48294
130		-362.012		15.3877
131		-415.952		-22.4542
132		-437.495		-93.9486
133		-415.882		-171.399
134		-359.195		-229.719
135		-286.393		-256.322
136		-216.327		-252.598
137		-160.232		-228.239
138		-120.898		-193.534
139		-96.9824		-154.949
140		-87.7701		-116.081
141		-94.114		-81.7094
142		-114.739		-60.3126
143		-141.216		-61.5026
144		-156.711		-88.8362
145		-141.657		-132.595
146		-84.8717		-168.51
147		5.89597		-165.716
148		101.175		-101.745
149		158.675		22.7464
150		141.463		178.142
151		37.1468		313.953
152		-132.018		378.758
153		-314.504		343.238
154		-449.193		215.046
155		-490.696		37.6562
156		-428.37		-126.868
157		-289.975		-223.196
158		-128.58		-224.143
159		0.368752		-138.401
160		60.3157		-2.11289
161		43.4014		139.907
162		-34.244		252.763
163		-146.758		320.569
164		-272.735		343.153
165		-400.958		325.064
166		-525.487		265.929
167		-635.299		159.686
168		-707.577		3.8191
169		-711.8		-187.685
170		-624.747		-377.646
171		-448.775		-512.72
172		-221.814		-543.843
173		-10.4878		-451.126
174		113.717		-259.841
175		105.511		-36.9791
176		-30.9962		132.892
177		-239.726		182.876
178		-433.95		93.7553
179		-532.892		-96.1767
180		-496.854		-307.18
181		-344.124		-453.179
182		-141.495		-479.593
183		27.08		-386.088
184		98.5657		-223.842
185		57.5837		-69.397
186		-60.2798		11.5931
187		-188.877		-6.91953
188		-264.425		-103.282
189		-254.37		-222.974
190		-168.745		-307.344
191		-50.2026		-321.121
192		50.266		-265.49
193		98.4438		-171.921
194		90.2848		-82.0829
195		48.3111		-25.664
196		5.04044		-7.72307
197		-16.2208		-10.8965
198		-12.6675		-9.34235
199		-0.267136		14.6607
200		-1.59189		60.9741
201		-31.3046		113.399
202		-87.8783		150.715
203		-155.736		159.58
204		-215.577		141.51
205		-256.025		110.245
206		-279.42		81.7893
207		-298.51		63.6898
208		-326.47		50.2964
209		-366.665		26.8877
210		-408.636		-19.8986
211		-433.004		-91.7231
212		-422.629		-174.686
213		-373.631		-244.616
214		-299.826		-278.91
215		-227.735		-268.543
216		-184.551		-223.707
217		-185.249		-169.934
218		-225.449		-136.639
219		-283.533		-143.902
220		-330.686		-193.987
221		-343.635		-271.442
222		-313.88		-351.084
223		-249.432		-409.424
224		-169.113		-433.857
225		-93.0126		-425.663
226		-34.0942		-396.369
227		5.36298		-360.25
228		31.6771		-327.142
229		54.0602		-298.873
230		78.6452		-270.3
231		105.055		-233.596
232		126.571		-183.266
233		133.172		-119.641
234		115.744		-49.7898
235		69.8667		13.9877
236		-1.79542		57.2905
237		-88.8564		67.5382
238		-174.487		37.9853
239		-238.718		-28.9538
240		-263.585		-120.175
241		-239.133		-213.364
242		-168.372		-282.076
243		-68.8086		-303.597
244		31.0297		-267.128
245		99.7741		-178.911
246		113.475		-61.6556
247		63.9066		52.2137
248		-38.6643		131.084
249		-169.516		154.193
250		-298.435		117.035
251		-399.47		30.2477
252		-457.241		-86.6381
253		-467.724		-212.832
254		-434.611		-331.349
255		-364.724		-429.677
256		-265.964		-497.392
257		-148.975		-524.192
258		-30.4982		-501.523
259		65.63		-428.233
260		113.089		-317.124
261		93.1471		-197.299
262		5.90765		-108.408
263		-123.812		-87.0344
264		-251.089		-150.485
265		-326.182		-286.07
266		-314.749		-452.551
267		-213.548		-594.981
268		-53.2354		-667.198
269		114.324		-651.592
270		239.058		-566.169
271		295.091		-454.787
272		291.291		-364.864
273		264.318		-323.589
274		257.434		-324.853
275		295.903		-333.96
276		371.979		-307.968
277		447.792		-221.175
278		475.164		-82.1744
279		422.353		67.0355
280		293.725		170.211
281		131.624		184.968
282		-1.29002		105.593
283		-50.9125		-31.3008
284		2.39314		-161.562
285		133.624		-221.769
286		283.61		-177.336
287		384.808		-37.1273
288		389.833		151.733
289		289.427		325.366
290		112.516		429.848
291		-89.8336		440.509
292		-267.228		366.039
293		-388.098		237.913
294		-445.71		92.7473
295		-451.824		-42.5476
296		-424.22		-156.192
297		-376.384		-247.321
298		-314.716		-317.499
299		-242.895		-364.935
300		-168.259		-385.404
301		-104.065		-378.554
302		-64.8119		-354.087
303		-57.0439		-332.013
304		-71.864		-334.941
305		-85.1529		-375.823
306		-67.1867		-448.26
307		2.47781		-525.907
308		122.78		-572.733
309		268.816		-559.693
310		401.555		-479.262
311		485.175		-349.942
312		503.179		-208.029
313		464.925		-90.777
314		399.316		-19.7523
315		339.342		7.002
316		306.032		10.3988
317		300.344		16.6178
318		306.691		42.4685
319		305.087		88.0479
320		284.032		140.249
321		246.3		184.044
322		204.418		213.846
323		169.217		237.378
324		139.294		269.304
325		98.8545		318.503
326		26.3285		377.222
327		-90.6517		419.828
328		-242.831		413.442
329		-397.681		335.584
330		-511.068		189.239
331		-547.213		6.36728
332		-496.8		-163.288
333		-383.463		-273.302
334		-254.648		-301.22
335		-161.053		-258.349
336		-134.755		-183.828
337		-176.714		-126.276
338		-259.172		-122.503
339		-340.589		-183.72
340		-384.551		-295.047
341		-372.923		-426.638
342		-307.735		-548.866
343		-203.228		-642.835
344		-74.9008		-701.558
345		66.8385		-723.55
346		214.897		-705.449
347		358.326		-640.418
348		476.737		-524.569
349		542.758		-367.335
350		533.721		-197.733
351		447.016		-59.7489
352		309.574		3.88891
353		173.618		-27.3196
354		97.7929		-137.138
355		121.271		-273.95
356		243.538		-369.79
357		421.041		-369.391
358		583.921		-255.516
359		665.856		-57.7871
360		632.907		159.928
361		497.388		327.776
362		310.216		400.067
363		136.066		372.745
364		24.1888		280.413
365		-10.6015		175.777
366		11.6851		103.226
367		52.6702		80.4288
368		78.3864		96.4906
369		75.3686		125.493
370		51.945		145.783
371		25.8389		152.907
372		7.27948		158.752
373		-10.9113		178.422
374		-49.5463		214.085
375		-127.751		247.032
376		-245.811		244.172
377		-377.625		176.193
378		-478.858		36.9967
379		-507.633		-147.556
380		-446.684		-327.983
381		-314.327		-453.304
382		-157.296		-495.451
383		-28.5384		-462.641
384		38.3868		-394.12
385		44.4818		-338.93
386		21.8969		-330.286
387		14.1116		-369.598
388		51.0789		-428.725
389		133.434		-468.609
390		234.521		-463.138
391		318.591		-414.117
392		364.01		-348.557
393		377.306		-299.934
394		389.159		-284.781
395		434.152		-289.093
396		525.991		-273.675
397		643.31		-196.565
398		735.696		-40.3064
399		748.24		171.828
400		652.011		381.214
401		463.595		519.68
402		242.021		543.031
403		63.255		454.608
404		-15.3131		305.916
405		17.7717		173.201
406		123.021		121.628
407		229.887		175.257
408		271.082		307.91
409		213.533		458.838
410		70.5063		564.066
411		-110.112		586.464
412		-273.516		529.124
413		-385.735		426.431
414		-446.459		319.663
415		-481.145		232.124
416		-518.66		158.179
417		-568.785		71.845
418		-613.437		-51.1429
419		-617.022		-211.799
420		-549.765		-380.532
421		-409.977		-509.249
422		-231.504		-556.69
423		-70.8605		-512.741
424		19.796		-407.547
425		19.4623		-299.429
426		-49.8372		-247.29
427		-132.883		-281.813
428		-167.91		-390.531
429		-116.257		-524.417
430		20.1645		-622.127
431		201.889		-638.971
432		372.681		-565.759
433		486.252		-428.876
434		524.866		-273.397
435		501.296		-139.841
436		445.393		-47.5559
437		384.854		7.34502
438		331.98		40.7143
439		283.404		64.7019
440		231.108		78.4726
441		175.904		71.2066
442		133.218		34.8528
443		126.219		-22.6088
444		169.822		-73.4687
445		255.63		-80.5641
446		348.352		-17.1293
447		398.09		114.848
448		363.593		279.167
449		234.521		417.786
450		40.2587		476.12
451		-160.596		428.795
452		-305.733		292.421
453		-357.095		118.35
454		-317.233		-31.1828
455		-225.943		-111.526
456		-139.391		-114.415
457		-102.842		-68.2337
458		-130.931		-20.7769
459		-204.693		-14.5047
460		-285.211		-67.4656
461		-335.025		-168.961
462		-335.135		-290.275
463		-289.127		-402.534
464		-214.113		-490.582
465		-125.903		-555.277
466		-28.683		-604.371
467		84.1465		-639.407
468		218.928		-648.431
469		368.4		-610.468
470		505.936		-509.924
471		592.978		-352.236
472		597.212		-170.295
473		511.936		-15.8225
474		365.275		61.6689
475		212.675		38.1578
476		114.982		-71.6201
477		112.396		-218.499
478		207.205		-339.352
479		363.903		-383.827
480		526.332		-334.259
481		642.85		-209.472
482		686.81		-51.7237
483		662.806		95.2669
484		597.189		205.297
485		519.774		276.365
486		447.662		323.26
487		379.907		362.234
488		304.66		397.834
489		212.969		419.852
490		109.729		411.633
491		14.4841		363.836
492		-48.6369		284.422
493		-65.6862		197.958
494		-43.0441		133.943
495		-6.18493		110.679
496		13.0289		124.26
497		-6.29271		149.549
498		-61.8995		153.271
499		-128.616		112.27
500		-171.257		26.8452
501		-163.397		-78.3678
502		-101.773		-166.683
503		-8.44421		-208.207
504		80.425		-195.088
505		133.006		-145.035
506		137.523		-91.5183
507		107.037		-66.255
508		71.2732		-83.5279
509		60.515		-134.455
510		90.5469		-193.526
511		156.488		-232.955
512		237.928		-236.525
513		311.409		-205.544
514		362.574		-154.623
515		391.255		-100.899
516		407.457		-53.793
517		421.839		-11.37
518		437.253		35.1587
519		446.825		92.472
520		439.516		158.05
521		409.21		219.885
522		361.035		263.384
523		310.371		281.087
524		274.638		278.797
525		262.703		273.766
526		268.515		285.426
527		273.314		323.89
528		255.647		383.154
529		203.616		443.38
530		122.162		481.366
531		30.8394		483.357
532		-46.9251		452.706
533		-97.047		407.707
534		-122.723		370.594
535		-142.233		353.917
536		-177.555		352.32
537		-240.179		344.768
538		-322.361		306.402
539		-399.173		223.509
540		-440.69		103.139
541		-427.792		-28.3377
542		-362.905		-137.322
543		-269.646		-199.355
544		-181.377		-210.961
545		-124.823		-190.613
546		-107.484		-168.446
547		-115.413		-170.446
548		-122.129		-205.687
549		-103.363		-263.21
550		-49.4368		-319.608
551		31.2285		-352.474
552		118.664		-351.913
553		193.486		-323.91
554		247.258		-284.364
555		285.232		-248.049
556		320.455		-219.477
557		363.438		-191.094
558		414.052		-149.557
559		460.751		-85.8424
560		487.524		-2.64034
561		484.158		85.7461
562		453.3		161.102
563		409.715		211.951
564		371.901		240.559
565		350.958		261.79
566		343.43		294.138
567		332.66		348.071
568		298.189		418.546
569		227.95		486.322
570		126.215		527.579
571		12.5941		526.506
572		-87.4849		483.727
573		-155.454		415.757
574		-188.273		345.883
575		-198.266		291.771
576		-204.476		256.948
577		-220.792		230.926
578		-247.943		197.602
579		-274.024		146.644
580		-283.056		80.8453
581		-266.205		14.8882
582		-228.62		-33.8132
583		-187.39		-56.6134
584		-161.5		-60.2954
585		-159.61		-64.3878
586		-173.087		-90.1326
587		-178.968		-147.196
588		-151.829		-225.892
589		-78.281		-299.871
590		34.0158		-338.405
591		158.157		-321.925
592		260.049		-252.428
593		314.467		-153.035
594		316.63		-56.8512
595		283.234		8.89012
596		242.682		34.9651
597		220.117		32.3505
598		225.456		23.8646
599		250.683		30.4491
600		277.17		59.9953
601		288.207		104.792
602		279.122		148.448
603		259.179		177.627
604		244.45		191.264
605		246.294		201.648
606		262.607		226.716
607		277.337		278.216
608		268.804		352.869
609		222.139		432.01
610		138.645		490.218
611		36.5882		508.286
612		-57.2462		483.292
613		-120.661		430.209
614		-146.698		374.191
615		-146.19		337.85
616		-141.155		330.438
617		-153.004		344.492
618		-192.08		361.172
619		-253.881		360.689
620		-323.175		331.815
621		-382.784		275.558
622		-421.568		201.963
623		-437.316		123.062
624		-433.909		46.8927
625		-415.791		-23.8651
626		-384.218		-88.6192
627		-338.096		-144.289
628		-278.56		-183.665
629		-213.46		-198.8
630		-157.421		-187.717
631		-125.909		-159.742
632		-125.904		-134.829
633		-148.827		-135.491
634		-170.998		-174.728
635		-163.102		-246.57
636		-104.751		-325.396
637		3.39076		-375.867
638		137.037		-369.364
639		257.744		-298.672
640		330.377		-182.816
641		339.829		-58.8364
642		298.115		35.8327
643		237.761		81.395
644		194.708		84.6345
645		189.675		73.944
646		217.905		83.0785
647		252.754		132.414
648		261.039		217.87
649		221.611		313.444
650		136.91		385.743
651		31.1956		412.298
652		-63.3459		393.345
653		-124.634		350.553
654		-152.574		313.547
655		-168.043		302.03
656		-199.573		313.787
657		-265.365		325.529
658		-360.957		306.224
659		-459.732		235.452
660		-526.199		116.394
661		-534.754		-23.975
662		-483.53		-147.75
663		-395.642		-225.005
664		-307.187		-248.374
665		-248.697		-235.435
666		-230.25		-217.884
667		-238.2		-223.818
668		-244.834		-263.079
669		-225.022		-323.576
670		-170.203		-380.079
671		-91.9498		-409.834
672		-13.588		-405.674
673		44.6701		-379.053
674		77.9723		-351.593
675		99.1086		-340.535
676		129.55		-347.121
677		184.751		-355.074
678		262.722		-340.318
679		343.055		-286.271
680		397.422		-195.561
681		405.726		-90.8674
682		368.52		-3.86435
683		308.187		41.8227
684		257.672		43.9991
685		242.712		23.8031
686		267.396		14.6261
687		311.249		43.8662
688		339.745		117.46
689		322.699		215.737
690		250.634		302.958
691		140.299		345.443
692		26.4808		328.527
693		-55.3017		263.42
694		-85.8557		180.659
695		-70.2063		114.152
696		-32.7139		84.6803
697		-2.85051		91.5335
698		0.11058		116.015
699		-24.755		133.852
700		-62.6989		128.885
701		-94.1164		100.342
702		-106.438		60.3359
703		-100.027		24.1989
704		-85.1992		0.305367
705		-73.1118		-14.1434
706		-67.0057		-29.0588
707		-59.7636		-52.259
708		-39.51		-81.6116
709		0.3946		-104.207
710		53.7226		-103.752
711		101.725		-71.952
712		122.269		-16.6774
713		102.989		38.8701
714		50.6734		66.6582
715		-9.25802		48.7699
716		-43.9555		-11.5336
717		-29.5442		-89.3168
718		36.0648		-149.084
719		131.206		-162.031
720		220.815		-120.297
721		273.827		-40.4842
722		278.335		45.5719
723		246.389		107.798
724		205.922		133.422
725		184.382		132.651
726		193.125		131.55
727		221.142		156.258
728		241.403		217.364
729		226.148		303.062
730		162.587		384.676
731		60.4678		431.36
732		-52.3987		425.808
733		-143.879		372.566
734		-192.856		294.875
735		-198.036		222.353
736		-176.091		176.63
737		-151.079		162.644
738		-141.649		169.576
739		-153.18		179.754
740		-178.502		179.53
741		-205.542		165.636
742		-226.323		143.903
743		-241.451		122.173
744		-257.6		102.792
745		-280.234		80.018
746		-306.992		44.1647
747		-326.701		-10.3003
748		-325.251		-78.379
749		-294.924		-144.708
750		-241.067		-191.032
751		-181.261		-206.932
752		-136.495		-197.201
753		-118.991		-180.732
754		-123.866		-180.608
755		-130.155		-210.48
756		-111.548		-265.012
757		-51.4437		-320.436
758		46.0447		-345.778
759		155.736		-319.193
760		242.608		-240.566
761		279.069		-133.195
762		259.075		-33.1031
763		201.355		28.6273
764		139.736		41.1672
765		105.611		18.653
766		111.908		-8.2529
767		147.14		-9.35944
768		182.608		28.7166
769		188.671		95.6575
770		151.1		163.517
771		78.6941		202.161
772		-1.73822		195.464
773		-59.9005		149.46
774		-77.8297		88.3496
775		-58.3957		41.022
776		-22.2271		25.8693
777		4.62196		42.248
778		4.94617		72.8403
779		-21.4001		94.8754
780		-59.4949		93.3082
781		-89.6514		68.3511
782		-99.4742		33.4449
783		-90.4693		5.54922
784		-75.6036		-5.93767
785		-69.7976		-4.78426
786		-79.5531		-4.80302
787		-98.2691		-20.1893
788		-110.171		-55.527
789		-100.391		-101.84
790		-64.8762		-141.316
791		-13.8307		-157.96
792		33.7368		-147.642
793		61.3098		-121.229
794		65.2496		-98.4909
795		57.794		-96.075
796		60.4154		-116.594
797		91.0042		-145.504
798		152.188		-158.119
799		227.756		-133.199
800		289.698		-65.577
801		312.36		29.443
802		286.008		122.709
803		222.274		185.509
804		148.37		203.814
805		93.1657		184.74
806		72.7181		151.816
807		83.0786		131.812
808		104.034		140.523
809		111.336		175.246
810		90.3439		217.776
811		43.4911		245.729
812		-12.2573		245.458
813		-55.9838		219.203
814		-74.978		182.729
815		-71.4107		155.32
816		-59.9466		148.344
817		-58.1526		159.147
818		-75.7294		173.643
819		-109.055		175.643
820		-144.123		157.023
821		-165.791		122.482
822		-167.437		86.0875
823		-154.994		61.9278
824		-142.834		54.8081
825		-144.096		56.9237
826		-161.544		52.7395
827		-184.824		29.2023
828		-196.154		-15.0256
829		-181.232		-67.228
830		-138.811		-107.056
831		-82.8571		-118.229
832		-35.533		-98.6162
833		-14.7123		-62.4407
834		-23.2698		-32.8084
835		-46.6664		-28.4806
836		-60.7338		-52.4446
837		-45.6142		-89.1265
838		1.98899		-112.337
839		65.4497		-99.8656
840		116.094		-46.6507
841		128.304		31.05
842		93.5948		103.148
843		25.7881		141.036
844		-45.7675		132.412
845		-91.3322		87.464
846		-96.01		33.0166
847		-66.7646		-2.08052
848		-27.5038		-2.21402
849		-5.18466		27.463
850		-14.8305		65.1761
851		-51.8062		85.7026
852		-95.4405		74.9264
853		-121.594		37.5337
854		-116.773		-6.29915
855		-85.6922		-33.0119
856		-48.1424		-29.377
857		-27.2496		0.104057
858		-36.1267		36.2225
859		-70.6795		56.4818
860		-112.581		48.0656
861		-140.41		14.7524
862		-142.215		-26.118
863		-122.051		-54.5977
864		-96.7232		-60.3144
865		-84.8529		-48.5564
866		-94.9572		-36.6342
867		-119.795		-42.7513
868		-140.489		-74.1376
869		-138.043		-121.698
870		-105.396		-164.602
871		-52.688		-182.303
872		-2.32881		-166.989
873		23.5252		-128.997
874		15.9314		-91.7521
875		-15.0485		-78.8473
876		-45.3119		-100.544
877		-49.8451		-147.466
878		-16.6768		-195.246
879		46.2572		-217.616
880		115.266		-200.644
881		163.739		-150.078
882		176.397		-87.737
883		156.938		-39.1083
884		124.873		-19.3018
885		103.585		-25.3675
886		106.628		-39.2128
887		130.209		-39.2066
888		156.092		-13.5494
889		163.069		32.4474
890		140.144		79.4015
891		93.6388		105.377
892		44.0063		99.0694
893		14.1876		66.8891
894		16.3008		29.7282
895		44.4365		11.236
896		77.7826		24.3688
897		92.3028		63.9862
898		74.2383		109.751
899		27.6757		137.61
900		-28.0924		133.19
901		-69.7476		99.3989
902		-83.0754		53.9632
903		-70.4077		18.5519
904		-48.1639		5.9983
905		-36.1416		13.1839
906		-45.0532		23.7131
907		-69.7972		18.6711
908		-92.5057		-11.0535
909		-93.5731		-58.3444
910		-64.071		-103.31
911		-12.0558		-124.713
912		41.1856		-112.675
913		72.9739		-75.0857
914		72.3436		-33.714
915		46.7133		-12.0482
916		18.0461		-21.7738
917		10.493		-55.7334
918		36.4989		-91.569
919		89.3387		-104.129
920		146.435		-79.6467
921		181.657		-23.6322
922		179.647		42.0261
923		144.08		91.0905
924		95.2131		107.282
925		58.2474		92.764
926		49.2093		66.0937
927		66.4116		51.0078
928		92.2219		62.6178
929		103.887		98.9636
930		86.9759		142.637
931		43.6312		171.287
932		-9.02537		170.694
933		-49.1453		142.748
934		-62.8552		103.784
935		-51.8762		74.5166
936		-31.6764		67.7077
937		-21.4679		80.9997
938		-32.2223		99.111
939		-60.0105		103.941
940		-88.7156		86.3383
941		-100.463		52.2609
942		-87.3778		19.4351
943		-57.3633		6.38611
944		-30.1208		20.4398
945		-25.4882		52.112
946		-50.9629		79.6412
947		-96.0119		81.3868
948		-136.976		48.9634
949		-150.16		-6.75534
950		-125.706		-60.6961
951		-74.1016		-87.2434
952		-21.1705		-74.8658
953		6.00183		-33.2354
954		-5.60683		11.5628
955		-47.1652		31.3705
956		-92.434		11.9132
957		-112.253		-38.7072
958		-91.0657		-94.0189
959		-36.1428		-123.703
960		25.8825		-110.634
961		63.4559		-60.8725
962		57.5922		-0.862572
963		12.6642		36.776
964		-45.5986		31.0761
965		-83.8938		-15.693
966		-79.3428		-79.1056
967		-31.8029		-125.723
968		36.2158		-131.032
969		91.8431		-92.338
970		109.459		-29.6847
971		83.9459		25.4148
972		32.5277		46.9787
973		-15.3728		27.8727
974		-34.2561		-17.6111
975		-15.5849		-62.7666
976		29.1876		-83.5012
977		76.6189		-70.7391
978		105.101		-33.5151
979		106.31		8.28531
980		87.9326		36.5997
981		66.7365		45.4886
982		56.8016		43.095
983		60.3673		44.5758
984		66.8872		60.8184
985		60.6678		90.215
986		32.1367		118.758
987		-14.4732		128.505
988		-62.0679		109.24
989		-90.0269		66.0287
990		-86.4788		17.7501
991		-56.0801		-12.9678
992		-18.3341		-12.6952
993		2.97656		14.6137
994		-6.66198		49.2591
995		-43.8305		66.657
996		-88.6173		51.377
997		-115.613		6.2912
998		-108.334		-48.576
999		-68.8505		-87.0543
1000		-16.9957		-91.5592
1001		20.5448		-63.187
1002		25.1904		-21.3686
1003		-2.97007		6.8287
1004		-44.9981		1.78107
1005		-73.4379		-37.6865
1006		-67.3644		-93.5129
1007		-23.7411		-138.193
1008		41.1571		-149.574
1009		100.836		-122.388
1010		132.878		-70.2268
1011		130.366		-17.2348
1012		104.227		15.4743
1013		75.6294		20.8367
1014		63.2261		8.24895
1015		72.7769		-3.51985
1016		94.9715		1.69818
1017		112.268		27.851
1018		110.239		64.9575
1019		86.4219		95.9544
1020		51.4279		107.604
1021		21.8758		98.6522
1022		9.72887		80.2591
1023		14.7354		68.5511
1024		24.7036		74.0167
1025		23.4743		94.4217
1026		1.65794		115.782
1027		-36.5957		120.973
1028		-75.2047		100.79
1029		-95.4627		60.5928
1030		-87.5776		18.1854
1031		-57.3889		-6.18562
1032		-23.8841		-1.95573
1033		-8.55871		24.8008
1034		-22.6452		54.0585
1035		-59.7749		63.0413
1036		-98.7138		39.674
1037		-115.027		-9.56811
1038		-95.2232		-62.2717
1039		-45.2446		-92.082
1040		11.8268		-83.5122
1041		47.9064		-41.1763
1042		45.2799		11.9738
1043		6.61955		46.6777
1044		-46.0648		43.1097
1045		-83.0725		1.61203
1046		-82.8434		-57.5363
1047		-43.2231		-105.136
1048		17.9772		-118.664
1049		73.2093		-93.7775
1050		100.26		-45.4952
1051		93.6506		1.2376
1052		66.1457		25.9077
1053		39.9717		23.4192
1054		33.2008		5.60902
1055		49.3718		-7.14697
1056		76.2559		1.08957
1057		94.1332		32.1003
1058		88.3159		72.7356
1059		58.2524		103.3
1060		17.7569		109.802
1061		-13.6409		92.5257
1062		-22.8269		65.6666
1063		-11.1991		48.292
1064		6.32256		52.1932
1065		10.8719		74.1852
1066		-8.03093		97.7739
1067		-45.0589		103.419
1068		-81.4194		81.267
1069		-95.9398		38.4867
1070		-78.4359		-3.66611
1071		-37.2064		-21.8192
1072		4.31648		-4.6893
1073		20.4017		38.9957
1074		-1.80702		84.0312
1075		-53.6959		102.324
1076		-108.643		79.0973
1077		-136.193		22.3588
1078		-119.282		-40.2177
1079		-64.7523		-75.8364
1080		-0.843536		-64.7596
1081		37.449		-11.9779
1082		27.3516		54.4124
1083		-28.8172		97.6147
1084		-104.142		91.6464
1085		-160.907		35.3265
1086		-170.276		-46.9437
1087		-127.141		-118.023
1088		-52.1669		-147.417
1089		19.8647		-126.601
1090		58.7376		-72.0893
1091		54.1016		-14.9844
1092		19.1604		16.7143
1093		-18.7747		12.9546
1094		-34.9556		-14.5434
1095		-21.303		-41.1141
1096		10.0394		-44.9768
1097		35.3399		-20.5593
1098		34.5882		18.4598
1099		4.17844		47.9317
1100		-40.6074		48.3549
1101		-74.7133		17.1436
1102		-78.4774		-29.3687
1103		-49.6916		-65.4365
1104		-5.23199		-71.2574
1105		28.8437		-44.9631
1106		32.9231		-3.95459
1107		5.86163		25.4142
1108		-33.9286		23.8302
1109		-59.25		-8.80548
1110		-50.6121		-52.4565
1111		-8.73701		-78.1968
1112		44.5293		-65.3364
1113		77.8685		-14.4793
1114		68.3125		51.3313
1115		15.0453		98.4861
1116		-58.9493		101.266
1117		-118.713		56.4718
1118		-136.217		-14.2092
1119		-105.774		-75.7143
1120		-47.2096		-98.7041
1121		5.12335		-75.6012
1122		21.4049		-24.5502
1123		-7.1823		20.9428
1124		-63.8009		30.8522
1125		-115.672		-4.65189
1126		-132.582		-69.986
1127		-103.689		-133.25
1128		-43.1671		-164.335
1129		18.3404		-151.696
1130		51.423		-108.284
1131		44.549		-63.4422
1132		10.1797		-45.5759
1133		-23.0137		-65.6399
1134		-27.1963		-110.918
1135		8.21639		-152.559
1136		70.2159		-162.419
1137		129.502		-129.441
1138		157.132		-66.18
1139		140.901		-1.78803
1140		92.0732		34.3805
1141		38.7354		29.0847
1142		9.74662		-7.88969
1143		18.6153		-50.009
1144		56.5267		-69.6161
1145		98.3346		-53.7313
1146		117.769		-10.9108
1147		102.831		34.6205
1148		62.3753		57.8678
1149		20.1566		48.0624
1150		0.05233		14.858
1151		11.3511		-17.9054
1152		42.9519		-27.1083
1153		70.0307		-4.99186
1154		69.3244		35.3201
1155		33.9927		66.95
1156		-20.8929		65.1145
1157		-65.8172		22.5068
1158		-73.2796		-44.9129
1159		-33.9134		-105.451
1160		37.089		-128.62
1161		107.222		-102.055
1162		143.811		-38.8013
1163		131.611		29.3024
1164		81.0421		68.6373
1165		22.4378		61.85
1166		-10.5147		16.9767
1167		1.01455		-37.3067
1168		51.1299		-67.5338
1169		112.918		-53.532
1170		153.371		1.16903
1171		151.043		72.0311
1172		106.733		127.332
1173		41.686		145.086
1174		-15.0429		123.651
1175		-42.4791		80.5762
1176		-37.8597		41.1077
1177		-15.7509		23.5221
1178		2.52658		29.8467
1179		2.32362		46.9237
1180		-16.1734		56.4335
1181		-39.608		47.2525
1182		-51.37		22.4127
1183		-43.198		-3.47568
1184		-21.0228		-14.4601
1185		-1.31043		-4.48419
1186		-0.155975		17.6642
1187		-21.9994		33.1107
1188		-55.2556		24.7238
1189		-78.0626		-11.1674
1190		-71.1675		-60.5995
1191		-30.4099		-98.4748
1192		28.8888		-102.497
1193		78.8254		-66.6478
1194		93.7364		-6.18465
1195		64.7466		49.243
1196		5.67017		70.9886
1197		-53.4355		46.9311
1198		-81.835		-11.5771
1199		-64.3484		-75.3842
1200		-9.30389		-112.853
1201		56.1778		-106.436
1202		100.903		-61.4158
1203		106.12		-2.15062
1204		74.732		41.851
1205		28.3276		52.0669
1206		-5.92578		30.2967
1207		-10.8627		-3.77818
1208		11.4819		-25.0095
1209		42.035		-17.7838
1210		56.5853		15.0373
1211		40.2767		54.1597
1212		-3.72379		75.3647
1213		-56.1989		63.552
1214		-93.021		21.1353
1215		-98.7177		-33.8764
1216		-74.5102		-78.6304
1217		-36.3584		-98.4137
1218		-4.55937		-94.1548
1219		8.58432		-80.2075
1220		5.52571		-74.1129
1221		0.695068		-84.8451
1222		10.0915		-106.88
1223		39.8419		-123.796
1224		80.9895		-119.224
1225		114.006		-88.3717
1226		120.562		-42.8142
1227		95.5194		-5.20183
1228		51.7081		3.40878
1229		14.1563		-23.7174
1230		6.65008		-73.8601
1231		38.2026		-120.724
1232		97.3326		-138.37
1233		157.729		-115.431
1234		192.358		-61.4675
1235		188.116		-1.70629
1236		152.716		36.9855
1237		109.833		40.9445
1238		85.2841		16.9131
1239		92.1628		-12.5149
1240		123.504		-22.5542
1241		156.703		-1.071
1242		167.142		44.0202
1243		143.104		89.1528
1244		93.2854		108.823
1245		42.4315		90.719
1246		17.4979		43.4882
1247		32.2069		-7.45756
1248		78.8744		-33.8287
1249		132.246		-20.1975
1250		163.241		27.3322
1251		154.86		84.4297
1252		111.321		121.904
1253		55.3846		121.554
1254		15.5827		85.609
1255		10.7118		34.6761
1256		40.342		-4.30583
1257		86.4259		-12.9511
1258		124.602		9.37662
1259		138.27		47.0269
1260		127.15		78.7983
1261		105.566		91.1712
1262		91.9341		85.9909
1263		96.1972		78.1019
1264		113.061		84.6212
1265		125.277		112.669
1266		115.005		153.352
1267		76.2286		186.018
1268		20.3809		190.522
1269		-28.7295		160.199
1270		-48.1671		107.501
1271		-29.6567		58.3957
1272		14.402		38.2282
1273		56.7382		57.0002
1274		70.0477		102.715
1275		42.6586		147.074
1276		-13.9884		160.788
1277		-70.6474		130.125
1278		-95.7874		65.3387
1279		-72.8812		-3.97012
1280		-9.84941		-44.2761
1281		64.6895		-35.9206
1282		116.383		16.5019
1283		123.105		86.8552
1284		86.0652		141.664
1285		28.1175		157.859
1286		-19.4989		134.265
1287		-34.3475		90.7461
1288		-14.3017		55.9092
1289		22.7794		50.6758
1290		50.5041		77.0753
1291		49.5585		118.346
1292		18.3946		149.761
1293		-26.9228		153.452
1294		-63.1414		128.465
1295		-73.9744		90.3211
1296		-59.4486		60.7547
1297		-35.0031		54.0879
1298		-21.1416		68.5726
1299		-30.1258		87.9053
1300		-57.9214		91.8975
1301		-86.3837		69.7155
1302		-94.4405		27.515
1303		-71.5224		-14.3641
1304		-25.0153		-33.182
1305		23.0121		-17.6088
1306		48.1624		24.7766
1307		37.9829		71.0333
1308		-0.338531		95.6713
1309		-43.632		85.3711
1310		-65.896		46.9315
1311		-53.4005		3.58188
1312		-12.8737		-18.4332
1313		32.2061		-5.30073
1314		55.2961		35.9497
1315		42.6111		81.1971
1316		1.80328		103.242
1317		-41.8094		88.1159
1318		-59.6306		44.1713
1319		-36.7186		-1.57407
1320		18.4748		-18.1446
1321		77.3858		11.7582
1322		106.135		81.1466
1323		83.7702		161.301
1324		13.8348		216.271
1325		-77.1654		221.405
1326		-153.534		175.731
1327		-188.719		101.525
1328		-178.124		31.579
1329		-139.571		-8.4718
1330		-101.672		-12.8821
1331		-87.0922		3.24178
1332		-100.333		14.6865
1333		-126.719		1.89262
1334		-142.603		-37.5735
1335		-130.306		-88.3024
1336		-88.7984		-127.029
1337		-33.9284		-136.968
1338		11.5871		-117.74
1339		32.0638		-85.0062
1340		28.0655		-60.2559
1341		15.3317		-57.1916
1342		14.1672		-73.2014
1343		35.9327		-91.2616
1344		75.1279		-91.1866
1345		112.217		-63.3017
1346		125.767		-15.9286
1347		106.613		28.3548
1348		65.1993		45.9262
1349		27.0613		27.0953
1350		18.4747		-16.3528
1351		50.412		-56.2034
1352		110.45		-63.2554
1353		168.043		-24.5916
1354		190.907		47.4748
1355		163.593		120.568
1356		97.5447		159.37
1357		26.3739		145.488
1358		-11.7254		88.8377
1359		4.94708		23.7101
1360		68.7212		-8.93606
1361		145.354		16.4209
1362		191.432		95.4326
1363		177.194		195.214
1364		102.435		270.979
1365		-3.14288		289.11
1366		-95.3445		244.28
1367		-138.261		161.505
1368		-122.149		82.3013
1369		-67.012		42.7308
1370		-10.4649		55.3151
1371		12.9563		104.309
1372		-10.4807		156.185
1373		-68.3281		178.783
1374		-131.032		158.163
1375		-169.438		104.071
1376		-170.332		41.8805
1377		-141.405		-3.31821
1378		-103.681		-20.6402
1379		-76.9217		-17.2628
1380		-67.4796		-10.6439
1381		-66.0788		-14.7469
1382		-56.5869		-29.5095
1383		-29.7539		-40.6099
1384		7.38069		-29.9654
1385		33.2066		9.61751
1386		24.2725		65.3053
1387		-28.2349		107.424
1388		-108.55		104.491
1389		-180.071		42.156
1390		-202.23		-65.0046
1391		-152.046		-176.634
1392		-38.4951		-244.37
1393		98.924		-235.581
1394		207.697		-150.508
1395		247.303		-23.3108
1396		208.751		94.0721
1397		118.333		157.084
1398		23.6063		149.666
1399		-30.9065		90.4106
1400		-25.4247		20.9235
1401		27.1966		-16.9193
1402		90.9158		-2.39281
1403		127.395		55.2318
1404		116.513		124.41
1405		65.4409		170.401
1406		2.08253		174.527
1407		-42.443		142.923
1408		-51.6838		100.572
1409		-31.876		74.9922
1410		-6.06519		79.686
1411		1.42429		107.109
1412		-19.6034		134.923
1413		-59.3107		141.223
1414		-94.8409		119.112
1415		-105.757		81.5144
1416		-88.2476		53.1294
1417		-59.0965		54.2672
1418		-46.5212		86.4284
1419		-72.9004		128.689
1420		-139.513		147.75
1421		-222.595		116.445
1422		-283.715		30.3112
1423		-289.241		-87.4216
1424		-228.328		-195.733
1425		-119.443		-255.563
1426		-1.71387		-248.837
1427		84.2165		-186.536
1428		115.433		-101.746
1429		95.8595		-31.9004
1430		50.8866		-0.263977
1431		11.3531		-6.69737
1432		-3.51588		-32.1035
1433		5.49861		-52.9573
1434		22.0986		-56.6826
1435		28.2691		-48.5512
1436		18.3332		-46.2138
1437		4.23803		-65.6382
1438		8.53412		-107.561
1439		49.1615		-153.373
1440		125.425		-173.74
1441		214.229		-145.479
1442		279.829		-66.9053
1443		292.401		37.7954
1444		245.212		128.666
1445		160.417		169.821
1446		79.5328		148.515
1447		43.0425		82.9356
1448		69.7144		14.103
1449		146.591		-14.1925
1450		234.956		22.946
1451		289.093		119.412
1452		278.02		241.46
1453		199.175		344.225
1454		77.7311		392.379
1455		-46.9388		374.409
1456		-139.617		304.153
1457		-182.737		210.54
1458		-179.078		122.559
1459		-144.38		58.0544
1460		-96.1235		21.4538
1461		-45.9045		9.41141
1462		0.64397		18.5301
1463		38.2129		48.7029
1464		56.448		99.4512
1465		40.716		162.295
1466		-19.5561		215.888
1467		-119.442		229.778
1468		-231.96		177.422
1469		-312.889		52.6144
1470		-317.396		-120.197
1471		-221.607		-289.412
1472		-38.0651		-394.518
1473		184.218		-391.782
1474		377.149		-275.103
1475		481.363		-81.0973
1476		471.507		125.169
1477		366.655		277.688
1478		220.646		337.339
1479		97.0072		306.813
1480		40.7744		225.898
1481		60.6627		150.247
1482		129.411		124.751
1483		200.677		164.627
1484		232.788		252.567
1485		207.077		351.518
1486		132.536		424.827
1487		36.4688		452.685
1488		-51.8322		437.157
1489		-114.641		395.275
1490		-149.828		346.323
1491		-165.141		301.809
1492		-168.448		263.71
1493		-161.428		230.434
1494		-141.08		204.746
1495		-107.425		196.72
1496		-71.0715		218.463
1497		-53.8127		273.397
1498		-79.721		347.418
1499		-160.659		409.158
1500		-284.691		421.643
1501		-415.478		360.581
1502		-505.204		229.63
1503		-515.865		63.4473
1504		-438.347		-84.7309
1505		-298.935		-165.923
1506		-148.994		-157.537
1507		-42.3379		-73.4847
1508		-11.4692		43.0553
1509		-54.6025		140.535
1510		-139.733		182.772
1511		-222.954		163.411
1512		-270.804		104.244
1513		-274.699		39.4402
1514		-250.35		-4.77937
1515		-223.697		-23.4206
1516		-212.405		-31.9114
1517		-214.101		-52.5355
1518		-208.235		-96.849
1519		-170.23		-155.019
1520		-89.2496		-198.813
1521		21.3072		-196.843
1522		127.31		-133.331
1523		190.014		-19.3973
1524		186.008		110.015
1525		119.849		212.374
1526		22.1897		258.252
1527		-65.6919		245.206
1528		-112.507		197.424
1529		-111.517		151.618
1530		-81.4335		137.269
1531		-53.8191		162.181
1532		-54.6591		210.939
1533		-90.7193		256.321
1534		-148.1		276.329
1535		-203.047		266.625
1536		-237.898		241.251
1537		-252.246		221.729
1538		-262.545		221.651
1539		-290.509		236.518
1540		-347.599		245.34
1541		-425.361		223.322
1542		-498.019		158.074
1543		-536.375		59.3444
1544		-525.11		-44.1477
1545		-473.136		-119.728
1546		-410.32		-149.369
1547		-371.609		-141.114
1548		-377.033		-126.191
1549		-418.818		-142.643
1550		-463.279		-213.967
1551		-467.157		-334.41
1552		-400.034		-469.195
1553		-261.018		-569.975
1554		-80.8112		-597.622
1555		91.8664		-540.554
1556		212.302		-419.357
1557		258.841		-275.921
1558		239.632		-153.432
1559		184.711		-77.9881
1560		128.964		-50.8787
1561		95.8164		-54.0994
1562		90.1029		-64.2204
1563		102.455		-65.6334
1564		120.64		-55.6031
1565		139.553		-39.3479
1566		163.174		-19.8866
1567		197.554		9.36739
1568		240.129		63.2623
1569		273.498		154.743
1570		269.371		281.999
1571		202.083		421.635
1572		64.688		533.737
1573		-121.929		577.979
1574		-313.401		533.082
1575		-459.005		409.23
1576		-523.64		246.074
1577		-503.563		96.4165
1578		-427.658		3.28512
1579		-343.436		-18.2122
1580		-294.913		14.637
1581		-303.544		63.0215
1582		-361.414		86.5311
1583		-439.011		61.5194
1584		-502.167		-11.123
1585		-528.342		-111.408
1586		-513.8		-214.109
1587		-469.225		-302.08
1588		-408.306		-371.373
1589		-337.631		-426.305
1590		-254.692		-469.215
1591		-154.986		-493.015
1592		-42.8186		-482.692
1593		62.575		-425.824
1594		131.503		-325.745
1595		138.231		-208.201
1596		77.8899		-115.314
1597		-24.3496		-87.7866
1598		-118.895		-143.663
1599		-151.446		-265.113
1600		-88.0688		-401.501
1601		66.8653		-488.905
1602		269.517		-477.499
1603		453.613		-353.744
1604		557.888		-146.528
1605		550.892		85.5623
1606		441.606		279.313
1607		271.77		391.893
1608		95.0753		414.187
1609		-45.5302		367.574
1610		-131.36		288.072
1611		-167.328		207.822
1612		-170.313		143.93
1613		-155.41		99.1512
1614		-128.917		71.2723
1615		-91.5419		62.9285
1616		-48.1168		83.983
1617		-15.4803		144.09
1618		-21.1085		240.203
1619		-91.0185		348.082
1620		-232.868		425.415
1621		-424.457		427.669
1622		-616.113		329.796
1623		-748.348		142.296
1624		-777.472		-88.1318
1625		-696.601		-295.66
1626		-540.821		-423.037
1627		-372.844		-446.722
1628		-255.406		-386.964
1629		-223.586		-297.587
1630		-270.426		-240.444
1631		-352.49		-257.092
1632		-411.958		-351.356
1633		-403.791		-490.511
1634		-314.62		-623.156
1635		-165.056		-703.722
1636		3.87064		-711.05
1637		151.462		-652.782
1638		253.917		-555.524
1639		308.982		-448.278
1640		328.477		-349.265
1641		325.452		-262.982
1642		305.052		-187.268
1643		264.856		-123.846
1644		203.706		-83.8652
1645		132.086		-83.5649
1646		75.6271		-131.971
1647		67.306		-218.373
1648		130.995		-308.524
1649		265.036		-354.168
1650		435.733		-312.935
1651		586.084		-169.22
1652		657.153		54.8899
1653		612.441		305.083
1654		453.575		514.996
1655		219.647		631.875
1656		-29.3532		635.764
1657		-236.767		543.673
1658		-369.581		397.883
1659		-425.924		245.336
1660		-427.946		118.782
1661		-405.74		28.307
1662		-381.801		-34.5187
1663		-363.88		-84.603
1664		-348.296		-131.748
1665		-329.404		-176.355
1666		-307.702		-213.861
1667		-290.712		-243.457
1668		-286.056		-273.925
1669		-291.748		-321.367
1670		-291.08		-399.106
1671		-257.11		-505.577
1672		-165.939		-618.226
1673		-12.1556		-698.757
1674		182.474		-708.819
1675		373.167		-628.974
1676		508.697		-471.137
1677		553.13		-277.307
1678		502.263		-104.132
1679		386.524		-0.0685768
1680		258.619		14.234
1681		171.725		-46.777
1682		158.483		-141.54
1683		220.217		-220.154
1684		330.374		-244.597
1685		449.022		-201.15
1686		540.289		-100.529
1687		584.239		32.2237
1688		578.69		171.234
1689		532.436		299.181
1690		455.696		408.615
1691		354.265		496.581
1692		230.508		557.837
1693		89.4869		582.34
1694		-55.062		559.4
1695		-180.233		486.186
1696		-260.863		374.926
1697		-280.983		253.339
1698		-243.649		156.394
1699		-173.172		112.5
1700		-107.438		130.7
1701		-83.2017		195.475
1702		-121.032		272.15
1703		-216.946		320.687
1704		-344.534		311.535
1705		-466.255		236.371
1706		-548.323		109.355
1707		-572.38		-40.7473
1708		-539.3		-183.004
1709		-464.743		-295.217
1710		-369.99		-368.843
1711		-273.192		-407.136
1712		-184.921		-419.194
1713		-108.801		-414.065
1714		-45.0476		-397.993
1715		6.41261		-375.216
1716		45.4887		-350.272
1717		73.9515		-328.989
1718		97.6603		-316.623
1719		126.325		-314
1720		169.708		-314.413
1721		231.696		-304.136
1722		305.579		-267.539
1723		373.858		-195.033
1724		413.837		-89.9633
1725		407.194		29.4981
1726		349.3		135.311
1727		253.704		199.921
1728		149.104		207.783
1729		69.5043		162.951
1730		41.3804		89.1983
1731		73.0917		22.2767
1732		150.857		-2.72855
1733		242.876		35.9599
1734		309.911		138.912
1735		318.276		285.026
1736		250.581		438.268
1737		110.793		558.878
1738		-77.5839		615.057
1739		-278.979		591.453
1740		-456.091		492.216
1741		-579.731		338.293
1742		-635.418		160.392
1743		-625.219		-9.92043
1744		-564.844		-148.239
1745		-477.402		-242.246
1746		-386.08		-292.485
1747		-308.141		-309.317
1748		-251.956		-307.659
1749		-217.479		-301.73
1750		-199.18		-301.688
1751		-189.525		-312.959
1752		-181.194		-337.559
1753		-167.28		-375.706
1754		-140.218		-426.047
1755		-91.2941		-483.979
1756		-12.4436		-539.254
1757		99.368		-575.21
1758		236.953		-571.792
1759		380.139		-512.669
1760		498.455		-394.142
1761		560.055		-231.57
1762		544.386		-59.0105
1763		453.337		79.7155
1764		315.127		146.37
1765		177.654		124.199
1766		92.53		27.2916
1767		95.6468		-101.626
1768		192.326		-205.186
1769		353.72		-232.051
1770		526.445		-155.893
1771		651.666		15.1979
1772		685.663		242.564
1773		613.515		471.91
1774		450.927		652.442
1775		234.824		752.054
1776		8.21561		763.047
1777		-193.369		697.885
1778		-348.535		579.203
1779		-448.865		430.261
1780		-493.341		270.418
1781		-483.565		116.234
1782		-423.392		-15.0446
1783		-322.823		-104.359
1784		-202.343		-134.948
1785		-92.8412		-100.612
1786		-28.4104		-13.4263
1787		-33.7505		94.7886
1788		-111.868		180.347
1789		-238.874		203.131
1790		-369.995		143.247
1791		-455.576		10.964
1792		-460.646		-155.474
1793		-379.361		-304.062
1794		-237.604		-389.43
1795		-82.4222		-390.506
1796		36.9647		-317.817
1797		88.1635		-207.656
1798		66.5732		-106.388
1799		-5.55133		-52.2653
1800		-90.2064		-62.5052
1801		-148.981		-130.069
1802		-155.818		-229.693
1803		-102.849		-328.799
1804		1.00345		-397.884
1805		135.669		-416.803
1806		276.029		-376.602
1807		396.213		-278.936
1808		472.406		-135.431
1809		485.992		32.4162
1810		428.353		194.339
1811		306.399		315.819
1812		145.632		367
1813		-12.868		333.958
1814		-123.004		227.554
1815		-149.358		84.6245
1816		-82.0612		-41.1736
1817		55.9968		-96.8872
1818		213.966		-49.8314
1819		329.08		98.8484
1820		348.135		312.564
1821		245.99		530.582
1822		34.0094		687.728
1823		-244.196		734.739
1824		-527.04		651.898
1825		-752.999		452.225
1826		-875.899		175.12
1827		-873.574		-125.314
1828		-749.693		-392.544
1829		-531.026		-577.671
1830		-262.535		-647.071
1831		-0.99762		-588.642
1832		193.923		-416.868
1833		272.193		-174.669
1834		208.278		71.4057
1835		13.8252		245.124
1836		-258.349		282.295
1837		-524.028		154.028
1838		-691.153		-117.871
1839		-690.593		-461.694
1840		-502.693		-775.49
1841		-168.136		-960.231
1842		222.931		-954.421
1843		560.644		-756.394
1844		752.958		-424.953
1845		756.283		-57.9837
1846		587.468		242.198
1847		313.501		402.728
1848		24.6426		400.502
1849		-197.006		262.804
1850		-301.171		50.9475
1851		-278.107		-163.936
1852		-152.663		-322.427
1853		29.9933		-388.888
1854		219.142		-353.332
1855		368.692		-227.195
1856		442.498		-38.0868
1857		417.874		173.97
1858		290.264		360.307
1859		78.7647		470.87
1860		-171.606		466.906
1861		-396.168		336.491
1862		-527.662		105.889
1863		-520.322		-161.272
1864		-371.396		-380.98
1865		-129.008		-478.244
1866		120.332		-417.783
1867		282.264		-222.014
1868		291.656		33.5249
1869		140.192		247.523
1870		-118.48		332.466
1871		-389.349		249.505
1872		-573.885		23.2146
1873		-608.578		-270.132
1874		-487.379		-535.04
1875		-259.072		-694.903
1876		-2.48005		-718.789
1877		207.577		-626.248
1878		327.455		-470.626
1879		353.803		-311.45
1880		313.479		-190.425
1881		242.848		-121.808
1882		169.239		-98.8771
1883		104.233		-109.185
1884		50.197		-147.22
1885		13.0532		-216.043
1886		10.5972		-317.375
1887		68.7976		-437.664
1888		206.505		-541.034
1889		417.109		-576.565
1890		659.024		-498.965
1891		863.223		-293.126
1892		957.196		10.6954
1893		895.366		340.806
1894		681.478		607.681
1895		371.396		737.736
1896		53.8214		702.185
1897		-182.951		527.787
1898		-283.482		284.842
1899		-242.778		58.451
1900		-102.481		-83.4862
1901		70.6159		-111.611
1902		212.245		-38.0996
1903		281.684		96.8907
1904		268.354		246.029
1905		184.636		371.733
1906		52.4415		452.328
1907		-107.203		477.979
1908		-276.181		442.985
1909		-434.297		342.251
1910		-553.96		175.729
1911		-601.807		-41.9835
1912		-549.91		-274.654
1913		-392.276		-467.757
1914		-157.238		-564.638
1915		93.4695		-530.182
1916		282.329		-370.955
1917		345.069		-140.513
1918		258.913		75.4303
1919		56.6562		189.884
1920		-181.358		149.231
1921		-355.569		-43.291
1922		-384.766		-325.901
1923		-237.485		-599.667
1924		55.5383		-764.341
1925		412.387		-754.159
1926		729.167		-559.806
1927		915.207		-229.278
1928		920.899		150.69
1929		749.326		483.761
1930		450.182		692.296
1931		101.146		735.888
1932		-214.947		616.632
1933		-429.741		373.007
1934		-501.84		67.1778
1935		-421.863		-229.558
1936		-211.741		-450.385
1937		80.1591		-544.767
1938		387.619		-488.081
1939		638.93		-287.911
1940		772.19		15.272
1941		750.677		355.145
1942		573.75		654.405
1943		278.761		844.393
1944		-68.0098		883.683
1945		-389.439		769.237
1946		-618.972		536.013
1947		-718.14		245.098
1948		-684.474		-35.2215
1949		-547.938		-248.634
1950		-358.356		-363.96
1951		-169.256		-379.013
1952		-23.8031		-315.766
1953		53.4582		-210.322
1954		58.4014		-101.931
1955		4.30123		-24.136
1956		-83.5717		0.883774
1957		-174.055		-34.777
1958		-236.383		-123.914
1959		-246.701		-245.479
1960		-194.293		-368.688
1961		-85.8496		-460.483
1962		54.5736		-495.362
1963		191.531		-464.753
1964		289.503		-381.987
1965		326.2		-279.697
1966		302.686		-199.209
1967		245.567		-174.968
1968		199.226		-219.777
1969		210.124		-316.954
1970		308.737		-423.158
1971		495.951		-481.52
1972		739.258		-440.617
1973		980.339		-272.577
1974		1151.42		15.9486
1975		1194.87		383.373
1976		1079.76		762.978
1977		810.932		1079.43
1978		428.648		1267.02
1979		-0.0721741		1285.1
1980		-395.828		1127.53
1981		-683.611		824.846
1982		-808.873		438.977
1983		-750.099		51.4825
1984		-525.352		-253.128
1985		-190.751		-406.196
1986		170.005		-371.943
1987		463.915		-158.245
1988		611.05		182.654
1989		565.363		564.989
1990		327.776		889.96
1991		-52.7826		1070.63
1992		-491.243		1054.21
1993		-887.897		835.177
1994		-1153.27		455.783
1995		-1229.27		-5.74536
1996		-1101.24		-455.147
1997		-798.676		-804.253
1998		-385.904		-989.628
1999		53.7163		-983.995
2000		435.738		-799.258
2001		691.124		-481.893
2002		778.841		-102.485
2003		693.077		258.587
2004		464.124		527.278
2005		152.325		651.401
2006		-164.698		612.545
2007		-409.759		431.151
2008		-525.112		162.356
2009		-487.664		-117.604
2010		-315.477		-331.621
2011		-62.7393		-423.01
2012		196.02		-371.323
2013		387.923		-197.379
2014		463.011		44.2857
2015		407.93		283.095
2016		247.828		454.296
2017		36.3718		517.861
2018		-162.251		468.615
2019		-293.12		335.152
2020		-325.994		168.874
2021		-262.265		27.4419
2022		-132.462		-42.0395
2023		13.8526		-15.5201
2024		122.275		102.44
2025		147.968		280.548
2026		67.0903		468.867
2027		-116.89		610.954
2028		-372.988		657.464
2029		-648.676		578.554
2030		-881.07		372.522
2031		-1011.38		68.5216
2032		-999.607		-277.883
2033		-835.995		-596.061
2034		-545.93		-816.455
2035		-186.37		-887.819
2036		166.049		-791.122
2037		432.733		-546.171
2038		552.372		-208.737
2039		496.758		141.571
2040		278.92		419.929
2041		-48.7732		556.908
2042		-406.393		515.855
2043		-705.423		302.586
2044		-870.323		-35.3096
2045		-857.276		-419.661
2046		-665.203		-760.823
2047		-335.996		-979.895
2048		56.3204		-1028.22
2049		424.682		-898.889
2050		691.084		-627.046
2051		805.514		-279.21
2052		756.531		65.0956
2053		571.031		333.74
2054		304.193		478.558
2055		23.528		483.975
2056		-207.802		366.565
2057		-343.956		167.373
2058		-363.422		-59.4518
2059		-270.274		-258.278
2060		-91.3174		-381.829
2061		129.216		-398.844
2062		336.843		-299.93
2063		476.241		-101.329
2064		503.085		154.939
2065		396.82		406.922
2066		170.62		585.914
2067		-126.403		635.446
2068		-418.512		530.894
2069		-623.955		292.162
2070		-681.499		-17.3653
2071		-573.426		-307.942
2072		-335.197		-492.424
2073		-46.1777		-516.999
2074		196.747		-381.534
2075		313.334		-140.672
2076		268.645		115.647
2077		84.6803		294.885
2078		-169.536		334.781
2079		-404.842		223.383
2080		-544.193		-0.935543
2081		-547.114		-267.754
2082		-417.616		-501.803
2083		-195.002		-646.936
2084		65.3861		-677.896
2085		311.088		-598.074
2086		503.026		-428.577
2087		615.845		-197.227
2088		632.793		65.9715
2089		542.672		326.302
2090		343.955		540.135
2091		54.9608		656.72
2092		-277.054		630.413
2093		-576.999		440.829
2094		-758.452		111.58
2095		-752.579		-284.029
2096		-538.375		-637.664
2097		-159.778		-839.082
2098		280.863		-816
2099		653.567		-563.964
2100		845.057		-152.306
2101		798.919		297.989
2102		534.882		656.331
2103		139.311		827.445
2104		-268.434		781.037
2105		-578.949		555.28
2106		-727.162		235.1
2107		-705.572		-83.0647
2108		-554.371		-323.854
2109		-336.942		-450.336
2110		-114.281		-462.542
2111		70.317		-383.207
2112		192.717		-241.704
2113		240.356		-65.4701
2114		204.825		118.616
2115		82.0105		277.942
2116		-119.452		371.659
2117		-367.722		358.272
2118		-604.797		212.658
2119		-757.531		-55.4779
2120		-761.489		-392.879
2121		-588.394		-711.671
2122		-264.12		-915.601
2123		132.899		-934.182
2124		494.495		-750.407
2125		718.62		-409.679
2126		743.842		-5.64244
2127		568.649		351.276
2128		248.746		569.574
2129		-124.819		602.745
2130		-456.214		457.261
2131		-671.58		182.67
2132		-733.458		-148.785
2133		-641.461		-463.097
2134		-423.992		-698.905
2135		-127.928		-813.951
2136		189.237		-786.964
2137		464.94		-619.394
2138		638.393		-338.611
2139		661.984		0.289433
2140		516.531		319.477
2141		224.639		533.991
2142		-146.157		576.317
2143		-496.383		421.954
2144		-722.951		104.595
2145		-753.99		-288.18
2146		-576.487		-640.277
2147		-244.307		-845.636
2148		138.397		-845.338
2149		452.986		-648.259
2150		607.562		-326.685
2151		567.367		11.2125
2152		362.914		260.613
2153		73.9709		355.221
2154		-202.514		285.304
2155		-386.773		93.5794
2156		-439.705		-146.656
2157		-368.489		-360.344
2158		-215.454		-494.675
2159		-37.6377		-530.651
2160		113.588		-481.021
2161		205.86		-378.918
2162		229.854		-263.709
2163		195.879		-169.361
2164		126.793		-117.636
2165		50.3581		-115.674
2166		-7.55788		-156.58
2167		-28.79		-222.12
2168		-7.46095		-287.599
2169		47.8259		-328.96
2170		115.898		-330.968
2171		169.841		-293.675
2172		187.287		-233.862
2173		160.272		-179.586
2174		99.993		-159.126
2175		33.4719		-188.769
2176		-7.08249		-265.173
2177		2.41145		-366.255
2178		68.2683		-460.449
2179		177.764		-519.805
2180		306.596		-530.285
2181		430.739		-494.178
2182		535.976		-423.944
2183		619.875		-331.804
2184		685.557		-221.841
2185		731.754		-89.8953
2186		746.255		68.3179
2187		708.177		245.906
2188		599.217		418.055
2189		418.199		545.755
2190		190.141		590.183
2191		-36.942		531.372
2192		-208.114		381.306
2193		-283.771		183.372
2194		-257.167		-3.27803
2195		-157.791		-127.885
2196		-37.9426		-169.125
2197		51.4463		-142.347
2198		83.7745		-89.0595
2199		66.8207		-53.9147
2200		34.7115		-61.1679
2201		26.1815		-103.051
2202		60.9276		-146.296
2203		127.082		-153.28
2204		186.985		-106.18
2205		198.532		-20.5957
2206		140.69		59.5043
2207		29.0572		83.6556
2208		-87.7278		22.4161
2209		-149.905		-114.143
2210		-116.112		-277.371
2211		14.6228		-400.834
2212		200.026		-431.017
2213		372.795		-352.631
2214		471.048		-195.814
2215		465.929		-21.7324
2216		372.889		106.001
2217		241.67		149.67
2218		130.879		111.74
2219		80.5538		28.9455
2220		96.4198		-49.4153
2221		152.755		-86.758
2222		210.642		-74.8157
2223		240.533		-32.3654
2224		236.548		10.5475
2225		215.311		32.7239
2226		201.279		34.2959
2227		208.151		34.5903
2228		227.917		57.174
2229		234.402		111.46
2230		199.517		182.349
2231		112.785		234.842
2232		-7.54514		231.916
2233		-119.159		156.146
2234		-174.748		22.886
2235		-145.957		-123.047
2236		-39.5325		-226.538
2237		103.353		-247.915
2238		224.943		-182.213
2239		277.296		-61.9643
2240		244.071		58.0754
2241		146.88		126.629
2242		33.2898		119.117
2243		-47.0693		46.967
2244		-65.9514		-51.0823
2245		-27.793		-130.503
2246		36.2454		-163.787
2247		87.5277		-152.769
2248		101.8		-124.604
2249		82.0038		-114.227
2250		55.5222		-143.163
2251		57.6973		-206.171
2252		110.657		-272.878
2253		208.823		-303.56
2254		318.904		-270.895
2255		394.701		-176.474
2256		399.574		-53.51
2257		325.645		45.9342
2258		200.508		73.4022
2259		78.1908		5.95076
2260		18.3959		-142.218
2261		63.0551		-323.186
2262		219.85		-471.91
2263		458.768		-528.785
2264		721.986		-459.335
2265		942.269		-264.335
2266		1062.67		21.8129
2267		1051.16		342.194
2268		906.834		633.088
2269		657.711		839.195
2270		352.476		924.919
2271		49.1226		880.303
2272		-197.001		721.647
2273		-343.998		487.454
2274		-371.681		230.372
2275		-285.844		6.13559
2276		-117.177		-138.762
2277		85.7369		-177.977
2278		268.297		-111.711
2279		383.765		33.729
2280		405.11		213.544
2281		331.128		377.105
2282		184.953		481.669
2283		5.81641		502.814
2284		-162.815		438.61
2285		-284.593		307.034
2286		-337.775		138.545
2287		-317.437		-32.9822
2288		-233.139		-177.921
2289		-104.103		-275.528
2290		45.9491		-315.521
2291		193.047		-297.647
2292		316.149		-230.36
2293		399.7		-129.073
2294		435.865		-13.7902
2295		426.081		94.2959
2296		381.06		177.118
2297		318.504		223.999
2298		258.602		234.388
2299		218.479		217.783
2300		207.47		190.586
2301		224.908		170.896
2302		261.139		173.098
2303		301.152		204.142
2304		329.246		262.509
2305		333.033		339.658
2306		305.756		422.863
2307		246.874		498.187
2308		161.585		552.87
2309		59.9262		577.172
2310		-44.3829		566.074
2311		-135.818		520.964
2312		-200.121		450.76
2313		-228.396		371.319
2314		-221.017		302.241
2315		-189.415		261.165
2316		-154.078		257.229
2317		-138.499		286.35
2318		-160.749		330.895
2319		-225.928		364.74
2320		-322.876		362.336
2321		-427.05		308.373
2322		-508.853		203.989
2323		-544.169		66.7355
2324		-522.737		-75.7984
2325		-450.902		-195.971
2326		-347.805		-275.359
2327		-237.099		-309.444
2328		-138.175		-306.166
2329		-60.8639		-279.77
2330		-5.50865		-243.515
2331		32.5723		-205.064
2332		57.4461		-166.528
2333		69.3707		-128.396
2334		65.9996		-94.2378
2335		47.1518		-72.6069
2336		19.9214		-74.1713
2337		0.283279		-105.001
2338		8.95757		-159.558
2339		62.3891		-217.798
2340		162.7		-249.269
2341		291.767		-223.799
2342		413.327		-124.881
2343		483.659		40.0905
2344		467.403		237.843
2345		352.371		417.476
2346		157.098		526.591
2347		-72.4781		529.477
2348		-276.541		420.417
2349		-400.344		226.943
2350		-411.727		1.78291
2351		-310.993		-193.481
2352		-130.045		-307.088
2353		78.2553		-311.705
2354		256.198		-210.592
2355		357.151		-34.3592
2356		356.538		169.389
2357		255.587		349.357
2358		78.3016		462.654
2359		-136.029		483.037
2360		-342.02		404.535
2361		-497.023		241.138
2362		-568.656		23.6104
2363		-540.732		-205.894
2364		-417.211		-401.25
2365		-223.206		-521.573
2366		-1.68324		-541.158
2367		194.977		-457.814
2368		317.823		-296.495
2369		335.712		-105.611
2370		246.741		54.6388
2371		82.0934		129.579
2372		-100.432		87.9896
2373		-232.527		-65.573
2374		-256.675		-289.116
2375		-145.737		-513.916
2376		86.1423		-664.89
2377		385.608		-684.251
2378		675.039		-550.533
2379		875.688		-286.483
2380		931.48		46.8796
2381		825.741		368.021
2382		585.744		598.533
2383		274.184		685.1
2384		-29.0901		613.3
2385		-249.036		409.82
2386		-334.581		133.536
2387		-270.151		-141.013
2388		-77.4896		-342.669
2389		191.496		-420.355
2390		468.201		-353.939
2391		683.59		-157.621
2392		783.8		124.235
2393		742.078		427.632
2394		564.738		683.713
2395		289.717		834.839
2396		-22.4108		848.426
2397		-303.322		724.957
2398		-494.245		497.588
2399		-560.951		222.875
2400		-501.826		-35.102
2401		-346.316		-222.464
2402		-144.157		-309.432
2403		50.8302		-295.852
2404		196.574		-206.857
2405		272.678		-80.9705
2406		281.427		44.2138
2407		240.725		142.987
2408		173.12		205.282
2409		96.3856		232.998
2410		19.7543		232.158
2411		-53.3806		205.916
2412		-119.054		152.47
2413		-167.312		68.8705
2414		-181.853		-41.8424
2415		-145.805		-164.931
2416		-51.0699		-273.983
2417		93.8353		-338.04
2418		262.266		-333.305
2419		416.273		-254.072
2420		519.6		-117.3
2421		551.391		42.0791
2422		514.364		183.712
2423		433.502		277.057
2424		345.567		312.67
2425		283.932		304.621
2426		265.315		283.134
2427		284.006		280.9
2428		315.656		319.127
2429		328.436		399.187
2430		296.385		502.833
2431		209.335		600.053
2432		75.9085		660.546
2433		-80.5264		663.902
2434		-230.21		604.982
2435		-345.793		493.672
2436		-408.608		350.609
2437		-411.396		201.461
2438		-358.293		71.8055
2439		-263.476		-16.8421
2440		-149.231		-50.3639
2441		-43.0798		-25.2851
2442		26.9372		48.5383
2443		39.0822		147.428
2444		-14.5489		237.461
2445		-122.699		282.726
2446		-255.019		256.568
2447		-369.125		151.907
2448		-423.287		-13.8708
2449		-390.477		-202.385
2450		-268.246		-365.689
2451		-80.1706		-461.66
2452		132.017		-467.406
2453		322.45		-385.397
2454		455.551		-240.229
2455		515.143		-68.0339
2456		505.227		96.3647
2457		443.46		228.959
2458		351.552		319.365
2459		247.696		367.287
2460		144.287		376.216
2461		50.7048		348.933
2462		-22.149		287.709
2463		-59.8725		198.763
2464		-47.797		97.4604
2465		21.338		9.72612
2466		139.266		-33.1194
2467		278.794		-5.26253
2468		398.597		101.397
2469		455.789		269.749
2470		421.809		459.246
2471		294.901		617.583
2472		103.383		698.382
2473		-102.43		677.968
2474		-266.96		564.392
2475		-348.386		394.963
2476		-332.632		223.216
2477		-237.179		100.449
2478		-103.761		58.8547
2479		16.7516		102.157
2480		81.345		206.409
2481		67.8206		329.648
2482		-20.0381		426.209
2483		-155.657		460.606
2484		-299.04		416.931
2485		-408.731		301.837
2486		-452.857		141.391
2487		-416.757		-26.524
2488		-306.016		-161.983
2489		-144.72		-232.767
2490		30.4559		-222.147
2491		179.138		-133.09
2492		267.252		12.2263
2493		275.744		177.803
2494		205.576		323.055
2495		77.2903		413.469
2496		-74.9511		429.506
2497		-213.046		370.934
2498		-305.141		255.297
2499		-332.949		111.402
2500		-294.033		-29.4497
2501		-199.106		-141.107
2502		-66.3746		-206.617
2503		84.0719		-218.189
2504		233.487		-174.62
2505		364.766		-78.7253
2506		461.237		63.1982
2507		506.335		239.626
2508		485.966		431.46
2509		393.517		611.737
2510		235.341		749.356
2511		33.5071		816.75
2512		-176.768		799.003
2513		-355.349		700.553
2514		-468.64		546.029
2515		-500.032		374.057
2516		-455.065		225.861
2517		-359.122		132.837
2518		-248.49		107.8
2519		-158.372		143.04
2520		-112.511		215.406
2521		-118.059		295.814
2522		-166.861		359.035
2523		-241.558		390.098
2524		-323.176		385.587
2525		-396.93		350.625
2526		-454.402		293.991
2527		-492.404		224.086
2528		-510.315		147.322
2529		-508		68.7894
2530		-485.508		-6.23127
2531		-444.297		-71.5816
2532		-388.647		-121.194
2533		-325.801		-151.254
2534		-264.253		-162.153
2535		-210.776		-158.793
2536		-167.774		-148.691
2537		-132.444		-138.578
2538		-98.4406		-131.124
2539		-59.3877		-123.448
2540		-12.6425		-108.255
2541		38.4535		-77.1835
2542		84.8931		-24.8942
2543		114.768		47.8468
2544		117.314		133.312
2545		86.6621		218.4
2546		24.0387		287.921
2547		-62.0792		328.364
2548		-157.56		331.082
2549		-245.287		294.307
2550		-308.277		223.928
2551		-332.856		133.109
2552		-311.722		40.7699
2553		-246.537		-31.2631
2554		-149.363		-62.4828
2555		-42.0114		-38.8752
2556		47.4193		42.1416
2557		90.7416		168.735
2558		67.3614		315.266
2559		-28.8071		447.209
2560		-185.725		529.606
2561		-374.685		536.746
2562		-556.996		459.975
2563		-694.118		310.846
2564		-758.102		118.305
2565		-738.923		-79.3101
2566		-646.311		-244.857
2567		-505.678		-352.034
2568		-349.794		-391.038
2569		-209.258		-368.736
2570		-105.009		-303.923
2571		-45.0292		-219.898
2572		-25.6531		-137.281
2573		-36.1237		-69.4906
2574		-64.0581		-21.8703
2575		-99.5433		6.11014
2576		-136.593		17.3387
2577		-172.1		14.1908
2578		-203.565		-2.41644
2579		-227.278		-31.967
2580		-238.163		-72.3193
2581		-231.409		-118.227
2582		-204.963		-161.576
2583		-161.375		-193.531
2584		-107.731		-207.671
2585		-53.3972		-202.522
2586		-6.416		-182.057
2587		29.7142		-153.625
2588		57.1877		-124.097
2589		82.1315		-96.0051
2590		110.496		-65.6938
2591		143.427		-24.7112
2592		174.427		35.7798
2593		190.061		119.33
2594		174.428		219.857
2595		115.93		320.917
2596		13.5799		399.494
2597		-119.967		433.296
2598		-260.33		408.918
2599		-378.003		327.673
2600		-447.417		206.643
2601		-455.214		74.3096
2602		-404.677		-37.8024
2603		-314.764		-104.516
2604		-214.201		-114.201
2605		-132.824		-71.4856
2606		-93.1812		5.06482
2607		-104.976		89.0715
2608		-163.681		153.956
2609		-253.062		179.625
2610		-350.241		156.587
2611		-431.485		86.9833
2612		-477.239		-16.9637
2613		-475.598		-136.156
2614		-424.047		-248.542
2615		-329.633		-333.134
2616		-207.723		-373.754
2617		-79.4348		-362.145
2618		32.1328		-299.957
2619		106.452		-199.017
2620		130.067		-79.4573
2621		99.9428		34.2273
2622		24.6367		118.475
2623		-77.2291		156.061
2624		-180.971		140.216
2625		-261.391		76.3786
2626		-298.516		-18.8647
2627		-282.212		-121.376
2628		-214.657		-204.775
2629		-110.172		-246.334
2630		7.58662		-232.285
2631		110.67		-161.433
2632		173.228		-46.1427
2633		177.984		89.849
2634		121.175		216.756
2635		14.3549		306.266
2636		-118.004		339.402
2637		-245.004		312.323
2638		-338.349		237.843
2639		-381.129		141.641
2640		-373.217		53.9452
2641		-331.062		-0.659454
2642		-281.565		-11.6701
2643		-252.077		13.9253
2644		-260.189		54.7285
2645		-307.263		83.4348
2646		-378.224		77.4828
2647		-447.656		27.6794
2648		-489.67		-58.5236
2649		-487.589		-160.184
2650		-439.71		-250.917
2651		-359.207		-308.434
2652		-268.699		-321.851
2653		-192.063		-294.305
2654		-146.801		-240.524
2655		-139.551		-180.994
2656		-165.699		-135.316
2657		-212.31		-117.091
2658		-262.645		-131.484
2659		-300.543		-175.331
2660		-313.691		-238.901
2661		-295.63		-308.384
2662		-246.731		-368.662
2663		-174.244		-406.295
2664		-91.1315		-412.607
2665		-13.3183		-386.295
2666		44.526		-334.471
2667		73.6478		-271.107
2668		74.5225		-212.703
2669		57.0353		-172.317
2670		36.7976		-154.304
2671		28.614		-152.249
2672		39.7069		-151.512
2673		65.8249		-135.751
2674		92.3456		-94.757
2675		100.281		-30.057
2676		74.7141		44.5078
2677		11.8817		107.753
2678		-78.4199		139.586
2679		-176.281		129.112
2680		-259.391		78.7209
2681		-311.424		2.42352
2682		-327.25		-80.5279
2683		-312.842		-153.469
2684		-280.417		-207.813
2685		-241.705		-243.827
2686		-202.975		-266.898
2687		-164.266		-281.862
2688		-122.803		-288.856
2689		-78.2365		-283.143
2690		-36.3318		-258.996
2691		-8.6033		-215.384
2692		-7.68044		-160.056
2693		-40.5836		-109.368
2694		-103.364		-83.3806
2695		-180.013		-98.213
2696		-246.522		-159.051
2697		-278.521		-256.965
2698		-259.348		-370.874
2699		-185.383		-473.712
2700		-66.9082		-540.182
2701		75.2138		-553.25
2702		215.216		-507.534
2703		328.263		-409.404
2704		394.967		-274.771
2705		404.237		-125.869
2706		354.876		12.263
2707		256.279		115.611
2708		127.934		165.604
2709		-3.13116		153.786
2710		-107.584		85.4454
2711		-161.199		-19.7423
2712		-152.41		-131.512
2713		-87.0396		-217.11
2714		12.3766		-251.41
2715		113.276		-225.321
2716		183.788		-148.879
2717		203.442		-47.4062
2718		169.527		47.9704
2719		96.5012		111.552
2720		8.91936		131.394
2721		-68.7851		111.417
2722		-121.041		66.9742
2723		-144.784		16.5625
2724		-147.11		-26.0691
2725		-139.012		-55.7876
2726		-129.036		-74.7692
2727		-120.242		-87.7348
2728		-111.578		-97.1826
2729		-102.083		-101.719
2730		-94.5874		-98.4314
2731		-95.9956		-87.5296
2732		-113.418		-75.8609
2733		-148.186		-76.3016
2734		-191.502		-102.366
2735		-225.026		-160.322
2736		-227.281		-243.017
2737		-183.49		-329.294
2738		-94.2437		-390.376
2739		21.5849		-401.089
2740		131.856		-351.105
2741		202.568		-250.984
2742		211.022		-129.882
2743		155.09		-25.5319
2744		54.5711		29.4763
2745		-55.9148		19.4549
2746		-139.45		-49.2396
2747		-169.599		-151.375
2748		-138.557		-252.505
2749		-58.1084		-320.896
2750		46.0418		-337.164
2751		143.593		-298.605
2752		208.841		-217.765
2753		226.856		-116.933
2754		195.59		-21.2057
2755		124.5		47.6163
2756		31.1099		75.1644
2757		-63.1846		56.5923
2758		-137.394		-3.01896
2759		-175.024		-89.7305
2760		-167.672		-183.387
2761		-117.386		-261.876
2762		-36.7988		-306.48
2763		53.6391		-306.997
2764		131.028		-264.851
2765		176.496		-192.816
2766		180.562		-111.141
2767		145.42		-41.3489
2768		83.3777		-0.00146484
2769		12.2776		5.34077
2770		-50.0774		-23.2096
2771		-90.3494		-76.178
2772		-101.679		-140.449
2773		-83.4176		-202.615
2774		-39.7523		-250.954
2775		21.4859		-276.219
2776		89.3334		-272.269
2777		150.134		-237.417
2778		189.104		-176.409
2779		193.795		-101.769
2780		158.889		-32.7669
2781		90.3609		9.01688
2782		6.46012		6.82635
2783		-66.1429		-43.9632
2784		-100.633		-131.757
2785		-80.004		-230.438
2786		-4.62572		-307.134
2787		106.107		-333.551
2788		219.32		-296.525
2789		299.612		-203.463
2790		321.26		-80.3326
2791		276.957		37.0575
2792		179.86		115.025
2793		58.5411		132.647
2794		-52.7448		87.365
2795		-124.578		-5.79871
2796		-140.064		-120.197
2797		-97.8021		-225.844
2798		-10.3401		-297.072
2799		100.251		-317.71
2800		207.793		-283.428
2801		287.191		-201.821
2802		319.06		-90.9226
2803		293.78		23.7321
2804		214.578		113.75
2805		98.5638		154.246
2806		-25.6362		130.907
2807		-124.236		45.6156
2808		-167.628		-81.9525
2809		-139.908		-218.373
2810		-44.9876		-325.729
2811		93.545		-373.261
2812		239.333		-347.177
2813		354.661		-254.826
2814		412.104		-121.574
2815		402.029		18.2115
2816		333.435		132.309
2817		228.552		199.523
2818		114.17		213.333
2819		13.6347		180.004
2820		-57.5919		113.327
2821		-92.2057		29.233
2822		-88.8319		-57.2964
2823		-49.8854		-132.627
2824		18.6891		-183.761
2825		105.949		-198.792
2826		194.715		-169.809
2827		262.98		-97.4642
2828		289.105		5.42443
2829		259.558		114.218
2830		175.901		198.203
2831		57.2005		230.465
2832		-64.292		198.122
2833		-153.353		108.322
2834		-184.096		-13.0822
2835		-149.28		-130.168
2836		-62.6391		-209.527
2837		46.7396		-231.632
2838		145.434		-196.417
2839		207.343		-121.214
2840		221.248		-32.5729
2841		191.805		43.9454
2842		134.63		91.6233
2843		68.6638		105.366
2844		9.61867		89.5125
2845		-33.002		53.0621
2846		-55.2097		5.42033
2847		-56.0604		-45.3612
2848		-35.8777		-91.908
2849		3.42393		-126.186
2850		56.4045		-139.623
2851		112.538		-125.617
2852		157.124		-83.4684
2853		175.407		-21.3033
2854		158.535		44.382
2855		108.495		93.4051
2856		39.1366		109.329
2857		-27.9352		86.4165
2858		-71.312		32.6977
2859		-78.2287		-32.6269
2860		-49.7059		-86.616
2861		0.00852966		-111.683
2862		49.4819		-102.373
2863		78.9033		-66.9224
2864		77.7627		-23.1462
2865		48.2118		9.24884
2866		3.05309		16.3961
2867		-40.2349		-5.18629
2868		-66.4519		-48.6995
2869		-67.6031		-101.043
2870		-44.1731		-148.323
2871		-3.04517		-180.301
2872		46.1853		-192.253
2873		94.4419		-184.286
2874		134.694		-159.42
2875		161.844		-121.996
2876		172.045		-77.263
2877		162.653		-31.8941
2878		133.339		5.65542
2879		87.7933		26.0287
2880		34.7787		21.3987
2881		-12.6632		-11.3168
2882		-40.1946		-67.955
2883		-36.5523		-136.762
2884		2.33308		-200.806
2885		71.1758		-242.558
2886		156.122		-249.083
2887		238.321		-216.006
2888		299.079		-148.912
2889		324.883		-61.7997
2890		310.786		26.7593
2891		261.294		98.4824
2892		188.76		139.83
2893		109.938		144.958
2894		41.7066		116.579
2895		-2.94548		64.7129
2896		-17.7633		3.7225
2897		-4.24889		-51.5871
2898		29.3843		-89.8276
2899		71.065		-105.795
2900		108.73		-101.316
2901		134.009		-83.8725
2902		144.484		-63.444
2903		143.746		-48.6798
2904		139.238		-43.8413
2905		138.811		-47.6682
2906		147.409		-54.5344
2907		165.274		-57.2712
2908		188.277		-50.3253
2909		210.045		-31.8448
2910		224.695		-3.89688
2911		228.832		29.0043
2912		221.982		62.0455
2913		205.553		91.6868
2914		181.268		115.879
2915		150.227		133.055
2916		113.307		140.847
2917		72.6825		135.706
2918		33.3776		114.098
2919		3.55936		74.9636
2920		-7.20445		22.1939
2921		8.60144		-34.4216
2922		52.6416		-80.7713
2923		118.396		-102.379
2924		191.646		-89.3921
2925		253.982		-40.6044
2926		288.222		35.1858
2927		283.772		121.174
2928		239.989		197.229
2929		166.418		245.593
2930		79.9711		255.682
2931		0.208725		226.55
2932		-55.7141		166.591
2933		-77.0015		90.9115
2934		-61.2811		17.4121
2935		-14.6288		-37.3752
2936		50.1529		-61.8489
2937		116.537		-51.761
2938		168.038		-11.1331
2939		192.127		48.5993
2940		183.481		111.28
2941		145.618		160.203
2942		90.1709		182.823
2943		33.6115		174.585
2944		-7.80901		140.458
2945		-23.309		93.3397
2946		-11.1092		49.6774
2947		21.1769		23.7605
2948		59.5428		22.8255
2949		88.8468		44.8573
2950		98.2518		79.8846
2951		84.7303		114.115
2952		53.4061		135.11
2953		14.9121		135.887
2954		-18.84		116.515
2955		-38.5947		82.9926
2956		-39.9563		44.3968
2957		-23.4733		9.82713
2958		6.73867		-13.6286
2959		44.6791		-21.5489
2960		83.5641		-11.9751
2961		116.221		14.7757
2962		135.378		55.7476
2963		134.631		104.661
2964		110.376		151.792
2965		64.1134		185.33
2966		3.84256		194.466
2967		-56.712		173.362
2968		-101.486		124.346
2969		-117.212		58.6037
2970		-98.3926		-6.47446
2971		-49.9359		-52.6693
2972		13.8832		-67.0939
2973		73.9817		-46.6953
2974		112.853		0.742416
2975		120.295		59.4892
2976		96.3216		111.431
2977		50.3208		142.054
2978		-2.87825		144.615
2979		-48.2478		121.184
2980		-75.0495		80.6848
2981		-79.1457		35.1328
2982		-62.8263		-4.2397
2983		-32.8458		-29.6903
2984		2.17647		-38.0061
2985		34.0104		-30.1687
2986		56.2872		-10.3018
2987		65.265		15.5352
2988		60.1725		40.4994
2989		43.281		58.1332
2990		19.5964		63.6277
2991		-4.04453		55.0229
2992		-20.5234		33.9336
2993		-24.3188		5.37001
2994		-13.0965		-23.4925
2995		11.6085		-45.2662
2996		44.8992		-54.3457
2997		79.9753		-48.2315
2998		109.919		-27.8199
2999		129.15		3.20686
3000		134.214		39.3963
3001		124.021		74.4565
3002		99.9139		101.946
3003		65.8413		115.962
3004		28.4921		112.217
3005		-3.13615		89.5923
3006		-19.3069		51.7208
3007		-12.3299		7.6255
3008		20.1566		-29.5089
3009		72.8044		-45.7208
3010		132.525		-31.014
3011		181.503		16.2794
3012		202.641		87.5013
3013		185.564		165.29
3014		130.779		228.628
3015		50.167		259.583
3016		-36.5756		249.178
3017		-108.21		200.102
3018		-148.489		125.323
3019		-150.484		43.3883
3020		-117.345		-27.4928
3021		-59.754		-74.243
3022		8.34094		-91.0579
3023		73.6916		-78.8118
3024		126.051		-42.864
3025		158.626		9.17035
3026		167.578		68.6554
3027		151.738		126.193
3028		113.19		171.8
3029		58.3124		196.042
3030		-1.86641		192.432
3031		-53.1444		160.343
3032		-81.7035		106.862
3033		-78.729		46.1192
3034		-44.1537		-4.34551
3035		12.3782		-29.1554
3036		74.1547		-20.4444
3037		122.854		19.3012
3038		144.691		78.1916
3039		134.755		139.297
3040		97.8875		186.556
3041		46.0072		209.792
3042		-6.67062		206.968
3043		-48.3338		183.243
3044		-72.3917		147.82
3045		-77.7816		110.374
3046		-67.4267		78.598
3047		-46.2055		57.4462
3048		-19.6061		49.5575
3049		6.61727		55.8049
3050		26.3654		75.1755
3051		33.6392		104.015
3052		24.0399		135.475
3053		-3.05009		160.197
3054		-42.783		168.71
3055		-84.9672		154.935
3056		-116.596		119.315
3057		-126.169		69.9186
3058		-108.151		20.6115
3059		-65.6031		-13.2701
3060		-9.74802		-20.1266
3061		43.4559		3.91013
3062		78.3591		53.7275
3063		84.2883		117.038
3064		58.2045		178.255
3065		4.76325		222.777
3066		-65.6574		240.201
3067		-139.76		225.824
3068		-203.881		180.709
3069		-245.879		111.082
3070		-256.633		27.595
3071		-231.608		-55.6014
3072		-172.568		-122.525
3073		-88.7862		-158.277
3074		3.35875		-152.998
3075		83.2292		-105.697
3076		131.085		-26.2278
3077		134.124		66.0103
3078		91.1599		146.918
3079		13.8446		194.736
3080		-76.4088		196.803
3081		-154.907		153.432
3082		-201.179		77.4186
3083		-204.713		-10.5241
3084		-166.964		-88.4637
3085		-99.3344		-139.427
3086		-18.502		-154.96
3087		58.7138		-135.37
3088		119.011		-87.5018
3089		154.041		-21.689
3090		160.149		50.6096
3091		137.636		117.993
3092		90.5377		169.667
3093		26.9627		196.387
3094		-40.865		192.395
3095		-98.0117		157.961
3096		-130.201		101.154
3097		-128.424		37.3096
3098		-92.9685		-14.5377
3099		-34.8033		-37.5264
3100		26.9112		-23.049
3101		70.7366		25.5189
3102		80.2422		93.2435
3103		49.8319		158.33
3104		-13.2156		199.391
3105		-91.259		202.503
3106		-162.267		165.45
3107		-206.863		97.7999
3108		-213.869		17.2176
3109		-182.7		-56.2451
3110		-122.374		-105.703
3111		-48.1595		-121.205
3112		22.6135		-101.139
3113		74.3412		-51.6512
3114		95.9506		15.1426
3115		82.7338		83.5507
3116		37.3427		137.095
3117		-30.1763		161.7
3118		-103.731		149.046
3119		-164.262		99.35
3120		-194.327		22.4457
3121		-183.097		-63.774
3122		-130.089		-137.672
3123		-46.0262		-179.88
3124		49.856		-179.034
3125		135.336		-135.124
3126		191.668		-59.1893
3127		208.653		30.4753
3128		186.605		114.047
3129		134.879		175.632
3130		67.9763		206.613
3131		1.08694		206.19
3132		-53.2985		179.706
3133		-86.9393		136.098
3134		-95.9097		85.7516
3135		-80.1353		39.2575
3136		-43.2238		6.69353
3137		7.32074		-3.37959
3138		60.1873		14.2928
3139		101.59		59.4162
3140		118.283		124.579
3141		101.658		195.671
3142		51.4001		254.946
3143		-23.0874		286.152
3144		-104.59		279.978
3145		-173.037		237.637
3146		-211.844		170.975
3147		-213.271		98.8619
3148		-180.779		41.1895
3149		-127.586		12.683
3150		-72.1621		18.7426
3151		-32.4749		54.5285
3152		-21.0147		107.171
3153		-42.0042		159.905
3154		-91.1296		196.564
3155		-157.243		205.203
3156		-225.125		180.333
3157		-278.574		123.832
3158		-303.481		44.764
3159		-290.779		-41.8404
3160		-239.001		-117.419
3161		-155.814		-163.61
3162		-57.6475		-166.859
3163		33.1922		-122.792
3164		93.7553		-38.7819
3165		106.784		66.6036
3166		66.1675		167.683
3167		-20.4843		238.333
3168		-133.256		259.224
3169		-245.044		223.261
3170		-328.737		137.47
3171		-364.152		20.9042
3172		-342.698		-100.527
3173		-268.719		-200.472
3174		-157.669		-257.947
3175		-32.1705		-261.279
3176		82.8043		-209.779
3177		164.624		-113.381
3178		197.024		9.32334
3179		173.167		134.356
3180		97.3631		236.722
3181		-15.1189		295.491
3182		-140.665		298.723
3183		-252.359		246.884
3184		-326.535		153.376
3185		-349.045		41.455
3186		-319.137		-61.9362
3187		-249.418		-133.636
3188		-161.739		-160.542
3189		-80.4098		-142.548
3190		-25.1543		-91.2766
3191		-6.25239		-25.3787
3192		-23.229		35.5808
3193		-66.9275		76.3371
3194		-123.506		88.7194
3195		-178.486		71.8192
3196		-219.548		30.4847
3197		-237.841		-26.5396
3198		-228.514		-88.003
3199		-191.319		-141.177
3200		-131.569		-173.314
3201		-60.7355		-174.231
3202		4.51096		-139.833
3203		45.7383		-75.2701
3204		48.3194		4.17677
3205		7.36015		75.9096
3206		-68.627		116.446
3207		-158.491		109.543
3208		-234.184		52.8778
3209		-269.807		-39.6966
3210		-250.655		-141.676
3211		-178.702		-222.192
3212		-72.3168		-256.011
3213		39.6225		-231.493
3214		126.84		-153.707
3215		166.504		-41.9888
3216		148.813		76.5365
3217		78.036		174.652
3218		-30.3196		231.285
3219		-154.25		234.863
3220		-269.938		183.954
3221		-355.335		86.3689
3222		-392.806		-42.1547
3223		-371.597		-179.427
3224		-290.547		-299.096
3225		-160.437		-374.655
3226		-4.46295		-385.334
3227		144.744		-322.609
3228		251.993		-194.932
3229		288.929		-28.1679
3230		242.971		139.549
3231		122.338		267.605
3232		-45.1258		324.347
3233		-219.372		296.204
3234		-359.372		191.272
3235		-434.277		36.2308
3236		-430.811		-131.995
3237		-354.887		-276.609
3238		-227.76		-369.815
3239		-78.8999		-397.795
3240		61.585		-361.268
3241		168.803		-272.798
3242		226.411		-152.65
3243		227.87		-24.6654
3244		176.49		87.3584
3245		84.7886		163.046
3246		-27.0779		188.889
3247		-134.453		161.445
3248		-213.143		89.1822
3249		-245.461		-8.40726
3250		-225.53		-105.121
3251		-161.676		-175.114
3252		-74.4389		-200.578
3253		9.5864		-177.245
3254		66.1149		-115.49
3255		80.708		-36.4803
3256		52.7085		35.1828
3257		-5.7187		79.5072
3258		-74.7368		86.8698
3259		-133.893		59.6856
3260		-168.342		9.969
3261		-172.246		-45.6509
3262		-148.845		-91.2614
3263		-108.051		-115.571
3264		-63.0655		-113.706
3265		-27.2689		-87.2804
3266		-11.8485		-43.542
3267		-23.9519		5.8284
3268		-65.0085		46.3263
3269		-129.322		63.0812
3270		-203.669		44.394
3271		-268.901		-14.1845
3272		-304.039		-106.618
3273		-292.281		-215.696
3274		-227.12		-316.014
3275		-116.227		-380.373
3276		18.804		-387.844
3277		147.302		-330.774
3278		237.702		-218.175
3279		266.442		-74.1526
3280		224.696		68.1824
3281		120.903		175.349
3282		-21.4644		221.991
3283		-169.87		196.898
3284		-290.515		105.257
3285		-355.906		-32.9486
3286		-350.635		-187.545
3287		-274.493		-324.609
3288		-142.595		-413.51
3289		17.4638		-433.425
3290		171.107		-378.191
3291		284.188		-258.347
3292		330.933		-99.4858
3293		300.48		63.2576
3294		200.014		193.579
3295		53.2058		263.126
3296		-105.945		258.65
3297		-242.116		184.901
3298		-327.693		62.3655
3299		-348.999		-79.2215
3300		-307.986		-209.175
3301		-219.502		-303.141
3302		-105.796		-347.311
3303		9.35771		-339.073
3304		105.072		-285.105
3305		165.686		-198.605
3306		181.718		-96.9459
3307		150.574		0.0475082
3308		77.6263		72.0403
3309		-22.839		101.349
3310		-128.283		77.4962
3311		-211.557		1.90838
3312		-247.709		-109.58
3313		-222.251		-228.627
3314		-137.735		-321.409
3315		-15.3588		-359.118
3316		110.065		-328.294
3317		200.774		-236.76
3318		228.734		-112.313
3319		185.547		5.87862
3320		85.6596		80.1855
3321		-38.3964		86.9369
3322		-146.852		23.7874
3323		-205.423		-90.3706
3324		-195.311		-222.314
3325		-117.394		-335.086
3326		9.85355		-398.253
3327		156.828		-394.719
3328		290.691		-322.991
3329		382.186		-195.737
3330		410.364		-36.3787
3331		365.49		124.883
3332		250.956		255.315
3333		84.3272		324.696
3334		-103.345		311.565
3335		-271.439		209.951
3336		-377.714		34.3848
3337		-389.344		-179.631
3338		-293.995		-381.684
3339		-106.695		-518.728
3340		131.028		-550.385
3341		360.8		-462.19
3342		523.469		-271.705
3343		576.422		-24.7431
3344		506.194		217.464
3345		332		395.855
3346		99.2329		469.923
3347		-134.396		427.609
3348		-314.998		286.139
3349		-405.677		84.7052
3350		-393.313		-127.536
3351		-288.344		-303.802
3352		-119.342		-409.056
3353		74.8028		-425.073
3354		252.731		-351.716
3355		377.433		-205.666
3356		422.036		-17.5044
3357		374.765		172.817
3358		242.573		322.613
3359		52.0075		395.177
3360		-154.373		369.246
3361		-326.719		246.46
3362		-420.451		53.655
3363		-409.268		-162.125
3364		-294.122		-345.507
3365		-104.497		-448.41
3366		109.219		-444.348
3367		290.181		-336.466
3368		391.657		-156.396
3369		390.19		45.6105
3370		291.159		215.768
3371		125.444		311.875
3372		-60.93		313.742
3373		-220.17		226.348
3374		-314.752		75.9308
3375		-325.036		-98.5727
3376		-251.525		-255.503
3377		-112.608		-359.217
3378		60.42		-386.264
3379		229.572		-328.917
3380		356.795		-196.428
3381		410.808		-14.1615
3382		373.786		179.842
3383		246.837		341.361
3384		52.4282		429.358
3385		-168.09		416.651
3386		-362.711		298.934
3387		-481.568		98.8126
3388		-491.053		-137.585
3389		-384.779		-351.543
3390		-187.333		-487.607
3391		51.1406		-509.617
3392		268.387		-411.699
3393		407.543		-220.451
3394		433.186		12.5412
3395		340.913		225.485
3396		157.653		363.709
3397		-66.9685		394.204
3398		-275.078		313.258
3399		-416.204		145.548
3400		-459.634		-64.201
3401		-400.544		-263.916
3402		-259.117		-407.414
3403		-73.8157		-464.895
3404		108.841		-428.686
3405		245.378		-313.648
3406		305.057		-152.797
3407		276.522		10.6726
3408		170.298		133.399
3409		16.6322		182.107
3410		-141.239		142.096
3411		-257.433		21.8867
3412		-295.338		-147.616
3413		-238.202		-320.015
3414		-95.2089		-445.304
3415		99.3466		-483.886
3416		294.359		-418.725
3417		435.876		-261.643
3418		482.804		-51.2675
3419		419.469		157.273
3420		260.879		308.035
3421		48.7801		360.486
3422		-160.337		301.13
3423		-311.43		146.926
3424		-366.147		-60.3262
3425		-312.485		-266.446
3426		-166.37		-419.904
3427		34.4915		-484.762
3428		241.765		-448.065
3429		408.793		-320.524
3430		500.588		-131.562
3431		499.595		78.7973
3432		407.046		268.557
3433		240.974		401.112
3434		32.2772		450.72
3435		-180.29		406.215
3436		-355.965		273.189
3437		-458.715		74.3281
3438		-464.507		-152.936
3439		-367.816		-362.239
3440		-185.338		-507.48
3441		45.1746		-553.85
3442		271.94		-487.814
3443		441.115		-322.67
3444		510.794		-97.2041
3445		462.921		133.042
3446		309.217		309.881
3447		88.9421		387.993
3448		-141.143		347.216
3449		-321.734		197.96
3450		-406.512		-21.7636
3451		-373.837		-256.621
3452		-231.617		-448.408
3453		-14.4295		-550.612
3454		225.829		-539.388
3455		433.013		-418.496
3456		560.18		-217.493
3457		580.335		15.9718
3458		492.261		227.743
3459		320.339		369.968
3460		108.494		412.335
3461		-90.409		349.231
3462		-227.416		201.108
3463		-269.587		9.53746
3464		-208.362		-173.084
3465		-61.9203		-296.774
3466		129.293		-326.797
3467		312.852		-252.715
3468		437.803		-91.1779
3469		467.728		118.263
3470		390.008		323.168
3471		219.01		471.332
3472		-7.40215		523.673
3473		-236.954		463.787
3474		-415.334		302.116
3475		-499.037		73.9497
3476		-465.939		-168.223
3477		-321.372		-366.485
3478		-98.2228		-471.092
3479		149.414		-453.101
3480		358.252		-313.012
3481		471.276		-82.83
3482		453.11		179.884
3483		301.059		405.448
3484		48.1237		530.099
3485		-243.853		513.855
3486		-499.811		352.782
3487		-651.79		81.4603
3488		-657.925		-235.711
3489		-514.156		-522.069
3490		-254.92		-709.793
3491		57.3176		-757.967
3492		350.088		-662.156
3493		560.584		-453.055
3494		650.929		-185.511
3495		614.999		77.8092
3496		475.975		282.666
3497		276.788		394.888
3498		67.3741		405.127
3499		-107.344		327.013
3500		-216.083		190.7
3501		-245.483		34.3506
3502		-200.388		-104.385
3503		-100.987		-195.664
3504		22.419		-222.828
3505		136.333		-185.262
3506		211.775		-98.0339
3507		231.299		12.1279
3508		193.351		114.121
3509		112.245		181.334
3510		13.2035		199.336
3511		-76.1956		169.573
3512		-135.198		107.458
3513		-156.116		35.5007
3514		-145.153		-25.7682
3515		-117.606		-65.1992
3516		-89.8093		-83.6399
3517		-71.6559		-90.8799
3518		-63.1626		-98.7728
3519		-56.4716		-114.19
3520		-41.8726		-135.427
3521		-14.4101		-153.755
3522		22.5801		-159.048
3523		58.9113		-146.204
3524		83.1034		-118.697
3525		88.895		-87.1798
3526		78.9747		-63.8373
3527		63.6871		-55.5993
3528		55.2439		-60.0558
3529		60.5107		-66.5438
3530		76.3658		-62.0872
3531		90.3818		-39.1796
3532		86.7989		-1.26788
3533		54.9333		37.1442
3534		-4.22123		56.1314
3535		-76.6054		39.1317
3536		-139.732		-19.3257
3537		-171.167		-110.602
3538		-156.861		-214.895
3539		-95.6047		-308.457
3540		1.96141		-371.472
3541		118.547		-393.024
3542		236.459		-371.488
3543		341.666		-311.326
3544		424.186		-219.07
3545		475.77		-101.374
3546		487.603		33.7062
3547		450.683		173.462
3548		359.791		298.252
3549		219.41		383.053
3550		48.1526		403.764
3551		-121.723		346.428
3552		-251.108		215.415
3553		-305.555		36.371
3554		-267.348		-148.384
3555		-143.248		-291.207
3556		35.5098		-353.439
3557		221.401		-317.562
3558		364.225		-192.853
3559		425.486		-12.741
3560		388.876		174.922
3561		263.943		321.182
3562		82.5527		388.714
3563		-110.074		360.628
3564		-266.821		243.673
3565		-349.769		65.8716
3566		-338.738		-130.305
3567		-235.922		-297.65
3568		-65.8935		-395.068
3569		129.307		-397.673
3570		299.565		-303.944
3571		399.105		-137.813
3572		399.176		55.7949
3573		297.445		221.82
3574		120.719		310.061
3575		-80.7756		290.18
3576		-246.676		161.946
3577		-323.757		-43.0119
3578		-281.914		-269.019
3579		-123.747		-451.664
3580		115.333		-535.958
3581		376.456		-491.81
3582		593.092		-322.365
3583		708.535		-63.1536
3584		690.255		227.116
3585		537.697		481.152
3586		282.231		639.144
3587		-20.1338		662.621
3588		-301.27		543.411
3589		-496.097		306.144
3590		-557.507		3.78051
3591		-468.133		-293.313
3592		-246.182		-513.076
3593		56.7335		-599.271
3594		366.377		-526.686
3595		603.608		-309.667
3596		705.006		-0.688324
3597		640.734		321.762
3598		424.076		573.414
3599		109.166		687.075
3600		-223.015		631.346
3601		-486.481		419.456
3602		-613.467		105.5
3603		-572.164		-230.602
3604		-374.08		-504.668
3605		-69.5245		-649.924
3606		266.621		-632.861
3607		554.256		-459.701
3608		727.165		-172.855
3609		747.431		160.65
3610		612.53		465.293
3611		354.441		673.934
3612		31.6395		742.137
3613		-284.168		657.378
3614		-523.992		441.504
3615		-637.128		145.762
3616		-603.009		-160.978
3617		-436.31		-408.605
3618		-183.48		-543.065
3619		89.0338		-540.066
3620		312.172		-411.206
3621		432.576		-200.411
3622		426.581		28.5359
3623		305.793		209.822
3624		112.733		293.55
3625		-91.8666		258.628
3626		-246.104		117.255
3627		-303.33		-89.6939
3628		-243.655		-304.38
3629		-78.1068		-467.253
3630		154.867		-531.875
3631		399.087		-476.073
3632		594.092		-307.356
3633		689.547		-61.7507
3634		657.811		203.799
3635		501.994		424.265
3636		257.297		542.359
3637		-15.5869		523.955
3638		-244.482		369.053
3639		-364.374		114.597
3640		-335.932		-172.833
3641		-158.342		-413.508
3642		128.067		-536.159
3643		451.067		-498.457
3644		725.51		-299.989
3645		876.608		16.5309
3646		860.518		376.392
3647		676.14		692.957
3648		364.913		890.618
3649		-0.779823		924.043
3650		-336.756		788.683
3651		-568.167		520.474
3652		-647.224		185.684
3653		-563.629		-135.909
3654		-345.91		-370.253
3655		-53.8568		-466.456
3656		236.177		-408.766
3657		450.079		-220.462
3658		534.868		41.6939
3659		473.075		301.906
3660		288.319		485.808
3661		39.4932		541.815
3662		-195.988		456.963
3663		-345.653		261.602
3664		-364.989		20.3401
3665		-252.073		-188.733
3666		-48.1444		-299.992
3667		176.746		-282.342
3668		348.281		-149.298
3669		413.811		46.8132
3670		360.135		234.415
3671		216.686		348.609
3672		43.3827		353.745
3673		-91.7398		254.526
3674		-136.375		92.3395
3675		-70.6515		-70.7188
3676		88.4459		-173.309
3677		294.95		-173.816
3678		489.676		-60.9515
3679		617.533		145.883
3680		640.912		404.411
3681		546.504		661.322
3682		345.829		864.134
3683		71.4484		970.788
3684		-229.173		956.539
3685		-501.272		818.536
3686		-691.9		578.049
3687		-760.43		279.248
3688		-689.052		-16.9821
3689		-490.323		-244.785
3690		-208.277		-349.007
3691		89.1559		-300.776
3692		325.779		-107.771
3693		436.916		185.072
3694		387.305		505.674
3695		181.232		773.145
3696		-138.392		918.749
3697		-501.535		903.076
3698		-829.144		724.611
3699		-1052.17		418.084
3700		-1126.39		44.3002
3701		-1040.05		-324.743
3702		-813.801		-621.342
3703		-494.527		-795.027
3704		-144.929		-821.283
3705		169.025		-705.313
3706		391.175		-480.542
3707		486.86		-201.637
3708		450.824		67.4909
3709		308.74		268.9
3710		110.716		365.512
3711		-82.6431		351.105
3712		-218.11		251.436
3713		-265.948		115.146
3714		-228.376		-3.15513
3715		-136.882		-61.8242
3716		-39.0352		-46.1161
3717		20.239		28.2703
3718		15.6418		123.315
3719		-49.8754		195.008
3720		-147.919		211.159
3721		-237.203		163.585
3722		-280.301		70.2993
3723		-257.803		-32.3847
3724		-174.776		-103.86
3725		-58.0366		-113.515
3726		53.5173		-50.2378
3727		121.152		75.2346
3728		116.826		234.404
3729		29.5047		388.888
3730		-133.056		499.199
3731		-346.006		532.607
3732		-571.444		469.549
3733		-764.425		308.525
3734		-881.037		68.9339
3735		-888.278		-209.58
3736		-774.037		-472.878
3737		-554.018		-663.635
3738		-272.1		-736.335
3739		7.94591		-671.674
3740		218.352		-485.088
3741		306.53		-225.356
3742		251.175		37.4554
3743		69.4669		231.375
3744		-187.414		302.939
3745		-449.01		231.852
3746		-645.421		35.3484
3747		-725.686		-238.408
3748		-669.303		-524.757
3749		-488.545		-759.554
3750		-222.533		-893.752
3751		73.7456		-902.456
3752		341.932		-787.817
3753		531.748		-576.776
3754		610.163		-315.062
3755		567.745		-58.406
3756		421.453		138.453
3757		212.618		233.953
3758		-0.986359		210.874
3759		-158.77		83.0771
3760		-214.022		-105.539
3761		-148.849		-291.423
3762		18.1677		-409.321
3763		235.447		-412.652
3764		433.111		-289.325
3765		544.648		-66.9587
3766		528.253		194.935
3767		380.324		423.471
3768		136.399		555.211
3769		-140.528		555.423
3770		-379.865		427.502
3771		-524.475		210.135
3772		-546.183		-35.8154
3773		-451.691		-245.672
3774		-278.382		-368.643
3775		-82.5563		-380.224
3776		75.9305		-287.025
3777		148.711		-124.013
3778		110.676		54.4202
3779		-33.4536		187.506
3780		-248.916		222.938
3781		-477.572		130.807
3782		-650.925		-86.5061
3783		-707.366		-391.593
3784		-609.695		-718.453
3785		-357.858		-987.741
3786		7.68943		-1127.47
3787		414.123		-1093.34
3788		774.35		-882.288
3789		1009.93		-534.6
3790		1071.78		-123.695
3791		952.476		263.213
3792		686.651		547.451
3793		340.431		677.592
3794		-6.20261		639.764
3795		-278.582		457.993
3796		-423.235		186.058
3797		-417.642		-105.941
3798		-273.108		-346.884
3799		-31.2841		-479.112
3800		244.666		-470.197
3801		483.179		-320.318
3802		620.063		-63.5136
3803		614.182		238.624
3804		459.125		510.837
3805		186.738		683.25
3806		-139.964		710.591
3807		-443.63		585.372
3808		-654.447		340.024
3809		-729.862		36.6245
3810		-665.252		-252.474
3811		-491.976		-466.134
3812		-264.207		-570.353
3813		-40.3198		-563.477
3814		133.742		-470.356
3815		233.489		-329.606
3816		255.818		-180.34
3817		212.704		-53.5176
3818		123.636		30.4614
3819		10.8605		60.1324
3820		-101.735		31.2667
3821		-188.566		-52.1217
3822		-224.784		-174.555
3823		-193.052		-307.231
3824		-92.7462		-411.77
3825		53.6197		-451.23
3826		202.392		-405.412
3827		301.556		-283.537
3828		310.992		-126.681
3829		221.86		3.9032
3830		65.449		49.8448
3831		-94.576		-18.9384
3832		-185.233		-188.004
3833		-153.799		-399.768
3834		8.77921		-573.417
3835		261.316		-635.777
3836		526.135		-550.254
3837		717.642		-331.582
3838		773.716		-40.4126
3839		677.084		239.314
3840		458.831		430.125
3841		184.419		485.636
3842		-70.1851		401.407
3843		-241.742		210.428
3844		-294.195		-31.693
3845		-221.917		-263.768
3846		-44.922		-431.863
3847		198.409		-496.12
3848		457.171		-434.046
3849		672.493		-244.031
3850		784.176		49.6128
3851		742.703		393.015
3852		526.116		706.218
3853		155.992		898.303
3854		-296.436		893.329
3855		-721.342		659.376
3856		-999.238		228.473
3857		-1039.72		-303.627
3858		-815.539		-801.67
3859		-377.276		-1132.67
3860		159.346		-1210.2
3861		650.318		-1023.74
3862		970.798		-641.262
3863		1054.85		-183.789
3864		912.483		217.44
3865		618.86		464.048
3866		281.984		517.565
3867		3.53218		402.122
3868		-151.584		185.253
3869		-167.045		-52.2019
3870		-67.7484		-243.522
3871		99.2411		-351.144
3872		284.742		-367.131
3873		450.252		-303.889
3874		571.185		-182.99
3875		633.887		-28.1819
3876		632.145		136.079
3877		567.143		283.706
3878		450.649		388.248
3879		307.597		428.735
3880		173.6		398.403
3881		85.6761		311.315
3882		68.905		201.77
3883		125.028		114.623
3884		229.072		89.4678
3885		336.648		145.264
3886		399.473		272.29
3887		382.712		435.077
3888		276.938		584.913
3889		100.288		676.367
3890		-108.952		681.08
3891		-305.159		594.228
3892		-448.003		432.949
3893		-510.9		229.47
3894		-484.355		22.8105
3895		-375.798		-148.345
3896		-207.984		-251.328
3897		-16.6068		-264.906
3898		154.117		-185.12
3899		259.655		-30.0819
3900		267.178		159.631
3901		168.223		328.242
3902		-13.6577		420.085
3903		-225.691		398.855
3904		-400.812		263.157
3905		-480.709		50.5689
3906		-438.082		-173.541
3907		-288.222		-339.407
3908		-83.8363		-399.312
3909		105.593		-345.681
3910		221.379		-212.635
3911		238.1		-60.1977
3912		171.178		51.6425
3913		66.732		87.2041
3914		-20.7895		47.0407
3915		-52.3061		-36.8995
3916		-18.3202		-119.146
3917		61.777		-162.025
3918		153.048		-150.125
3919		222.845		-92.1655
3920		253.795		-11.4951
3921		246.453		67.854
3922		212.427		131.388
3923		164.01		175.843
3924		107.429		203.331
3925		43.5544		213.562
3926		-25.489		200.489
3927		-89.5876		156.305
3928		-129.8		80.3506
3929		-125.662		-13.3997
3930		-67.3032		-96.483
3931		34.7762		-135.661
3932		149.065		-108.221
3933		233.612		-14.8238
3934		253.511		117.659
3935		196.581		245.913
3936		78.8864		328.27
3937		-63.1168		342.035
3938		-189.819		291.075
3939		-275.854		199.882
3940		-318.314		97.8099
3941		-331.609		2.71954
3942		-332.519		-86.3531
3943		-324.844		-183.141
3944		-293.583		-298.312
3945		-213.263		-423.709
3946		-66.5769		-527.241
3947		137.183		-563.55
3948		355.602		-496.574
3949		524.609		-322.693
3950		584.513		-81.3534
3951		508.709		154.506
3952		320.504		305.878
3953		88.3577		321.122
3954		-99.9061		199.653
3955		-172.9		-5.90489
3956		-105.221		-210.845
3957		72.8568		-333.44
3958		289.756		-327.972
3959		463.91		-200.996
3960		537.254		-4.42377
3961		495.857		189.93
3962		369.674		321.379
3963		213.794		362.537
3964		81.9884		323.784
3965		5.79903		240.649
3966		-12.0366		152.903
3967		10.605		87.0118
3968		50.9749		50.0972
3969		94.6139		36.1088
3970		138.797		37.9248
3971		185.874		56.3965
3972		232.555		100.182
3973		263.55		176.617
3974		255.108		279.977
3975		187.588		385.625
3976		60.1356		455.519
3977		-101.628		453.947
3978		-250.904		366.068
3979		-337.209		209.315
3980		-328.469		30.6356
3981		-227.05		-110.576
3982		-71.4135		-166.708
3983		78.1638		-122.31
3984		163.787		-1.13736
3985		153.282		143.398
3986		52.464		249.972
3987		-98.5753		273.495
3988		-242.68		201.3
3989		-328.092		55.2375
3990		-326.391		-119.73
3991		-239.167		-274.09
3992		-92.4844		-370.898
3993		76.4222		-394.835
3994		233.177		-351.289
3995		355.121		-258.341
3996		432.79		-137.078
3997		465.847		-5.05866
3998		457.555		125.116
3999		411.5		243.508
4000		331.946		340.006
4001		226.46		403.812
4002		108.038		426.004
4003		-5.62003		403.659
4004		-96.0673		342.824
4005		-149.607		258.193
4006		-161.62		169.186
4007		-137.563		94.102
4008		-90.2383		45.0156
4009		-34.7946		25.5477
4010		16.1025		32.1015
4011		54.8849		57.3951
4012		78.8082		94.1917
4013		87.6759		137.393
4014		81.3227		183.844
4015		58.4326		230.558
4016		17.2554		272.862
4017		-42.3994		303.828
4018		-117.228		315.472
4019		-199.79		301.168
4020		-279.647		258.061
4021		-345.826		188.294
4022		-389.524		98.4995
4023		-405.908		-2.15933
4024		-394.362		-104.487
4025		-357.237		-201.207
4026		-297.821		-287.582
4027		-218.562		-360.538
4028		-120.457		-416.77
4029		-4.10431		-450.82
4030		127.809		-454.28
4031		267.501		-417.023
4032		400.033		-330.713
4033		503.733		-193.811
4034		554.042		-16.3585
4035		530.517		177.772
4036		425.198		353.155
4037		249.315		470.292
4038		35.0937		496.911
4039		-169.435		419.731
4040		-312.316		252.25
4041		-353.167		34.8145
4042		-277.183		-174.43
4043		-102.326		-315.717
4044		123.672		-345.997
4045		336.341		-253.116
4046		473.612		-60.6231
4047		494.711		178.807
4048		392.356		399.284
4049		194.244		541.521
4050		-46.352		569.914
4051		-267.262		481.479
4052		-415.519		304.411
4053		-461.127		87.6853
4054		-402.822		-114.088
4055		-265.234		-255.472
4056		-89.6012		-310.519
4057		78.2976		-276.609
4058		199.376		-172.081
4059		249.126		-29.5238
4060		221.16		112.878
4061		126.642		219.821
4062		-9.49469		265.736
4063		-154.442		239.203
4064		-274.419		144.516
4065		-341.474		0.294189
4066		-339.054		-164.61
4067		-265.283		-317.225
4068		-133.222		-427.44
4069		32.0172		-474.413
4070		198.755		-451.039
4071		335.709		-365.502
4072		418.997		-239.541
4073		437.761		-103.667
4074		397.158		9.85883
4075		317.813		75.0112
4076		231.39		79.2688
4077		172.679		28.2191
4078		169.691		-54.2863
4079		234.285		-131.397
4080		356.418		-163.412
4081		504.64		-120.37
4082		633.829		6.80777
4083		698.573		200.857
4084		668.185		421.125
4085		538.062		614.897
4086		332.901		733.713
4087		100.032		749.077
4088		-105.134		661.815
4089		-236.415		501.584
4090		-270.693		316.83
4091		-213.512		159.121
4092		-95.0716		67.7351
4093		41.0156		59.7632
4094		151.407		128.289
4095		204.222		247.764

 
--------------------------------------


