-0.125
0.117188
0.0234375
0.046875
-0.03125
-0.1875
0
-0.015625
0.21875
-0.078125
-0.132812
-0.210938
0.125
0.0859375
0.234375
-0.015625
-0.132812
-0.015625
-0.140625
0.234375
-0.0703125
0.226562
-0.179688
-0.046875
-0.0546875
-0.0703125
0.179688
-0.078125
0.132812
-0.140625
-0.015625
-0.0703125
0.109375
0.078125
0.0546875
-0.132812
-0.03125
0.0546875
0.140625
0.15625
-0.171875
-0.09375
-0.320312
0.234375
0.0859375
0.101562
-0.101562
-0.296875
-0.046875
-0.1875
0.210938
-0.03125
0.148438
-0.109375
-0.125
-0.03125
0.03125
0.164062
-0.0078125
0
-0.273438
-0.015625
-0.015625
0.257812
0.0078125
-0.09375
-0.1875
-0.09375
0.179688
0.148438
0.171875
-0.148438
-0.109375
-0.1875
0.25
0.164062
0.164062
-0.132812
-0.15625
-0.046875
-0.140625
0.234375
-0.046875
0.21875
-0.226562
-0.078125
-0.117188
-0.046875
0.234375
-0.015625
0.125
-0.195312
-0.0234375
0.0546875
0.1875
0.078125
-0.0546875
-0.210938
-0.0859375
0.046875
0.140625
0.0859375
-0.179688
-0.0234375
-0.25
0.171875
0.0390625
0.21875
-0.03125
-0.09375
-0.03125
-0.0859375
0.1875
0.015625
0.203125
-0.132812
-0.078125
-0.1875
0.0625
0.15625
0.0234375
0.0078125
-0.273438
0.0390625
0.0234375
0.210938
-0.0234375
-0.046875
-0.132812
0.0546875
0.148438
0.171875
0.09375
-0.132812
-0.0625
-0.203125
0.164062
-0.046875
0.21875
-0.125
-0.140625
-0.0703125
-0.15625
0.273438
-0.0390625
0.226562
-0.1875
-0.015625
0.0390625
0.179688
0.242188
-0.0703125
-0.078125
-0.210938
0.0859375
0.109375
0.132812
-0.15625
-0.078125
-0.21875
0.140625
0.132812
0.101562
0.0625
-0.25
-0.0078125
-0.25
0.304688
0.0703125
0.226562
-0.078125
-0.148438
-0.0546875
-0.109375
0.234375
0.0078125
0.148438
-0.273438
-0.0859375
-0.0625
0.179688
0.117188
-0.109375
-0.0703125
-0.226562
0.1875
0.0859375
0.210938
-0.140625
-0.132812
-0.171875
0.0625
0.0390625
0.078125
-0.046875
-0.203125
-0.078125
-0.234375
0.21875
0.0078125
0.289062
-0.125
-0.140625
-0.0703125
-0.078125
0.320312
0.0078125
0.164062
-0.234375
-0.09375
-0.0390625
0.125
0.078125
-0.0625
-0.132812
-0.15625
0.078125
0.0625
0.179688
-0.171875
-0.0078125
-0.164062
0.1875
0.0859375
0.0859375
0.0703125
-0.117188
0
-0.1875
0.164062
0.046875
0.226562
-0.101562
-0.179688
-0.15625
-0.0625
0.234375
0.03125
0.148438
-0.273438
0.0625
-0.0078125
0.1875
0.078125
-0.101562
-0.0546875
-0.09375
0.132812
0.0625
0.101562
-0.101562
-0.0625
-0.132812
0.101562
0.0234375
0.148438
-0.0234375
-0.09375
-0.0234375
-0.210938
0.242188
0.0390625
0.320312
-0.179688
-0.164062
-0.09375
0.015625
0.273438
0.0078125
0.015625
-0.234375
0.0078125
0.046875
0.179688
-0.03125
-0.0234375
-0.125
0.0546875
0.179688
0.0859375
0.140625
-0.1875
-0.0390625
-0.257812
0.132812
0.078125
0.171875
0.0234375
-0.234375
-0.03125
-0.179688
0.242188
0.0234375
0.210938
-0.226562
-0.109375
-0.0390625
0.109375
0.257812
-0.0625
0.0546875
-0.304688
0.0703125
0
0.148438
-0.0390625
-0.109375
-0.0546875
-0.101562
0.078125
-0.03125
0.101562
-0.109375
-0.078125
-0.1875
0.109375
0.140625
0.257812
0.0625
-0.1875
-0.109375
-0.203125
0.273438
0.0390625
0.210938
-0.257812
-0.148438
-0.0859375
0
0.171875
-0.09375
0.0390625
-0.203125
0.0546875
0
0.164062
0
0.015625
-0.132812
-0.0390625
0.015625
-0.0234375
0.148438
-0.117188
0.0234375
-0.304688
0.078125
0.0859375
0.21875
0.03125
-0.1875
-0.117188
-0.125
0.273438
0.0703125
0.257812
-0.25
-0.015625
-0.078125
0.078125
0.09375
-0.109375
0.0703125
-0.210938
0.078125
-0.015625
0.125
-0.0546875
-0.0625
-0.117188
0.015625
0.0390625
0.117188
0.0703125
-0.148438
-0.046875
-0.265625
0.203125
0.0234375
0.234375
-0.179688
-0.28125
-0.132812
-0.195312
0.359375
-0.0390625
0.0703125
-0.3125
-0.046875
-0.015625
0.117188
0.09375
-0.0546875
-0.0546875
-0.125
0.109375
0
0.179688
-0.171875
-0.109375
-0.234375
-0.0234375
0.132812
0.09375
0.125
-0.226562
-0.101562
-0.28125
0.226562
0.171875
0.265625
-0.164062
-0.234375
-0.03125
0.0078125
0.359375
-0.09375
0.0703125
-0.304688
-0.0234375
-0.03125
0.09375
0.15625
-0.09375
0.03125
-0.15625
0.0625
0
0.15625
0.03125
-0.0234375
-0.1875
0
0.09375
0.203125
0.0625
-0.140625
-0.0859375
-0.289062
0.242188
-0.0078125
0.203125
-0.15625
-0.226562
-0.046875
-0.109375
0.273438
-0.015625
0.148438
-0.195312
-0.046875
-0.078125
0.09375
0.0859375
0
-0.03125
-0.1875
-0.015625
-0.0546875
0.1875
-0.0390625
-0.0234375
-0.179688
-0.015625
0.132812
0.179688
0.109375
-0.15625
-0.0859375
-0.164062
0.242188
0.0859375
0.242188
-0.148438
-0.132812
-0.0859375
-0.015625
0.203125
-0.0703125
0.125
-0.210938
0.0546875
-0.0234375
0.132812
0.078125
-0.0078125
0.0078125
-0.109375
0.0546875
0.09375
0.203125
-0.03125
-0.0625
-0.234375
0.140625
0.101562
0.203125
-0.046875
-0.257812
-0.0859375
-0.15625
0.351562
-0.0078125
0.195312
-0.148438
-0.132812
0.0078125
0.046875
0.21875
-0.046875
0.0546875
-0.21875
0.0390625
-0.015625
0.164062
-0.03125
-0.0546875
-0.148438
-0.09375
0.117188
0.09375
0.234375
-0.117188
-0.0625
-0.210938
0.164062
0.203125
0.226562
-0.03125
-0.25
-0.0859375
-0.109375
0.328125
0.0234375
0.164062
-0.289062
-0.117188
-0.046875
0.0546875
0.234375
-0.0546875
0.171875
-0.140625
0.0625
-0.0390625
0.125
0.0625
-0.0390625
-0.0703125
-0.0703125
0.0703125
0.0703125
0.125
-0.140625
-0.0546875
-0.273438
0.140625
0.078125
0.234375
0.0234375
-0.226562
-0.0078125
-0.09375
0.335938
0.0078125
0.125
-0.132812
-0.0703125
-0.046875
0.0703125
0.132812
-0.015625
0.0234375
-0.179688
-0.0078125
-0.0625
0.203125
0.015625
0.015625
-0.109375
-0.0234375
0.164062
0.148438
0.15625
-0.179688
-0.0859375
-0.171875
0.210938
0.09375
0.195312
-0.125
-0.148438
-0.0625
-0.101562
0.273438
-0.03125
0.210938
-0.203125
0.0078125
-0.0234375
0.0625
0.140625
-0.046875
0.0078125
-0.1875
0
0.046875
0.179688
-0.03125
-0.0859375
-0.320312
0.078125
0.101562
0.21875
0.0234375
-0.273438
-0.0703125
-0.15625
0.3125
0.109375
0.132812
-0.179688
-0.242188
-0.0234375
-0.0859375
0.210938
-0.0703125
0.03125
-0.203125
-0.0234375
-0.03125
0.148438
0.0546875
-0.03125
-0.0859375
-0.0625
0.15625
0.0859375
0.242188
-0.0703125
-0.101562
-0.210938
0.101562
0.1875
0.203125
0.0234375
-0.28125
-0.101562
-0.109375
0.34375
0.0703125
0.15625
-0.195312
-0.09375
-0.0390625
0.0625
0.296875
-0.0078125
0.15625
-0.1875
0.0078125
-0.03125
0.0703125
0.0703125
-0.046875
-0.078125
-0.0546875
0.0234375
0.140625
0.132812
-0.0703125
-0.0625
-0.234375
0.171875
0.109375
0.195312
-0.0546875
-0.210938
-0.03125
-0.125
0.289062
-0.0078125
0.117188
-0.171875
-0.078125
-0.0390625
0.0234375
0.148438
0.046875
0.0703125
-0.125
-0.0234375
-0.015625
0.179688
0.0078125
0.0234375
-0.078125
0
0.078125
0.132812
0.164062
-0.125
-0.132812
-0.210938
0.171875
0.109375
0.164062
-0.140625
-0.140625
-0.101562
-0.078125
0.1875
-0.03125
0.140625
-0.171875
0.0078125
-0.03125
0
0.0625
-0.0859375
-0.046875
-0.132812
-0.0390625
-0.0078125
0.101562
-0.046875
-0.046875
-0.234375
0.0625
0.0625
0.195312
0.0234375
-0.171875
-0.0625
-0.210938
0.28125
0.0703125
0.109375
-0.1875
-0.1875
-0.0234375
-0.0234375
0.171875
-0.0390625
0.0234375
-0.140625
0.03125
0
0.125
0
0.0390625
-0.0703125
-0.0390625
0.109375
0.0859375
0.1875
-0.09375
-0.101562
-0.234375
0.117188
0.0859375
0.15625
-0.0859375
-0.15625
-0.109375
-0.0546875
0.242188
0.015625
0.09375
-0.195312
-0.03125
-0.0078125
0.101562
0.140625
-0.0234375
0.015625
-0.09375
0.015625
0.03125
0.0078125
-0.0703125
-0.015625
-0.101562
0.0625
0.015625
0.148438
0.03125
-0.0546875
-0.015625
-0.132812
0.195312
0.140625
0.195312
-0.0625
-0.125
-0.0234375
-0.0078125
0.140625
-0.015625
-0.03125
-0.0625
-0.0546875
-0.0234375
0.046875
-0.015625
0
-0.0546875
0.0625
0.03125
0.0078125
0.0625
-0.046875
0.0390625
-0.101562
0.0625
-0.0234375
0.0234375
0.0078125
-0.0625
-0.0390625
-0.125
0.0078125
0
0.03125
-0.046875
-0.078125
0.0078125
0.046875
0.0703125
0.0234375
-0.015625
0.0078125
0
0.03125
-0.0078125
-0.0546875
-0.046875
-0.0625
0.0546875
-0.0390625
-0.03125
-0.0390625
-0.0546875
0.0234375
-0.0546875
0.0625
-0.0234375
0.0234375
0.0625
-0.0546875
0.0390625
-0.0703125
0.0546875
0.0625
-0.0078125
0
-0.09375
0.0234375
0.0078125
0
0.0234375
-0.0703125
0.03125
0
0.015625
0.046875
-0.0625
0.046875
-0.0234375
0.0625
0.015625
-0.0546875
0.0078125
-0.0546875
0.0625
-0.0078125
-0.0390625
0.0234375
-0.0390625
0.0625
0.0234375
0.0390625
0.0390625
-0.03125
0.101562
0.015625
0.046875
0.015625
-0.0234375
0.046875
-0.0390625
0.0546875
-0.0078125
0.0078125
-0.0546875
-0.078125
-0.0390625
-0.0234375
0.0546875
0.0234375
0.015625
0.0078125
-0.0546875
0.0234375
0.0390625
0.0234375
0.0234375
-0.078125
0.015625
-0.015625
0.0390625
-0.0078125
-0.09375
-0.046875
-0.078125
0.046875
0.015625
0.0234375
-0.0703125
-0.078125
-0.0234375
0.0234375
0.0390625
0.03125
-0.0234375
-0.015625
-0.03125
0.015625
-0.0078125
-0.0234375
0.015625
-0.0703125
0.0625
-0.0546875
0.0234375
0.0078125
-0.0625
0.015625
-0.0546875
0.078125
0.03125
0.0546875
0.015625
-0.101562
0.03125
0.03125
0.0625
0.0390625
-0.0703125
0.015625
-0.015625
0.015625
0.015625
-0.0625
-0.0078125
-0.078125
0.046875
0.03125
-0.0078125
0.0234375
-0.015625
0.046875
0.109375
0.0625
-0.046875
-0.0390625
-0.015625
-0.0625
0.0625
0.0703125
-0.078125
0.09375
-0.0546875
0.0625
0.0390625
0.0390625
0.03125
-0.03125
0
0.03125
-0.09375
-0.0390625
0.101562
0.078125
-0.015625
0.179688
0.0859375
-0.078125
-0.0078125
-0.125
-0.171875
-0.0859375
0.0625
-0.078125
0.0625
0.0234375
0.125
0.101562
0.203125
0.140625
-0.046875
-0.195312
-0.0703125
-0.226562
-0.132812
0.101562
0.078125
-0.0078125
0.296875
0.164062
-0.0546875
-0.132812
-0.0625
-0.195312
-0.164062
-0.0625
-0.0390625
-0.03125
0.03125
0.226562
0.117188
0.109375
0.226562
0.046875
-0.234375
-0.046875
-0.15625
-0.28125
-0.0859375
0.125
-0.15625
0.203125
0.171875
0.203125
0.0078125
0.0390625
-0.0390625
-0.148438
-0.257812
0.0859375
-0.242188
-0.242188
0.171875
0.203125
-0.09375
0.304688
0.15625
-0.171875
-0.0703125
0.132812
-0.140625
-0.21875
-0.101562
-0.0078125
-0.125
0
0.34375
0.109375
0.0390625
0.265625
0.03125
-0.265625
0
-0.203125
-0.242188
-0.148438
0.0078125
-0.164062
0.117188
0.1875
0.179688
-0.0703125
0.140625
0.101562
-0.117188
-0.242188
0.0859375
-0.195312
-0.242188
0.0703125
0.140625
-0.1875
0.117188
0.140625
-0.046875
-0.0703125
0.0390625
-0.171875
-0.1875
-0.078125
-0.0234375
-0.046875
-0.03125
0.203125
0.046875
0.0234375
0.1875
0.0546875
-0.257812
0.046875
-0.125
-0.351562
-0.0859375
0.09375
-0.15625
0.109375
0.164062
0.195312
0.078125
0.132812
0.195312
-0.046875
-0.375
-0.078125
-0.15625
-0.28125
0.0390625
0.109375
-0.101562
0.117188
0.203125
0.171875
0.148438
0.148438
0.140625
-0.09375
-0.3125
-0.0859375
-0.171875
-0.289062
0.015625
0.0703125
-0.0859375
0.15625
0.164062
0.148438
0.164062
0.03125
0.015625
-0.109375
-0.226562
-0.1875
-0.140625
-0.101562
0.046875
-0.148438
-0.046875
0.164062
-0.0859375
-0.101562
0.21875
-0.0078125
-0.148438
0.015625
0.164062
0.0078125
-0.0546875
0.164062
0.179688
-0.21875
-0.132812
0.125
-0.273438
-0.351562
-0.0546875
-0.140625
-0.304688
-0.109375
0.28125
0.179688
0.179688
0.382812
0.296875
-0.015625
0.0546875
0.03125
-0.125
-0.375
-0.296875
-0.25
-0.3125
-0.125
0.15625
0.195312
0.234375
0.21875
0.109375
0.125
0.210938
-0.0546875
0.046875
-0.03125
-0.234375
-0.28125
-0.078125
0.0859375
-0.0078125
-0.078125
0.1875
0.0390625
-0.234375
0.09375
0.304688
-0.109375
-0.125
0.03125
-0.0078125
-0.117188
0
0.375
0.148438
-0.15625
0.09375
0.09375
-0.304688
-0.078125
0.0078125
-0.140625
-0.226562
-0.0546875
0.109375
0.148438
0.0390625
0.40625
0.335938
-0.0078125
0.078125
0.140625
-0.0859375
-0.1875
-0.273438
-0.164062
-0.125
-0.195312
-0.015625
0.265625
0.210938
0.1875
0.265625
0.257812
0.140625
-0.078125
0.015625
-0.03125
-0.359375
-0.40625
0.109375
0.117188
-0.125
0.125
0.28125
0.046875
-0.25
0.195312
0.273438
-0.203125
-0.265625
0.101562
-0.109375
-0.195312
0.117188
0.390625
0.015625
0.0390625
0.03125
-0.0078125
-0.164062
-0.046875
-0.101562
-0.132812
-0.210938
-0.1875
0.0546875
0.265625
0.179688
0.257812
0.1875
0.21875
-0.0078125
-0.148438
0.0703125
-0.164062
-0.453125
-0.203125
-0.0703125
-0.28125
-0.015625
0.257812
0.3125
0
0.046875
0.445312
0.164062
-0.28125
0.0703125
0.015625
-0.367188
-0.203125
0.15625
0.078125
-0.046875
0.03125
0.203125
0.03125
-0.15625
0.226562
0.0546875
-0.273438
-0.109375
-0.132812
-0.140625
0.117188
0.179688
0.140625
0.203125
0.125
0.0625
0.0234375
0.0703125
0.015625
-0.234375
-0.429688
-0.117188
-0.351562
-0.171875
0.226562
0.242188
0.03125
0.164062
0.382812
0.257812
-0.0078125
0.226562
0.132812
-0.34375
-0.429688
-0.0078125
-0.25
-0.34375
0.015625
0.21875
-0.171875
-0.046875
0.398438
0.289062
-0.046875
0.179688
0.132812
-0.195312
-0.242188
0.0703125
0.015625
-0.15625
0.0234375
0.117188
-0.117188
0.15625
0.132812
-0.046875
-0.078125
0.0234375
-0.304688
-0.078125
0.03125
0.0546875
-0.0390625
0.078125
0.203125
0.164062
0
0.382812
0.0703125
-0.234375
-0.109375
-0.015625
-0.367188
-0.148438
-0.0078125
-0.101562
-0.132812
0.0234375
0.390625
0.273438
0.0703125
0.390625
0.132812
-0.304688
-0.0859375
0.0234375
-0.234375
-0.289062
-0.03125
-0.09375
-0.226562
-0.015625
0.421875
0.226562
0.0546875
0.289062
0.101562
-0.117188
0.0625
0.03125
-0.0390625
-0.0078125
-0.0625
-0.117188
0.0703125
0.140625
0.101562
-0.0234375
0.0625
0
-0.398438
-0.09375
0.21875
-0.140625
-0.148438
0.210938
0.234375
-0.0703125
0.195312
0.46875
0.257812
-0.1875
0.015625
0.09375
-0.359375
-0.40625
-0.015625
-0.179688
-0.265625
-0.078125
0.445312
0.164062
0.1875
0.359375
0.351562
-0.0234375
0.078125
0.046875
-0.03125
-0.34375
-0.234375
-0.226562
-0.171875
-0.0625
0.148438
0.0703125
0.195312
0.0859375
-0.046875
0.0625
0.171875
-0.09375
-0.015625
-0.101562
-0.148438
-0.21875
0.015625
0.328125
0.15625
-0.15625
0.21875
0.0390625
-0.320312
0.0390625
0.179688
-0.15625
-0.320312
-0.148438
0.0625
-0.101562
0
0.445312
0.257812
-0.140625
0.1875
0.125
-0.109375
-0.195312
-0.0546875
-0.195312
-0.289062
-0.3125
0.0859375
0.046875
0.0390625
0.296875
0.171875
0.101562
0.226562
-0.015625
-0.0625
-0.0390625
-0.25
-0.328125
-0.164062
0.046875
-0.125
-0.0859375
0.0859375
0.21875
-0.203125
0.109375
0.273438
-0.101562
-0.320312
-0.015625
-0.0390625
-0.195312
-0.078125
0.304688
-0.0390625
-0.0703125
0.125
0.226562
-0.015625
0.078125
0.0625
-0.21875
-0.304688
-0.171875
-0.101562
-0.109375
0.171875
0.242188
-0.0625
0.234375
0.304688
0.0859375
0.0625
0.195312
-0.109375
-0.289062
-0.3125
0
-0.15625
-0.164062
0.132812
0.203125
-0.25
0.34375
0.265625
0.0546875
-0.0703125
0.148438
-0.15625
-0.148438
-0.234375
0.117188
-0.101562
-0.15625
0.125
0.210938
-0.09375
0.226562
0.125
-0.101562
-0.117188
-0.15625
-0.0703125
-0.117188
-0.09375
0.0390625
-0.0234375
-0.015625
0.375
0.148438
0.140625
0.3125
0.0703125
-0.257812
-0.140625
-0.0078125
-0.179688
-0.289062
-0.0234375
0.046875
-0.234375
0.0625
0.53125
0.289062
0.078125
0.445312
0.046875
-0.234375
-0.132812
0.21875
-0.226562
-0.359375
-0.132812
0.0234375
-0.257812
0.109375
0.390625
0.234375
0
0.15625
0.046875
-0.132812
-0.0234375
0.0703125
-0.171875
-0.125
0.0546875
-0.0859375
0.0859375
0.195312
0.179688
-0.0234375
0.078125
0.0234375
-0.0625
-0.28125
0
-0.125
-0.34375
-0.0234375
0.195312
-0.0625
0.140625
0.242188
0.15625
-0.0390625
0.0234375
0.109375
-0.09375
-0.351562
-0.140625
-0.109375
-0.335938
0.117188
0.226562
0.078125
0.148438
0.195312
0.203125
0.0078125
0.0234375
0.117188
-0.125
-0.414062
-0.125
-0.140625
-0.257812
0.09375
0.1875
-0.109375
0.140625
0.0234375
0.171875
0.125
0.164062
-0.03125
-0.140625
-0.203125
0.0234375
-0.234375
0.03125
0.296875
0.03125
-0.21875
0.296875
0.078125
-0.15625
-0.0859375
0.148438
-0.195312
-0.421875
-0.0234375
0.242188
-0.148438
0.125
0.460938
0.1875
-0.09375
0.265625
0.328125
-0.140625
-0.28125
-0.0625
-0.21875
-0.460938
-0.125
0.0859375
-0.0859375
-0.0546875
0.273438
0.335938
0.164062
0.257812
0.273438
-0.0078125
-0.101562
-0.109375
-0.28125
-0.0859375
-0.078125
-0.210938
-0.179688
0.0859375
0.109375
0.109375
0.132812
0.296875
-0.109375
-0.34375
0.101562
0.101562
-0.3125
0.0625
0.273438
-0.15625
-0.09375
0.25
0.367188
-0.03125
-0.046875
0.195312
-0.1875
-0.484375
0.046875
0.0234375
-0.265625
-0.125
0.164062
0.046875
0.210938
0.234375
0.46875
0.171875
-0.0078125
0
-0.101562
-0.304688
-0.09375
-0.179688
-0.289062
-0.0390625
-0.0546875
-0.015625
0.265625
0.242188
0.164062
0
0.210938
0.109375
-0.195312
-0.078125
0.171875
-0.273438
-0.234375
0.21875
0.25
-0.179688
0.140625
0.21875
0.015625
-0.351562
0.125
0.015625
-0.25
-0.234375
0.078125
-0.132812
0.0078125
0.242188
0.375
0.015625
0.234375
0.117188
-0.0625
-0.09375
0.078125
-0.289062
-0.375
-0.101562
-0.203125
-0.0625
0.117188
0.367188
0.21875
0.0234375
0.304688
0.132812
-0.25
0.109375
0.164062
-0.359375
-0.367188
-0.0078125
-0.117188
-0.15625
0.0390625
0.28125
0
-0.25
0.28125
0.132812
-0.242188
-0.03125
0.0625
-0.257812
-0.09375
0.03125
0.125
0.0390625
0.0546875
0.21875
0.109375
-0.09375
0.09375
-0.117188
-0.335938
-0.125
-0.289062
-0.21875
0.09375
0.132812
0.0390625
0.132812
0.164062
0.3125
0.0703125
0.265625
0.28125
-0.234375
-0.429688
0
-0.21875
-0.3125
-0.046875
0.140625
-0.164062
-0.101562
0.335938
0.375
-0.0390625
0.179688
0.328125
-0.21875
-0.414062
0.015625
0.0703125
-0.28125
-0.0546875
0.195312
-0.078125
-0.09375
0.226562
0.226562
-0.0390625
0.046875
-0.0625
-0.140625
-0.257812
0.015625
-0.0703125
-0.0859375
0.0234375
0.171875
-0.125
0.28125
0.234375
0.0546875
-0.09375
0.101562
-0.179688
-0.1875
-0.179688
0.0078125
-0.125
-0.140625
0.273438
0.242188
-0.0859375
0.296875
0.265625
-0.148438
-0.109375
0.0859375
-0.0703125
-0.210938
-0.171875
0
-0.171875
-0.1875
0.34375
0.257812
-0.03125
0.25
0.210938
-0.117188
0
0.0859375
-0.0078125
-0.195312
-0.265625
0.015625
-0.148438
-0.0859375
0.296875
0.164062
0.0625
0.242188
-0.0859375
-0.140625
0.109375
0
-0.210938
-0.078125
-0.0078125
-0.0625
-0.132812
0.3125
0.390625
-0.117188
-0.078125
0.335938
-0.164062
-0.375
0.046875
0.0546875
-0.328125
-0.226562
0.257812
0.125
-0.125
0.273438
0.476562
0.015625
-0.0625
0.257812
0.03125
-0.382812
-0.15625
-0.101562
-0.320312
-0.3125
0.125
0.0625
0.101562
0.15625
0.226562
0.179688
0.242188
0.117188
-0.0078125
-0.171875
-0.125
-0.171875
-0.21875
0.140625
0.132812
-0.179688
0.09375
0.242188
-0.0078125
0.0078125
0.210938
0.132812
-0.28125
-0.375
0.0859375
-0.078125
-0.21875
0.28125
0.257812
-0.203125
0.140625
0.28125
0.109375
-0.132812
0.03125
-0.0390625
-0.34375
-0.46875
0.078125
-0.0703125
-0.1875
0.195312
0.25
0.0078125
0.304688
0.21875
0.148438
-0.046875
-0.09375
-0.132812
-0.320312
-0.226562
-0.078125
-0.28125
-0.117188
0.1875
-0.0390625
0
0.359375
0.179688
-0.148438
-0.0859375
0.101562
-0.164062
-0.328125
0.0703125
0.0703125
-0.28125
-0.0625
0.351562
0.164062
-0.109375
0.21875
-0.0234375
-0.265625
-0.265625
0.0390625
-0.195312
-0.117188
0.0703125
-0.0078125
-0.0078125
0.273438
0.28125
0.210938
0.101562
0.078125
-0.125
-0.320312
-0.0078125
-0.179688
-0.390625
-0.046875
0.117188
-0.242188
0.15625
0.320312
0.359375
0.03125
0.210938
0.203125
0.0078125
-0.296875
0.226562
0.03125
-0.382812
-0.132812
0.195312
