Compute Correlation 
 
0		54.8957		205.902
1		-13.0797		218.549
2		-46.7757		203.238
3		-45.1473		197.089
4		-33.5892		225.084
5		-48.1381		285.417
6		-113.919		349.218
7		-228.807		374.937
8		-360.801		330.329
9		-460.914		211.059
10		-485.604		46.3643
11		-417.904		-111.511
12		-276.786		-209.418
13		-109.953		-216.447
14		26.6573		-136.989
15		92.8276		-7.47229
16		79.9607		121.439
17		11.4738		208.233
18		-71.9624		237.949
19		-134.406		225.195
20		-162.392		201.848
21		-169.367		196.407
22		-184.762		216.228
23		-233.796		242.339
24		-319.08		239.878
25		-414.333		178.902
26		-474.356		54.614
27		-456.912		-104.023
28		-345.785		-242.696
29		-163.223		-304.027
30		35.0697		-253.462
31		180.793		-96.4437
32		220.431		121.447
33		136.699		331.57
34		-45.4145		468.636
35		-270.061		494.499
36		-473.267		409.196
37		-606.131		245.71
38		-648.431		52.7742
39		-608.239		-124.869
40		-510.428		-259.431
41		-382.046		-341.721
42		-242.798		-373.632
43		-104.668		-358.362
44		21.4874		-295.648
45		118.918		-185.193
46		164.271		-35.5503
47		135.676		128.501
48		26.0771		266.95
49		-146.092		336.244
50		-336.591		307.472
51		-488.264		182.062
52		-552.804		-4.0609
53		-511.525		-191.856
54		-384.632		-322.281
55		-223.371		-360.882
56		-87.7468		-312.028
57		-19.9171		-215.44
58		-26.003		-126.164
59		-75.3516		-87.4149
60		-117.84		-109.558
61		-110.827		-165.723
62		-42.3815		-206.438
63		60.9627		-186.233
64		146.138		-89.0264
65		159.653		60.4575
66		75.2747		205.293
67		-90.2571		281.291
68		-281.325		246.624
69		-425.723		102.205
70		-464.941		-106.648
71		-378.654		-307.895
72		-192.7		-431.504
73		32.2642		-436.278
74		225.395		-323.395
75		332.069		-132.047
76		330.805		79.0902
77		234.927		254.921
78		80.7269		361.153
79		-90.2443		389.486
80		-245.68		351.219
81		-367.992		265.228
82		-450.636		147.945
83		-490.136		10.4147
84		-480.386		-137.512
85		-413.49		-280.334
86		-286.861		-393.419
87		-111.984		-446.796
88		81.2355		-415.68
89		248.611		-292.947
90		344.019		-97.0951
91		335.277		129.054
92		216.796		329.421
93		13.499		451.573
94		-225.758		462.92
95		-442.612		360.216
96		-585.901		169.396
97		-624.831		-63.2342
98		-554.935		-284.464
99		-396.336		-447.498
100		-186.452		-521.534
101		29.6932		-496.225
102		208.916		-381.52
103		317.664		-204.182
104		337.675		-2.04399
105		269.178		183.416
106		130.931		315.589
107		-43.7297		371.018
108		-214.919		345.262
109		-346.803		253.905
110		-417.636		127.458
111		-425.442		1.13245
112		-386.736		-97.069
113		-328.34		-155.281
114		-275.434		-179.875
115		-240.954		-189.71
116		-221.06		-205.021
117		-198.788		-236.049
118		-154.215		-276.717
119		-76.3992		-306.421
120		28.5223		-299.2
121		136.912		-236.157
122		215.159		-115.537
123		231.87		43.9137
124		169.562		207.556
125		31.2475		335.222
126		-160.079		392.967
127		-367.968		361.921
128		-551.821		241.906
129		-675.554		50.0237
130		-713.557		-183.765
131		-653.867		-421.884
132		-499.646		-624.132
133		-269.884		-752.75
134		0.978928		-778.463
135		265.998		-687.567
136		472.795		-488.431
137		574.804		-214.388
138		544.304		79.932
139		382.854		329.789
140		124.5		476.836
141		-170.826		485.891
142		-432.643		355.98
143		-599.299		121.277
144		-634.835		-158.752
145		-537.603		-416.569
146		-338.169		-595.08
147		-88.0991		-661.261
148		155.596		-611.168
149		344.762		-466.229
150		449.072		-263.874
151		458.524		-46.7763
152		380.964		145.843
153		237.375		283.53
154		57.1023		347.22
155		-126.363		330.598
156		-279.74		240.992
157		-375.293		99.211
158		-396.89		-63.1318
159		-344.937		-209.825
160		-237.609		-309.122
161		-106.536		-342.938
162		12.6179		-312.453
163		91.642		-237.21
164		118.8		-147.383
165		101.41		-72.0159
166		60.6821		-28.1696
167		21.0096		-15.7085
168		-1.42052		-20.0376
169		-5.45076		-21.3779
170		-4.07673		-6.07834
171		-16.4152		25.5123
172		-56.4873		58.4215
173		-124.293		69.9947
174		-203.528		41.1073
175		-267.117		-33.6334
176		-288.102		-141.441
177		-251.018		-254.681
178		-158.849		-340.499
179		-32.7602		-372.583
180		94.9693		-340.299
181		191.685		-251.856
182		234.496		-130.858
183		216.33		-8.20307
184		146.422		87.3459
185		45.9679		136.701
186		-58.903		134.186
187		-144.359		87.1578
188		-194.402		12.4175
189		-203.731		-69.1567
190		-177.689		-138.319
191		-129.596		-182.27
192		-76.0953		-197.502
193		-31.6218		-189.846
194		-3.5816		-171.418
195		9.97561		-155.123
196		18.8948		-148.529
197		35.6844		-149.638
198		68.2724		-146.848
199		113.865		-123.875
200		157.13		-68.1601
201		174.435		20.7057
202		143.202		126.657
203		52.8371		219.71
204		-87.6045		265.339
205		-248.917		237.382
206		-389.437		129.277
207		-468.388		-41.2634
208		-459.729		-236.386
209		-361.04		-409.58
210		-194.118		-519.976
211		2.47888		-543.966
212		185.434		-480.192
213		318.303		-347.127
214		378.858		-175.605
215		360.88		-0.203278
216		271.895		147.272
217		129.711		241.199
218		-40.1005		263.728
219		-205.693		206.754
220		-331.327		75.334
221		-382.903		-108.661
222		-337.218		-305.9
223		-192.49		-465.24
224		24.7351		-536.548
225		261.356		-487.679
226		450.366		-319.204
227		531.747		-69.7403
228		474.386		192.447
229		289.967		390.387
230		31.9895		464.866
231		-221.166		396.157
232		-393.426		211.849
233		-438.012		-23.0062
234		-353.43		-229.94
235		-182.034		-345.74
236		7.97321		-344.263
237		149.358		-242.931
238		200.34		-92.1117
239		157.108		47.2005
240		50.324		127.459
241		-71.3665		130.491
242		-162.661		69.7246
243		-198.387		-20.4505
244		-179.463		-101.953
245		-127.216		-148.664
246		-70.4685		-154.105
247		-32.2713		-129.335
248		-22.1704		-93.948
249		-36.2464		-65.7302
250		-63.0712		-54.041
251		-91.2111		-59.16
252		-114.049		-76.2981
253		-130.043		-100.759
254		-139.528		-130.797
255		-141.086		-166.745
256		-130.378		-207.629
257		-102.429		-248.115
258		-55.911		-278.385
259		3.47418		-287.644
260		63.0799		-269.593
261		107.482		-226.753
262		124.934		-170.964
263		112.843		-119.306
264		79.3294		-87.1982
265		39.8899		-82.0385
266		10.7283		-100.516
267		2.0499		-130.881
268		14.6051		-158.883
269		41.0019		-174.211
270		70.7676		-174.148
271		96.1794		-162.719
272		115.561		-146.181
273		132.243		-127.716
274		149.905		-104.673
275		167.164		-70.2957
276		174.961		-19.3377
277		158.963		45.4406
278		106.578		109.764
279		15.5426		150.108
280		-100.29		141.825
281		-211.537		70.2163
282		-281.206		-60.197
283		-277.597		-222.744
284		-187.351		-374.19
285		-23.2876		-467.591
286		176.579		-468.031
287		359.128		-365.505
288		472.119		-180.037
289		480.562		43.0224
290		377.848		246.011
291		187.93		375.851
292		-41.8898		399.194
293		-254.824		311.077
294		-400.359		134.879
295		-447.003		-85.6509
296		-388.624		-299.06
297		-243.468		-459.352
298		-47.2615		-535.979
299		156.677		-518.652
300		327.289		-416.925
301		433.375		-255.904
302		458.052		-70.0184
303		400.298		103.59
304		274.224		231.188
305		106.618		287.844
306		-67.1798		261.932
307		-209.16		158.233
308		-286.075		-1.39441
309		-277.352		-180.882
310		-181.527		-336.876
311		-18.823		-428.887
312		171.903		-430.369
313		342.107		-337.346
314		446.516		-171.364
315		456.437		25.0345
316		369.064		199.737
317		209.304		306.234
318		22.9375		317.803
319		-137.089		235.903
320		-226.985		89.7572
321		-225.665		-73.0032
322		-140.983		-201.639
323		-6.5258		-258.493
324		129.932		-230.671
325		222.359		-133.378
326		241.427		-3.94563
327		183.538		111.252
328		71.0804		172.468
329		-55.9207		159.57
330		-153.747		78.1154
331		-189.731		-43.2972
332		-152.891		-163.258
333		-57.0511		-241.764
334		64.3849		-253.589
335		170.057		-196.382
336		224.62		-90.9474
337		210.347		26.196
338		132.542		115.254
339		17.1603		146.266
340		-98.2749		108.468
341		-177.099		12.933
342		-194.92		-112.002
343		-146.279		-230.478
344		-44.763		-310.334
345		82.7362		-331.911
346		204.922		-291.912
347		294.721		-201.894
348		334.941		-83.0694
349		319.988		39.9758
350		254.503		144.308
351		150.75		211.496
352		26.3957		228.852
353		-96.9415		190.441
354		-195.253		98.7989
355		-245.243		-32.9967
356		-229.644		-180.607
357		-143.706		-311.14
358		-0.172333		-390.252
359		170.429		-392.371
360		326.044		-310.528
361		424.998		-161.402
362		439.684		17.6125
363		366.608		179.347
364		228.218		282.206
365		65.1541		303.949
366		-78.2682		248.159
367		-169.359		140.684
368		-196.697		17.7693
369		-170.258		-88.5841
370		-112.688		-161.344
371		-46.5892		-200.671
372		15.5489		-217.448
373		73.8044		-222.435
374		134.963		-217.504
375		202.305		-194.187
376		267.56		-140.501
377		310.499		-52.1793
378		307.463		58.4859
379		244.908		162.231
380		130.671		222.616
381		-3.91737		212.202
382		-113.71		127.302
383		-157.786		-6.6244
384		-117.742		-142.749
385		-7.26363		-231.248
386		132.243		-240.213
387		248.607		-169.336
388		300.895		-49.7376
389		276.31		70.1507
390		194.166		146.083
391		95.3239		156.752
392		22.4708		111.151
393		0.893524		41.5913
394		28.8094		-13.5538
395		81.2886		-28.4799
396		124.916		-0.829193
397		135.173		49.9423
398		107.644		94.8943
399		57.8681		111.485
400		10.8632		94.4906
401		-13.2929		56.6241
402		-9.73842		19.3351
403		10.3931		-0.39698
404		28.5144		0.432526
405		31.0307		10.3612
406		18.2032		11.9735
407		4.13219		-5.79619
408		7.74013		-39.0064
409		39.9028		-69.1223
410		94.2877		-72.8012
411		147.641		-35.9449
412		170.177		35.785
413		141.093		116.244
414		61.1748		169.112
415		-44.4329		164.626
416		-135.343		94.5676
417		-173.002		-22.0348
418		-137.724		-145.572
419		-37.6664		-231.919
420		94.3387		-250.478
421		214.36		-196.021
422		284.846		-89.43
423		288.159		32.1823
424		230.804		130.705
425		137.741		180.548
426		40.7233		175.09
427		-33.375		124.782
428		-69.4475		49.6254
429		-64.7632		-29.2415
430		-25.2174		-94.9998
431		39.2246		-136.464
432		117.117		-146.856
433		195.721		-122.753
434		260.562		-64.9572
435		296.698		19.2217
436		292.676		114.593
437		245.797		200.057
438		165.591		254.541
439		72.6409		264.839
440		-7.89816		231.548
441		-55.6927		169.6
442		-63.1609		102.465
443		-37.8855		52.4084
444		1.88194		31.4868
445		36.4034		37.771
446		53.5731		58.5872
447		53.2429		78.8035
448		44.686		89.4647
449		38.9697		91.9484
450		40.88		95.4296
451		45.2673		109.34
452		40.0871		135.483
453		14.443		164.748
454		-33.1512		180.791
455		-91.4268		168.902
456		-140.418		125.119
457		-161.157		60.1295
458		-145.822		-4.74512
459		-102.535		-47.8094
460		-51.7462		-58.1045
461		-15.7162		-41.2016
462		-6.59959		-16.1632
463		-19.6923		-4.93056
464		-35.8407		-19.6772
465		-32.1195		-55.0536
466		4.7145		-89.86
467		69.2429		-97.7199
468		137.993		-61.422
469		179.78		16.5668
470		170.776		113.113
471		106.673		193.786
472		5.75366		228.054
473		-98.7198		202.782
474		-172.899		127.455
475		-196.324		28.8849
476		-168.766		-61.4382
477		-107.208		-120.649
478		-35.4561		-141.889
479		27.5027		-132.809
480		74.165		-107.209
481		107.28		-75.4475
482		132.576		-39.414
483		150.765		5.22723
484		154.371		61.4956
485		131.768		123.591
486		76.2197		174.927
487		-5.72438		193.984
488		-92.2536		165.478
489		-153.172		90.788
490		-163.053		-8.69933
491		-114.188		-98.2267
492		-22.3459		-143.943
493		78.3308		-128.13
494		149.49		-57.7737
495		165.212		38.0714
496		123.111		121.123
497		44.5094		160.778
498		-36.2309		146.946
499		-87.8065		92.7838
500		-95.5131		26.4914
501		-65.8502		-23.2243
502		-20.5786		-40.4715
503		15.9828		-27.7937
504		29.4383		-1.93188
505		21.193		17.1986
506		5.25023		17.9171
507		-1.55179		2.42178
508		10.0217		-15.9514
509		36.3737		-21.7233
510		63.7214		-7.02972
511		76.7292		23.5125
512		67.9235		55.5042
513		42.3751		73.3117
514		14.9464		69.4296
515		1.6756		49.2053
516		10.2181		28.1197
517		34.829		23.0306
518		58.8777		42.2013
519		63.7282		79.6879
520		39.2952		117.358
521		-9.40575		133.718
522		-63.3385		115.095
523		-97.8165		63.4152
524		-94.0728		-3.40535
525		-48.3582		-58.7292
526		25.7707		-78.5753
527		102.861		-51.7113
528		155.864		16.0485
529		166.427		104.818
530		130.774		188.884
531		59.2742		246.069
532		-29.0458		264.189
533		-113.77		242.616
534		-178.78		189.643
535		-214.638		118.084
536		-218.131		41.6572
537		-190.808		-26.7206
538		-138.224		-75.3574
539		-70.2762		-94.4942
540		-1.47675		-78.4275
541		50.5544		-28.6637
542		69.2671		43.751
543		45.1093		118.952
544		-19.3571		173.089
545		-108.082		186.179
546		-195.474		149.892
547		-254.785		71.6791
548		-267.707		-27.0692
549		-231.074		-118.481
550		-157.673		-178.271
551		-70.812		-194.141
552		4.8739		-169.02
553		52.2858		-118.082
554		66.6738		-61.3649
555		54.8383		-15.6351
556		29.8794		10.8969
557		4.56231		19.1904
558		-13.4437		15.9887
559		-22.6687		8.92978
560		-25.6954		2.93695
561		-25.8213		-0.578671
562		-24.8355		-2.10012
563		-23.0594		-1.79056
564		-21.0584		1.39235
565		-21.222		8.51768
566		-27.5068		18.3764
567		-42.9669		26.0423
568		-66.4294		23.9881
569		-90.6716		5.89497
570		-103.994		-28.6204
571		-95.2717		-71.2116
572		-60.3703		-106.252
573		-6.53		-116.793
574		48.2061		-92.7439
575		81.2193		-37.3604
576		74.9949		31.6106
577		25.9554		87.5241
578		-51.9479		105.339
579		-131.159		72.6093
580		-180.814		-4.07492
581		-179.2		-100.415
582		-122.939		-183.302
583		-28.8024		-223.621
584		72.7063		-207.49
585		149.19		-141.168
586		178.466		-47.7672
587		155.878		42.4409
588		94.1163		103.629
589		16.3435		122.908
590		-53.7047		102.542
591		-100.012		55.8397
592		-117.649		-0.406342
593		-110.674		-52.8769
594		-86.7583		-94.9015
595		-52.0802		-125.121
596		-9.34946		-143.461
597		40.3478		-147.593
598		93.634		-132.491
599		141.932		-93.6314
600		172.117		-31.9628
601		171.21		42.5987
602		133.076		111.908
603		63.5541		155.202
604		-19.1869		157.501
605		-90.1484		116.903
606		-126.962		46.9508
607		-119.224		-27.6514
608		-73.3045		-80.5822
609		-10.0818		-94.6624
610		43.7107		-68.9824
611		66.8342		-19.04
612		52.5104		30.3198
613		10.9391		56.0447
614		-35.7743		47.0646
615		-63.9325		8.93183
616		-59.0624		-39.114
617		-22.3296		-73.1804
618		30.2376		-75.6231
619		75.1459		-42.8449
620		91.8864		13.3928
621		71.6336		71.4289
622		20.4359		109.133
623		-44.1309		112.879
624		-100.834		82.1606
625		-133.286		28.2843
626		-135.278		-31.597
627		-111.06		-81.8053
628		-71.262		-113.325
629		-27.1861		-124.876
630		13.4461		-120.261
631		47.4408		-104.226
632		74.0468		-79.5711
633		91.8641		-47.1166
634		97.2132		-8.15096
635		85.3532		32.6423
636		54.0175		66.1997
637		7.08425		81.3456
638		-44.1848		69.6411
639		-83.7706		30.4211
640		-96.7362		-26.8513
641		-75.7372		-84.6577
642		-25.0081		-123.498
643		40.3531		-129.445
644		99.7827		-99.7539
645		135.044		-43.922
646		136.956		20.2943
647		108.115		74.0294
648		60.6524		104.33
649		10.3786		107.994
650		-29.71		90.8674
651		-53.5871		63.5163
652		-62.4776		35.8059
653		-61.8099		13.1439
654		-56.9915		-4.06915
655		-50.4701		-18.1366
656		-41.4943		-30.7749
657		-28.2622		-41.0249
658		-10.7447		-45.6031
659		7.81923		-41.3157
660		21.8303		-27.8571
661		26.164		-9.07677
662		19.2121		8.26273
663		4.21532		17.6748
664		-12.0612		16.296
665		-22.7073		6.42933
666		-24.2538		-5.69854
667		-18.4403		-13.3619
668		-11.1178		-13.0717
669		-8.84803		-6.53249
670		-15.0706		0.300644
671		-27.9684		0.571281
672		-41.2333		-9.55896
673		-47.3257		-28.578
674		-41.4503		-50.1474
675		-24.1018		-66.177
676		-0.857124		-70.7633
677		20.3789		-62.8924
678		33.1036		-46.5685
679		34.9173		-28.4945
680		27.8932		-14.749
681		16.7086		-8.33233
682		5.87476		-8.77683
683		-2.21828		-13.6988
684		-7.40422		-21.0071
685		-10.23		-30.1922
686		-10.1414		-41.8484
687		-4.86021		-55.852
688		8.38144		-69.6291
689		30.3978		-78.003
690		58.0258		-75.1675
691		84.1105		-57.9126
692		99.9995		-28.2355
693		99.4966		6.42601
694		82.1722		35.8763
695		54.0512		51.605
696		25.045		50.6831
697		4.32554		36.927
698		-3.8929		18.5737
699		-1.79895		3.68217
700		4.20711		-4.14558
701		8.10178		-7.19967
702		8.49016		-11.3083
703		9.82711		-20.9913
704		19.5776		-35.0482
705		42.7023		-45.5062
706		76.653		-41.0909
707		110.132		-13.7633
708		127.027		35.1637
709		114.06		93.0162
710		68.4095		139.657
711		1.08167		155.991
712		-66.2591		133.141
713		-110.07		77.5958
714		-115.343		9.40924
715		-82.5832		-46.1248
716		-27.776		-69.5271
717		24.836		-55.6266
718		53.7584		-15.3612
719		49.7074		29.9581
720		18.9876		59.0113
721		-20.6682		60.2996
722		-49.4622		36.6648
723		-55.2299		2.53577
724		-38.631		-24.3158
725		-11.5038		-32.0235
726		10.3331		-20.1018
727		15.7363		1.41807
728		3.73371		18.3019
729		-16.8303		20.1632
730		-32.9117		5.82509
731		-34.76		-16.7307
732		-21.0663		-35.4558
733		0.941414		-41.247
734		20.2278		-32.8425
735		28.5825		-16.9345
736		25.2715		-3.63639
737		17.0785		-0.0818291
738		13.8053		-5.93417
739		21.9097		-13.427
740		39.9992		-11.9322
741		58.8314		5.52974
742		65.922		37.5324
743		52.2802		73.955
744		17.6146		100.422
745		-28.8013		105.151
746		-72.0577		84.6264
747		-98.2437		45.2388
748		-100.376		0.202232
749		-80.7536		-36.4315
750		-48.9058		-55.5175
751		-16.6286		-55.573
752		7.06427		-41.6405
753		18.5752		-21.5061
754		19.1095		-1.74764
755		11.9244		14.2227
756		-0.379417		25.4974
757		-16.7211		31.5273
758		-36.2558		30.4958
759		-56.2512		19.6974
760		-71.1185		-2.13047
761		-73.8846		-32.133
762		-59.7316		-62.458
763		-29.6477		-82.422
764		8.22345		-83.1329
765		40.907		-62.2925
766		55.9402		-26.4314
767		47.2288		11.0425
768		18.3495		35.4121
769		-18.6284		37.236
770		-48.4409		16.6439
771		-59.4897		-16.8895
772		-48.8372		-49.1981
773		-22.8701		-68.1047
774		6.54356		-68.7024
775		28.215		-54.6398
776		36.7888		-35.0265
777		34.2732		-18.9366
778		27.4452		-10.6798
779		22.9504		-8.39387
780		23.1144		-6.47742
781		24.911		-0.120754
782		22.5443		10.9767
783		11.8993		22.0366
784		-6.023		26.1401
785		-24.9442		18.8448
786		-36.678		1.5563
787		-36.076		-18.5944
788		-24.5141		-32.5433
789		-9.61154		-34.6585
790		-1.04543		-26.4743
791		-4.69505		-16.362
792		-18.5242		-14.9732
793		-32.8326		-28.8056
794		-35.1335		-55.5268
795		-17.2447		-83.9457
796		19.2702		-99.0706
797		62.5091		-89.8493
798		95.1977		-55.5367
799		102.916		-7.15434
800		81.4044		37.014
801		39.1071		59.8049
802		-6.51293		53.2423
803		-37.0982		22.1763
804		-41.8677		-18.3478
805		-22.1628		-50.589
806		10.1225		-62.5756
807		39.2114		-53.2156
808		53.5748		-31.5933
809		51.2447		-11.116
810		39.6733		-1.86346
811		30.5055		-5.31922
812		32.352		-14.2308
813		45.6276		-17.4649
814		62.2741		-7.00192
815		70.4341		16.8961
816		61.4201		45.2345
817		35.0928		64.8168
818		0.665642		65.2983
819		-27.5504		44.9539
820		-37.2352		12.0698
821		-24.2764		-18.7882
822		5.0733		-33.6872
823		37.1263		-25.8869
824		57.1848		1.19096
825		56.1815		35.8842
826		34.3345		63.8961
827		0.30183		74.6548
828		-33.353		65.3674
829		-55.8575		41.1347
830		-62.2901		11.5945
831		-54.3702		-13.8104
832		-38.1937		-29.4843
833		-20.6119		-34.7452
834		-6.32027		-32.3901
835		3.06387		-26.1361
836		8.02112		-18.629
837		9.4115		-11.003
838		7.39044		-3.8036
839		1.64533		1.80564
840		-7.4186		3.69588
841		-17.6355		-0.290825
842		-25.2027		-10.6986
843		-26.2015		-25.2917
844		-18.7517		-39.3653
845		-4.48614		-47.6557
846		11.7022		-46.9492
847		23.7432		-37.9491
848		27.3314		-25.2574
849		22.1878		-15.3207
850		12.3932		-13.3066
851		4.53779		-20.4949
852		4.58278		-33.5257
853		14.995		-45.8874
854		33.5523		-50.8856
855		54.3345		-44.6223
856		70.3166		-27.5932
857		76.2572		-4.28268
858		70.5696		18.8533
859		55.5045		35.9344
860		35.8488		43.5785
861		16.9693		41.554
862		3.11692		32.2292
863		-3.47174		19.382
864		-2.67682		7.00217
865		3.86693		-1.57721
866		13.2768		-4.23811
867		22.0003		-0.48381
868		26.591		8.28909
869		24.7423		18.8867
870		16.3302		27.0912
871		3.909		29.1536
872		-7.88998		23.544
873		-14.1563		12.0878
874		-12.0821		-0.342361
875		-2.76254		-7.80464
876		8.72192		-6.23382
877		15.3479		4.06824
878		11.5967		17.8531
879		-3.3343		26.9002
880		-24.3292		23.8754
881		-42.085		6.2731
882		-47.2309		-21.6321
883		-34.9469		-50.0647
884		-7.74316		-67.9074
885		25.1647		-67.8455
886		51.7914		-49.9589
887		62.8131		-21.8844
888		55.8401		4.64979
889		36.3846		19.263
890		15.0306		17.6467
891		2.24456		3.23878
892		3.45904		-14.9236
893		16.8837		-26.9692
894		35.0301		-27.0617
895		48.9839		-15.8852
896		53.0611		0.400013
897		47.3885		13.9625
898		37.1737		19.6656
899		29.2741		17.6027
900		28.118		12.5281
901		33.2828		10.6866
902		40.0043		15.9658
903		42.1839		27.5918
904		36.0702		40.6169
905		22.4776		48.8151
906		6.32446		48.2358
907		-6.14925		39.3597
908		-10.8004		26.677
909		-7.65792		16.0445
910		-0.527584		11.4457
911		5.50409		13.0616
912		7.08305		17.7036
913		4.28503		21.2058
914		0.033638		21.2029
915		-2.29013		18.5259
916		-1.44762		16.3488
917		0.57634		17.6567
918		-0.211979		22.6999
919		-6.99622		28.1642
920		-19.4947		28.7677
921		-33.2524		20.4689
922		-41.5581		3.38605
923		-39.0677		-17.4543
924		-25.0888		-34.2299
925		-4.51522		-40.3099
926		14.3408		-33.9279
927		23.9949		-19.3886
928		21.8131		-4.95785
929		11.5071		1.54033
930		1.13849		-2.97287
931		-1.37676		-15.0723
932		7.19824		-26.7049
933		23.4255		-29.7609
934		38.9585		-20.8295
935		45.1977		-3.43798
936		38.2935		13.5888
937		21.6776		20.8634
938		4.60876		13.7111
939		-2.58852		-4.94431
940		5.94901		-25.7512
941		28.3476		-37.6098
942		55.7944		-33.3653
943		77.0053		-13.4351
944		83.9415		14.5855
945		75.672		40.0825
946		58.3205		55.0202
947		41.2236		57.8788
948		31.5322		53.8018
949		30.332		50.9775
950		32.4557		55.4141
951		30.0314		67.1606
952		17.656		80.1837
953		-3.8648		85.9908
954		-27.4635		78.9077
955		-43.5838		59.9144
956		-45.6873		36.7106
957		-34.3322		19.808
958		-17.3841		16.7352
959		-6.05334		27.6003
960		-8.81727		44.5999
961		-26.5582		55.9227
962		-51.6716		52.0552
963		-71.7862		31.0967
964		-76.2139		0.147278
965		-61.7084		-28.1001
966		-34.4218		-41.8417
967		-6.94193		-36.3241
968		8.09135		-16.4162
969		4.46587		5.78393
970		-14.3982		17.077
971		-37.163		9.84059
972		-50.2694		-14.1679
973		-44.6435		-44.7596
974		-20.0044		-68.4004
975		15.2901		-74.7277
976		48.5603		-61.1883
977		68.8895		-33.6176
978		71.844		-2.77732
979		60.6145		21.0844
980		43.3759		32.7551
981		28.6119		33.5055
982		21.0257		29.1143
983		20.0617		25.9451
984		21.4491		27.4141
985		20.5006		32.6973
986		15.0841		38.0721
987		6.62457		39.7653
988		-1.19708		36.4496
989		-4.99475		29.9375
990		-3.79177		23.8451
991		0.565754		21.2493
992		4.80749		22.8957
993		6.4138		27.0574
994		5.10081		31.025
995		2.65899		33.1513
996		1.30133		34.0335
997		1.67434		35.9975
998		1.93745		41.1797
999		-1.33929		49.4638
1000		-10.8849		57.717
1001		-26.4312		61.033
1002		-43.9397		55.4525
1003		-57.0746		40.6366
1004		-60.3301		20.8414
1005		-52.1676		3.39479
1006		-36.3632		-4.72965
1007		-20.6414		-0.514919
1008		-13.125		13.2655
1009		-18.3551		29.0648
1010		-34.9391		38.027
1011		-56.0779		34.1838
1012		-72.7372		17.2657
1013		-77.8546		-7.27576
1014		-69.4661		-30.9848
1015		-51.2407		-46.4068
1016		-30.2958		-50.3313
1017		-13.5591		-44.713
1018		-4.60895		-34.9943
1019		-2.54476		-26.9101
1020		-3.26607		-23.5555
1021		-2.24695		-24.2132
1022		2.81396		-25.3718
1023		10.8746		-23.163
1024		18.4114		-15.753
1025		21.5993		-4.38976
1026		18.4935		7.33548
1027		10.0312		15.4359
1028		-0.558472		17.5124
1029		-9.42873		13.7174
1030		-13.8391		6.34379
1031		-13.0219		-1.50541
1032		-7.91957		-7.26549
1033		-0.235556		-9.53597
1034		8.42161		-7.84172
1035		16.7365		-2.00415
1036		23.256		8.17607
1037		25.9009		22.5292
1038		22.1039		39.6474
1039		9.84045		56.2648
1040		-10.8737		67.631
1041		-36.948		69.0829
1042		-62.5248		58.2253
1043		-80.8572		36.5771
1044		-87.0668		9.61437
1045		-80.4524		-15.1224
1046		-65.0628		-31.1495
1047		-48.0358		-35.9216
1048		-36.347		-31.9844
1049		-33.5049		-25.6899
1050		-37.8565		-23.9905
1051		-43.4338		-30.8429
1052		-43.0056		-45.0191
1053		-31.8773		-60.4667
1054		-10.5664		-69.1107
1055		14.9879		-64.7761
1056		35.8275		-46.3483
1057		43.8715		-18.668
1058		35.4977		9.257
1059		13.1926		27.8699
1060		-15.3974		30.8686
1061		-40.4836		17.555
1062		-53.8272		-7.1461
1063		-51.5558		-34.8004
1064		-35.1056		-56.6451
1065		-10.1875		-66.4943
1066		15.5274		-62.3652
1067		34.9664		-46.5029
1068		43.5778		-24.1429
1069		40.1965		-1.68252
1070		26.8981		15.1009
1071		8.1394		22.3956
1072		-10.4948		19.1262
1073		-23.7059		7.11983
1074		-27.8581		-9.35788
1075		-22.053		-24.7096
1076		-8.5533		-33.6211
1077		7.74327		-32.7943
1078		20.8037		-22.1989
1079		25.5324		-5.26043
1080		19.658		12.2493
1081		4.61965		24.3006
1082		-15.0013		26.8531
1083		-33.3243		19.2912
1084		-45.4893		4.39913
1085		-49.4047		-13.094
1086		-46.1393		-28.682
1087		-38.8516		-39.8993
1088		-30.8775		-46.9339
1089		-24.0058		-51.8236
1090		-17.8225		-56.771
1091		-10.3968		-62.5544
1092		0.158295		-67.9117
1093		14.1751		-70.2015
1094		29.8297		-66.9261
1095		43.7703		-57.2403
1096		52.602		-42.6099
1097		54.3996		-26.2978
1098		49.4558		-12.0094
1099		39.9481		-2.46921
1100		28.8312		1.34171
1101		18.6575		0.00704193
1102		10.9737		-5.14028
1103		6.49274		-12.8256
1104		5.70166		-22.0825
1105		9.2819		-31.8619
1106		17.8841		-40.4292
1107		31.3075		-45.2046
1108		47.6537		-43.4514
1109		63.2007		-33.6338
1110		73.409		-16.7111
1111		74.7925		3.52789
1112		66.7537		21.5748
1113		52.3074		32.4547
1114		37.0725		34.0866
1115		26.8022		28.4828
1116		24.5777		20.9886
1117		29.1145		17.738
1118		35.1862		22.4861
1119		36.1361		34.4197
1120		27.3424		48.169
1121		8.92043		56.184
1122		-13.777		52.4313
1123		-32.2599		35.6275
1124		-38.7096		10.3741
1125		-29.717		-14.4714
1126		-8.14799		-29.5157
1127		17.7995		-28.9454
1128		37.9575		-13.1361
1129		44.4456		11.4388
1130		34.9093		34.9308
1131		13.3363		48.205
1132		-11.8046		46.4694
1133		-31.1644		30.9187
1134		-38.2192		7.83937
1135		-31.536		-14.2428
1136		-14.8154		-28.0182
1137		5.06075		-29.9979
1138		20.9561		-21.3464
1139		28.1205		-6.86365
1140		25.5895		7.22401
1141		16.0287		15.6661
1142		4.337		15.9008
1143		-4.30317		8.61578
1144		-6.20382		-2.82956
1145		-0.25708		-13.7565
1146		11.8879		-19.788
1147		26.5069		-18.2501
1148		39.0881		-8.97793
1149		45.8414		5.69519
1150		44.968		21.7782
1151		37.2529		35.0608
1152		25.7122		42.6737
1153		14.3445		44.1737
1154		6.42329		41.654
1155		3.03464		38.7411
1156		2.55128		38.832
1157		1.37546		43.3342
1158		-4.2973		50.7589
1159		-16.4681		57.1785
1160		-34.0484		57.9352
1161		-52.9785		49.8483
1162		-67.7799		32.8769
1163		-73.8593		10.4084
1164		-69.4877		-12.004
1165		-56.5216		-28.8752
1166		-39.5484		-36.9406
1167		-23.9119		-36.2405
1168		-13.5963		-29.7119
1169		-9.94765		-21.6163
1170		-11.7133		-15.6774
1171		-16.1637		-13.836
1172		-20.5472		-16.0917
1173		-23.0789		-21.2424
1174		-23.0776		-27.8715
1175		-20.4565		-34.9176
1176		-15.1668		-41.5741
1177		-7.13177		-46.8175
1178		3.24079		-49.1709
1179		14.4231		-47.1546
1180		23.6985		-40.3326
1181		28.0777		-30.3022
1182		25.9579		-20.7752
1183		18.637		-16.2939
1184		10.6126		-19.9329
1185		8.08274		-31.104
1186		16.0392		-44.8127
1187		35.2761		-53.1534
1188		60.9611		-48.7065
1189		83.8444		-28.3675
1190		93.9165		4.3345
1191		84.9922		39.8399
1192		58.0298		66.1491
1193		21.412		73.9322
1194		-12.2017		60.8014
1195		-31.1611		32.642
1196		-29.8385		1.2341
1197		-11.0005		-20.8156
1198		15.5975		-25.4915
1199		37.72		-12.6094
1200		46.1003		10.5835
1201		38.2639		33.133
1202		19.0229		45.5326
1203		-2.38453		43.8127
1204		-16.9246		30.7245
1205		-19.8376		13.7072
1206		-12.275		0.906128
1207		0.0168114		-2.65496
1208		9.98794		3.06454
1209		12.7112		13.8672
1210		7.26527		23.9356
1211		-3.60278		28.7509
1212		-15.4831		26.8183
1213		-24.6538		19.5644
1214		-29.5016		9.84328
1215		-30.478		0.159988
1216		-28.984		-8.34052
1217		-26.1201		-15.7347
1218		-22.1312		-22.4389
1219		-16.7498		-28.4037
1220		-9.96301		-33.0108
1221		-2.45518		-35.6777
1222		4.72105		-36.5869
1223		11.0475		-36.8147
1224		17.2811		-37.5603
1225		25.2888		-38.8881
1226		36.7924		-38.8998
1227		51.6465		-34.1544
1228		66.7836		-21.4464
1229		76.7747		-0.12027
1230		76.0957		26.4519
1231		62.1138		51.3664
1232		37.1725		66.7964
1233		8.40444		67.6167
1234		-14.9859		54.1907
1235		-25.8329		32.6924
1236		-22.4694		12.521
1237		-9.65047		1.91751
1238		3.72294		3.95508
1239		9.06776		15.0225
1240		2.53435		26.7054
1241		-12.9421		30.2023
1242		-29.0972		21.0324
1243		-36.6223		1.57767
1244		-30.0913		-19.915
1245		-10.9748		-33.4018
1246		12.8322		-32.1036
1247		30.7296		-15.9716
1248		34.4629		8.18159
1249		21.9527		29.8743
1250		-1.94124		39.767
1251		-27.915		33.6547
1252		-46.5123		13.7767
1253		-51.9656		-12.9009
1254		-43.8086		-38.2015
1255		-25.8578		-56.0588
1256		-3.60477		-64.0505
1257		18.2485		-62.8112
1258		36.8014		-54.2808
1259		50.3757		-40.29
1260		57.3556		-22.4773
1261		55.8171		-3.35889
1262		44.6422		12.6691
1263		25.5506		19.7761
1264		4.47568		13.0769
1265		-9.28601		-8.02223
1266		-6.56606		-37.5452
1267		16.8481		-63.6683
1268		56.5915		-72.9682
1269		99.7466		-56.6838
1270		129.347		-15.9621
1271		131.813		36.9514
1272		103.909		82.8954
1273		55.5371		103.98
1274		6.45296		92.12
1275		-22.1381		53.6822
1276		-17.3935		7.58132
1277		18.6309		-22.7413
1278		69.1027		-19.9615
1279		109.472		18.8416
1280		118.37		80.2897
1281		87.318		140.258
1282		24.6803		174.384
1283		-47.9616		168.663
1284		-105.261		125.27
1285		-128.923		61.0652
1286		-114.929		-0.23719
1287		-74.1151		-38.376
1288		-26.3021		-44.5283
1289		8.85938		-23.6014
1290		19.9086		9.62254
1291		7.0132		38.0531
1292		-20.1024		49.6877
1293		-47.9743		41.538
1294		-65.6879		18.8958
1295		-68.6664		-8.83534
1296		-58.7193		-33.0709
1297		-41.2117		-49.1972
1298		-21.5093		-56.8427
1299		-2.76977		-57.9453
1300		14.0723		-54.3831
1301		28.7946		-46.8087
1302		40.3744		-35.2103
1303		46.7673		-20.4251
1304		46.1809		-5.17377
1305		38.8802		6.431
1306		28.0829		10.8323
1307		19.0309		7.25859
1308		16.5141		-1.29259
1309		22.223		-9.18622
1310		33.5762		-10.9792
1311		44.9096		-4.40758
1312		50.5292		8.24825
1313		47.9551		21.3589
1314		39.4462		29.1657
1315		30.7944		29.2478
1316		27.9285		24.1964
1317		33.1959		20.392
1318		43.4871		24.404
1319		51.4332		38.9502
1320		49.2019		60.7166
1321		32.9176		81.4133
1322		5.26367		91.6891
1323		-25.2762		85.9168
1324		-48.3023		65.2926
1325		-56.5587		37.5134
1326		-49.5222		13.0873
1327		-33.5902		0.134567
1328		-18.7076		0.378975
1329		-13.1504		8.43891
1330		-19.1669		14.8184
1331		-31.7501		11.0724
1332		-41.2		-5.51082
1333		-38.1877		-30.1201
1334		-18.7679		-52.4531
1335		13.1667		-61.5755
1336		47.1975		-51.2297
1337		70.8089		-23.0492
1338		74.8267		13.7901
1339		57.3738		46.2259
1340		24.673		62.5295
1341		-11.4563		56.7813
1342		-38.1152		30.827
1343		-45.8686		-6.79603
1344		-31.5929		-44.1727
1345		1.13889		-70.0199
1346		43.815		-76.8967
1347		85.8652		-62.759
1348		117.546		-30.8135
1349		132.083		11.8252
1350		126.837		56.035
1351		103.563		92.6829
1352		67.9339		114.484
1353		28.3767		117.565
1354		-5.7333		102.469
1355		-26.3144		74.2717
1356		-28.7665		41.498
1357		-13.4082		13.9416
1358		14.4512		-0.10186
1359		45.9988		3.70608
1360		71.5641		24.4805
1361		83.534		56.5217
1362		78.5235		91.249
1363		58.0874		119.937
1364		27.8417		136.281
1365		-4.56372		137.977
1366		-31.8498		126.949
1367		-49.1322		108.346
1368		-55.0684		88.7545
1369		-51.961		74.1959
1370		-44.8969		68.3678
1371		-40.1497		71.5218
1372		-43.1695		80.2527
1373		-56.6231		88.3782
1374		-79.0805		88.8597
1375		-104.944		76.3476
1376		-125.95		49.5361
1377		-133.985		12.329
1378		-124.31		-26.9315
1379		-97.8547		-58.2014
1380		-61.3935		-73.5381
1381		-25.2427		-70.3929
1382		0.765732		-52.8232
1383		11.3176		-29.8641
1384		7.76457		-11.6192
1385		-2.738		-4.80833
1386		-10.8001		-9.90463
1387		-9.38248		-21.3024
1388		2.88338		-30.4729
1389		21.3432		-30.5075
1390		38.1188		-19.6778
1391		46.5608		-2.113
1392		44.9259		14.7795
1393		37.2209		24.7359
1394		30.6843		26.4168
1395		31.2614		24.3422
1396		39.6263		26.3105
1397		50.1169		38.6119
1398		53.4069		61.6812
1399		41.6591		88.741
1400		13.4246		108.449
1401		-24.4695		110.389
1402		-59.2907		90.6069
1403		-78.0177		54.2369
1404		-73.4093		13.7162
1405		-47.4166		-16.6111
1406		-10.1942		-26.7825
1407		24.7222		-15.2203
1408		46.5011		11.4789
1409		51.2007		42.6121
1410		42.0419		68.8926
1411		25.9844		86.3499
1412		8.87945		96.6006
1413		-7.82216		103.674
1414		-26.8631		109.619
1415		-51.718		111.834
1416		-82.1737		104.004
1417		-111.952		80.2914
1418		-130.277		40.3359
1419		-126.953		-8.12436
1420		-98.3275		-51.0357
1421		-50.6803		-73.8062
1422		1.23452		-68.2867
1423		40.2148		-37.2294
1424		54.3703		6.38807
1425		42.646		45.1534
1426		15.1387		65.3545
1427		-12.105		63.3384
1428		-25.2292		46.8003
1429		-19.4779		30.3139
1430		-1.32025		27.4148
1431		15.2703		43.3456
1432		16.4034		72.1988
1433		-4.23198		99.8696
1434		-41.7919		111.21
1435		-82.346		97.6707
1436		-109.385		61.6125
1437		-111.391		15.303
1438		-86.7775		-24.5978
1439		-44.0766		-44.1204
1440		2.21474		-37.2144
1441		37.6704		-7.01045
1442		52.8547		36.7606
1443		45.2144		82.2279
1444		17.9454		119.26
1445		-22.6121		141.248
1446		-69.169		144.9
1447		-114.317		129.367
1448		-150.44		96.0427
1449		-170.002		49.3879
1450		-167.229		-2.21422
1451		-140.893		-47.0997
1452		-96.608		-73.3195
1453		-46.672		-73.2506
1454		-6.51582		-47.604
1455		11.2211		-6.32351
1456		2.24171		34.8201
1457		-27.287		60.8149
1458		-63.5898		64.0379
1459		-92.0206		47.3771
1460		-104.268		21.9271
1461		-102.056		0.268654
1462		-95.0708		-11.0388
1463		-94.0393		-15.3905
1464		-102.807		-23.8954
1465		-114.182		-47.8011
1466		-112.53		-89.6818
1467		-82.3974		-138.642
1468		-18.8139		-173.012
1469		66.5408		-170.052
1470		147.426		-118.132
1471		193.33		-25.0029
1472		183.429		82.7474
1473		117.321		169.638
1474		16.8392		206.346
1475		-82.4723		182.694
1476		-146.44		112.145
1477		-156.708		25.517
1478		-117.624		-43.0278
1479		-52.4623		-70.7863
1480		8.73499		-54.9804
1481		43.285		-11.1591
1482		44.8585		36.8958
1483		23.2937		69.9334
1484		-3.75668		81.8308
1485		-22.0557		79.901
1486		-28.4116		77.6077
1487		-30.6983		84.5937
1488		-40.8882		100.166
1489		-65.8139		114.036
1490		-101.592		113.586
1491		-135.29		92.9326
1492		-152.91		57.8879
1493		-148.734		23.3754
1494		-130.02		4.47443
1495		-113.567		6.37531
1496		-115.555		19.6174
1497		-140.37		24.2554
1498		-175.3		1.45334
1499		-195.183		-53.6609
1500		-175.546		-125.473
1501		-107.698		-182.417
1502		-7.36655		-191.462
1503		88.7519		-135.762
1504		138.09		-26.2968
1505		112.235		99.2581
1506		12.0775		190.975
1507		-129.827		208.192
1508		-261.512		137.981
1509		-333.102		1.63759
1510		-317.573		-154.012
1511		-221.152		-276.345
1512		-78.8664		-328.316
1513		61.9692		-301.616
1514		161.9		-216.156
1515		203.47		-107.402
1516		193.403		-8.83902
1517		153.323		61.3589
1518		105.276		103.43
1519		60.3869		128.809
1520		16.443		148.07
1521		-35.2738		161.727
1522		-98.9766		159.37
1523		-166.483		127.443
1524		-217.745		60.7333
1525		-230.088		-29.6562
1526		-191.209		-117.221
1527		-108.592		-170.298
1528		-9.59624		-166.792
1529		68.6525		-105.805
1530		95.0421		-9.95744
1531		58.3157		83.2069
1532		-27.7507		136.819
1533		-130.271		129.955
1534		-211.279		65.5408
1535		-243.138		-32.3194
1536		-218.35		-129.669
1537		-149.968		-196.836
1538		-63.5669		-218.849
1539		14.4741		-198.113
1540		66.5792		-149.545
1541		87.6472		-91.8787
1542		82.5691		-40.033
1543		60.4961		-1.81313
1544		29.7972		20.7948
1545		-3.72194		28.1665
1546		-35.4312		20.597
1547		-59.6276		-1.31305
1548		-69.1545		-34.0933
1549		-58.0697		-69.2045
1550		-26.0851		-93.8378
1551		18.2535		-95.5251
1552		58.5351		-68.735
1553		76.3766		-19.8185
1554		60.093		33.1224
1555		11.9243		66.5495
1556		-50.3236		61.8309
1557		-98.9946		14.9793
1558		-107.872		-59.1152
1559		-64.3104		-130.653
1560		23.352		-166.086
1561		126.831		-142.04
1562		207.523		-56.0905
1563		231.064		70.3723
1564		180.988		198.678
1565		65.9591		286.399
1566		-82.3078		302.653
1567		-219.632		239.353
1568		-304.418		114.312
1569		-311.643		-34.7205
1570		-240.914		-162.688
1571		-116.075		-231.912
1572		23.0863		-223.829
1573		133.906		-144.058
1574		184.186		-19.537
1575		161.509		110.92
1576		75.7759		209.242
1577		-45.47		249.657
1578		-166.982		225.508
1579		-257.418		149.342
1580		-298.571		46.7048
1581		-289.199		-53.754
1582		-242.491		-130.002
1583		-178.729		-172.54
1584		-116.494		-184.591
1585		-66.2422		-177.115
1586		-28.7873		-161.474
1587		1.17021		-143.475
1588		28.7858		-121.689
1589		53.7293		-90.6317
1590		68.8469		-46.8002
1591		63.728		6.04895
1592		31.3363		55.6831
1593		-25.9865		85.4185
1594		-94.744		81.6753
1595		-154.256		41.2428
1596		-184.859		-25.7056
1597		-176.421		-98.7959
1598		-132.876		-155.613
1599		-70.3535		-180.956
1600		-9.74316		-172.619
1601		32.5603		-140.887
1602		51.0645		-102.165
1603		51.6006		-70.2756
1604		45.88		-50.0986
1605		43.481		-36.8578
1606		45.9105		-21.1461
1607		46.1199		3.46783
1608		33.6757		34.8798
1609		2.45474		62.3782
1610		-43.8221		72.3034
1611		-91.7674		56.2575
1612		-124.499		17.0243
1613		-130.54		-31.5262
1614		-110.383		-70.9233
1615		-76.7524		-87.6216
1616		-48.027		-80.2608
1617		-38.2281		-60.3738
1618		-49.1389		-45.8118
1619		-69.1806		-50.3
1620		-80.0417		-74.9466
1621		-67.6618		-106.719
1622		-31.4898		-125.202
1623		13.4355		-114.311
1624		43.3011		-72.6232
1625		38.054		-16.389
1626		-6.88696		27.0034
1627		-76.194		32.2118
1628		-140.305		-10.8693
1629		-168.745		-90.8443
1630		-144.522		-178.975
1631		-72.2894		-241.884
1632		23.8379		-256.47
1633		111.605		-219.587
1634		165.164		-147.83
1635		175.433		-68.0368
1636		151.325		-3.90647
1637		111.943		34.0724
1638		74.6971		50.3373
1639		46.2659		57.4423
1640		21.3746		65.3671
1641		-10.3519		73.6655
1642		-54.0215		71.3486
1643		-102.292		44.7174
1644		-136.302		-11.5095
1645		-134.918		-86.6764
1646		-87.4609		-155.454
1647		-2.64545		-188.228
1648		91.923		-165.68
1649		160.424		-89.8633
1650		174.817		14.5174
1651		128.133		109.964
1652		38.1193		162.673
1653		-60.9053		157.514
1654		-134.013		103.962
1655		-161.443		30.083
1656		-146.268		-32.2048
1657		-110.316		-62.8768
1658		-80.8528		-62.4541
1659		-75.3013		-49.3352
1660		-92.1396		-47.6221
1661		-112.678		-72.2481
1662		-112.531		-119.526
1663		-76.4359		-168.208
1664		-8.36821		-190.484
1665		68.528		-167.06
1666		122.243		-98.3455
1667		127.138		-5.93844
1668		76.3675		76.3457
1669		-14.6623		117.26
1670		-115.168		101.343
1671		-192.368		34.3122
1672		-224.53		-61.3223
1673		-207.539		-157.371
1674		-152.694		-231.647
1675		-78.14		-274.445
1676		0.609772		-287.446
1677		75.7543		-277.077
1678		145.725		-247.279
1679		209.097		-196.521
1680		258.637		-120.956
1681		280.111		-21.5815
1682		257.55		89.4472
1683		182.64		188.096
1684		63.0514		245.139
1685		-75.478		237.881
1686		-195.624		161.449
1687		-261.49		33.8261
1688		-252.644		-108.499
1689		-172.805		-223.027
1690		-49.0828		-276.743
1691		78.1161		-258.016
1692		170.206		-179.911
1693		204.19		-73.79
1694		179.522		23.7276
1695		115.752		84.7304
1696		42.6554		99.2372
1697		-12.5124		76.4525
1698		-35.284		38.3955
1699		-28.0159		9.26442
1700		-6.85394		5.17305
1701		6.36812		28.1485
1702		-6.34735		66.1333
1703		-51.8497		98.2894
1704		-123.055		103.144
1705		-201.132		66.5445
1706		-261.477		-13.0814
1707		-281.342		-123.5
1708		-246.85		-241.524
1709		-157.529		-338.951
1710		-27.3056		-389.939
1711		118.26		-377.946
1712		247.803		-300.487
1713		331.634		-170.512
1714		349.027		-13.9791
1715		293.507		135.779
1716		174.839		245.555
1717		17.2861		289.802
1718		-145.351		256.5
1719		-276.753		150.176
1720		-345.695		-8.4056
1721		-332.899		-185.761
1722		-235.967		-341.88
1723		-71.438		-438.302
1724		126.854		-446.928
1725		313.569		-357.91
1726		441.504		-184.513
1727		473.51		37.1821
1728		393.774		254.978
1729		214.768		413.095
1730		-23.3075		467.655
1731		-261.748		400.458
1732		-439.365		226.064
1733		-510.541		-11.0383
1734		-459.205		-249.065
1735		-303.567		-427.492
1736		-89.7034		-505.152
1737		123.752		-471.492
1738		284.107		-347.182
1739		359.546		-174.49
1740		345.452		-1.76007
1741		260.885		131.702
1742		137.971		204.909
1743		9.46422		216.284
1744		-100.409		177.99
1745		-179.105		107.542
1746		-223.514		21.0183
1747		-235.317		-69.6485
1748		-217.397		-155.652
1749		-173.162		-229.003
1750		-108.198		-281.658
1751		-31.9144		-307.257
1752		43.1606		-304.399
1753		105.082		-278.812
1754		147.509		-242.136
1755		172.94		-206.923
1756		191.56		-180.083
1757		215.377		-158.432
1758		250.176		-129.493
1759		289.619		-78.0719
1760		315.24		4.04974
1761		303.422		110.161
1762		236.779		216.952
1763		114.762		290.952
1764		-41.838		300.978
1765		-195.252		231.374
1766		-302.692		90.1547
1767		-331.095		-91.7005
1768		-268.585		-269.598
1769		-128.169		-399.378
1770		57.2353		-450.352
1771		245.632		-412.588
1772		397.793		-296.756
1773		485.767		-128.225
1774		496.126		60.9035
1775		428.933		238.357
1776		295.075		375.416
1777		114.273		448.706
1778		-85.7537		442.151
1779		-270.553		350.492
1780		-402.883		183.677
1781		-450.409		-30.5329
1782		-395.634		-248.911
1783		-244.253		-421.519
1784		-27.5072		-505.248
1785		204.009		-477.55
1786		394.068		-344.783
1787		497.466		-141.248
1788		493.336		81.2614
1789		390.025		269.522
1790		219.989		384.314
1791		27.418		409.539
1792		-145.931		352.382
1793		-271.036		235.994
1794		-334.974		89.1474
1795		-337.914		-62.1757
1796		-287.237		-198.284
1797		-192.897		-304.705
1798		-66.3912		-369.446
1799		77.2215		-382.066
1800		217.21		-336.272
1801		328.204		-234.919
1802		385.746		-94.024
1803		374.731		57.7541
1804		296.753		185.646
1805		172.165		259.527
1806		34.8261		264.476
1807		-78.9572		206.252
1808		-142.828		108.894
1809		-148.745		5.25652
1810		-107.77		-75.3631
1811		-43.2789		-117.054
1812		19.9055		-120.513
1813		65.241		-98.9067
1814		88.8201		-69.1532
1815		97.073		-43.3394
1816		99.9592		-24.4242
1817		103.824		-7.74052
1818		107.799		13.3886
1819		105.284		41.6364
1820		89.08		72.8265
1821		56.7654		97.6957
1822		13.0306		106.907
1823		-32.321		96.0925
1824		-69.3093		67.8335
1825		-92.4788		29.4463
1826		-102.367		-11.8875
1827		-102.78		-53.3806
1828		-95.6259		-97.2622
1829		-76.8675		-146.901
1830		-36.8412		-200.486
1831		34.1202		-246.278
1832		137.083		-263.254
1833		257.571		-228.422
1834		364.961		-128.462
1835		420.329		29.5634
1836		390.8		214.193
1837		264.828		375.678
1838		61.5425		461.25
1839		-170.864		434.27
1840		-368.397		289.631
1841		-471.887		58.781
1842		-447.317		-198.355
1843		-298.014		-412.015
1844		-63.938		-524.974
1845		191.615		-510.371
1846		402.692		-378.597
1847		520.921		-171.349
1848		528.135		54.0646
1849		437.659		243.643
1850		285.221		361.728
1851		114.284		397.405
1852		-37.9423		361.513
1853		-148.821		277.31
1854		-211.14		169.864
1855		-228.193		58.7579
1856		-206.988		-43.7104
1857		-153.558		-129.744
1858		-72.4568		-191.757
1859		30.1184		-220.03
1860		142.317		-204.251
1861		244.959		-138.448
1862		314.184		-26.675
1863		328.086		113.879
1864		274.768		254.688
1865		158.261		362.674
1866		-0.512909		409.725
1867		-168.545		381.346
1868		-309.67		281.17
1869		-394.379		129.739
1870		-407.065		-41.6883
1871		-348.566		-199.739
1872		-233.899		-316.802
1873		-86.8857		-375.905
1874		65.8926		-371.948
1875		199.854		-310.23
1876		295.221		-203.95
1877		338.469		-71.952
1878		323.526		63.0591
1879		253.321		176.63
1880		141.179		246.004
1881		10.6407		255.151
1882		-107.798		200.224
1883		-183.415		93.1906
1884		-194.09		-38.7595
1885		-134.271		-159.148
1886		-18.6818		-232.455
1887		120.481		-235.492
1888		242.744		-165.708
1889		312.15		-42.9614
1890		309.148		96.4276
1891		237.148		211.514
1892		121.162		270.297
1893		-0.993591		260.094
1894		-91.7291		191.028
1895		-126.152		91.5668
1896		-99.6255		-1.98426
1897		-28.0412		-58.0492
1898		58.8206		-59.9666
1899		128.092		-10.5307
1900		154.884		70.1607
1901		130.025		152.3
1902		62.3359		206.567
1903		-24.8263		213.626
1904		-101.309		170.189
1905		-139.752		90.1177
1906		-124.305		0.469597
1907		-56.1311		-66.3771
1908		45.8188		-82.4478
1909		149.15		-33.1959
1910		216.624		76.6942
1911		216.956		222.62
1912		134.906		365.166
1913		-22.3481		460.073
1914		-224.78		470.579
1915		-425.672		378.702
1916		-573.008		192.039
1917		-623.112		-56.0929
1918		-552.754		-313.502
1919		-366.378		-521.203
1920		-96.5587		-627.578
1921		202.376		-601.07
1922		465.898		-438.447
1923		633.369		-166.918
1924		661.719		160.281
1925		536.034		474.018
1926		274.868		703.45
1927		-71.2263		791.817
1928		-428.517		710.765
1929		-715.442		469.69
1930		-861.828		116.909
1931		-827.536		-269.111
1932		-615.183		-597.651
1933		-272.25		-788.877
1934		119.405		-795.811
1935		464.68		-618.164
1936		681.129		-303.013
1937		721.555		68.5643
1938		585.923		404.876
1939		318.799		629.393
1940		-6.35709		700.433
1941		-310.062		618.74
1942		-528.722		421.672
1943		-628.58		167.616
1944		-608.518		-82.6677
1945		-493.146		-281.104
1946		-320.924		-399.862
1947		-132.72		-431.403
1948		35.7256		-384.053
1949		157.075		-276.881
1950		213.479		-136.146
1951		197.947		6.99845
1952		116.835		119.66
1953		-8.17468		173.142
1954		-141.649		151.401
1955		-241.849		58.9759
1956		-273.433		-76.1779
1957		-221.292		-208.444
1958		-99.3698		-288.845
1959		50.7792		-283.417
1960		172.997		-188.233
1961		217.148		-34.0055
1962		159.396		122.956
1963		13.5136		220.856
1964		-172.101		215.96
1965		-331.109		100.086
1966		-403.247		-95.1306
1967		-356.209		-308.904
1968		-197.038		-472.485
1969		30.7942		-532.479
1970		262.601		-467.668
1971		433.488		-294.047
1972		497.396		-57.8101
1973		438.414		179.655
1974		272.423		358.827
1975		40.7323		436.136
1976		-200.817		392.52
1977		-394.072		236.321
1978		-490.222		1.5018
1979		-460.094		-258.12
1980		-302.155		-478.614
1981		-46.3517		-599.5
1982		248.837		-579.496
1983		507.896		-410.595
1984		657.358		-125.131
1985		647.808		208.617
1986		471.425		503.257
1987		167.825		677.528
1988		-185.491		681.709
1989		-495.915		513.823
1990		-684.057		220.233
1991		-707.329		-119.822
1992		-570.364		-419.773
1993		-319.264		-611.571
1994		-23.2974		-662.536
1995		247.7		-578.437
1996		441.401		-394.206
1997		531.142		-158.524
1998		514.19		80.3129
1999		404.579		282.459
2000		226.197		418.288
2001		9.54478		467.465
2002		-208.531		419.649
2003		-385.93		278.682
2004		-481.169		68.0478
2005		-464.795		-167.474
2006		-332.599		-368.602
2007		-113.712		-477.477
2008		132.641		-457.984
2009		333.456		-311.838
2010		426.552		-82.1152
2011		383.77		159.346
2012		222.451		336.956
2013		-0.62413		398.937
2014		-210.974		335.787
2015		-344.826		181.702
2016		-372.09		-1.45485
2017		-304.363		-150.2
2018		-185.429		-223.871
2019		-69.6663		-217.138
2020		1.15482		-156.361
2021		12.4331		-83.2455
2022		-22.6066		-34.6771
2023		-74.3328		-28.3035
2024		-112.968		-59.412
2025		-121.263		-108.371
2026		-98.3678		-152.845
2027		-55.1589		-177.656
2028		-5.78249		-177.898
2029		38.7103		-155.687
2030		71.3181		-114.826
2031		85.7064		-58.2989
2032		72.8756		9.21829
2033		22.3613		75.9958
2034		-70.8232		120.165
2035		-196.907		113.583
2036		-326.147		33.3877
2037		-413.272		-123.319
2038		-412.532		-329.594
2039		-298.149		-530.756
2040		-80.7081		-660.438
2041		189.587		-665.492
2042		436.576		-529.268
2043		584.612		-282.267
2044		587.143		5.84933
2045		444.969		250.565
2046		205.933		383.189
2047		-53.9163		374.845
2048		-259.294		243.755
2049		-362.012		43.5848
2050		-353.701		-160.747
2051		-260.855		-318.103
2052		-126.639		-405.891
2053		10.2855		-429.423
2054		129.31		-408.75
2055		228.299		-361.939
2056		312.905		-294.597
2057		382.822		-201.099
2058		424.255		-75.7693
2059		413.894		73.6886
2060		332.648		219.711
2061		181.374		320.748
2062		-11.0244		337.914
2063		-193.158		254.417
2064		-309.333		87.4604
2065		-322.384		-114.483
2066		-230.195		-289.044
2067		-67.4911		-384.501
2068		108.533		-380.158
2069		242.287		-292.934
2070		302.281		-167.108
2071		291.516		-52.3631
2072		241.16		19.117
2073		191.151		45.3514
2074		167.764		51.1282
2075		169.562		70.5737
2076		168.905		124.885
2077		128.324		206.831
2078		23.5917		280.352
2079		-138.244		296.131
2080		-315.359		216.123
2081		-444.875		35.3933
2082		-468.295		-209.427
2083		-357.483		-449.789
2084		-129.529		-609.475
2085		156.324		-633.384
2086		418.656		-508.771
2087		582.5		-270.276
2088		604.957		12.8916
2089		487.897		261.759
2090		273.743		414.042
2091		27.4676		442.035
2092		-186.822		356.203
2093		-325.191		195.146
2094		-372.519		7.99596
2095		-339.35		-162.613
2096		-250.847		-290.585
2097		-134.352		-367.3
2098		-11.1268		-395.827
2099		105.424		-383.356
2100		206.651		-336.388
2101		284.545		-260.573
2102		330.271		-163.739
2103		336.58		-58.6883
2104		302.417		37.3342
2105		236.218		107.258
2106		154.92		140.753
2107		78.1612		138.901
2108		20.18		113.734
2109		-16.2595		82.0601
2110		-40.1738		56.3104
2111		-66.0164		37.2645
2112		-103.49		13.0368
2113		-148.857		-34.2532
2114		-182.942		-116.817
2115		-178.024		-230.334
2116		-111.287		-349.994
2117		21.2534		-436.716
2118		197.438		-451.905
2119		372.806		-374.687
2120		495.136		-213.689
2121		524.035		-7.4008
2122		447.21		187.911
2123		286.132		318.087
2124		88.4206		350.44
2125		-89.8299		284.422
2126		-204.102		149.38
2127		-235.392		-8.97897
2128		-192.684		-146.818
2129		-104.122		-236.875
2130		-2.21042		-273.708
2131		89.3785		-268.593
2132		161.418		-238.302
2133		215.727		-194.591
2134		256.251		-140.089
2135		280.921		-72.1934
2136		279.718		8.28239
2137		240.502		89.8106
2138		159.322		149.654
2139		48.9225		161.805
2140		-60.4432		110.033
2141		-129.956		-0.676743
2142		-127.789		-140.906
2143		-44.2649		-264.762
2144		100.89		-326.532
2145		263.364		-299.055
2146		389.824		-185.626
2147		437.861		-19.9335
2148		391.887		146.161
2149		268.368		261.829
2150		108.587		295.397
2151		-37.5078		244.185
2152		-129.313		132.792
2153		-148.264		1.65784
2154		-101.019		-108.557
2155		-13.3206		-170.292
2156		81.6045		-175.587
2157		154.864		-134.783
2158		189.759		-69.6024
2159		184.049		-4.36687
2160		147.501		41.3709
2161		96.8743		57.101
2162		50.4234		42.5259
2163		23.0818		6.40044
2164		22.7184		-36.2806
2165		47.7751		-68.4836
2166		86.9827		-76.4384
2167		122.059		-55.05
2168		133.648		-11.4958
2169		109.246		35.197
2170		50.2334		59.7599
2171		-25.494		40.4173
2172		-87.6551		-30.7335
2173		-104.027		-141.366
2174		-53.5977		-260.259
2175		63.1021		-346.897
2176		221.41		-366.083
2177		379.512		-301.663
2178		492.546		-163.432
2179		528.083		15.8148
2180		476.571		191.751
2181		352.732		323.394
2182		188.182		385.046
2183		19.4787		370.857
2184		-122.617		291.543
2185		-218.389		166.617
2186		-258.263		17.1771
2187		-238.73		-137.093
2188		-159.539		-276.481
2189		-25.1118		-378.563
2190		150.43		-418.702
2191		338.681		-376.267
2192		497.922		-245.138
2193		582.452		-43.2326
2194		558.459		185.391
2195		420.057		379.725
2196		197.416		480.876
2197		-48.6413		454.084
2198		-245.414		304.144
2199		-333.869		76.5664
2200		-290.544		-157.319
2201		-136.3		-325.943
2202		72.1478		-383.389
2203		264.488		-324.835
2204		383.43		-185.386
2205		404.56		-23.4177
2206		341.68		103.794
2207		236.564		161.546
2208		138.823		147.712
2209		85.2804		88.4297
2210		87.4367		23.0337
2211		131.066		-14.0222
2212		186.235		-6.36591
2213		221.884		40.5289
2214		218.269		104.748
2215		172.855		158.481
2216		99.0032		178.546
2217		19.8861		153.213
2218		-38.938		84.3678
2219		-55.8484		-13.8021
2220		-17.7463		-117.851
2221		76.5783		-199.037
2222		214.035		-228.542
2223		366.736		-184.513
2224		495.329		-60.2141
2225		557.501		129.326
2226		520.79		345.965
2227		375.873		535.287
2228		144.69		641.44
2229		-121.449		625.764
2230		-355.11		482.2
2231		-493.707		242.603
2232		-500.631		-31.4011
2233		-378.113		-267.851
2234		-166.378		-408.049
2235		70.7895		-425.187
2236		268.238		-330.885
2237		380.547		-167.686
2238		394.027		8.56226
2239		325.981		148.667
2240		213.201		224.452
2241		95.8257		232.881
2242		3.73941		190.295
2243		-49.7107		121.203
2244		-65.9548		47.4977
2245		-54.4015		-17.5192
2246		-25.1251		-69.209
2247		15.4111		-107.74
2248		64.5711		-133.638
2249		121.084		-145.365
2250		182.304		-139.628
2251		242.964		-113.312
2252		295.667		-65.3798
2253		332.186		2.24499
2254		344.548		84.5833
2255		325.728		173.446
2256		270.77		256.819
2257		179.242		318.562
2258		58.8056		340.056
2259		-71.9156		305.012
2260		-183.943		206.835
2261		-243.966		55.6397
2262		-225.17		-119.213
2263		-119.108		-274.199
2264		56.9177		-364.233
2265		261.615		-358.665
2266		441.562		-253.95
2267		549.256		-76.7657
2268		559.919		124.751
2269		479.534		298.517
2270		340.302		407.169
2271		185.662		439.481
2272		52.1253		409.538
2273		-43.232		344.757
2274		-103.793		269.556
2275		-143.285		193.662
2276		-170.955		111.367
2277		-181.175		11.8953
2278		-154.259		-105.507
2279		-68.9533		-221.293
2280		79.932		-297.609
2281		269.037		-293.51
2282		447.684		-186.702
2283		554.666		9.41678
2284		544.123		243.509
2285		408.397		442.17
2286		186.103		538.247
2287		-49.9413		499.108
2288		-220.7		341.553
2289		-272.68		125.766
2290		-199.044		-69.5038
2291		-40.4233		-179.461
2292		134.774		-178.691
2293		261.095		-88.1515
2294		303.393		38.7331
2295		268.366		143.425
2296		195.849		189.528
2297		135.279		177.057
2298		119.627		137.72
2299		149.705		114.743
2300		196.003		138.164
2301		216.194		208.195
2302		178.812		294.663
2303		80.9707		352.175
2304		-48.4824		342.939
2305		-161.448		255.799
2306		-212.112		112.435
2307		-176.985		-41.5951
2308		-64.2956		-156.015
2309		90.722		-195.787
2310		241.258		-152.983
2311		347.129		-46.3532
2312		387.537		89.4925
2313		363.885		218.88
2314		293.446		316.703
2315		198.849		372.572
2316		99.2872		387.707
2317		7.12645		368.371
2318		-70.1826		320.599
2319		-126.051		249.086
2320		-152.42		159.839
2321		-141.256		63.6586
2322		-89.0578		-22.9428
2323		-1.33298		-80.9876
2324		106.198		-95.2732
2325		211.09		-60.402
2326		291.04		16.6915
2327		330.87		119.153
2328		326.317		226.322
2329		283.108		320.415
2330		212.407		390.547
2331		125.546		432.639
2332		31.0224		446.183
2333		-64.941		430.595
2334		-155.316		383.908
2335		-229.385		304.88
2336		-272.704		197.276
2337		-270.86		73.4715
2338		-215.645		-45.3931
2339		-110.586		-133.768
2340		27.1985		-169.216
2341		170.21		-140.008
2342		287.837		-49.5078
2343		354.811		84.4205
2344		357.613		234.527
2345		296.803		371.48
2346		185.206		470.516
2347		43.6087		515.514
2348		-103.904		500.183
2349		-233.554		427.441
2350		-324.314		308.335
2351		-360.045		161.138
2352		-332.141		10.1024
2353		-242.519		-117.268
2354		-105.597		-195.132
2355		52.5559		-205.764
2356		198.998		-145.451
2357		301.981		-27.1779
2358		339.832		121.739
2359		307.327		266.898
2360		216.924		376.602
2361		94.2666		430.592
2362		-30.2375		424.538
2363		-130.373		368.969
2364		-190.293		283.735
2365		-206.145		190.798
2366		-183.624		108.424
2367		-133.588		48.5216
2368		-68.2424		16.985
2369		0.731949		15.3812
2370		62.3324		42.1158
2371		106.164		92.2327
2372		123.591		156.548
2373		110.377		221.783
2374		69.4982		273.039
2375		11.9817		298.486
2376		-45.8115		294.325
2377		-88.1693		267.212
2378		-106.859		232.088
2379		-105.284		205.553
2380		-97.2227		197.526
2381		-99.9291		205.391
2382		-124.435		214.155
2383		-167.859		203.456
2384		-212.145		158.669
2385		-230.874		80.8187
2386		-201.766		-10.0824
2387		-119.243		-80.9431
2388		-0.736649		-99.0455
2389		117.178		-47.3705
2390		192.154		65.3698
2391		193.604		205.27
2392		116.667		325.018
2393		-14.008		382.391
2394		-152.917		357.56
2395		-251.479		261.505
2396		-277.39		131.616
2397		-227.116		16.2561
2398		-126.123		-44.967
2399		-16.9343		-36.5793
2400		59.4475		28.3337
2401		80.332		116.192
2402		48.9629		189.328
2403		-9.98784		222.914
2404		-64.3332		214.644
2405		-90.7029		183.049
2406		-85.4246		155.814
2407		-64.9363		154.168
2408		-55.8619		181.111
2409		-79.8468		219.217
2410		-140.687		239.044
2411		-220.098		214.095
2412		-284.312		135.138
2413		-298.554		17.0857
2414		-242.838		-104.917
2415		-121.945		-188.54
2416		34.781		-200.745
2417		183.586		-130.637
2418		281.904		6.5043
2419		302.813		175.157
2420		242.777		332.34
2421		120.421		441.597
2422		-31.9525		482.743
2423		-179.666		454.504
2424		-294.99		370.627
2425		-361.56		252.687
2426		-373.878		123.473
2427		-334.209		3.39663
2428		-249.841		-90.0284
2429		-132.469		-141.585
2430		0.722401		-139.041
2431		126.395		-76.2656
2432		217.23		42.2471
2433		247.836		198.17
2434		202.969		360.338
2435		84.6809		491.213
2436		-85.2857		557.38
2437		-269.907		540.355
2438		-427.228		443.239
2439		-523.038		290.189
2440		-540.99		118.598
2441		-486.276		-33.0017
2442		-381.666		-136.536
2443		-257.974		-181.085
2444		-143.202		-172.591
2445		-54.8064		-127.639
2446		2.30308		-64.7847
2447		32.2611		2.45802
2448		41.9366		68.2025
2449		35.4214		132.053
2450		11.9917		194.323
2451		-31.9269		251.717
2452		-98.4295		295.956
2453		-184.161		315.955
2454		-278.969		302.224
2455		-367.857		251.072
2456		-435.109		166.536
2457		-468.492		59.3694
2458		-461.686		-56.0016
2459		-414.358		-164.741
2460		-330.71		-253.57
2461		-218.061		-311.099
2462		-86.6397		-327.462
2463		49.4474		-294.773
2464		171.376		-209.385
2465		256.681		-75.5345
2466		283.325		91.4198
2467		236.243		264.517
2468		114.151		409.061
2469		-66.3774		490.638
2470		-272.004		485.04
2471		-459.443		386.663
2472		-586.336		212.081
2473		-622.762		-2.83675
2474		-559.625		-211.643
2475		-411.221		-369.161
2476		-211.327		-442.793
2477		-4.29183		-420.039
2478		166.03		-310.415
2479		266.355		-141.806
2480		280.619		47.2063
2481		212.03		216.693
2482		80.6242		334.079
2483		-82.6052		380.338
2484		-243.372		352.606
2485		-371.7		262.96
2486		-447.727		133.941
2487		-464.402		-7.85291
2488		-426.599		-138.226
2489		-347.24		-239.988
2490		-242.081		-304.402
2491		-125.322		-329.444
2492		-7.8187		-316.224
2493		101.639		-265.835
2494		193.188		-178.734
2495		253.378		-57.4033
2496		265.812		88.9845
2497		215.973		240.808
2498		98.9589		368.349
2499		-73.4032		437.954
2500		-270.218		422.881
2501		-446.727		314.905
2502		-556.626		131.414
2503		-567.533		-86.162
2504		-473.485		-283.368
2505		-298.862		-409.836
2506		-91.3235		-436.018
2507		94.0275		-362.758
2508		213.12		-219.639
2509		246.6		-52.7997
2510		203.313		92.5651
2511		112.7		187.546
2512		10.1206		226.453
2513		-77.9071		223.145
2514		-141.953		199.539
2515		-188.311		172.577
2516		-229.786		146.232
2517		-274.206		112.177
2518		-317.07		58.1316
2519		-342.342		-21.1457
2520		-330.916		-116.512
2521		-272.203		-205.07
2522		-172.523		-258.85
2523		-55.5994		-257.376
2524		45.5551		-197.823
2525		101.705		-97.5835
2526		99.2049		12.1951
2527		44.9898		99.1104
2528		-37.4874		142.154
2529		-119.177		138.676
2530		-177.835		102.769
2531		-206.049		56.3866
2532		-211.465		17.9556
2533		-209.763		-5.85328
2534		-214.424		-21.4344
2535		-228.673		-42.5094
2536		-243.528		-80.7254
2537		-242.675		-137.585
2538		-211.41		-201.777
2539		-145.083		-253.086
2540		-52.9377		-270.839
2541		44.2962		-242.771
2542		121.707		-170.336
2543		158.935		-68.4069
2544		146.621		39.9684
2545		88.3359		131.062
2546		-1.96182		187.008
2547		-105.046		199.248
2548		-201.633		168.544
2549		-275.921		102.777
2550		-317.098		14.2323
2551		-319.614		-82.4596
2552		-283.288		-171.693
2553		-213.752		-238.293
2554		-122.763		-269.717
2555		-27.3481		-259.026
2556		52.977		-207.651
2557		100.733		-126.451
2558		105.402		-33.9612
2559		66.8476		48.1088
2560		-4.31861		100.782
2561		-89.7624		113.007
2562		-168.768		84.2591
2563		-223.889		23.7503
2564		-244.927		-53.0963
2565		-230.179		-129.281
2566		-185.163		-190.185
2567		-120.015		-225.778
2568		-46.9302		-231.092
2569		21.5464		-205.792
2570		73.4815		-153.797
2571		98.5124		-83.3455
2572		89.5123		-7.05601
2573		44.9999		58.9778
2574		-28.5826		97.852
2575		-116.146		96.2109
2576		-195.983		49.1288
2577		-244.773		-36.393
2578		-244.43		-141.145
2579		-188.606		-237.502
2580		-86.429		-296.666
2581		38.2577		-297.312
2582		152.422		-232.901
2583		222.78		-115.138
2584		225.597		27.8253
2585		154.403		158.223
2586		23.1948		238.826
2587		-136.061		243.622
2588		-281.239		166.003
2589		-371.285		21.9704
2590		-377.912		-152.878
2591		-294.454		-312.173
2592		-139.107		-411.311
2593		48.8367		-420.332
2594		219.194		-333.324
2595		324.949		-171.246
2596		336.082		23.189
2597		248.841		197.431
2598		87.275		304.407
2599		-103.765		316.446
2600		-272.089		233.275
2601		-373.795		81.4475
2602		-385.927		-94.5517
2603		-312.107		-246.403
2604		-179.604		-336.411
2605		-29.3374		-347.583
2606		97.3458		-286.413
2607		170.502		-178.237
2608		178.42		-57.6169
2609		128.07		42.4443
2610		40.2152		98.8873
2611		-58.1616		102.581
2612		-141.217		57.9053
2613		-189.455		-20.5692
2614		-192.334		-112.394
2615		-148.956		-195.234
2616		-67.8219		-248.271
2617		33.9458		-255.517
2618		132.372		-209.423
2619		200.305		-114.384
2620		213.452		11.2963
2621		157.983		136.839
2622		37.4111		225.035
2623		-124.282		242.372
2624		-285.777		170.645
2625		-398.342		15.9808
2626		-420.392		-188.747
2627		-332.17		-390.324
2628		-145.217		-529.577
2629		97.5418		-559.672
2630		332.262		-462.325
2631		492.577		-256.019
2632		530.235		7.26768
2633		431.054		256.459
2634		220.564		422.601
2635		-42.9138		460.02
2636		-285.737		360.412
2637		-441.276		155.136
2638		-469.782		-94.9604
2639		-369.36		-318.66
2640		-174.776		-455.952
2641		54.9807		-475.004
2642		255.702		-379.342
2643		376.977		-203.662
2644		395.127		-0.630646
2645		316.585		176.158
2646		171.85		287.145
2647		3.31837		315.244
2648		-148.082		266.186
2649		-252.966		162.266
2650		-297.833		33.0457
2651		-283.847		-93.1926
2652		-222.291		-194.7
2653		-129.542		-257.802
2654		-23.5789		-276.08
2655		77.5814		-249.174
2656		156.62		-182.555
2657		198.383		-88.1576
2658		192.891		15.5091
2659		139.219		105.427
2660		48.2705		159.034
2661		-57.7732		161.064
2662		-150.432		109.684
2663		-203.391		18.9369
2664		-201.536		-84.3777
2665		-146.857		-168.986
2666		-58.4182		-209.757
2667		34.0767		-196.523
2668		100.818		-137.465
2669		122.388		-55.5971
2670		96.0233		20.1932
2671		35.2841		65.8056
2672		-36.373		69.9339
2673		-95.0608		36.4329
2674		-124.845		-19.3179
2675		-121.788		-77.8007
2676		-92.6894		-122.871
2677		-50.038		-146.229
2678		-6.22286		-147.604
2679		30.1917		-131.703
2680		54.921		-104.412
2681		66.0269		-70.6578
2682		61.8013		-34.8445
2683		40.5246		-2.82821
2684		2.65569		16.784
2685		-45.9323		13.9832
2686		-92.2419		-18.3368
2687		-118.177		-78.9244
2688		-106.643		-154.703
2689		-49.6479		-222.095
2690		45.3789		-253.888
2691		154.651		-229.618
2692		244.074		-145.234
2693		280.694		-17.5512
2694		245.279		119.188
2695		140.796		223.993
2696		-7.00271		263.193
2697		-157.505		222.373
2698		-268.7		111.454
2699		-310.933		-39.01
2700		-275.714		-188.576
2701		-176.579		-300.226
2702		-42.4408		-351.044
2703		93.1756		-336.647
2704		202.355		-268.725
2705		268.768		-167.979
2706		288.134		-56.2894
2707		264.627		48.5197
2708		206.225		133.954
2709		121.855		191.177
2710		21.4385		212.923
2711		-82.2086		193.375
2712		-172.071		130.792
2713		-228.53		31.5479
2714		-234.501		-87.2081
2715		-182.486		-198.914
2716		-80.2577		-273.892
2717		48.1815		-288.981
2718		168.001		-236.798
2719		244.188		-130.49
2720		253.728		-1.23271
2721		194.497		111.357
2722		86.9901		172.691
2723		-32.2934		165.503
2724		-123.604		96.0969
2725		-158.09		-8.02549
2726		-127.921		-108.393
2727		-48.5002		-169.721
2728		47.9682		-172.556
2729		124.935		-119.646
2730		155.049		-33.7967
2731		129.611		51.5884
2732		60.5621		105.36
2733		-25.2977		109.782
2734		-97.1535		65.9004
2735		-131.585		-8.46435
2736		-120.179		-86.6967
2737		-70.8389		-143.745
2738		-2.96976		-164.675
2739		60.8886		-148.38
2740		103.311		-105.683
2741		116.96		-53.3857
2742		104.87		-7.24746
2743		76.7778		23.1224
2744		43.7651		35.7549
2745		13.8317		34.3297
2746		-9.84703		24.367
2747		-27.7806		9.82225
2748		-41.3793		-8.27079
2749		-50.4084		-30.7687
2750		-52.1887		-57.9785
2751		-42.9324		-87.479
2752		-20.369		-113.625
2753		13.8996		-129.169
2754		53.7314		-128.251
2755		89.9957		-109.261
2756		113.736		-76.108
2757		119.525		-37.1909
2758		107.494		-2.49493
2759		83.1702		19.9381
2760		55.2622		26.665
2761		32.4088		19.6063
2762		20.2693		4.79177
2763		20.0182		-10.1947
2764		28.5934		-18.938
2765		40.2995		-18.0847
2766		48.9394		-7.94205
2767		49.6787		8.08553
2768		40.1952		24.7393
2769		21.0747		36.322
2770		-4.36604		38.0008
2771		-30.6687		26.9243
2772		-51.2217		3.12366
2773		-59.6951		-29.9713
2774		-51.8178		-65.7302
2775		-27.0822		-95.5374
2776		10.2992		-111.006
2777		51.8245		-106.667
2778		86.7386		-82.1948
2779		105.212		-43.1765
2780		101.593		0.121223
2781		76.4742		35.7358
2782		36.6897		53.7245
2783		-6.82329		49.223
2784		-42.4655		23.7105
2785		-61.3883		-15.8866
2786		-59.6392		-59.7141
2787		-38.4601		-97.9893
2788		-3.00923		-123.317
2789		39.6084		-131.691
2790		82.0496		-122.303
2791		117.667		-96.8172
2792		140.806		-58.8153
2793		147.032		-13.6938
2794		133.815		31.3007
2795		101.703		67.553
2796		55.3984		86.5668
2797		3.86775		82.3365
2798		-41.1617		53.7793
2799		-68.1939		6.05259
2800		-69.5001		-50.1371
2801		-43.7864		-101.298
2802		3.18968		-135.083
2803		60.3933		-143.887
2804		114.966		-126.721
2805		155.943		-88.7694
2806		176.81		-39.0678
2807		176.154		12.4838
2808		156.656		57.5006
2809		123.352		90.1749
2810		82.2134		107.188
2811		39.5384		107.251
2812		1.8529		91.0407
2813		-24.4388		61.7294
2814		-34.2719		25.5006
2815		-25.8791		-8.89322
2816		-2.51527		-32.1632
2817		27.3761		-37.7738
2818		52.3894		-25.1252
2819		62.4043		-0.835842
2820		53.1851		23.0918
2821		29.0522		34.0032
2822		1.89917		24.3941
2823		-13.557		-3.9356
2824		-6.48409		-39.6683
2825		24.4469		-66.2923
2826		69.3853		-69.3549
2827		110.751		-43.424
2828		130.583		4.59013
2829		118.57		57.573
2830		77.0483		95.0967
2831		20.535		102.06
2832		-30.131		75.1537
2833		-56.3997		24.2033
2834		-49.4666		-32.1786
2835		-13.2481		-74.5051
2836		38.2575		-90.1759
2837		87.6664		-77.5847
2838		121.571		-44.9998
2839		135.072		-5.25816
2840		131.64		30.7157
2841		118.938		58.2014
2842		103.29		78.817
2843		85.9809		96.8778
2844		63.4192		114.414
2845		30.9171		127.949
2846		-12.207		129.098
2847		-59.3058		108.906
2848		-97.0729		63.6867
2849		-110.318		-0.806839
2850		-88.7609		-69.3481
2851		-32.5862		-121.806
2852		46.0152		-140.501
2853		126.261		-117.139
2854		185.795		-56.2837
2855		208.349		26.0793
2856		188.93		108.156
2857		134.653		169.649
2858		61.3156		197.808
2859		-12.4519		190.12
2860		-70.9138		153.227
2861		-104.818		99.2183
2862		-112.108		41.2623
2863		-96.3693		-9.71324
2864		-64.3618		-46.5366
2865		-23.8731		-65.7825
2866		17.5528		-67.0922
2867		53.2202		-52.5749
2868		77.7772		-26.4987
2869		87.9718		5.0612
2870		83.5226		35.0985
2871		67.5411		57.2278
2872		45.9398		67.5089
2873		25.7144		65.7463
2874		12.6271		55.5356
2875		9.23878		42.863
2876		14.1759		33.7642
2877		22.9653		32.0344
2878		30.045		37.9557
2879		31.0366		48.5087
2880		24.3249		58.834
2881		11.4135		64.1925
2882		-3.86212		61.5914
2883		-16.7232		50.5711
2884		-22.8157		33.1427
2885		-19.1962		13.2063
2886		-4.92822		-4.20325
2887		18.5356		-13.732
2888		47.1301		-10.7129
2889		74.3384		7.5147
2890		92.1374		40.1545
2891		92.9542		81.9689
2892		72.3261		123.547
2893		31.3395		153.314
2894		-22.3707		161.027
2895		-75.9561		141.628
2896		-114.997		97.8346
2897		-128.312		40.1275
2898		-112.052		-16.2436
2899		-71.3003		-56.259
2900		-18.3764		-70.1896
2901		31.5386		-56.6446
2902		65.6158		-22.3969
2903		77.2678		20.771
2904		67.2379		60.637
2905		41.8015		88.4411
2906		9.34863		100.569
2907		-22.7732		97.7528
2908		-49.6976		82.8337
2909		-68.5037		58.7737
2910		-76.7053		28.1768
2911		-71.351		-5.57577
2912		-49.8556		-36.7295
2913		-12.4361		-56.7813
2914		35.2937		-56.4533
2915		81.5666		-29.7259
2916		110.902		21.8459
2917		109.49		87.0035
2918		71.5055		146.67
2919		3.38008		179.903
2920		-76.4387		171.894
2921		-142.869		120.657
2922		-172.993		39.263
2923		-154.797		-47.7752
2924		-92.1632		-112.855
2925		-3.89558		-135.106
2926		82.9121		-107.713
2927		142.446		-39.8623
2928		158.795		47.283
2929		130.33		128.593
2930		68.5213		183.52
2931		-7.65871		201.821
2932		-78.9382		184.676
2933		-131.443		141.624
2934		-158.986		85.4782
2935		-161.924		27.8234
2936		-144.173		-23.1343
2937		-110.494		-62.2015
2938		-65.5206		-85.5914
2939		-14.5526		-89.8397
2940		35.0809		-72.3859
2941		73.7492		-33.6538
2942		91.3226		20.7437
2943		80.719		79.4303
2944		41.6104		127.402
2945		-17.7323		150.55
2946		-81.8371		140.88
2947		-132.6		100.119
2948		-155.423		39.914
2949		-144.48		-21.7615
2950		-104.886		-66.7393
2951		-50.8566		-82.9454
2952		-0.540779		-68.3999
2953		30.4038		-31.4489
2954		34.0498		12.7021
2955		12.3876		47.6598
2956		-24.0962		61.5034
2957		-60.6164		50.4357
2958		-83.3235		19.3754
2959		-83.6942		-20.3418
2960		-60.7639		-55.0248
2961		-20.8192		-72.9298
2962		24.963		-67.4818
2963		63.9211		-38.6889
2964		85.277		7.31013
2965		82.6488		60.1236
2966		55.2907		107.736
2967		8.0151		139.224
2968		-49.9975		147.027
2969		-107.157		128.435
2970		-151.794		86.096
2971		-174.447		27.5275
2972		-169.734		-36.2634
2973		-137.499		-92.7967
2974		-83.0425		-130.449
2975		-16.4046		-140.727
2976		49.2581		-120.125
2977		100.003		-71.2513
2978		123.869		-2.92726
2979		113.668		70.9542
2980		69.2153		133.875
2981		-1.65934		170.222
2982		-83.9303		169.268
2983		-158.277		128.602
2984		-205.711		55.8338
2985		-212.86		-32.3418
2986		-176.337		-113.958
2987		-104.575		-167.674
2988		-16.1752		-179.102
2989		65.1145		-145.447
2990		117.358		-76.7419
2991		127.091		6.99857
2992		93.3661		81.878
2993		27.7478		127.453
2994		-49.7247		132.757
2995		-117.1		98.9848
2996		-157.209		38.0829
2997		-162.171		-31.9384
2998		-134.408		-93.0138
2999		-84.2772		-132.106
3000		-25.7212		-143.771
3001		28.1585		-129.836
3002		68.0404		-97.036
3003		89.2486		-54.0667
3004		91.0183		-9.37419
3005		75.2392		29.7939
3006		45.6479		57.4335
3007		7.77599		68.7915
3008		-30.837		61.054
3009		-61.0596		34.7455
3010		-73.8676		-4.9149
3011		-63.1917		-47.8413
3012		-28.8851		-80.9184
3013		21.685		-91.7572
3014		74.622		-73.2014
3015		113.254		-26.7575
3016		123.583		36.7177
3017		99.4326		99.7517
3018		45.2007		143.683
3019		-25.0158		154.867
3020		-91.7586		129.334
3021		-136.439		74.1503
3022		-147.171		5.03642
3023		-122.165		-58.7665
3024		-69.653		-100.402
3025		-4.74253		-110.011
3026		55.3957		-86.7098
3027		96.1889		-37.7409
3028		108.803		24.3644
3029		91.2462		85.3005
3030		47.7725		132.058
3031		-12.6503		155.017
3032		-78.1348		149.144
3033		-135.68		114.631
3034		-173.113		57.1436
3035		-181.34		-12.4985
3036		-156.728		-79.7014
3037		-102.952		-128.832
3038		-31.3313		-147.065
3039		41.0578		-128.348
3040		95.4891		-76.0579
3041		116.904		-3.04657
3042		98.7045		71.3943
3043		45.2175		126.941
3044		-29.2507		148.291
3045		-104.602		129.744
3046		-160.962		76.7044
3047		-184.408		3.63787
3048		-170.494		-70.6392
3049		-124.571		-128.525
3050		-59.189		-158.123
3051		10.1028		-155.381
3052		68.9123		-123.676
3053		106.84		-71.6513
3054		118.586		-10.4946
3055		103.719		48.3181
3056		65.9208		94.4767
3057		12.2797		119.769
3058		-47.28		119.019
3059		-100.891		91.2944
3060		-136.487		41.0606
3061		-144.514		-21.5039
3062		-120.999		-81.8464
3063		-69.7848		-124.267
3064		-2.69571		-136.359
3065		62.9903		-113.205
3066		109.299		-59.6346
3067		123.057		10.5793
3068		100.151		78.5879
3069		46.932		126.158
3070		-21.8077		141.193
3071		-87.542		121.145
3072		-133.661		73.2249
3073		-150.089		11.5575
3074		-135.448		-47.4464
3075		-96.3921		-89.79
3076		-44.8011		-107.174
3077		5.89973		-98.1764
3078		44.0375		-67.5119
3079		61.8785		-24.1165
3080		56.5927		21.1238
3081		30.2973		57.4919
3082		-10.4973		76.2847
3083		-55.9447		72.4397
3084		-94.5493		45.8627
3085		-115.562		2.08429
3086		-111.814		-48.3069
3087		-82.2273		-91.8156
3088		-33.0025		-115.568
3089		23.348		-111.3
3090		71.2113		-78.4174
3091		96.5184		-24.8372
3092		91.2779		34.9655
3093		56.3354		84.2348
3094		1.27875		109.096
3095		-58.5178		102.79
3096		-106.631		67.519
3097		-130.407		13.4047
3098		-124.255		-44.8671
3099		-90.5451		-92.3523
3100		-38.2123		-117.636
3101		20.0724		-115.106
3102		71.0411		-85.4767
3103		103.446		-34.9714
3104		109.842		26.1952
3105		87.6704		85.5905
3106		39.8248		130.493
3107		-25.3092		150.099
3108		-94.7027		137.966
3109		-152.812		94.2534
3110		-185.024		26.8945
3111		-181.762		-49.2078
3112		-141.986		-115.346
3113		-74.6015		-154.007
3114		3.17596		-154.245
3115		70.3805		-115.514
3116		108.476		-48.3824
3117		107.052		28.3543
3118		67.0018		93.3109
3119		0.026474		128.935
3120		-75.26		126.48
3121		-139.132		87.9131
3122		-176.334		24.3773
3123		-179.637		-47.8703
3124		-150.53		-112.325
3125		-97.3956		-156.208
3126		-32.3751		-172.549
3127		31.7582		-160.334
3128		83.8188		-123.433
3129		115.392		-69.2113
3130		121.413		-7.3569
3131		100.664		51.084
3132		56.3856		94.9072
3133		-3.38702		114.569
3134		-66.4086		104.541
3135		-118.256		65.5022
3136		-145.701		5.35094
3137		-140.558		-61.8408
3138		-102.653		-119.056
3139		-40.635		-150.973
3140		29.9532		-148.524
3141		90.9038		-111.774
3142		126.535		-50.0302
3143		128.117		20.8658
3144		96.1008		83.1484
3145		39.5424		122.066
3146		-26.8775		129.599
3147		-87.1052		105.971
3148		-127.841		58.8007
3149		-141.424		0.499458
3150		-126.964		-55.0947
3151		-89.785		-95.887
3152		-39.6965		-113.862
3153		11.345		-106.341
3154		51.6949		-76.1879
3155		72.2886		-31.0977
3156		68.4803		17.9299
3157		41.187		58.8002
3158		-2.97602		80.9866
3159		-52.8362		78.1861
3160		-95.1		50.3075
3161		-117.709		4.09013
3162		-113.322		-48.1077
3163		-81.8852		-91.3204
3164		-31.3363		-112.139
3165		24.0399		-102.88
3166		67.3919		-64.4293
3167		84.2501		-6.70278
3168		67.1796		53.6715
3169		18.6185		97.9676
3170		-49.1613		110.982
3171		-117.171		85.9344
3172		-165.105		27.0368
3173		-177.423		-51.2283
3174		-148.207		-128.032
3175		-83.1934		-182.193
3176		1.71363		-198.365
3177		85.0153		-171.479
3178		145.794		-108.022
3179		169.51		-23.8633
3180		151.628		60.5449
3181		98.0871		125.912
3182		22.7992		158.935
3183		-56.7066		154.868
3184		-123.868		117.417
3185		-166.517		56.5662
3186		-178.459		-14.5157
3187		-159.4		-82.3138
3188		-113.936		-134.922
3189		-50.4192		-163.153
3190		19.9536		-161.327
3191		84.0563		-128.194
3192		128.315		-68.0306
3193		141.172		8.72607
3194		116.301		86.1994
3195		55.5935		145.815
3196		-29.5296		170.884
3197		-119.622		151.827
3198		-191.763		90.1572
3199		-226.065		-0.593573
3200		-212.017		-97.8573
3201		-152.31		-176.313
3202		-62.5378		-215.478
3203		33.3508		-205.967
3204		110.328		-152.177
3205		149.76		-70.5011
3206		144.501		16.1885
3207		100.023		85.6748
3208		31.5681		122.638
3209		-41.3095		122.051
3210		-100.647		89.0445
3211		-134.496		35.8968
3212		-138.808		-22.3172
3213		-116.844		-71.8055
3214		-77.0038		-102.791
3215		-30.1692		-110.642
3216		12.6306		-95.7972
3217		41.9778		-63.0397
3218		51.3926		-20.5156
3219		38.42		21.522
3220		5.41109		52.4197
3221		-40.3727		63.3356
3222		-87.7926		49.6172
3223		-124.177		12.6154
3224		-138.598		-39.888
3225		-125.175		-95.1323
3226		-85.2622		-138.553
3227		-27.639		-157.829
3228		33.5275		-146.541
3229		82.4186		-106.267
3230		105.883		-46.4163
3231		97.0619		18.1269
3232		57.3101		70.8438
3233		-4.03583		97.832
3234		-71.9076		91.3689
3235		-129.163		51.9606
3236		-160.785		-11.5696
3237		-157.689		-83.9816
3238		-119.266		-147.162
3239		-53.9767		-184.603
3240		22.3344		-185.806
3241		90.2456		-149.446
3242		131.873		-84.2682
3243		135.966		-7.16932
3244		101.419		61.258
3245		37.9548		102.564
3246		-36.4628		105.903
3247		-100.832		71.3281
3248		-137.332		9.77032
3249		-136.546		-60.3358
3250		-100.008		-118.653
3251		-39.3476		-148.904
3252		27.504		-143.311
3253		81.6518		-104.258
3254		108.373		-42.9987
3255		100.633		23.8561
3256		60.2979		78.794
3257		-2.84187		107.56
3258		-73.6159		102.192
3259		-134.856		62.5935
3260		-171.002		-3.37749
3261		-171.495		-81.2331
3262		-133.492		-152.547
3263		-63.334		-198.833
3264		23.9141		-206.079
3265		107.251		-168.928
3266		164.651		-93.1745
3267		179.034		4.60019
3268		143.516		100.666
3269		64.1144		170.327
3270		-41.2991		194.848
3271		-147.702		166.866
3272		-229.835		92.4235
3273		-269.04		-11.0264
3274		-257.814		-119.829
3275		-200.788		-210.628
3276		-112.282		-265.968
3277		-11.7629		-277.44
3278		81.0013		-246
3279		149.625		-180.201
3280		183.115		-93.5797
3281		176.581		-2.23357
3282		131.393		77.1416
3283		55.286		129.117
3284		-37.8085		141.865
3285		-128.971		110.039
3286		-197.282		37.4456
3287		-224.606		-61.8718
3288		-201.076		-165.417
3289		-129.305		-247.268
3290		-25.3132		-285.283
3291		84.8979		-268.178
3292		172.517		-199.802
3293		214.638		-98.7041
3294		201.452		7.22376
3295		139.286		89.3193
3296		48.3259		126.97
3297		-44.1171		113.596
3298		-112.332		57.8266
3299		-139.855		-20.2412
3300		-123.574		-96.0897
3301		-73.2852		-148.488
3302		-7.39257		-165.324
3303		53.4019		-145.994
3304		92.1992		-100.162
3305		100.074		-43.8466
3306		77.5181		5.59883
3307		33.3052		34.1289
3308		-18.4811		34.2436
3309		-62.2875		6.37517
3310		-84.9317		-41.5765
3311		-78.7443		-96.2876
3312		-43.4784		-142.206
3313		13.4012		-165.312
3314		78.2121		-156.697
3315		134.149		-115.119
3316		165.361		-47.8128
3317		161.043		30.8066
3318		118.476		102.332
3319		44.1548		148.712
3320		-47.3038		156.66
3321		-136.24		121.045
3322		-202.266		46.481
3323		-228.86		-53.2236
3324		-207.288		-157.621
3325		-139.074		-243.727
3326		-36.4688		-290.973
3327		79.3788		-286.104
3328		182.484		-226.999
3329		247.777		-124.336
3330		257.416		-0.276886
3331		206.055		116.035
3332		103.388		195.433
3333		-27.2271		216.467
3334		-154.143		171.667
3335		-245.562		70.2393
3336		-278.108		-63.9017
3337		-243.194		-198.369
3338		-149.183		-300.941
3339		-18.7591		-347.93
3340		117.477		-329.793
3341		229.015		-252.574
3342		292.611		-135.25
3343		296.84		-4.31274
3344		243.38		112.56
3345		145.464		192.113
3346		24.4937		219.537
3347		-94.244		190.697
3348		-186.188		112.722
3349		-232.132		2.94307
3350		-222.461		-114.007
3351		-160.11		-211.088
3352		-61.045		-265.255
3353		48.7483		-263.97
3354		139.801		-209.661
3355		187.762		-120.061
3356		181.317		-23.4757
3357		126.352		50.0431
3358		44.3189		78.7397
3359		-35.093		56.6711
3360		-84.4805		-4.38789
3361		-88.4577		-79.6014
3362		-48.7571		-140.552
3363		17.2747		-165.771
3364		83.9973		-148.116
3365		127.42		-96.2472
3366		133.637		-30.0374
3367		102.563		27.6763
3368		46.0524		59.2784
3369		-17.9791		57.2559
3370		-72.3405		24.4442
3371		-105.301		-29.4019
3372		-111.873		-92.2522
3373		-92.2707		-153.188
3374		-49.5051		-203.382
3375		11.8914		-235.293
3376		85.3027		-241.867
3377		160.544		-217.389
3378		223.4		-160.298
3379		257.802		-76.5945
3380		250.778		18.5318
3381		198.367		102.805
3382		109.628		152.94
3383		6.17149		152.768
3384		-83.5125		100.069
3385		-133.21		8.87494
3386		-128.136		-94.2017
3387		-70.3334		-178.52
3388		21.9529		-219.573
3389		120.636		-206.824
3390		197.27		-146.327
3391		231.917		-57.5371
3392		218.273		33.938
3393		163.756		104.54
3394		85.4087		138.951
3395		3.87051		132.669
3396		-62.2002		91.1246
3397		-99.7746		26.6962
3398		-102.989		-44.8053
3399		-73.2385		-107.223
3400		-18.5708		-146.635
3401		47.4468		-153.763
3402		107.77		-126.309
3403		145.277		-70.6019
3404		147.306		-1.44993
3405		110.124		60.7019
3406		41.4799		95.1996
3407		-40.33		87.7248
3408		-111.234		35.5662
3409		-148.646		-50.6368
3410		-138.634		-149.659
3411		-80.2563		-236.07
3412		14.5041		-287.818
3413		124.914		-292.16
3414		227.813		-248.009
3415		303.479		-164.481
3416		339.104		-57.0761
3417		329.458		56.3916
3418		275.807		158.528
3419		184.696		233.528
3420		67.6723		267.798
3421		-58.3438		251.441
3422		-171.435		181.192
3423		-247.399		63.929
3424		-265.275		-81.3412
3425		-214.367		-225.194
3426		-99.9376		-334.035
3427		55.4368		-379.534
3428		216.477		-347.972
3429		344.888		-245.645
3430		410.862		-97.7528
3431		402.041		59.2267
3432		326.482		188.923
3433		208.602		265.852
3434		80.0041		281.605
3435		-30.9477		244.532
3436		-106.729		173.85
3437		-143.017		91.2863
3438		-145.892		13.9296
3439		-126.178		-49.1413
3440		-93.9603		-96.0701
3441		-55.6205		-128.836
3442		-13.9335		-149.69
3443		29.8952		-159.293
3444		74.1191		-157.005
3445		115.671		-142.4
3446		150.907		-116.52
3447		176.947		-81.8886
3448		192.345		-41.4278
3449		196.476		2.66822
3450		188.125		48.9229
3451		164.593		95.0826
3452		122.534		135.997
3453		60.7395		162.539
3454		-16.3497		163.028
3455		-96.5047		127.358
3456		-160.814		52.4214
3457		-188.511		-53.7309
3458		-164.109		-171.396
3459		-84.0081		-273.393
3460		40.374		-332.783
3461		184.586		-331.342
3462		317.746		-265.466
3463		411.294		-147.284
3464		446.64		-0.744347
3465		419.083		145.522
3466		337.159		265.673
3467		218.498		341.9
3468		84.3987		366.26
3469		-44.6733		339.604
3470		-151.579		269.169
3471		-223.246		166.431
3472		-250.798		45.9467
3473		-230.158		-75.2002
3474		-163.388		-178.416
3475		-60.0307		-245.918
3476		62.8087		-264.328
3477		182.608		-228.485
3478		275.769		-143.894
3479		323.032		-26.5492
3480		314.24		100.166
3481		250.873		210.652
3482		145.662		282.769
3483		19.5857		302.437
3484		-102.668		266.176
3485		-197.598		181.359
3486		-247.208		64.5574
3487		-242.264		-61.5631
3488		-184.191		-172.358
3489		-85.2651		-245.99
3490		33.35		-268.25
3491		145.895		-236.338
3492		228.151		-160.237
3493		263.931		-60.6183
3494		249.789		36.7424
3495		195.946		108.597
3496		122.625		141.293
3497		52.8351		134.501
3498		4.32496		99.9412
3499		-16.0188		55.5574
3500		-12.9398		17.6301
3501		1.46361		-5.62832
3502		14.9108		-16.1119
3503		21.4523		-22.6971
3504		24.0978		-34.7105
3505		32.3045		-55.4642
3506		55.7182		-79.3007
3507		97.5307		-93.7703
3508		151.05		-85.8737
3509		201.429		-49.1298
3510		231.801		12.2501
3511		230.719		84.3224
3512		197.116		149.056
3513		140.288		191.756
3514		75.0652		206.44
3515		14.9006		196.516
3516		-33.3326		170.698
3517		-70.0579		136.76
3518		-99.0524		96.9372
3519		-121.417		47.8407
3520		-131.393		-14.8528
3521		-117.111		-89.6085
3522		-66.6464		-164.36
3523		23.39		-217.451
3524		141.365		-224.901
3525		260.388		-171.254
3526		345.657		-58.9567
3527		366.998		88.641
3528		311.352		232.959
3529		189.556		332.843
3530		34.0665		359.19
3531		-111.794		305.438
3532		-208.706		189.56
3533		-234.255		46.9088
3534		-188.813		-82.7788
3535		-92.6305		-168.627
3536		23.7664		-196.861
3537		131.126		-171.477
3538		209.992		-108.375
3539		253.285		-26.7166
3540		263.256		58.0874
3541		245.724		136.935
3542		205.378		205.1
3543		144.645		258.225
3544		66.1986		289.522
3545		-23.158		290.41
3546		-110.3		254.526
3547		-177.419		182.842
3548		-207.402		86.7266
3549		-190.633		-13.3156
3550		-129.887		-93.3425
3551		-40.7179		-133.909
3552		53.2032		-126.809
3553		127.934		-77.6718
3554		166.992		-3.34608
3555		165.804		74.6042
3556		131.351		137.354
3557		77.7118		174.089
3558		19.9534		183.285
3559		-30.763		170.204
3560		-68.9954		142.551
3561		-93.6851		106.782
3562		-105.23		66.8229
3563		-103.154		25.3063
3564		-85.9229		-14.0338
3565		-52.9897		-44.8609
3566		-7.65272		-59.0797
3567		41.3491		-50.0428
3568		81.0568		-16.6056
3569		98.4165		34.2593
3570		85.7362		88.1401
3571		44.9211		127.525
3572		-11.815		138.334
3573		-65.6258		115.897
3574		-97.9596		67.581
3575		-97.9687		10.535
3576		-67.167		-34.8499
3577		-19.09		-53.2229
3578		26.209		-40.771
3579		50.7092		-6.98495
3580		46.4295		29.3351
3581		19.3349		48.3839
3582		-12.8065		38.5326
3583		-28.0116		2.38037
3584		-10.1001		-43.1763
3585		43.1036		-73.263
3586		117.063		-65.388
3587		184.82		-9.64678
3588		216.877		85.5594
3589		192.85		194.902
3590		110.201		284.339
3591		-13.5253		323.071
3592		-145.929		294.615
3593		-250.416		202.722
3594		-298.117		70.055
3595		-276.596		-69.5319
3596		-192.423		-181.787
3597		-67.377		-241.715
3598		69.4133		-238.829
3599		189.81		-177.027
3600		272.403		-70.5063
3601		304.415		61.4545
3602		280.731		198.285
3603		202.299		319.516
3604		75.9193		404.781
3605		-84.1429		434.615
3606		-254.278		393.813
3607		-402.048		277.345
3608		-491.249		96.5559
3609		-491.499		-117.966
3610		-389.616		-319.97
3611		-198.137		-458.288
3612		43.5347		-492.115
3613		277.45		-405.535
3614		443.216		-215.398
3615		496.679		31.3241
3616		424.39		270.661
3617		248.306		441.019
3618		18.7491		501.957
3619		-201.852		445.676
3620		-358.456		297.361
3621		-419.175		104.863
3622		-382.171		-77.9087
3623		-272.242		-207.573
3624		-129.536		-262.242
3625		4.63472		-244.064
3626		99.7372		-173.985
3627		142.302		-81.9886
3628		135.888		3.12144
3629		96.3372		61.1994
3630		44.9707		84.181
3631		2.06595		75.8172
3632		-18.1162		48.925
3633		-10.4324		21.2726
3634		19.8983		10.7245
3635		58.116		30.0332
3636		83.2608		82.0175
3637		74.163		156.54
3638		17.141		231.045
3639		-86.8799		275.792
3640		-218.897		263.258
3641		-344.504		179.044
3642		-423.154		30.1505
3643		-421.625		-153.326
3644		-326.982		-324.978
3645		-153.786		-435.865
3646		57.9483		-450.717
3647		254.045		-360.49
3648		382.939		-186.338
3649		411.814		26.6996
3650		336.191		223.919
3651		179.769		357.655
3652		-14.7638		400.351
3653		-199.745		349.793
3654		-335.831		225.827
3655		-400.13		61.3087
3656		-387.645		-108.221
3657		-307.615		-252.181
3658		-178.087		-348.316
3659		-21.7464		-382.793
3660		135.945		-349.604
3661		267.555		-251.352
3662		345.834		-101.616
3663		348.896		73.1791
3664		267.831		235.407
3665		113.686		343.363
3666		-80.3658		363.089
3667		-264.668		281.078
3668		-386.366		112.396
3669		-406.392		-100.277
3670		-313.79		-297.882
3671		-131.294		-423.268
3672		90.8019		-439.969
3673		290.735		-344.233
3674		415.402		-165.555
3675		436.867		44.4013
3676		359.166		229.919
3677		213.457		349.133
3678		44.374		385.002
3679		-106.186		346.001
3680		-211.271		257.778
3681		-262.989		150.619
3682		-268.518		48.6564
3683		-241.643		-35.0021
3684		-194.848		-96.5819
3685		-135.806		-136.109
3686		-69.0707		-152.344
3687		-0.607468		-141.56
3688		58.7103		-100.81
3689		93.7591		-33.349
3690		90.4436		47.6884
3691		43.0916		120.492
3692		-40.188		161.185
3693		-137.706		153.235
3694		-220.819		95.1787
3695		-264.53		2.56019
3696		-257.353		-97.3879
3697		-205.789		-176.328
3698		-131.144		-215.994
3699		-60.0181		-214.868
3700		-12.8145		-187.344
3701		4.4514		-155.879
3702		1.38659		-139.96
3703		-2.79989		-147.081
3704		10.5546		-169.843
3705		50.229		-190.183
3706		110.881		-188.35
3707		175.504		-152.127
3708		222.865		-82.0513
3709		236.008		9.2923
3710		207.823		102.768
3711		141.696		179.607
3712		48.0915		226.202
3713		-59.9983		235.029
3714		-169.659		202.64
3715		-267.46		127.554
3716		-337.087		10.8816
3717		-358.48		-139.62
3718		-311.484		-304.273
3719		-184.508		-449.262
3720		14.8856		-531.386
3721		253.087		-510.668
3722		472.793		-367.367
3723		606.832		-116.335
3724		600.41		188.91
3725		433.9		466.877
3726		136.402		632.066
3727		-217.223		624.476
3728		-526.984		433.425
3729		-699.825		105.536
3730		-681.565		-267.592
3731		-476.393		-578.506
3732		-146.069		-739.351
3733		211.128		-710.419
3734		493.69		-511.237
3735		629.693		-210.649
3736		597.107		99.3007
3737		425.139		334.857
3738		178.043		445.342
3739		-70.4208		422.992
3740		-261.009		296.512
3741		-362.778		113.762
3742		-373.569		-77.4756
3743		-310.361		-242.525
3744		-196.472		-363.011
3745		-52.5325		-432.021
3746		105.401		-446.747
3747		262		-404.348
3748		397.864		-303.745
3749		488.843		-151.722
3750		511.627		31.5006
3751		453.57		212.206
3752		321.479		350.778
3753		143.845		414.678
3754		-36.107		391.107
3755		-174.568		293.055
3756		-242.644		155.203
3757		-236.252		20.8946
3758		-175.828		-74.2783
3759		-96.0064		-114.988
3760		-30.1018		-109.336
3761		3.41066		-81.6781
3762		6.39081		-59.0013
3763		-3.47284		-57.6368
3764		-4.26926		-76.5685
3765		17.6002		-100.072
3766		60.2113		-107.68
3767		107.477		-85.9828
3768		137.848		-36.1661
3769		135.507		26.2727
3770		98.2382		79.0495
3771		38.2107		103.621
3772		-24.2541		93.2276
3773		-70.2549		54.6143
3774		-90.1028		3.1183
3775		-85.5308		-45.6801
3776		-65.7813		-82.9888
3777		-40.402		-108.831
3778		-13.2243		-128.424
3779		18.9126		-145.555
3780		62.0298		-157.268
3781		118.041		-153.407
3782		179.3		-121.732
3783		228.336		-56.0515
3784		243.708		37.1044
3785		209.525		137.262
3786		124.079		215.563
3787		3.18521		245.004
3788		-123.632		210.873
3789		-222.633		116.744
3790		-266.914		-16.4502
3791		-244.417		-157.474
3792		-160.07		-274.552
3793		-32.1972		-343.636
3794		114.146		-352.402
3795		253.395		-299.799
3796		362.993		-193.252
3797		424.205		-46.2859
3798		422.256		121.904
3799		348.133		285.66
3800		202.893		413.359
3801		2.83018		471.763
3802		-218.034		434.83
3803		-411.627		294.615
3804		-526.781		69.5087
3805		-524.987		-195.088
3806		-395.311		-436.091
3807		-162.035		-590.309
3808		119.231		-614.52
3809		376.797		-500.485
3810		544.569		-278.821
3811		582.339		-9.8183
3812		487.287		235.519
3813		292.76		397.162
3814		55.4923		442.621
3815		-163.241		373.05
3816		-315.273		218.016
3817		-376.095		22.5157
3818		-346.082		-167.834
3819		-244.157		-317.913
3820		-98.2609		-407.758
3821		62.9101		-431.38
3822		214.398		-392.717
3823		335.956		-301.978
3824		411.655		-174.112
3825		430.49		-28.8626
3826		388.853		109.626
3827		293.743		215.644
3828		164.247		267.556
3829		29.1403		254.553
3830		-79.8014		181.485
3831		-136.876		69.0374
3832		-130.493		-51.6069
3833		-66.8336		-148.048
3834		32.4529		-196.456
3835		137.631		-188.192
3836		220.372		-131.017
3837		261.789		-44.9318
3838		256.421		45.1781
3839		211.532		117.087
3840		142.956		156.484
3841		69.6754		158.95
3842		9.01498		129.164
3843		-26.674		78.5479
3844		-31.9394		22.3598
3845		-9.1741		-23.4665
3846		31.4328		-45.9051
3847		73.5761		-38.7619
3848		98.8636		-5.96878
3849		93.0554		37.5277
3850		52.8506		68.984
3851		-9.74037		65.5046
3852		-68.4482		14.1671
3853		-90.5378		-79.3571
3854		-49.6608		-188.193
3855		60.868		-270.452
3856		220.328		-283.458
3857		382.995		-201.309
3858		491.477		-28.7011
3859		497.01		195.507
3860		379.114		407.85
3861		156.49		540.453
3862		-115.986		544.65
3863		-363.842		408.939
3864		-517.233		164.078
3865		-533.669		-126.748
3866		-410.729		-388.815
3867		-184.43		-559.576
3868		85.1784		-606.295
3869		334.664		-531.717
3870		515.745		-367.213
3871		605.182		-157.988
3872		604.045		52.5199
3873		529.176		232.761
3874		402.62		365.1
3875		244.551		441.5
3876		72.2245		457.559
3877		-96.4546		409.646
3878		-238.949		297.292
3879		-328.11		129.286
3880		-338.137		-70.8588
3881		-254.74		-264.728
3882		-84.7354		-406.371
3883		140.254		-455.645
3884		369.179		-392.559
3885		545.256		-226.487
3886		623.346		4.18098
3887		584.471		242.576
3888		441.864		430.51
3889		236.261		526.009
3890		22.3651		514.937
3891		-148.332		412.943
3892		-242.206		257.803
3893		-250.926		95.691
3894		-190.096		-33.3156
3895		-90.8043		-105.673
3896		12.0753		-118.078
3897		90.5849		-84.5021
3898		130.354		-28.7301
3899		132.102		24.502
3900		108.615		57.0229
3901		78.8789		61.6898
3902		61.3006		43.2383
3903		67.7021		15.8009
3904		99.3797		-2.11455
3905		146.151		5.96667
3906		188.869		48.1983
3907		205.19		120.042
3908		177.382		203.537
3909		99.9384		271.189
3910		-15.7338		294.087
3911		-141.9		252.093
3912		-241.133		142.745
3913		-277.589		-14.7072
3914		-229.464		-182.384
3915		-98.1916		-313.82
3916		89.3149		-368.124
3917		286.869		-323.594
3918		442.098		-185.939
3919		512.272		12.0303
3920		477.586		219.437
3921		347.424		382.245
3922		157.543		459.125
3923		-40.7332		433.174
3924		-195.625		315.912
3925		-269.396		142.722
3926		-247.884		-38.3074
3927		-142.611		-180.259
3928		14.3992		-249.683
3929		180.816		-233.956
3930		315.721		-142.284
3931		389.437		-0.964214
3932		389.14		154.935
3933		319.536		290.694
3934		199.365		379.408
3935		55.4821		406.341
3936		-83.5202		369.886
3937		-192.623		279.844
3938		-253.875		154.217
3939		-258.127		15.6066
3940		-205.508		-112.156
3941		-105.162		-207.088
3942		25.6379		-252.095
3943		163.353		-238.081
3944		281.529		-166.717
3945		355.848		-51.8417
3946		370.204		81.7898
3947		322.149		203.213
3948		225.494		283.035
3949		108.161		302.363
3950		4.86491		259.794
3951		-53.7346		173.324
3952		-51.831		75.4623
3953		5.08696		2.36354
3954		91.378		-19.4881
3955		170.466		16.1162
3956		209.203		91.9479
3957		191.811		173.724
3958		127.394		224.205
3959		47.1505		219.576
3960		-8.3813		161.117
3961		-7.2669		76.5954
3962		58.2147		9.8817
3963		165.424		2.39975
3964		268.189		73.9422
3965		314.657		211.23
3966		269.252		369.79
3967		129.605		489.303
3968		-69.058		516.782
3969		-264.556		428.356
3970		-389.765		240.682
3971		-397.482		7.0562
3972		-278.402		-200.51
3973		-65.1922		-316.35
3974		178.675		-303.705
3975		380.702		-166.434
3976		483.227		53.8723
3977		460.627		293.297
3978		324.4		486.916
3979		115.792		587.923
3980		-109.71		578.37
3981		-299.421		469.412
3982		-416.134		293.2
3983		-443.51		91.1026
3984		-384.712		-96.9458
3985		-257.225		-239.226
3986		-87.0939		-314.988
3987		95.5241		-314.897
3988		259.584		-241.065
3989		376.484		-107.344
3990		424.614		61.0439
3991		394.79		230.299
3992		294.611		364.342
3993		149.041		433.862
3994		-4.53413		425.348
3995		-126.298		346.402
3996		-186.051		224.478
3997		-172.878		98.672
3998		-98.4946		7.12641
3999		7.299		-25.337
4000		107.433		5.36312
4001		170.443		82.8267
4002		180.436		177.684
4003		140.556		259.018
4004		69.2318		304.992
4005		-8.54272		308.721
4006		-70.859		277.786
4007		-105.606		228.601
4008		-112.178		178.792
4009		-98.5745		141.008
4010		-76.1967		120.265
4011		-55.0928		114.915
4012		-41.499		119.589
4013		-37.8147		128.04
4014		-43.7828		134.539
4015		-57.2992		133.922
4016		-74.0817		121.493
4017		-86.7739		94.0984
4018		-85.0289		52.6742
4019		-57.9877		5.09656
4020		0.740723		-32.8629
4021		87.3203		-40.4191
4022		184.174		1.17992
4023		261.602		99.4287
4024		285.615		242.993
4025		230.249		399.898
4026		90.0336		523.87
4027		-112.719		568.004
4028		-329.867		501.598
4029		-499.463		323.942
4030		-564.634		69.2893
4031		-493.043		-199.935
4032		-289.828		-410.314
4033		1.06573		-499.614
4034		308.228		-436.455
4035		553.277		-230.66
4036		673.689		69.2357
4037		640.446		390.34
4038		464.973		656.558
4039		193.796		809.483
4040		-106.478		822.548
4041		-368.292		704.83
4042		-540.189		494.64
4043		-597.116		246.296
4044		-542.249		15.0263
4045		-401.553		-155.494
4046		-214.203		-240.287
4047		-22.3631		-234.531
4048		137.156		-150.705
4049		238.262		-13.421
4050		268.138		146.386
4051		227.662		297.035
4052		130.148		411.194
4053		-1.50505		470.326
4054		-139.344		467.95
4055		-256.248		410.789
4056		-332.106		316.962
4057		-358.572		211.072
4058		-340.658		117.243
4059		-294.254		52.1894
4060		-240.11		20.7234
4061		-196.276		15.4799
4062		-171.751		21.0741
4063		-163.794		21.1963
4064		-159.98		5.91778
4065		-144.239		-23.6639
4066		-104.547		-55.3118
4067		-39.2783		-70.1989
4068		40.2676		-50.4893
4069		112.243		12.7942
4070		150.88		114.456
4071		135.279		234.343
4072		57.5472		341.61
4073		-72.3345		403.026
4074		-226.684		393.116
4075		-365.785		303.276
4076		-448.041		147.078
4077		-442.228		-40.365
4078		-338.514		-209.702
4079		-154.631		-310.214
4080		65.6219		-305.174
4081		262.443		-185.124
4082		376.789		25.7533
4083		369.196		273.514
4084		234.372		488.817
4085		5.76172		608.108
4086		-252.841		594.803
4087		-466.901		452.659
4088		-575.692		225.675
4089		-552.877		-16.4003
4090		-415.046		-202.19
4091		-214.488		-283.449
4092		-18.7122		-250.75
4093		115.125		-133.779
4094		160.426		13.7141
4095		127.672		137.693

 
--------------------------------------


