Compute Correlation 
 
0		2.02608		61.2924
1		-26.1167		56.7888
2		-38.9142		15.0544
3		-6.52678		-41.4311
4		77.1432		-71.9427
5		186.353		-38.5957
6		271.991		71.5839
7		283.448		235.252
8		193.533		398.67
9		14.0582		499.004
10		-205.96		491.193
11		-399.001		367.661
12		-505.917		161.643
13		-498.404		-67.0256
14		-387.096		-256.313
15		-212.719		-364.78
16		-26.095		-382.565
17		132.272		-327.092
18		243.278		-227.99
19		307.141		-110.754
20		331.872		11.8205
21		320.943		136.808
22		268.458		260.471
23		165.013		367.991
24		10.4455		431.617
25		-175.009		420.1
26		-349.377		315.276
27		-460.487		126.76
28		-466.159		-104.181
29		-353.563		-315.412
30		-147.837		-445.61
31		94.9765		-457.305
32		308.034		-350.645
33		437.78		-161.717
34		461.223		53.3288
35		389.278		240.332
36		256.141		364.985
37		101.402		419.012
38		-45.5472		413.729
39		-171.54		366.591
40		-274.83		289.339
41		-354.375		184.496
42		-401.212		51.3805
43		-398.171		-103.201
44		-328.811		-257.357
45		-190.568		-375.791
46		-4.03706		-421.537
47		188.141		-372.551
48		333.93		-234.636
49		391.039		-43.4645
50		343.749		146.281
51		209.46		280.226
52		31.9216		323.476
53		-135.5		271.267
54		-248.628		147.118
55		-285.138		-9.33952
56		-246.626		-158.082
57		-151.305		-270.442
58		-23.0055		-332.573
59		117.034		-341.514
60		251.969		-298.751
61		365.958		-206.856
62		440.373		-71.8288
63		454.761		90.9277
64		394.34		252.459
65		260.897		373.342
66		80.4105		415.55
67		-99.067		359.095
68		-221.362		215.325
69		-243.676		28.7986
70		-156.319		-135.743
71		9.30407		-217.564
72		189.925		-185.345
73		314.526		-52.1348
74		333.609		127.988
75		240.708		281.29
76		76.0507		345.166
77		-89.9624		294.931
78		-186.655		154.626
79		-173.361		-13.1813
80		-56.7974		-134.244
81		111.99		-154.363
82		259.551		-62.2041
83		320.999		106.386
84		266.621		283.824
85		113.163		398.697
86		-84.0552		403.97
87		-253.717		294.004
88		-335.575		104.547
89		-301.015		-102.62
90		-160.045		-262.653
91		45.8878		-328.597
92		260.175		-283.107
93		428.805		-138.799
94		513.239		69.9684
95		495.796		298.526
96		378.878		501.808
97		181.386		640.739
98		-64.8024		686.009
99		-317.702		621.444
100		-529.021		448.26
101		-651.053		189.161
102		-647.255		-110.725
103		-504.26		-389.268
104		-240.753		-580.147
105		91.653		-630.587
106		418.088		-518.449
107		659.146		-262.138
108		753.173		81.2423
109		674.689		429.975
110		442.487		699.932
111		114.55		827.747
112		-228.413		787.532
113		-505.241		596.249
114		-655.333		306.894
115		-652.465		-7.40099
116		-508.427		-272.94
117		-266.85		-433.078
118		9.80936		-459.816
119		256.122		-357.611
120		418.568		-159.675
121		466.586		81.5461
122		398.011		307.395
123		238.077		466.855
124		32.1739		528.396
125		-166.298		487.045
126		-310.208		364.587
127		-371.335		202.353
128		-347.454		48.2514
129		-261.303		-58.1339
130		-151.444		-97.4418
131		-58.0388		-75.1885
132		-8.6576		-17.4294
133		-9.42609		40.8849
134		-44.7974		70.2549
135		-85.7642		57.9901
136		-102.909		12.2012
137		-78.8254		-42.7951
138		-14.9724		-77.301
139		69.3816		-68.5291
140		145.037		-9.39172
141		183.829		89.2467
142		168.194		202.889
143		96.0887		301.732
144		-19.5144		359.394
145		-155.124		359.164
146		-282.724		296.715
147		-375.233		179.935
148		-410.722		27.2731
149		-375.804		-134.546
150		-268.799		-273.601
151		-102.42		-357.52
152		95.4481		-360.293
153		284.729		-270.165
154		420.887		-95.9939
155		466.303		131.109
156		401.973		362.982
157		235.158		546.011
158		-0.531746		635.838
159		-253.38		610.123
160		-467.592		474.744
161		-598.211		261.321
162		-621.804		17.3703
163		-539.833		-206.829
164		-374.845		-369.88
165		-162.34		-446.113
166		57.8411		-427.076
167		247.894		-319.527
168		375.78		-142.623
169		417.817		74.1367
170		362.004		292.711
171		212.465		470.121
172		-6.87595		565.672
173		-252.725		551.495
174		-469.65		423.223
175		-603.951		205.83
176		-620.295		-49.62
177		-514.717		-279.217
178		-317.894		-425.749
179		-86.1168		-457.355
180		117.396		-377.651
181		243.727		-222.869
182		273.488		-47.0722
183		220.013		98.3123
184		119.85		181.965
185		15.475		200.172
186		-61.6784		172.206
187		-100.596		127.118
188		-109.41		89.0564
189		-105.814		68.1092
190		-105.238		60.077
191		-113.164		53.6121
192		-124.878		39.5107
193		-131.4		16.4891
194		-126.931		-9.44655
195		-112.747		-30.6995
196		-95.1676		-44.3633
197		-79.3163		-54.383
198		-63.3362		-67.7107
199		-37.7214		-86.7067
200		8.65692		-102.959
201		78.6424		-97.515
202		158.922		-49.1287
203		219.916		52.7085
204		225.498		196.685
205		149.274		347.318
206		-9.97192		454.369
207		-221.626		471.274
208		-429.805		374.978
209		-571.523		178.236
210		-599.327		-71.5803
211		-499.034		-307.22
212		-295.304		-463.932
213		-43.1655		-500.513
214		190.441		-411.103
215		347.4		-224.312
216		393.828		8.3154
217		325.914		228.726
218		166.496		387.355
219		-44.0327		452.694
220		-258.17		414.818
221		-430.398		284.625
222		-524.483		90.8613
223		-519.725		-124.431
224		-416.265		-312.839
225		-237.786		-429.697
226		-28.758		-446.327
227		155.703		-360.671
228		266.148		-201.117
229		276.144		-19.6771
230		193.285		125.08
231		57.7583		189.727
232		-72.7223		163.261
233		-146.358		71.658
234		-139.099		-33.4942
235		-64.6929		-98.0682
236		32.3318		-89.9809
237		98.0195		-13.7333
238		94.8688		92.2832
239		19.8489		174.715
240		-94.2845		191.403
241		-195.116		132.029
242		-236.259		23.1197
243		-199.926		-85.0269
244		-105.3		-142.897
245		1.26461		-125.559
246		69.0198		-43.9909
247		67.0521		61.3363
248		-2.02605		140.869
249		-105.239		159.76
250		-196.886		113.132
251		-241.093		25.7091
252		-227.707		-62.9603
253		-174.015		-119.259
254		-112.477		-131.177
255		-71.9555		-111.226
256		-62.8088		-86.0677
257		-73.5407		-79.4339
258		-80.0237		-98.1099
259		-61.4441		-128.535
260		-13.7593		-145.409
261		46.755		-127.063
262		91.5669		-68.8706
263		94.88		12.5714
264		47.3511		86.5295
265		-38.6016		122.387
266		-134.194		103.463
267		-206.942		33.5617
268		-233.731		-66.2267
269		-207.961		-167.642
270		-138.403		-246.27
271		-42.1371		-287.934
272		63.218		-288.513
273		163.43		-249.515
274		246.602		-174.014
275		299.883		-66.5485
276		308.391		62.9369
277		259.294		194.708
278		150.066		299.304
279		-3.84092		344.807
280		-167.717		309.594
281		-295.939		194.677
282		-348		28.5559
283		-305.515		-139.634
284		-181.874		-257.19
285		-19.0162		-288.147
286		128.192		-227.563
287		213.341		-102.937
288		215.986		38.0347
289		147.436		147.651
290		42.6816		196.897
291		-56.9706		184.264
292		-121.821		131.517
293		-143.882		69.751
294		-135.333		23.5269
295		-117.687		1.02002
296		-108.38		-5.7836
297		-112.104		-12.4718
298		-120.714		-31.0254
299		-120.499		-62.5641
300		-101.669		-97.5228
301		-64.3073		-122.133
302		-17.8048		-126.582
303		25.0144		-109.812
304		54.8042		-78.5249
305		69.2049		-41.871
306		71.1823		-5.92172
307		64.0754		28.1873
308		47.4671		61.3643
309		17.3577		91.3918
310		-28.9949		109.84
311		-86.7863		104.325
312		-140.795		65.8531
313		-169.262		-2.81206
314		-153.804		-83.3711
315		-90.5206		-146.501
316		4.23492		-163.811
317		97.7727		-121.738
318		154.005		-29.9859
319		149.548		80.7135
320		84.8225		171.295
321		-15.9356		211.617
322		-116.167		193.564
323		-184.29		133.18
324		-207.804		60.7148
325		-196.813		3.98105
326		-175.244		-25.873
327		-164.86		-38.3562
328		-171.214		-55.2147
329		-179.741		-94.4304
330		-164.583		-155.909
331		-105.501		-217.472
332		-3.44953		-244.219
333		114.373		-206.917
334		203.699		-99.7584
335		222.713		52.2482
336		152.267		200.851
337		6.50592		293.928
338		-171.616		297.333
339		-327.754		208.659
340		-417.883		56.5953
341		-423.877		-112.988
342		-356.217		-256.554
343		-244.069		-348.167
344		-119.41		-383.792
345		-4.21833		-374.453
346		93.0639		-334.148
347		171.692		-270.717
348		229.026		-185.104
349		254.837		-78.6288
350		234.282		37.6553
351		158.428		139.109
352		35.7226		193.631
353		-103.695		175.998
354		-215.51		82.9922
355		-258.576		-59.6808
356		-213.996		-204.096
357		-95.8768		-298.709
358		52.6853		-310.455
359		177.478		-239.442
360		236.682		-118.59
361		218.621		1.96477
362		145.04		78.1456
363		58.5269		91.3931
364		0.678062		54.8843
365		-7.83522		3.95877
366		24.5276		-23.7135
367		67.1747		-7.69139
368		85.121		45.8417
369		57.7239		108.989
370		-11.2678		147.86
371		-96.8976		140.207
372		-166.72		85.7084
373		-197.016		4.20724
374		-182.788		-76.0043
375		-136.934		-132.579
376		-80.3451		-158.116
377		-29.5729		-159.46
378		10.4591		-148.969
379		44.8479		-134.03
380		80.0332		-111.823
381		114.298		-72.7471
382		134.225		-10.3253
383		120.238		68.8766
384		58.7256		142.248
385		-46.1528		178.21
386		-168.353		150.719
387		-267.107		53.921
388		-302.932		-91.0278
389		-255.12		-241.319
390		-132.151		-348.287
391		30.2054		-376.574
392		182.408		-317.922
393		280.028		-193.517
394		299.527		-44.4373
395		244.459		84.7838
396		140.577		161.811
397		23.5081		175.043
398		-74.5883		132.861
399		-133.724		56.0361
400		-147.919		-31.6911
401		-121.788		-110.359
402		-65.6013		-166.115
403		7.99634		-190.492
404		84.825		-179.433
405		149.214		-133.999
406		185.65		-62.4038
407		183.055		19.0241
408		140.178		88.4493
409		68.7857		125.246
410		-8.38759		118.447
411		-65.4359		72.6266
412		-83.9224		7.43677
413		-61.2786		-50.0434
414		-12.3706		-77.1089
415		37.1689		-65.7608
416		62.9801		-26.2715
417		53.5414		18.0704
418		15.4323		42.5715
419		-30.3795		33.2868
420		-59.2782		-6.41013
421		-55.1976		-58.0304
422		-18.0764		-97.5335
423		36.9676		-107.073
424		87.8152		-82.8482
425		116.149		-35.3765
426		115.1		17.2391
427		90.1075		58.7579
428		53.4033		81.5658
429		16.0869		87.3672
430		-17.1862		82.2716
431		-47.8695		70.1224
432		-78.2671		48.8312
433		-105.327		12.4093
434		-118.224		-42.4029
435		-102.225		-109.235
436		-47.3986		-169.899
437		42.6335		-199.501
438		147.375		-177.235
439		234.545		-97.6674
440		272.138		23.5764
441		242.059		153.357
442		148.759		252.855
443		18.4682		292.503
444		-110.801		263.186
445		-203.855		178.676
446		-240.824		68.6152
447		-222.237		-34.1502
448		-165.213		-105.728
449		-93.7037		-137.523
450		-28.1608		-134.935
451		20.5		-110.553
452		50.7578		-76.4078
453		65.8556		-39.4884
454		68.5303		-2.11292
455		58.6049		34.4056
456		34.5572		66.2017
457		-2.66144		86.3237
458		-46.7869		87.8123
459		-86.9227		68.349
460		-111.89		33.189
461		-115.86		-5.99817
462		-101.809		-36.2521
463		-80.4028		-49.7401
464		-64.5731		-47.7986
465		-62.6228		-40.1185
466		-73.7		-39.3252
467		-88.2419		-53.8584
468		-93.2168		-83.0837
469		-79.2864		-117.338
470		-45.955		-142.841
471		-1.95712		-148.699
472		39.1452		-132.16
473		65.5259		-99.3911
474		72.1389		-61.7355
475		61.6759		-29.9099
476		41.4297		-9.61784
477		18.4696		-0.883335
478		-3.63718		-0.916809
479		-24.5812		-8.05524
480		-44.0718		-23.6924
481		-58.2947		-50.5576
482		-59.1663		-88.3171
483		-37.7854		-129.607
484		9.34843		-159.832
485		74.9981		-162.099
486		140.537		-125.499
487		181.559		-52.5561
488		177.878		38.5896
489		123.289		119.297
490		30.0752		161.167
491		-74.4186		147.624
492		-157.93		80.8784
493		-195.528		-19.033
494		-178.345		-122.515
495		-115.089		-201.83
496		-26.3743		-240.246
497		64.5502		-235.124
498		139.736		-194.669
499		189.635		-131.421
500		211.15		-56.8488
501		203.518		20.0357
502		165.923		90.289
503		99.1122		141.981
504		10.0257		160.28
505		-84.3486		132.453
506		-158.055		55.983
507		-183.887		-54.9402
508		-145.3		-169.574
509		-46.7626		-249.525
510		83.656		-263.762
511		202.472		-203.127
512		267.44		-86.8737
513		255.592		43.0508
514		174.103		138.512
515		58.2493		165.48
516		-43.2991		118.781
517		-89.4496		24.2397
518		-64.3211		-72.9956
519		16.5806		-128.576
520		114.301		-118.163
521		184.431		-46.9799
522		196.496		54.2044
523		145.856		143.997
524		53.3152		188.595
525		-46.1968		174.732
526		-119.463		112.139
527		-147.527		25.8535
528		-129.753		-56.4036
529		-79.1673		-114.938
530		-13.323		-142.168
531		53.4801		-139.76
532		112.678		-112.477
533		158.656		-63.75
534		184.295		3.92714
535		179.417		84.5009
536		134.547		163.764
537		48.4968		219.303
538		-64.9917		227.12
539		-176.756		172.804
540		-250.233		61.6492
541		-255.663		-78.4351
542		-184.163		-204.335
543		-54.4958		-273.445
544		91.7307		-261.105
545		205.252		-171.692
546		248.424		-37.8598
547		210.045		92.1514
548		109.105		173.64
549		-14.0148		182.528
550		-114.589		123.072
551		-161.009		23.4588
552		-145.107		-77.8229
553		-81.676		-147.986
554		1.19682		-171.129
555		75.3811		-150.481
556		123.041		-102.32
557		140.008		-46.0357
558		132.228		4.13246
559		108.843		42.0284
560		76.5504		67.118
561		38.2457		79.6498
562		-4.19172		77.3894
563		-45.8444		56.3237
564		-77.0145		14.7866
565		-85.7521		-42.0166
566		-63.7151		-100.631
567		-12.0323		-142.917
568		56.5898		-153.392
569		121.444		-126.722
570		161.925		-71.2793
571		166.39		-6.46988
572		137.365		45.2392
573		90.3724		67.9272
574		46.8392		58.84
575		24.4738		28.886
576		29.7205		-3.09093
577		55.7471		-19.3306
578		86.6083		-11.0751
579		105.224		18.2235
580		101.164		55.5033
581		74.6703		84.7462
582		35.4959		94.1808
583		-2.24135		80.69
584		-26.2578		49.8564
585		-30.3953		12.4012
586		-15.4868		-20.6329
587		12.7299		-41.4804
588		46.7969		-46.7577
589		79.8781		-36.4768
590		106.381		-12.4752
591		121.406		22.281
592		120.409		63.1213
593		100.193		102.71
594		61.1676		131.207
595		9.5427		138.547
596		-42.395		118.461
597		-79.062		72.4468
598		-86.9399		11.3629
599		-60.4002		-46.8633
600		-5.17951		-83.1175
601		62.538		-84.3351
602		121.528		-48.906
603		153.343		12.3435
604		149.175		80.2422
605		112.731		134.724
606		57.8814		162.337
607		2.31412		160.507
608		-39.778		136.835
609		-62.5881		104.131
610		-69.1198		73.8627
611		-67.3901		51.3259
612		-64.739		34.7637
613		-63.4014		18.5244
614		-59.6714		-1.78199
615		-46.9692		-25.1629
616		-20.983		-44.5636
617		16.0953		-50.1372
618		54.7746		-34.7883
619		81.645		0.988007
620		85.4341		47.7145
621		62.7406		90.0242
622		20.461		112.991
623		-26.5216		108.731
624		-61.4879		80.0599
625		-73.0452		39.3334
626		-59.9096		2.93634
627		-31.0268		-16.0062
628		-0.992645		-13.2358
629		16.9879		5.35893
630		17.1832		27.3173
631		3.53787		40.1971
632		-12.9916		37.8859
633		-20.5498		23.5137
634		-12.8298		7.56698
635		7.39355		2.20023
636		29.4219		14.6347
637		39.9065		42.9743
638		29.6142		76.5551
639		-1.67307		100.688
640		-44.5465		103.482
641		-83.9464		81.4327
642		-105.782		41.0997
643		-103.006		-3.84692
644		-78.3067		-38.6923
645		-42.305		-53.8801
646		-8.35273		-48.455
647		13.3881		-29.3362
648		19.7432		-7.11948
649		14.6007		9.25003
650		5.63348		16.2327
651		-0.315269		16.2008
652		-0.674797		14.8338
653		2.24071		17.1423
654		3.45197		24.4218
655		-1.1658		33.7232
656		-12.1784		39.9003
657		-26.1905		38.8435
658		-37.8109		29.9368
659		-42.6795		16.3598
660		-39.7162		3.20296
661		-31.3224		-5.3399
662		-21.5754		-7.95426
663		-13.6819		-6.21502
664		-8.37766		-2.7697
665		-4.29662		0.971842
666		-0.0148811		5.97018
667		3.70501		14.5899
668		3.204		28.018
669		-6.37888		43.7527
670		-27.6751		55.0707
671		-57.8802		53.3855
672		-87.9585		32.6977
673		-105.342		-6.1096
674		-99.3115		-53.6795
675		-66.5678		-94.6848
676		-14.0736		-113.739
677		42.6444		-102.12
678		85.3217		-62.0431
679		100.366		-6.24534
680		84.384		47.1064
681		45.2035		81.8487
682		-2.0284		90.0949
683		-41.6615		74.4655
684		-63.8965		45.4829
685		-67.7024		15.7761
686		-59.249		-5.76661
687		-47.1862		-16.9837
688		-37.6335		-21.4156
689		-31.6303		-24.3991
690		-26.1498		-28.9144
691		-17.6153		-33.7295
692		-5.41735		-34.8126
693		6.94215		-28.8823
694		13.8713		-16.6121
695		11.5909		-3.20731
696		1.33531		4.27525
697		-10.4365		1.37695
698		-15.3403		-10.3139
699		-8.18239		-23.1146
700		9.1358		-27.0915
701		27.5227		-15.9211
702		34.9721		8.54401
703		23.2081		35.8861
704		-6.89003		51.6371
705		-44.3107		44.662
706		-72.3703		13.5757
707		-76.646		-31.3989
708		-52.3794		-72.4663
709		-7.4138		-92.4053
710		41.0622		-82.7654
711		74.4582		-47.8933
712		81.4086		-2.67992
713		62.6833		34.8047
714		29.9412		51.94
715		-0.848083		46.9807
716		-17.6819		28.5956
717		-18.0613		10.0495
718		-8.95696		1.43357
719		-1.51315		4.31042
720		-3.70794		11.6741
721		-15.2623		13.0617
722		-27.7361		1.71954
723		-29.7427		-20.4297
724		-14.2555		-43.0144
725		16.2707		-52.656
726		50.0576		-40.6423
727		71.5896		-8.4955
728		69.7048		31.8145
729		43.7951		63.3509
730		4.67046		72.5783
731		-30.494		56.2029
732		-46.5254		22.853
733		-37.5644		-11.2636
734		-9.5626		-30.3918
735		23.1819		-26.7267
736		45.4294		-3.56461
737		48.3488		27.2651
738		33.0518		51.9899
739		8.79224		61.7979
740		-12.7563		56.4381
741		-23.7463		42.9565
742		-23.5294		30.7631
743		-17.6475		26.1415
744		-13.5193		29.3296
745		-15.6909		35.5491
746		-23.5152		38.9212
747		-32.4348		36.5714
748		-37.744		30.2917
749		-38.2008		24.8144
750		-37.0429		23.9646
751		-39.6822		27.3379
752		-49.5368		29.8483
753		-64.7534		24.685
754		-78.1522		8.00834
755		-80.8161		-17.5368
756		-67.4622		-42.9107
757		-40.4649		-56.7631
758		-9.94222		-51.5172
759		10.562		-28.1159
760		10.7636		3.37996
761		-10.8033		27.9835
762		-45.3983		32.801
763		-77.7453		13.3169
764		-92.9861		-24.2831
765		-83.4183		-65.916
766		-51.6981		-96.0286
767		-9.10801		-104.351
768		29.925		-89.6988
769		54.0714		-59.2925
770		59.0255		-24.4892
771		47.5973		4.45787
772		26.6737		21.8627
773		3.30989		26.9686
774		-17.7199		21.8697
775		-33.9272		8.99374
776		-43.4819		-9.95221
777		-43.8439		-33.033
778		-32.2094		-56.2711
779		-7.83443		-72.9363
780		25.3497		-75.2953
781		58.064		-58.4625
782		78.2924		-24.2633
783		76.5192		17.5275
784		51.0375		52.0841
785		10.2073		65.7808
786		-30.1616		52.8705
787		-53.5726		18.9956
788		-50.5995		-20.703
789		-23.6428		-48.3467
790		13.9752		-51.738
791		44.3455		-30.158
792		53.6038		5.4961
793		38.4392		38.3406
794		7.1541		53.9498
795		-25.1425		47.192
796		-44.4958		23.9648
797		-44.8918		-2.83009
798		-30.3403		-20.5901
799		-11.4597		-23.4288
800		1.13459		-14.2467
801		2.64449		-1.64415
802		-4.20566		6.09756
803		-12.2811		6.1153
804		-15.7043		2.0015
805		-14.2665		0.268486
806		-13.5953		4.67286
807		-20.81		12.291
808		-38.3843		14.2691
809		-60.3363		1.27618
810		-73.7348		-29.4179
811		-65.3903		-69.7338
812		-30.2713		-102.663
813		23.3213		-110.074
814		75.4444		-82.6816
815		103.057		-26.6641
816		91.4583		37.198
817		42.6374		82.2189
818		-24.222		88.3543
819		-80.925		52.2588
820		-103.35		-10.5189
821		-82.8872		-72.6347
822		-30.3536		-107.925
823		29.6792		-103.702
824		71.2016		-66.1197
825		79.3322		-15.985
826		56.6817		22.5686
827		20.4404		34.4335
828		-7.89703		20.3994
829		-14.3913		-4.84629
830		0.344177		-22.1047
831		22.6044		-18.9917
832		34.3629		3.1293
833		24.2		30.3295
834		-5.82559		44.5203
835		-41.1654		34.1793
836		-62.9553		1.28837
837		-58.6851		-39.3979
838		-29.3454		-68.2812
839		10.9113		-71.5595
840		42.3309		-48.6543
841		50.0752		-12.3821
842		31.8887		18.0786
843		-1.18105		27.4114
844		-31.1675		11.9272
845		-42.9281		-19.2308
846		-31.8084		-49.779
847		-5.1778		-65.4096
848		22.6205		-61.1418
849		38.6845		-42.9825
850		38.4144		-23.3871
851		27.0802		-13.538
852		15.6108		-17.0909
853		13.4879		-28.8999
854		23.1542		-39.1028
855		39.1949		-39.7387
856		52.5042		-29.6759
857		56.5756		-14.8442
858		51.8139		-3.77757
859		45.0801		-1.44943
860		44.7316		-5.47153
861		54.3285		-7.28149
862		69.1528		2.19279
863		78.081		25.8175
864		70.0871		56.8
865		41.6706		81.0668
866		0.639267		84.6075
867		-36.454		61.8173
868		-52.3289		19.9648
869		-38.2758		-23.1611
870		0.446167		-47.6152
871		46.3679		-41.3994
872		78.116		-6.85898
873		81.0117		40.2148
874		54.3414		78.4519
875		11.4085		91.6158
876		-27.6282		76.4772
877		-46.2272		43.7279
878		-39.61		11.6291
879		-16.3231		-3.97037
880		7.34659		2.25289
881		16.745		23.1486
882		6.70737		44.0528
883		-16.3501		51.5468
884		-38.9437		40.9287
885		-48.7316		18.261
886		-41.5451		-3.86717
887		-23.2595		-14.0893
888		-5.68738		-8.83798
889		0.803253		6.05986
890		-6.59028		19.4878
891		-21.8723		22.1467
892		-34.4844		12.2296
893		-36.2484		-3.79566
894		-26.6257		-15.7033
895		-12.9719		-16.4392
896		-5.56625		-7.04613
897		-10.4908		3.65449
898		-24.8839		4.65408
899		-37.7945		-9.67959
900		-36.5149		-34.7872
901		-14.8433		-57.1556
902		21.7144		-61.405
903		57.2863		-39.4407
904		73.3354		3.62874
905		58.7583		50.5738
906		16.7627		80.0666
907		-35.5839		77.6035
908		-75.3185		43.4338
909		-85.0507		-6.98983
910		-61.8475		-50.5429
911		-18.698		-68.087
912		22.3188		-54.0718
913		41.5421		-18.9552
914		31.7539		16.8071
915		1.38182		33.8853
916		-30.7086		24.2538
917		-45.8359		-5.03014
918		-35.6532		-36.3275
919		-6.32626		-51.5173
920		25.3649		-42.0228
921		41.6254		-13.2791
922		33.5013		18.6372
923		5.57435		36.1124
924		-26.9094		29.638
925		-46.6198		2.6795
926		-43.4942		-30.7104
927		-19.6912		-53.8959
928		12.3557		-56.5996
929		37.3294		-39.7992
930		45.4358		-14.1082
931		37.0585		7.03059
932		21.2823		15.1361
933		9.55108		10.9263
934		8.48102		2.76466
935		16.1463		0.584919
936		23.9021		9.19318
937		22.413		25.0757
938		8.04419		38.5983
939		-14.3702		40.1618
940		-34.1049		26.47
941		-40.9105		3.01796
942		-31.286		-18.7949
943		-10.806		-28.2435
944		8.99		-21.6025
945		17.3524		-4.37468
946		10.7002		11.9978
947		-5.24096		17.0489
948		-18.91		7.72162
949		-20.0146		-9.58126
950		-6.06452		-22.6749
951		15.6261		-20.9439
952		31.8149		-2.06254
953		30.973		25.9559
954		10.2852		48.7665
955		-22.1309		53.6063
956		-51.2396		36.6256
957		-63.1881		5.37984
958		-52.9418		-25.0561
959		-27.0952		-40.246
960		-0.214397		-34.2414
961		13.2511		-12.683
962		6.91148		10.5949
963		-14.2546		21.4955
964		-37.0576		13.5918
965		-47.8464		-8.45426
966		-40.3611		-31.8764
967		-19.1815		-43.3872
968		3.15276		-36.9265
969		13.5977		-17.0881
970		6.25032		3.7119
971		-14.2767		12.6014
972		-35.6781		3.8018
973		-45.2661		-18.0683
974		-37.4333		-40.8478
975		-16.8581		-52.1227
976		4.42882		-46.612
977		14.3664		-29.2522
978		8.20746		-12.1236
979		-8.52559		-7.01455
980		-23.3126		-18.0473
981		-24.2824		-38.8151
982		-7.73191		-55.8757
983		19.0101		-56.6959
984		41.2579		-37.4496
985		45.2471		-6.02625
986		26.3226		21.7099
987		-7.74628		30.4896
988		-40.4072		14.259
989		-55.0577		-20.0712
990		-44.0537		-55.9914
991		-12.9414		-76.1115
992		22.4973		-71.4293
993		44.7705		-46.0036
994		44.0286		-14.4649
995		23.0594		6.18063
996		-4.76642		5.81472
997		-23.3017		-13.6373
998		-22.6641		-39.9307
999		-4.38909		-57.9358
1000		20.1078		-58.3894
1001		36.6788		-42.9173
1002		36.9136		-22.5335
1003		22.9618		-10.65
1004		5.94949		-14.8184
1005		-0.986156		-32.102
1006		9.13998		-50.8042
1007		32.664		-57.5112
1008		57.1341		-45.2726
1009		68.4713		-18.0679
1010		59.2399		11.1228
1011		33.1675		27.5694
1012		3.22746		23.1592
1013		-15.6372		0.99868
1014		-14.9276		-26.4487
1015		2.76157		-44.6125
1016		25.572		-45.2172
1017		39.6139		-30.9106
1018		37.3402		-13.3901
1019		22.1103		-6.11628
1020		6.19585		-15.9051
1021		3.33477		-38.4061
1022		20.1797		-60.2381
1023		51.7175		-66.668
1024		83.4906		-50.4188
1025		99.5061		-16.4367
1026		91.3576		20.2999
1027		63.2797		42.846
1028		30.1038		41.7067
1029		9.14223		20.2122
1030		10.5472		-7.30894
1031		31.6442		-23.6137
1032		58.5332		-18.3369
1033		74.1139		6.10293
1034		67.9962		35.9107
1035		42.6188		53.9037
1036		12.0077		49.5639
1037		-6.21314		25.3935
1038		-1.0728		-4.14107
1039		25.0752		-20.6055
1040		57.3411		-12.0967
1041		76.2416		19.6709
1042		68.4425		59.7523
1043		34.3288		87.7267
1044		-11.8396		88.5936
1045		-49.3135		60.818
1046		-61.7317		17.1209
1047		-45.536		-22.3641
1048		-11.3917		-40.7376
1049		22.0041		-32.9341
1050		38.1536		-7.66894
1051		31.3301		18.0953
1052		8.88133		28.8499
1053		-13.727		18.9075
1054		-22.0585		-5.11863
1055		-10.7615		-28.8216
1056		13.9211		-38.635
1057		38.3333		-29.533
1058		49.5922		-7.47832
1059		42.9251		14.5298
1060		23.9974		24.2483
1061		5.12178		17.1597
1062		-2.17706		-1.37296
1063		6.25553		-19.8013
1064		25.2943		-27.5018
1065		44.2212		-20.9434
1066		53.5735		-5.26058
1067		50.8893		9.55396
1068		41.8566		15.35
1069		36.2313		11.1958
1070		41.1142		4.05997
1071		55.8126		4.32129
1072		71.581		18.8285
1073		76.5841		45.8038
1074		63.2118		74.8682
1075		33.3407		92.4369
1076		-1.77972		89.4778
1077		-27.2221		67.0902
1078		-32.546		36.4939
1079		-17.7523		13.2058
1080		6.4991		8.58324
1081		24.6874		23.5253
1082		25.049		47.9844
1083		6.13441		66.6502
1084		-22.4587		67.6217
1085		-45.6295		49.1329
1086		-51.4466		20.4728
1087		-37.978		-3.44369
1088		-14.3396		-10.7432
1089		4.66365		0.494888
1090		7.23233		21.0946
1091		-8.41465		36.1138
1092		-32.796		33.6136
1093		-50.4807		11.8258
1094		-48.9713		-19.452
1095		-26.0871		-44.1182
1096		8.4078		-48.7598
1097		37.9339		-30.2922
1098		48.1397		2.10072
1099		34.7836		31.8565
1100		6.02834		44.0222
1101		-22.1159		33.3025
1102		-34.6014		6.68872
1103		-25.4393		-20.7197
1104		-0.583782		-34.2488
1105		25.8886		-27.6693
1106		39.9874		-6.22114
1107		35.6557		16.9196
1108		17.8211		28.5361
1109		-0.945999		22.9959
1110		-8.06181		5.2442
1111		1.67176		-12.4353
1112		23.1852		-17.8463
1113		44.3455		-6.06483
1114		53.2335		17.8211
1115		45.1285		41.9408
1116		25.0697		54.821
1117		4.53215		52.1837
1118		-5.7296		39.2876
1119		-2.33274		27.4163
1120		8.6383		26.6276
1121		15.4307		39.1541
1122		8.11985		57.52
1123		-14.6776		68.6854
1124		-44.0125		61.9377
1125		-65.0649		35.9221
1126		-65.515		0.542336
1127		-43.078		-27.6811
1128		-7.75445		-34.442
1129		22.7706		-15.7964
1130		32.2811		19.023
1131		14.7885		51.9093
1132		-21.9589		65.1357
1133		-60.2504		50.6027
1134		-81.511		14.0601
1135		-75.8318		-27.9925
1136		-46.8066		-57.02
1137		-9.14319		-62.0294
1138		19.5244		-44.8479
1139		28.0603		-18.3719
1140		17.3572		1.05426
1141		-0.904259		2.79515
1142		-11.3548		-12.4345
1143		-3.79819		-33.4167
1144		21.101		-45.0734
1145		52.3284		-37.0473
1146		74.7344		-9.42677
1147		77.3307		27.4328
1148		59.0366		58.6673
1149		28.8388		72.8575
1150		0.537598		67.7333
1151		-14.7707		50.6328
1152		-14.2408		33.7704
1153		-3.94163		27.2339
1154		5.39752		33.7149
1155		4.85016		47.768
1156		-7.80125		59.6745
1157		-27.3558		61.3908
1158		-44.7594		51.0546
1159		-52.5815		33.5934
1160		-49.1124		17.3909
1161		-38.8244		9.25324
1162		-29.2307		10.7424
1163		-26.2921		17.9094
1164		-31.2281		24.2853
1165		-40.527		25.0279
1166		-48.8605		19.5635
1167		-52.8044		11.1758
1168		-52.8658		4.03947
1169		-52.5277		-0.153107
1170		-55.0421		-3.58695
1171		-60.246		-10.6914
1172		-63.7306		-24.4799
1173		-59.216		-43.319
1174		-42.8547		-60.4909
1175		-16.7734		-67.2588
1176		10.6218		-57.9151
1177		28.2294		-33.858
1178		28.012		-4.05027
1179		9.72696		18.8241
1180		-18.2316		24.6712
1181		-42.6634		11.352
1182		-52.1901		-13.9757
1183		-43.1202		-38.4656
1184		-21.2803		-50.2958
1185		1.26767		-44.84
1186		12.8522		-26.8865
1187		8.48676		-7.67805
1188		-7.66887		1.54026
1189		-25.0178		-4.19338
1190		-32.7993		-20.9933
1191		-26.2934		-38.6889
1192		-9.38364		-46.9676
1193		7.96701		-41.4857
1194		15.8084		-26.367
1195		10.2547		-11.6257
1196		-4.09845		-7.03256
1197		-16.8651		-16.0529
1198		-18.1311		-33.4841
1199		-4.61382		-48.2799
1200		17.9651		-50.0029
1201		37.8155		-35.166
1202		43.7457		-9.69487
1203		31.7453		14.0675
1204		7.6114		24.234
1205		-16.0488		16.2317
1206		-26.878		-4.35077
1207		-19.9265		-24.7132
1208		-0.775436		-32.0732
1209		17.3087		-21.1599
1210		20.7548		2.31013
1211		3.55614		24.2821
1212		-28.7941		29.8325
1213		-61.61		11.4217
1214		-78.4317		-26.614
1215		-69.5818		-69.8541
1216		-37.2328		-100.949
1217		5.73515		-108.291
1218		42.408		-91.5506
1219		60.3677		-61.1927
1220		57.4704		-32.4182
1221		41.8826		-17.0006
1222		26.6196		-17.5277
1223		21.8456		-27.0834
1224		29.3229		-34.2791
1225		42.0428		-30.5541
1226		49.0515		-15.4846
1227		42.5349		2.91248
1228		23.0027		12.9697
1229		-0.426155		6.43176
1230		-14.8061		-16.2893
1231		-10.501		-45.6769
1232		13.3343		-67.7528
1233		47.9595		-71.2245
1234		79.3313		-53.2169
1235		95.0528		-20.5431
1236		90.2123		14.0038
1237		69.0945		38.137
1238		42.1377		45.7526
1239		20.1282		38.8762
1240		8.98307		25.2046
1241		7.87732		13.053
1242		11.3604		6.81156
1243		13.7685		5.4593
1244		13.0351		4.66752
1245		11.5841		0.832123
1246		13.9264		-5.72074
1247		22.6766		-10.4789
1248		35.6839		-7.64389
1249		46.2782		5.63075
1250		46.6957		26.3795
1251		32.7581		46.3006
1252		7.01739		55.5641
1253		-21.6227		47.9477
1254		-41.8186		24.4437
1255		-45.2243		-6.73289
1256		-30.5659		-33.8258
1257		-4.21231		-46.9886
1258		22.9823		-42.6621
1259		40.7965		-24.7111
1260		44.0252		-1.97479
1261		34.0179		16.2078
1262		16.9577		24.031
1263		0.234215		20.8668
1264		-10.9061		10.1283
1265		-14.7506		-3.45431
1266		-12.2929		-16.2591
1267		-5.31351		-26.5563
1268		5.01003		-33.6417
1269		17.996		-36.494
1270		32.19		-33.393
1271		44.2874		-23.099
1272		49.6075		-6.84949
1273		44.4113		10.4739
1274		28.8876		21.4274
1275		8.76978		19.4131
1276		-6.02888		2.83284
1277		-5.75312		-22.5024
1278		13.7999		-44.6329
1279		47.7799		-50.436
1280		83.015		-32.1972
1281		103.237		7.59961
1282		96.5897		56.0613
1283		61.7355		94.8501
1284		9.31226		108.2
1285		-42.2597		90.1282
1286		-74.7371		47.2285
1287		-77.9157		-4.36712
1288		-53.5622		-46.3165
1289		-13.646		-65.9652
1290		25.9335		-60.9357
1291		52.6713		-38.4197
1292		62.0583		-10.0773
1293		57.4268		14.2902
1294		45.7866		30.7336
1295		32.5893		40.9003
1296		18.744		48.2778
1297		1.57998		53.787
1298		-21.1534		53.8683
1299		-47.1751		42.52
1300		-68.5472		16.1153
1301		-74.8237		-22.1528
1302		-59.0187		-61.4171
1303		-22.9185		-87.1191
1304		21.7512		-88.1539
1305		57.6653		-63.3575
1306		69.979		-23.4777
1307		54.031		12.9987
1308		18.4137		28.4476
1309		-18.5815		14.8402
1310		-37.6267		-22.0135
1311		-27.7787		-65.1065
1312		8.23145		-94.5415
1313		55.6205		-97.2349
1314		95.2101		-72.9716
1315		113.029		-33.7169
1316		106.767		3.27193
1317		85.7802		24.6684
1318		64.8904		27.5851
1319		55.6443		19.931
1320		59.9891		14.6752
1321		69.8647		21.4889
1322		72.7851		40.666
1323		60.0412		62.849
1324		32.6546		74.7176
1325		1.49432		67.3147
1326		-18.6651		42.099
1327		-17.8295		11.0248
1328		2.80522		-9.67459
1329		30.6033		-8.68902
1330		47.8997		13.3536
1331		41.7959		43.2097
1332		12.0122		61.4517
1333		-27.6959		52.8575
1334		-55.7072		15.3007
1335		-53.3909		-37.7245
1336		-15.1498		-82.5869
1337		47.5716		-96.5124
1338		110.534		-68.7011
1339		147.265		-6.07137
1340		140.872		69.1793
1341		91.4807		128.957
1342		16.0047		151.055
1343		-59.303		127.857
1344		-109.668		68.3174
1345		-120.92		-7.03614
1346		-93.1897		-75.0431
1347		-38.4079		-118.378
1348		26.1601		-130.026
1349		84.7099		-112.764
1350		127		-75.2203
1351		148.827		-27.3973
1352		150.092		22.0144
1353		132.696		65.9359
1354		99.9193		98.0087
1355		57.3037		112.363
1356		13.6172		105.123
1357		-19.8928		77.0841
1358		-32.6798		35.6925
1359		-19.4626		-5.68086
1360		16.2311		-31.8164
1361		61.924		-31.7265
1362		100.308		-3.88266
1363		116.203		42.2741
1364		103.213		89.776
1365		66.7504		121.28
1366		21.7184		126.676
1367		-14.2498		107.495
1368		-28.8553		75.8947
1369		-20.6273		48.6711
1370		0.791496		39.1686
1371		19.6517		51.0009
1372		21.9049		76.5676
1373		2.00296		100.967
1374		-34.5297		109.287
1375		-73.8341		93.6871
1376		-100.269		56.9548
1377		-103.539		10.9992
1378		-83.0574		-28.7433
1379		-47.6932		-50.192
1380		-11.3055		-49.5622
1381		13.6033		-32.2552
1382		21.1074		-9.60811
1383		13.694		6.69731
1384		0.175873		9.85651
1385		-9.04451		0.479431
1386		-7.00835		-14.4713
1387		6.7599		-25.5801
1388		26.4381		-25.7552
1389		43.0439		-13.6728
1390		48.9773		5.60977
1391		41.8826		23.0752
1392		26.0974		30.0943
1393		11.004		22.7835
1394		6.90972		4.43552
1395		20.1361		-15.1564
1396		49.4141		-23.4058
1397		85.2636		-10.322
1398		112.911		26.5857
1399		117.857		80.0387
1400		91.9912		134.594
1401		37.7344		171.837
1402		-31.7386		177.309
1403		-96.6024		146.428
1404		-137.419		86.8489
1405		-142.354		16.1041
1406		-111.582		-44.7014
1407		-57.013		-78.589
1408		2.54237		-78.6176
1409		48.6533		-49.5848
1410		69.825		-5.00557
1411		64.6076		39.0213
1412		40.2435		70.1159
1413		7.99013		83.2901
1414		-22.2667		80.693
1415		-45.4137		68.2161
1416		-61.1704		51.2694
1417		-71.4291		32.2242
1418		-77.0057		10.7746
1419		-76.1104		-13.4394
1420		-65.6124		-38.0651
1421		-44.2517		-57.3595
1422		-15.5175		-64.5086
1423		12.1192		-55.8375
1424		28.457		-34.3272
1425		26.9372		-9.87794
1426		9.17509		4.58559
1427		-14.3032		-0.368988
1428		-28.2467		-24.9098
1429		-20.1999		-58.3477
1430		12.3604		-83.236
1431		59.245		-83.6711
1432		101.151		-53.8245
1433		118.421		-2.20277
1434		100.874		50.9949
1435		53.7617		82.6336
1436		-3.45374		77.5106
1437		-45.2734		36.0358
1438		-51.5655		-25.1758
1439		-16.7573		-80.2659
1440		47.5988		-105.379
1441		118.036		-88.8395
1442		169.494		-35.5133
1443		185.702		36.3908
1444		164.78		104.077
1445		117.899		149.888
1446		62.3956		167.325
1447		13.381		160.981
1448		-21.8098		141.367
1449		-43.9939		118.146
1450		-58.0917		95.6936
1451		-67.7877		73.1112
1452		-72.4251		47.942
1453		-67.9462		20.6566
1454		-50.9946		-3.33341
1455		-23.2519		-15.6571
1456		7.09327		-9.86928
1457		28.08		13.7954
1458		29.6315		46.9001
1459		8.96299		75.7792
1460		-27.4344		87.6209
1461		-66.5127		76.3891
1462		-94.6831		45.3406
1463		-103.839		4.82098
1464		-94.1317		-33.2814
1465		-72.1985		-61.1722
1466		-46.209		-77.6992
1467		-20.9469		-86.6038
1468		4.0237		-91.9402
1469		32.0838		-93.8827
1470		64.847		-87.8719
1471		98.3642		-67.8882
1472		123.178		-31.8711
1473		128.804		14.3446
1474		110.288		57.6292
1475		72.82		83.1446
1476		31.0698		82.2136
1477		2.8013		57.9692
1478		-0.250671		25.055
1479		20.7736		2.7662
1480		51.5265		4.8232
1481		71.5391		31.2724
1482		65.461		67.3453
1483		32.5068		90.6129
1484		-11.3704		83.2287
1485		-40.4898		42.9332
1486		-32.6537		-13.348
1487		18.0331		-55.9462
1488		95.5938		-56.3727
1489		167.345		-2.04874
1490		197.9		95.6305
1491		165.5		204.307
1492		72.7958		283.736
1493		-53.2648		302.907
1494		-172.43		253.167
1495		-247.813		151.324
1496		-260.4		31.6302
1497		-214.957		-69.1035
1498		-135.325		-126.04
1499		-52.2712		-133.982
1500		9.69484		-105.556
1501		40.3871		-62.1162
1502		43.9923		-22.8169
1503		32.6104		2.56863
1504		17.8591		14.3172
1505		5.37173		18.0224
1506		-5.39905		18.3617
1507		-17.1282		15.4864
1508		-29.8041		5.9416
1509		-38.7127		-13.1107
1510		-36.6182		-39.6976
1511		-18.6165		-66.0543
1512		13.7001		-81.8325
1513		51.7553		-79.6475
1514		83.8424		-59.4688
1515		101.173		-28.9368
1516		102.453		0.843277
1517		94.0606		21.6304
1518		85.5367		32.6337
1519		83.0268		40.3879
1520		84.7609		53.7424
1521		81.6458		76.8528
1522		63.0702		104.543
1523		24.7791		123.308
1524		-25.9019		118.063
1525		-71.0845		81.2894
1526		-89.8353		19.4348
1527		-68.7163		-47.4465
1528		-9.84637		-93.4225
1529		68.0936		-98.3489
1530		137.005		-57.7
1531		171.517		14.5566
1532		160.267		91.7593
1533		110.748		146.361
1534		45.3454		162.021
1535		-9.41781		140.126
1536		-35.0432		97.7705
1537		-28.7315		58.5062
1538		-3.1025		40.6956
1539		21.415		49.2364
1540		27.3421		74.415
1541		8.63045		97.9078
1542		-27.027		102.461
1543		-62.6117		80.3162
1544		-80.1951		36.5326
1545		-69.0444		-13.7536
1546		-29.8276		-52.16
1547		26.3224		-64.4157
1548		82.5842		-45.1213
1549		122.376		1.37747
1550		133.998		63.2713
1551		112.944		124.94
1552		62.2565		170.447
1553		-8.1073		186.389
1554		-82.4168		164.48
1555		-141.21		104.219
1556		-165.013		15.0995
1557		-139.834		-83.1083
1558		-63.1256		-163.58
1559		52.427		-199.498
1560		179.885		-173.203
1561		284.837		-83.9081
1562		336.292		49.7561
1563		317.669		194.375
1564		233.18		312.414
1565		106.6		374.87
1566		-27.3053		370.701
1567		-135.082		309.15
1568		-195.358		214.358
1569		-203.763		115.149
1570		-170.663		34.8705
1571		-113.895		-14.3792
1572		-50.7436		-31.5231
1573		6.87133		-21.9111
1574		52.5063		7.95619
1575		82.1016		53.0038
1576		91.022		108.394
1577		74.1054		166.349
1578		29.2054		214.328
1579		-38.1017		237.2
1580		-112.39		223.382
1581		-171.578		171.963
1582		-195.172		96.3887
1583		-174		21.523
1584		-116.239		-25.7626
1585		-45.8133		-28.5411
1586		7.10406		11.5636
1587		19.5409		73.9071
1588		-13.2867		127.467
1589		-75.0788		144.942
1590		-135.502		115.666
1591		-164.114		50.9887
1592		-144.595		-20.6545
1593		-82.447		-66.7079
1594		-2.54861		-65.3092
1595		62.1162		-14.9374
1596		84.9883		65.4272
1597		56.8559		145.219
1598		-11.5664		195.563
1599		-95.8036		200.497
1600		-168.717		161.31
1601		-210.815		93.068
1602		-215.24		16.3018
1603		-186.278		-51.2395
1604		-133.822		-98.7886
1605		-67.9214		-121.761
1606		3.28957		-118.17
1607		71.8471		-85.9281
1608		126.807		-23.6635
1609		153.288		65.1139
1610		135.995		167.471
1611		66.5249		260.072
1612		-49.1811		314.152
1613		-187.835		305.557
1614		-313.225		225.713
1615		-387.457		88.1502
1616		-384.772		-73.2631
1617		-302.011		-214.552
1618		-160.932		-296.525
1619		-1.10625		-298.253
1620		133.706		-223.671
1621		210.106		-98.8866
1622		214.808		38.1386
1623		156.36		150.879
1624		59.2079		215.148
1625		-46.4617		223.987
1626		-134.605		185.937
1627		-189.448		118.848
1628		-206.724		42.6185
1629		-191.142		-26.2761
1630		-152.328		-77.2771
1631		-101.252		-105.713
1632		-47.9965		-111.555
1633		-0.66996		-98.058
1634		35.1778		-70.6341
1635		56.9792		-35.7142
1636		65.1997		0.662262
1637		62.5797		34.3059
1638		52.489		63.6817
1639		37.0168		89.3995
1640		15.8861		112.395
1641		-12.9386		131.717
1642		-51.0059		143.324
1643		-96.6402		140.954
1644		-143.41		118.986
1645		-181.044		75.9547
1646		-198.738		16.7733
1647		-189.388		-47.7693
1648		-152.624		-104.241
1649		-95.0556		-141.02
1650		-27.6713		-151.748
1651		38.099		-136.181
1652		93.4636		-98.3753
1653		132.975		-43.7722
1654		153		22.6756
1655		149.699		96.0314
1656		118.687		169.061
1657		57.5015		230.223
1658		-30.1347		264.415
1659		-131.009		257.524
1660		-223.079		203.337
1661		-281.355		109.304
1662		-287.295		-2.63892
1663		-237.529		-101.949
1664		-147.204		-160.427
1665		-45.4002		-163.522
1666		36.0556		-116.439
1667		75.4781		-41.6305
1668		69.6662		31.5926
1669		33.4222		80.4326
1670		-9.65777		98.2567
1671		-40.4164		95.5013
1672		-54.3615		91.289
1673		-63.2191		100.225
1674		-86.6654		121.679
1675		-138.467		137.835
1676		-214.613		122.316
1677		-290.431		55.4386
1678		-329.274		-61.7533
1679		-299.319		-202.461
1680		-190.485		-321.698
1681		-22.9156		-373.784
1682		157.771		-331.948
1683		296.899		-200.905
1684		351.654		-16.4288
1685		307.204		167.9
1686		181.113		300.712
1687		14.8109		350.71
1688		-143.207		315.054
1689		-254.48		215.888
1690		-300.843		88.2616
1691		-284.887		-33.8659
1692		-222.714		-127.165
1693		-134.384		-181.093
1694		-37.3063		-194.194
1695		55.109		-168.87
1696		131.078		-108.795
1697		178.179		-20.2937
1698		184.468		84.3552
1699		143.373		185.59
1700		59.4356		260.054
1701		-49.4386		288.542
1702		-156.156		264.625
1703		-234.261		198.854
1704		-268.937		115.189
1705		-263.249		40.4834
1706		-235.693		-8.02332
1707		-209.609		-30.5377
1708		-199.718		-43.1851
1709		-203.1		-67.3043
1710		-200.097		-114.917
1711		-165.511		-178.328
1712		-84.7751		-230.214
1713		33.4228		-235.332
1714		155.44		-168.79
1715		234.067		-31.9061
1716		228.553		142.806
1717		124.12		300.993
1718		-58.448		386.773
1719		-268.115		365.157
1720		-441.894		236.549
1721		-528.173		36.8996
1722		-504.969		-176.247
1723		-385.663		-345.317
1724		-210.749		-432.351
1725		-30.4014		-428.85
1726		113.776		-353.054
1727		200.199		-237.789
1728		228.459		-115.734
1729		211.98		-8.96426
1730		167.576		73.677
1731		107.659		132.356
1732		38.2641		169.381
1733		-37.7878		184.375
1734		-116.035		174.015
1735		-187.64		135.597
1736		-240.661		71.3886
1737		-264.389		-9.44603
1738		-253.9		-92.7161
1739		-212.018		-163.733
1740		-147.715		-211.761
1741		-72.2724		-231.948
1742		4.19222		-224.151
1743		73.7702		-190.181
1744		129.249		-132.027
1745		161.947		-52.7201
1746		161.528		40.5578
1747		119.25		133.599
1748		33.6918		205.52
1749		-84.1927		233.833
1750		-210.316		202.933
1751		-312.875		112.215
1752		-362.637		-20.5902
1753		-343.895		-163.392
1754		-260.98		-280.118
1755		-136.993		-343.22
1756		-5.04065		-342.767
1757		104.067		-288.069
1758		171.998		-201.421
1759		196.465		-107.397
1760		187.168		-23.1908
1761		157.044		45.3294
1762		114.04		100.505
1763		58.0689		145.271
1764		-15.3251		176.085
1765		-107		181.064
1766		-206.984		145.018
1767		-292.862		59.0494
1768		-335.76		-70.4579
1769		-311.826		-218.738
1770		-213.952		-348.027
1771		-57.9452		-419.838
1772		120.247		-409.061
1773		275.544		-313.768
1774		368.53		-156.51
1775		377.987		23.3186
1776		306.364		182.595
1777		176.716		287.609
1778		23.294		322.327
1779		-119.735		289.561
1780		-226.99		206.079
1781		-285.541		94.9603
1782		-293.802		-21.2135
1783		-257.869		-124.14
1784		-187.975		-200.524
1785		-96.6032		-241.303
1786		1.83527		-241.229
1787		91.0944		-199.727
1788		154.379		-122.547
1789		177.324		-22.787
1790		151.882		80.0662
1791		79.54		163.522
1792		-27.648		207.096
1793		-148.841		197.382
1794		-258.549		131.633
1795		-331.965		18.9464
1796		-350.191		-121.028
1797		-304.453		-261.433
1798		-198.722		-373.05
1799		-50.2869		-430.15
1800		112.289		-416.672
1801		254.298		-331.532
1802		342.908		-191.245
1803		356.552		-27.9829
1804		292.85		117.781
1805		171.613		208.912
1806		30.5369		224.082
1807		-86.2928		166.28
1808		-143.716		63.173
1809		-128.9		-42.0651
1810		-56.9821		-106.868
1811		34.2832		-106.25
1812		99.5697		-43.4738
1813		104.983		50.6844
1814		43.0141		130.49
1815		-63.3241		154.787
1816		-169.479		105.283
1817		-228.037		-4.50853
1818		-209.198		-133.836
1819		-114.177		-231.116
1820		24.3545		-255.208
1821		154.98		-192.436
1822		227.847		-62.2267
1823		213.88		90.6972
1824		115.012		213.724
1825		-38.1215		265.647
1826		-198.98		229.939
1827		-322.085		117.452
1828		-376.882		-40.9056
1829		-353.67		-206.751
1830		-261.185		-345.855
1831		-119.351		-434.45
1832		47.8432		-459.585
1833		215.855		-416.374
1834		359.412		-306.203
1835		451.624		-138.364
1836		466.238		65.779
1837		384.925		269.967
1838		207.742		426.112
1839		-38.4395		485.371
1840		-299.523		414.97
1841		-505.173		214.372
1842		-589.475		-77.0138
1843		-514.415		-386.027
1844		-286.747		-625.778
1845		39.5297		-723.273
1846		377.554		-644.501
1847		634.417		-407.113
1848		740.769		-75.4873
1849		672.273		260.14
1850		455.292		512.541
1851		155.553		623.657
1852		-144.902		579.058
1853		-373.245		406.94
1854		-484.844		164.143
1855		-470.45		-83.932
1856		-351.712		-281.636
1857		-169.367		-394.224
1858		29.9989		-410.565
1859		204.238		-339.755
1860		321.535		-205.307
1861		363.164		-39.6523
1862		325.071		120.63
1863		219.137		240.071
1864		72.9253		291.244
1865		-74.3524		262.707
1866		-181.017		164.991
1867		-215.89		30.6921
1868		-170.616		-93.8334
1869		-65.5054		-164.033
1870		55.3833		-154.727
1871		139.882		-72.1713
1872		148.844		45.7644
1873		74.0675		143.061
1874		-55.4026		168.295
1875		-182.601		97.5124
1876		-244.873		-52.867
1877		-200.25		-229.521
1878		-46.7973		-361.586
1879		173.683		-388.394
1880		389.681		-284.181
1881		526.251		-69.4536
1882		532.818		195.647
1883		401.327		433.024
1884		167.921		574.224
1885		-101.542		582.899
1886		-335.27		463.94
1887		-478.621		257.28
1888		-507.979		20.7611
1889		-431.818		-189.734
1890		-281.197		-334.989
1891		-95.8342		-397.824
1892		87.6558		-379.905
1893		241.518		-294.367
1894		346.832		-159.316
1895		390.989		4.86575
1896		366.529		174.903
1897		273.212		323.717
1898		122.136		422.507
1899		-61.5138		447.037
1900		-240.544		386.255
1901		-373.835		249.151
1902		-428.324		65.7249
1903		-390.278		-119.748
1904		-270.932		-261.428
1905		-103.678		-326.007
1906		66.4518		-302.737
1907		197.029		-205.578
1908		260.802		-66.9425
1909		252.111		74.1343
1910		185.424		184.614
1911		87.4503		246.281
1912		-13.4763		258.168
1913		-96.5577		232.73
1914		-153.227		188.184
1915		-186.473		140.399
1916		-205.93		97.3573
1917		-221.162		57.8337
1918		-235.869		14.3135
1919		-245.178		-41.2472
1920		-237.084		-111.096
1921		-197.739		-187.314
1922		-118.907		-251.482
1923		-4.84673		-279.291
1924		124.463		-249.261
1925		236.087		-152.822
1926		293.2		-1.74538
1927		268.122		170.951
1928		154.627		318.503
1929		-25.8609		394.877
1930		-227.919		371.336
1931		-395.611		248.487
1932		-481.372		58.15
1933		-462.927		-146.666
1934		-351.007		-310.325
1935		-184.244		-394.151
1936		-13.2556		-388.714
1937		119.05		-313.569
1938		192.052		-204.997
1939		210.443		-98.0597
1940		195.048		-11.9601
1941		166.964		54.0886
1942		134.021		112.948
1943		87.2463		174.623
1944		9.47546		233.374
1945		-108.649		265.085
1946		-254.703		237.623
1947		-391.504		129.541
1948		-468.661		-52.7812
1949		-444.312		-269.623
1950		-306.645		-458.696
1951		-83.9549		-558.578
1952		162.909		-534.22
1953		363.211		-392.246
1954		463.861		-178.329
1955		448.89		42.2877
1956		341.838		211.685
1957		190.671		300.541
1958		43.6176		313.908
1959		-71.3515		279.937
1960		-153.158		228.965
1961		-218.094		175.255
1962		-280.952		111.673
1963		-338.788		19.8701
1964		-367.66		-110.614
1965		-335.066		-266.419
1966		-221.355		-408.261
1967		-37.5845		-485.613
1968		171.556		-461.329
1969		343.289		-332.981
1970		423.965		-138.509
1971		394.082		58.2897
1972		277.549		196.02
1973		129.51		243.388
1974		8.48985		211.658
1975		-52.6284		144.917
1976		-61.125		93.0669
1977		-56.2147		82.131
1978		-82.1247		98.5024
1979		-157.118		96.695
1980		-256.111		27.5086
1981		-317.995		-128.067
1982		-275.783		-338.049
1983		-95.0678		-524.75
1984		199.277		-596.038
1985		523.408		-488.656
1986		764.074		-202.62
1987		824.982		190.961
1988		668.689		573.801
1989		334.356		826
1990		-76.9455		872.741
1991		-442.366		711.236
1992		-664.172		406.843
1993		-702.507		62.0333
1994		-581.028		-225.815
1995		-366.139		-398.012
1996		-132.839		-445.882
1997		65.0116		-398.45
1998		206.763		-296.887
1999		297.084		-171.347
2000		346.725		-32.2358
2001		355.71		121.797
2002		309.686		286.96
2003		191.16		441.183
2004		-2.15553		544.506
2005		-244.186		554.164
2006		-481.981		446.326
2007		-652.787		232.072
2008		-708.597		-42.0185
2009		-635.573		-309.914
2010		-458.351		-510.987
2011		-227.428		-611.196
2012		3.18839		-610.428
2013		196.045		-533.709
2014		338.102		-412.815
2015		433.942		-269.607
2016		490.521		-110.544
2017		504.288		65.5534
2018		459.567		252.751
2019		339.782		427.066
2020		144.715		548.044
2021		-97.4731		574.036
2022		-332.509		483.739
2023		-497.799		291.917
2024		-547.943		49.4183
2025		-475.091		-174.377
2026		-313.157		-318.99
2027		-123.027		-356.797
2028		34.2173		-301.555
2029		122.672		-197.436
2030		142.97		-94.6712
2031		124.56		-24.8096
2032		103.994		11.5387
2033		101.673		38.6331
2034		109.954		85.4716
2035		98.9696		163.477
2036		36.5974		254.891
2037		-88.8628		318.678
2038		-256.219		311.002
2039		-416.441		209.261
2040		-513.007		26.7238
2041		-507.124		-190.121
2042		-394.914		-380.149
2043		-208.229		-492.474
2044		0.478645		-505.131
2045		180.559		-429.001
2046		301.091		-296.741
2047		356.017		-144.414
2048		355.992		3.32664
2049		314.009		136.834
2050		234.892		253.613
2051		115.539		346.035
2052		-44.5212		394.366
2053		-229.784		371.503
2054		-402.747		258.252
2055		-511.649		60.7423
2056		-510.483		-181.061
2057		-382.054		-400.99
2058		-151.8		-529.317
2059		116.232		-520.837
2060		341.249		-375.049
2061		456.259		-138.196
2062		433.444		114.455
2063		292.781		308.151
2064		90.443		396.401
2065		-106.705		374.588
2066		-247.903		274.485
2067		-314.215		144.236
2068		-317.311		25.0363
2069		-284.431		-63.7077
2070		-239.427		-124.63
2071		-190.754		-170.355
2072		-132.269		-208.005
2073		-54.8546		-230.31
2074		39.4787		-218.813
2075		130.618		-157.07
2076		185.717		-45.6097
2077		174.743		90.9586
2078		87.7848		210.042
2079		-55.8058		268.312
2080		-212.318		241.615
2081		-331.09		137.174
2082		-376.129		-8.60533
2083		-341.245		-146.015
2084		-251.185		-233.921
2085		-148.375		-256.857
2086		-72.1175		-229.161
2087		-40.6934		-184.6
2088		-45.0684		-157.296
2089		-56.7413		-163.846
2090		-45.1047		-195.562
2091		4.89136		-224.299
2092		83.7339		-218.361
2093		161.257		-160.147
2094		201.148		-56.6429
2095		178.633		62.185
2096		92.7675		155.983
2097		-32.25		191.316
2098		-156.843		155.603
2099		-241.955		61.7068
2100		-263.803		-58.101
2101		-221.429		-165.334
2102		-134.766		-229.486
2103		-35.2147		-237.469
2104		46.499		-195.363
2105		90.1078		-123.139
2106		90.0755		-45.6752
2107		54.0055		15.8444
2108		-2.82643		49.198
2109		-63.8693		52.0849
2110		-116.139		29.6978
2111		-152.325		-9.19939
2112		-170.341		-55.8291
2113		-171.38		-103.452
2114		-157.751		-147.674
2115		-131.505		-185.499
2116		-94.3059		-213.999
2117		-48.4105		-229.531
2118		1.92255		-228.139
2119		49.6025		-207.253
2120		85.3787		-168.014
2121		100.365		-117.009
2122		89.7736		-66.0141
2123		56.2481		-29.0088
2124		10.791		-17.0465
2125		-30.0292		-32.9642
2126		-50.2562		-68.6692
2127		-41.8008		-107.097
2128		-9.27397		-128.94
2129		30.6271		-121.676
2130		55.9259		-86.6737
2131		49.9482		-40.3063
2132		10.7916		-7.47635
2133		-45.4531		-9.69975
2134		-90.3928		-53.1333
2135		-96.3098		-122.779
2136		-50.7511		-186.765
2137		34.5403		-209.888
2138		125.632		-170.749
2139		179.659		-74.3228
2140		164.025		46.7685
2141		72.7859		143.987
2142		-67.8829		173.117
2143		-208.463		114.044
2144		-295.809		-19.1432
2145		-295.167		-182.692
2146		-204.564		-320.594
2147		-55.1579		-387.03
2148		102.297		-363.788
2149		218.281		-265.188
2150		262.957		-129.186
2151		234.297		0.137665
2152		153.454		89.8738
2153		51.2996		127.481
2154		-46.0279		118.893
2155		-125.175		78.554
2156		-184.182		18.3553
2157		-224.281		-57.7605
2158		-241.348		-150.761
2159		-223.373		-257.763
2160		-156.355		-364.018
2161		-35.6107		-441.973
2162		124.375		-459.779
2163		288.354		-395.962
2164		409.745		-252.864
2165		447.93		-61.2451
2166		385.673		127.624
2167		238.163		259.834
2168		48.8761		299.048
2169		-126.364		239.952
2170		-240.12		108.973
2171		-269.71		-47.7333
2172		-222.365		-183.13
2173		-127.873		-266.306
2174		-23.2362		-290.442
2175		62.8499		-269.425
2176		118.697		-226.364
2177		148.611		-180.717
2178		164.422		-140.519
2179		175.259		-102.726
2180		181.361		-60.0686
2181		174.847		-9.53529
2182		146.163		42.7117
2183		91.9232		82.6711
2184		19.4278		95.0413
2185		-54.6719		71.0943
2186		-110.693		13.5406
2187		-133.768		-64.0334
2188		-119.223		-142.539
2189		-73.1814		-204.552
2190		-8.74191		-239.724
2191		59.7482		-246.302
2192		121.316		-228.929
2193		170.069		-194.753
2194		204.13		-150.246
2195		223.405		-100.072
2196		227.981		-47.7565
2197		217.969		3.18922
2198		194.274		48.9397
2199		159.088		86.0637
2200		115.342		112.404
2201		65.4419		126.982
2202		10.6063		128.562
2203		-48.0104		113.871
2204		-106.429		77.3226
2205		-154.902		13.6579
2206		-177.522		-76.8234
2207		-156.288		-182.902
2208		-79.238		-280.555
2209		50.4664		-337.294
2210		209.232		-322.734
2211		355.493		-221.932
2212		440.863		-45.7615
2213		426.788		167.13
2214		300.377		359.137
2215		82.646		471.097
2216		-174.934		462.095
2217		-404.979		324.116
2218		-544.69		85.8934
2219		-554.835		-195.394
2220		-430.632		-451.15
2221		-201.495		-620.735
2222		78.9752		-666.661
2223		348.204		-581.635
2224		549.675		-387.056
2225		643.925		-125.452
2226		614.206		149.666
2227		467.592		383.892
2228		232.901		530.888
2229		-43.8457		560.201
2230		-306.684		463.682
2231		-500.008		259.147
2232		-580.98		-10.9026
2233		-531.149		-287.199
2234		-363.117		-507.746
2235		-118.648		-624.508
2236		142.593		-617.112
2237		360.597		-498.134
2238		492.682		-307.398
2239		524.504		-97.1971
2240		470.205		85.6495
2241		362.157		213.553
2242		235.38		282.344
2243		113.912		305.039
2244		5.16029		299.254
2245		-95.9791		275.14
2246		-196.404		230.089
2247		-293.928		152.613
2248		-372.52		32.9079
2249		-406.581		-125.978
2250		-372.279		-302.729
2251		-260.246		-461.498
2252		-83.1265		-563.47
2253		125.942		-580.978
2254		323.38		-507.677
2255		469.122		-360.383
2256		538.318		-172.296
2257		526.137		18.6432
2258		444.775		180.703
2259		315.554		294.18
2260		160.878		350.915
2261		-0.0307522		349.819
2262		-150.614		292.5
2263		-273.87		182.317
2264		-350.459		27.4138
2265		-360.968		-154.736
2266		-292.532		-335.259
2267		-146.892		-477.35
2268		54.6067		-545.459
2269		272.702		-517.071
2270		459.306		-392.079
2271		571.161		-195.315
2272		582.92		29.4104
2273		494.586		231.78
2274		330.62		369.27
2275		131.475		418.085
2276		-58.7722		377.255
2277		-203.989		265.486
2278		-283.105		113.109
2279		-291.547		-47.1594
2280		-238.137		-187.45
2281		-139.967		-288.485
2282		-17.5509		-340.21
2283		108.553		-340.76
2284		219.822		-295.112
2285		301.317		-213.908
2286		343.278		-112.134
2287		342.562		-7.02924
2288		303.168		84.8505
2289		235.162		150.749
2290		152.012		183.852
2291		67.2818		183.568
2292		-7.9779		153.956
2293		-66.1106		101.293
2294		-102.037		32.2234
2295		-111.786		-46.5215
2296		-91.8671		-126.943
2297		-40.4302		-198.374
2298		40.0774		-247.501
2299		140.266		-260.833
2300		243.164		-229.231
2301		326.888		-152.707
2302		370.364		-43.0671
2303		360.209		77.3898
2304		295.999		181.27
2305		191.586		243.897
2306		71.7055		250.686
2307		-34.977		201.356
2308		-103.805		109.598
2309		-120.299		-1.34321
2310		-82.7802		-105.207
2311		-1.29612		-178.989
2312		105.951		-207.19
2313		216.918		-183.575
2314		309.492		-111.054
2315		364.36		-0.731392
2316		367.436		129.317
2317		312.355		255.714
2318		202.976		352.664
2319		54.9163		396.55
2320		-105.325		371.83
2321		-244.671		276.621
2322		-330.977		125.701
2323		-341.9		-50.9912
2324		-272.255		-214.841
2325		-136.966		-328.586
2326		31.9339		-366.852
2327		193.743		-323.675
2328		310.437		-214.35
2329		357.297		-70.9029
2330		329.42		67.3498
2331		242.21		165.068
2332		125.97		200.458
2333		16.5853		170.394
2334		-54.6853		89.9604
2335		-69.3605		-12.9826
2336		-25.7708		-106.237
2337		61.6896		-162.171
2338		167.453		-164.738
2339		262.21		-113.003
2340		320.835		-20.5528
2341		328.833		88.8057
2342		285.735		187.843
2343		204.676		253.406
2344		108.269		272.644
2345		21.9057		246.267
2346		-33.6894		187.874
2347		-48.4691		119.47
2348		-25.8081		64.4513
2349		18.9385		40.1673
2350		63.6894		52.408
2351		87.0867		93.616
2352		75.759		145.468
2353		29.0258		185.048
2354		-40.5356		192.654
2355		-110.908		158.706
2356		-157.669		87.5118
2357		-162.034		-3.38904
2358		-117.367		-88.1586
2359		-32.0839		-140.421
2360		72.0453		-141.483
2361		165.746		-86.5063
2362		220.564		13.2999
2363		217.188		133.181
2364		151.284		241.356
2365		35.1006		307.624
2366		-105.601		311.519
2367		-238.283		247.641
2368		-331.949		126.735
2369		-364.548		-27.4947
2370		-327.501		-184.536
2371		-226.492		-314.092
2372		-79.018		-391.962
2373		89.8805		-403.596
2374		252.108		-345.276
2375		380.22		-223.778
2376		450.335		-55.5645
2377		444.974		134.089
2378		356.553		312.561
2379		191.398		443.198
2380		-27.121		491.502
2381		-258.643		433.968
2382		-451.163		267.507
2383		-552.159		15.8757
2384		-523.451		-270.593
2385		-355.354		-524.077
2386		-74.6507		-676.132
2387		257.851		-677.909
2388		561.204		-517.083
2389		756.392		-225.054
2390		789.83		129.192
2391		650.353		457.58
2392		373.523		678.239
2393		31.3989		739.294
2394		-288.981		633.235
2395		-511.139		397.22
2396		-590.221		99.7187
2397		-522.994		-181.407
2398		-344.412		-381.631
2399		-113.199		-465.981
2400		107.669		-434.378
2401		268.723		-315.987
2402		344.795		-156.152
2403		336.864		-1.30701
2404		266.33		113.194
2405		165.196		169.495
2406		65.996		167.662
2407		-5.83214		121.798
2408		-36.1359		54.1712
2409		-23.1973		-10.8016
2410		23.2869		-51.8546
2411		84.7911		-55.2701
2412		138.013		-18.2348
2413		160.415		49.4549
2414		136.729		126.371
2415		64.9874		183.963
2416		-40.1132		194.435
2417		-148.576		140.308
2418		-222.034		22.6699
2419		-225.1		-135.202
2420		-137.968		-291.165
2421		33.9787		-394.571
2422		257.388		-401.217
2423		476.903		-288.417
2424		628.957		-65.2344
2425		659.76		225.948
2426		542.23		517.792
2427		286.608		734.505
2428		-58.7909		812.129
2429		-417.47		716.985
2430		-703.028		456.97
2431		-841.169		82.3089
2432		-789.645		-324.883
2433		-550.78		-669.89
2434		-172.979		-868.8
2435		259.566		-870.07
2436		646.731		-668.572
2437		897.035		-308.205
2438		950.68		128.01
2439		794.932		538.1
2440		467.595		826.469
2441		47.4526		927.752
2442		-365.853		822.76
2443		-677.082		542.257
2444		-818.881		157.739
2445		-767.236		-237.957
2446		-545.046		-554.548
2447		-213.566		-726.081
2448		145.136		-724.96
2449		449.328		-565.274
2450		636.563		-295.709
2451		675.992		14.8998
2452		572.006		294.881
2453		359.714		485.497
2454		94.5746		552.04
2455		-160.783		488.846
2456		-349.739		318.306
2457		-432.739		84.8303
2458		-394.789		-154.902
2459		-248.343		-343.916
2460		-30.8839		-437.34
2461		202.955		-412.981
2462		393.84		-277.521
2463		492.438		-66.1151
2464		472.774		165.53
2465		340.249		355.371
2466		131.248		452.069
2467		-96.3643		429.857
2468		-279.579		296.396
2469		-368.578		90.695
2470		-341.235		-128.557
2471		-209.033		-300.632
2472		-12.56		-380.62
2473		191.686		-351.765
2474		348.551		-228.61
2475		419.824		-50.5905
2476		393.491		131.048
2477		284.585		268.317
2478		128.523		328.843
2479		-29.9809		302.518
2480		-148.726		201.754
2481		-197.587		56.6229
2482		-164.36		-92.9955
2483		-56.719		-206.298
2484		99.3288		-250.194
2485		264.161		-206.873
2486		392.324		-79.327
2487		442.923		106.652
2488		391.108		305.703
2489		237.744		462.294
2490		13.5717		525.286
2491		-225.176		464.222
2492		-410.3		282.025
2493		-481.468		18.7906
2494		-406.34		-256.29
2495		-193.831		-463.797
2496		105.076		-538.275
2497		410.42		-449.703
2498		636.603		-214.509
2499		718.307		108.105
2500		630.2		433.507
2501		393.85		676.684
2502		70.0562		776.443
2503		-259.991		711.007
2504		-517.733		500.892
2505		-646.876		199.803
2506		-624.384		-121.844
2507		-461.502		-394.647
2508		-196.997		-564.237
2509		113.44		-599.392
2510		408.159		-494.743
2511		629.221		-269.934
2512		730.897		33.363
2513		687.591		356.591
2514		500.794		632.707
2515		202.946		798.564
2516		-144.885		810.051
2517		-463.725		656.19
2518		-675.174		366.829
2519		-723.295		9.31304
2520		-592.832		-327.14
2521		-316.63		-555.919
2522		31.7926		-618.779
2523		359.24		-503.885
2524		580.826		-249.331
2525		645.327		69.5503
2526		549.032		364.686
2527		333.502		562.774
2528		68.7455		626.078
2529		-171.344		559.698
2530		-332.015		403.979
2531		-391.236		216.352
2532		-360.255		50.3666
2533		-272.877		-60.1722
2534		-169.208		-107.117
2535		-80.8658		-103.607
2536		-22.8719		-73.123
2537		6.0822		-37.6103
2538		17.0375		-9.57861
2539		22.0433		9.49139
2540		27.5764		25.2548
2541		32.584		44.1405
2542		31.1019		68.0569
2543		17.3376		92.5791
2544		-9.68603		109.047
2545		-44.2238		109.148
2546		-75.4359		89.5932
2547		-91.706		54.6597
2548		-85.7121		15.4453
2549		-58.0862		-13.9275
2550		-18.1119		-21.7195
2551		18.9781		-3.55811
2552		37.3097		34.9322
2553		26.529		79.0311
2554		-13.3549		109.384
2555		-70.3692		108.817
2556		-123.219		69.3146
2557		-147.794		-3.34618
2558		-125.711		-89.3469
2559		-52.0644		-159.672
2560		60.5419		-184.987
2561		183.636		-145.872
2562		280.269		-40.8954
2563		316.161		110.545
2564		271.051		272.069
2565		146.414		400.033
2566		-33.2343		456.184
2567		-226.091		419.261
2568		-384.168		291.849
2569		-466.336		100.435
2570		-449.446		-111.223
2571		-334.455		-293.27
2572		-146.182		-402.237
2573		72.8345		-411.568
2574		272.51		-317.783
2575		406.825		-141.182
2576		444.31		78.7796
2577		375.274		292.294
2578		214.304		450.37
2579		-2.5947		516.091
2580		-225.881		473.506
2581		-403.9		331.944
2582		-495.328		124.308
2583		-479.476		-100.621
2584		-361.56		-290.185
2585		-171.28		-401.003
2586		45.0361		-409.613
2587		236.41		-317.629
2588		359.831		-150.181
2589		389.974		51.4363
2590		323.773		240.354
2591		179.4		374.812
2592		-9.08653		426.455
2593		-199.442		385.056
2594		-349.475		259.71
2595		-424.775		77.0948
2596		-405.482		-122.773
2597		-291.527		-293.339
2598		-105.189		-390.84
2599		110.815		-385.273
2600		301.128		-270.576
2601		411.245		-70.3654
2602		403.883		164.314
2603		273.129		366.761
2604		50.5202		473.858
2605		-200.87		447.122
2606		-404.191		287.93
2607		-493.39		40.3604
2608		-436.122		-220.82
2609		-246.273		-413.819
2610		19.2463		-477.036
2611		278.859		-389.915
2612		453.378		-179.62
2613		491.84		88.8133
2614		386.841		334.889
2615		174.382		488.999
2616		-80.5953		513.129
2617		-306.587		409.253
2618		-447.167		214.04
2619		-474.703		-16.2893
2620		-393.074		-224.134
2621		-230.915		-365.212
2622		-29.9897		-416.096
2623		166.295		-374.587
2624		321.059		-255.556
2625		408.287		-85.4187
2626		414.699		102.813
2627		340.758		273.868
2628		201.233		394.982
2629		24.2744		441.79
2630		-152.592		404.536
2631		-290.157		292.315
2632		-357.532		132.721
2633		-341.246		-34.3387
2634		-249.764		-167.474
2635		-111.149		-235.748
2636		35.6627		-227.355
2637		152.819		-151.853
2638		214.288		-35.3928
2639		211.659		88.7118
2640		153.63		190.137
2641		60.5624		248.783
2642		-42.8652		257.361
2643		-133.874		219.94
2644		-195.157		148.58
2645		-216.182		60.1278
2646		-193.677		-26.0385
2647		-132.449		-90.0244
2648		-46.3124		-114.506
2649		42.4106		-89.4161
2650		106.586		-17.0451
2651		121.602		85.0861
2652		74.5366		186.295
2653		-28.5428		250.72
2654		-161.057		249.349
2655		-282.198		171.71
2656		-349.72		32.1621
2657		-334.767		-132.548
2658		-232.915		-274.283
2659		-66.8543		-349.178
2660		120.48		-332.012
2661		279.587		-223.918
2662		369.502		-50.9377
2663		368.813		145.195
2664		279.31		319.816
2665		122.393		436.698
2666		-68.8563		474.675
2667		-258.15		428.952
2668		-412.303		308.855
2669		-504.854		134.573
2670		-518.263		-65.5433
2671		-446.242		-257.394
2672		-296.61		-404.736
2673		-93.2505		-475.291
2674		125.287		-448.942
2675		312.298		-325.482
2676		424.093		-128.233
2677		432.672		99.3173
2678		335.167		304.103
2679		155.923		438.274
2680		-60.2305		472.982
2681		-261.323		406.039
2682		-403.293		260.751
2683		-461.247		76.858
2684		-433.356		-102.394
2685		-337.132		-241.942
2686		-200.936		-321.54
2687		-54.8884		-336.376
2688		75.4339		-293.443
2689		171.463		-206.796
2690		221.515		-94.1676
2691		220.34		24.5234
2692		169.86		128.101
2693		80.7605		196.418
2694		-27.0074		214.827
2695		-126.973		179.643
2696		-192.795		101.75
2697		-207.043		5.51139
2698		-168.435		-78.0582
2699		-93.7375		-121.968
2700		-12.5607		-113.585
2701		43.5203		-59.9579
2702		53.205		14.6161
2703		13.8335		78.1263
2704		-57.7996		103.565
2705		-132.517		79.4111
2706		-180.545		13.5417
2707		-182.884		-70.7489
2708		-137.628		-144.406
2709		-59.169		-183.49
2710		28.5023		-176.773
2711		100.826		-127.606
2712		140.098		-50.465
2713		138.87		35.2093
2714		99.2851		110.75
2715		30.1706		161.61
2716		-55.8446		178.265
2717		-143.962		156.062
2718		-217.94		95.5681
2719		-261.31		3.85442
2720		-260.294		-104.288
2721		-208.26		-207.034
2722		-110.01		-279.404
2723		16.5865		-299.982
2724		143.406		-258.29
2725		239.217		-159.694
2726		278.913		-25.3697
2727		251.379		113.15
2728		162.928		223.024
2729		35.0842		279.371
2730		-102.146		271.488
2731		-218.736		204.221
2732		-291.767		94.8682
2733		-309.335		-32.4172
2734		-271.061		-152.366
2735		-186.386		-242.929
2736		-72.1214		-288.003
2737		50.0072		-279.249
2738		156.072		-217.643
2739		223.632		-114.569
2740		236.604		8.65858
2741		190.313		124.088
2742		94.6542		203.532
2743		-26.7746		226.65
2744		-142.401		187.872
2745		-221.958		99.0768
2746		-246.078		-13.6712
2747		-212.404		-118.545
2748		-135.628		-188.429
2749		-41.4379		-209.278
2750		42.9778		-183.146
2751		97.8395		-125.085
2752		115.584		-55.8711
2753		100.247		5.82428
2754		62.762		48.4284
2755		15.2161		68.1259
2756		-32.9058		66.1403
2757		-75.1709		45.2357
2758		-106.255		7.99948
2759		-120.008		-42.1421
2760		-109.766		-98.3523
2761		-71.4814		-148.787
2762		-8.05042		-178.172
2763		68.0693		-172.897
2764		136.446		-127.627
2765		174.877		-49.975
2766		168.015		39.7533
2767		114.521		114.581
2768		29.1047		150.552
2769		-61.9848		135.991
2770		-130.382		76.1632
2771		-155.942		-8.81679
2772		-133.541		-91.835
2773		-73.6223		-148.82
2774		3.24779		-166.58
2775		74.8613		-145.404
2776		124.853		-96.1153
2777		146.176		-33.8958
2778		139.968		27.6455
2779		111.626		79.4333
2780		67.0485		116.353
2781		11.3086		134.765
2782		-49.9595		130.718
2783		-108.203		100.719
2784		-151.188		44.9546
2785		-165.508		-29.1316
2786		-141.942		-105.738
2787		-81.1671		-163.883
2788		3.49029		-184.393
2789		88.4981		-157.905
2790		147.569		-90.0949
2791		161.328		-1.23922
2792		125.069		80.263
2793		51.0762		127.999
2794		-35.6322		127.111
2795		-106.403		79.3812
2796		-139.07		1.90454
2797		-125.053		-79.7486
2798		-70.9352		-140.758
2799		5.41451		-164.88
2800		81.9185		-148.181
2801		139.39		-98.0764
2802		166.131		-29.1047
2803		159.136		42.2062
2804		122.656		101.347
2805		65.7202		137.907
2806		-0.0750542		146.162
2807		-62.0826		125.152
2808		-107.928		78.9176
2809		-127.351		16.7044
2810		-114.733		-47.6887
2811		-71.5953		-98.2182
2812		-7.72498		-120.572
2813		60.2265		-106.738
2814		112.851		-58.3836
2815		133.703		12.5881
2816		114.616		86.9106
2817		58.6038		143.458
2818		-20.781		165.48
2819		-103.348		145.405
2820		-167.972		86.7252
2821		-198.143		2.64852
2822		-185.792		-87.6468
2823		-132.666		-163.753
2824		-49.4445		-208.468
2825		46.7348		-211.145
2826		135.655		-169.684
2827		197.837		-91.1454
2828		218.461		9.12695
2829		190.886		110.039
2830		118.961		188.935
2831		17.1435		226.878
2832		-92.1917		213.731
2833		-184.017		151.408
2834		-237.171		53.894
2835		-240.084		-56.3122
2836		-193.71		-154.355
2837		-110.651		-219.721
2838		-10.902		-241.194
2839		84.0778		-218.569
2840		156.767		-160.97
2841		196.781		-82.9933
2842		201.392		-0.480839
2843		174.112		72.5872
2844		122.666		125.586
2845		57.415		151.66
2846		-9.59798		148.011
2847		-65.6374		116.619
2848		-99.1362		65.0555
2849		-102.645		6.31029
2850		-75.9983		-43.4327
2851		-28.0031		-69.2242
2852		24.9139		-62.7274
2853		63.5223		-26.2542
2854		72.7114		26.8008
2855		47.7761		76.0731
2856		-2.88557		101.767
2857		-60.3289		92.6786
2858		-102.252		51.1832
2859		-111.991		-7.22122
2860		-85.4761		-59.9076
2861		-33.0677		-86.2109
2862		24.5841		-75.7418
2863		64.8432		-32.3735
2864		71.9288		27.6718
2865		42.5562		82.5565
2866		-13.7476		113.245
2867		-79.2856		109.97
2868		-135.281		74.3337
2869		-168.141		16.836
2870		-172.456		-48.2808
2871		-150.241		-108.102
2872		-107.775		-153.834
2873		-52.3318		-180.777
2874		9.39136		-186.592
2875		70.8017		-169.794
2876		124.024		-129.911
2877		159.416		-69.3649
2878		167.23		4.28416
2879		141.242		77.6855
2880		82.6889		133.943
2881		2.25993		157.526
2882		-81.4663		140.02
2883		-147.135		84.1168
2884		-177.492		3.81838
2885		-165.263		-79.6011
2886		-115.585		-144.406
2887		-44.0069		-175.313
2888		29.0172		-167.843
2889		84.8519		-128.655
2890		112.008		-72.1482
2891		108.361		-15.091
2892		80.0234		28.4916
2893		38.0024		50.4566
2894		-5.6567		49.1819
2895		-40.8118		28.3032
2896		-60.7018		-5.31046
2897		-62.2512		-43.3855
2898		-45.8704		-77.5424
2899		-15.2162		-100.309
2900		23.1221		-106.242
2901		60.4307		-93.2373
2902		87.5226		-63.583
2903		97.099		-24.0651
2904		86.0921		15.3914
2905		56.9757		44.391
2906		17.3088		55.1906
2907		-22.4889		45.0621
2908		-52.3099		16.9394
2909		-65.227		-21.8512
2910		-58.9887		-62.1181
2911		-35.7929		-95.4401
2912		-0.818611		-115.891
2913		39.5256		-120.486
2914		78.7949		-108.733
2915		110.919		-82.0791
2916		130.278		-43.8686
2917		132.196		0.249619
2918		114.257		42.134
2919		78.1252		72.0725
2920		30.8023		81.2075
2921		-15.8694		64.9058
2922		-48.0483		25.6431
2923		-54.4733		-26.2528
2924		-31.0708		-74.9641
2925		16.5379		-104.24
2926		74.1072		-103.341
2927		123.406		-71.374
2928		148.758		-18.0108
2929		142.82		39.9522
2930		109.123		84.8704
2931		60.3025		104.758
2932		12.808		97.2979
2933		-19.5455		69.7653
2934		-30.4114		35.1497
2935		-22.2153		6.41007
2936		-3.72585		-8.49483
2937		14.6128		-8.74923
2938		25.2287		0.554672
2939		25.8284		11.9448
2940		18.9263		19.3608
2941		9.27734		20.3439
2942		0.939682		15.8556
2943		-4.37605		8.34038
2944		-6.98283		-0.460743
2945		-7.49612		-10.4796
2946		-5.12971		-22.5135
2947		2.64134		-36.2886
2948		18.6038		-48.8341
2949		43.2757		-54.5188
2950		72.8837		-47.1627
2951		99.3244		-23.3765
2952		112.61		14.5962
2953		104.953		58.2232
2954		74.6399		94.9328
2955		27.7592		112.558
2956		-23.24		104.113
2957		-63.7317		70.7708
2958		-82.1053		21.6859
2959		-73.7706		-29.2726
2960		-42.3561		-68.431
2961		2.21479		-86.764
2962		47.6917		-82.1457
2963		83.6578		-58.7907
2964		104.183		-24.5863
2965		108.213		12.1529
2966		98.122		45.0015
2967		77.644		70.0714
2968		50.4351		85.2907
2969		19.8672		89.3219
2970		-10.2787		81.1542
2971		-35.1705		60.7756
2972		-49.2557		30.4676
2973		-47.8387		-4.31088
2974		-29.2983		-35.4049
2975		3.24149		-54.0693
2976		41.8973		-54.0195
2977		76.0506		-34.0951
2978		95.784		0.774551
2979		95.3476		40.9098
2980		75.1801		75.0844
2981		41.6255		94.2979
2982		4.51721		94.5824
2983		-26.2892		77.7967
2984		-43.9851		50.2957
2985		-46.3588		20.2736
2986		-35.5105		-4.97878
2987		-16.2447		-20.8542
2988		5.89035		-25.8466
2989		26.0611		-20.9185
2990		40.7627		-8.51936
2991		47.8281		8.13692
2992		46.3447		25.3763
2993		36.8453		39.2468
2994		21.6959		46.0322
2995		5.20828		43.2954
2996		-7.05074		31.1431
2997		-9.89894		13.0009
2998		-0.657978		-4.81391
2999		19.1987		-14.9502
3000		43.8344		-11.7881
3001		64.6967		6.01643
3002		73.5787		34.4351
3003		65.89		65.1077
3004		42.7053		88.2688
3005		10.6129		96.4106
3006		-20.6563		87.1396
3007		-41.8431		64.0114
3008		-47.4955		35.0281
3009		-37.6647		9.51211
3010		-17.3874		-5.26009
3011		5.61884		-6.2885
3012		23.9005		4.7951
3013		32.5816		23.0787
3014		30.27		42.5464
3015		18.5561		58.0137
3016		0.750259		66.1301
3017		-19.3171		65.4081
3018		-37.9215		55.7753
3019		-51.5408		38.2626
3020		-56.893		15.1215
3021		-51.4069		-9.8546
3022		-34.2273		-31.3729
3023		-7.32222		-43.5391
3024		24.0675		-41.6173
3025		52.2473		-24.0402
3026		69.1868		6.29958
3027		69.2464		42.2925
3028		51.372		74.5567
3029		19.7324		94.4321
3030		-17.5761		96.8176
3031		-51.2458		81.667
3032		-73.7376		53.5703
3033		-81.2858		19.7408
3034		-74.2311		-12.5689
3035		-55.8322		-38.0429
3036		-30.4247		-53.9509
3037		-1.9745		-59.5455
3038		26.3283		-54.9634
3039		51.5508		-40.555
3040		70.3136		-17.1585
3041		78.7788		12.9159
3042		73.7384		45.0347
3043		54.4279		72.4582
3044		24.0374		88.0282
3045		-10.1814		86.8454
3046		-38.731		68.7269
3047		-53.1295		39.0973
3048		-49.2796		7.5771
3049		-29.3636		-15.3895
3050		-1.24094		-22.5138
3051		24.5489		-12.4934
3052		38.9355		9.60721
3053		37.8016		34.627
3054		23.2777		53.2017
3055		2.34946		59.5202
3056		-16.4767		53.2994
3057		-26.8455		39.2247
3058		-26.9022		24.3161
3059		-19.3975		14.6003
3060		-9.74795		12.6717
3061		-3.19227		17.1463
3062		-2.48118		24.0045
3063		-7.10578		28.9142
3064		-14.1873		29.2696
3065		-20.3106		25.0043
3066		-23.2146		17.9968
3067		-22.4969		10.6477
3068		-19.1518		4.55933
3069		-14.4344		0.0488014
3070		-8.8667		-3.35831
3071		-2.01865		-5.91432
3072		6.83742		-6.8584
3073		17.6529		-4.41589
3074		28.8204		3.34365
3075		37.2258		17.2418
3076		39.2088		36.0135
3077		32.0132		56.1661
3078		15.0666		72.796
3079		-9.46528		81.029
3080		-37.0389		77.5108
3081		-61.8118		61.4327
3082		-78.0224		34.8532
3083		-81.285		2.35973
3084		-69.5785		-29.7354
3085		-43.8666		-54.5007
3086		-8.30204		-65.7144
3087		30.117		-59.345
3088		62.6318		-34.9574
3089		80.6134		3.40245
3090		77.985		47.3918
3091		53.4889		85.9786
3092		11.883		108.322
3093		-36.6749		107.154
3094		-79.1939		81.4529
3095		-103.695		37.2946
3096		-103.022		-13.6717
3097		-77.1856		-57.7084
3098		-33.3256		-83.2173
3099		16.6931		-84.1561
3100		60.0717		-61.4459
3101		86.8002		-22.0306
3102		92.0086		23.7895
3103		76.3689		65.5316
3104		44.8529		95.0206
3105		4.74124		107.561
3106		-36.1772		101.908
3107		-70.7202		79.6562
3108		-92.8602		44.6854
3109		-98.1892		2.8802
3110		-84.6947		-38.1702
3111		-53.7682		-70.03
3112		-10.8554		-85.1318
3113		35.0022		-79.0453
3114		73.1181		-52.413
3115		94.2292		-11.4952
3116		93.5856		33.2844
3117		72.7132		70.5172
3118		38.9451		91.5509
3119		2.78303		93.2557
3120		-25.8455		78.6488
3121		-40.844		55.1753
3122		-41.397		31.5243
3123		-31.1949		14.48
3124		-16.1051		7.15083
3125		-1.61914		9.09315
3126		8.6798		17.8082
3127		13.1526		30.4482
3128		11.1353		44.6535
3129		2.044		58.1966
3130		-14.5181		68.0406
3131		-37.5337		69.944
3132		-63.0703		59.4857
3133		-83.8444		34.4497
3134		-90.8326		-2.56588
3135		-76.8099		-43.0016
3136		-40.4187		-73.9239
3137		11.3238		-82.35
3138		63.8038		-60.792
3139		99.2174		-11.5553
3140		103.18		52.4674
3141		70.8441		111.378
3142		9.76785		145.14
3143		-61.9696		141.058
3144		-121.879		98.7567
3145		-151.003		30.5423
3146		-140.493		-42.9939
3147		-94.256		-100.285
3148		-26.8339		-126.006
3149		42.2821		-115.436
3150		95.3707		-74.627
3151		121.57		-16.8839
3152		118.723		42.4883
3153		91.9838		90.878
3154		50.5009		120.901
3155		4.01083		130.485
3156		-39.3304		121.374
3157		-73.5531		97.3713
3158		-94.5346		63.2968
3159		-99.6796		24.8047
3160		-88.2385		-11.5322
3161		-62.1514		-38.669
3162		-26.6936		-50.4628
3163		9.90432		-43.6414
3164		38.2092		-19.461
3165		50.2938		15.915
3166		42.3803		52.7745
3167		16.3036		80.6181
3168		-20.8553		91.3345
3169		-58.8453		81.6246
3170		-87.2451		53.866
3171		-98.3337		15.268
3172		-88.9933		-24.2156
3173		-61.2876		-54.4577
3174		-21.8245		-67.5286
3175		19.7476		-59.459
3176		52.7777		-31.2278
3177		67.9301		11.1147
3178		59.5241		57.3296
3179		27.4528		94.9927
3180		-21.9496		112.491
3181		-76.7163		102.42
3182		-121.953		64.3582
3183		-143.946		5.86249
3184		-134.456		-59.0141
3185		-93.6301		-113.525
3186		-30.3331		-143.184
3187		40.4109		-140.117
3188		101.965		-105.212
3189		140.922		-47.3262
3190		150.465		19.9609
3191		131.209		82.5957
3192		89.6282		129.606
3193		35.1943		154.82
3194		-22.3247		156.667
3195		-74.4021		136.89
3196		-114.047		99.3376
3197		-135.608		49.57
3198		-135.045		-4.86203
3199		-111.154		-54.3527
3200		-67.2505		-88.3677
3201		-12.135		-98.0873
3202		40.897		-79.8105
3203		77.3942		-37.5298
3204		86.5654		16.9588
3205		65.6455		67.1216
3206		21.7157		97.1598
3207		-30.2094		97.8122
3208		-72.3928		70.0015
3209		-90.894		24.6186
3210		-80.7039		-21.6185
3211		-47.3432		-52.5558
3212		-4.31392		-58.5845
3213		32.4054		-39.788
3214		50.4193		-5.15775
3215		45.0679		31.477
3216		20.2496		56.8447
3217		-13.9463		62.6837
3218		-45.358		47.7247
3219		-63.736		16.9845
3220		-63.203		-20.6885
3221		-42.828		-55.4202
3222		-5.88932		-78.412
3223		41.2522		-83.0824
3224		90.0687		-65.6722
3225		130.626		-25.8938
3226		152.721		32.221
3227		147.859		99.7615
3228		111.924		163.523
3229		47.6497		208.342
3230		-34.4021		220.983
3231		-117.304		194.443
3232		-181.702		131.017
3233		-211.115		42.7248
3234		-196.786		-51.3362
3235		-140.354		-129.918
3236		-53.4401		-175.153
3237		45.5108		-176.872
3238		135.9		-134.541
3239		199.572		-56.6431
3240		224.185		41.7658
3241		204.94		142.289
3242		144.918		226.405
3243		54.4327		278.347
3244		-50.3679		287.689
3245		-149.817		251.582
3246		-224.144		176.175
3247		-257.774		76.4311
3248		-243.575		-26.3763
3249		-185.561		-109.486
3250		-98.6653		-154.698
3251		-5.0529		-153.694
3252		72.177		-110.59
3253		115.805		-40.4881
3254		119.334		35.5863
3255		88.046		97.526
3256		36.0108		132.131
3257		-19.5306		136.064
3258		-63.9931		114.977
3259		-89.2008		79.729
3260		-93.9811		41.7228
3261		-82.0961		9.49151
3262		-59.1641		-12.3508
3263		-30.3739		-22.091
3264		0.046772		-19.2048
3265		27.9489		-3.45986
3266		48.2548		24.4701
3267		55.1761		61.4199
3268		44.1262		100.597
3269		14.523		132.272
3270		-28.2047		146.688
3271		-73.0113		138.178
3272		-106.53		108.492
3273		-118.208		67.3822
3274		-105.056		29.6494
3275		-73.6605		9.5423
3276		-38.2285		14.8395
3277		-15.231		43.2552
3278		-16.8119		82.8849
3279		-45.7712		116.623
3280		-94.2425		128.728
3281		-146.554		110.803
3282		-184.97		64.8379
3283		-195.911		2.29935
3284		-174.264		-60.0243
3285		-124.471		-105.548
3286		-58.4822		-122.667
3287		8.1539		-107.373
3288		60.4613		-63.3994
3289		87.2529		-0.5511
3290		82.9548		67.8209
3291		48.2304		127.434
3292		-10.2265		165.53
3293		-80.6002		173.19
3294		-147.741		147.45
3295		-196.033		92.7424
3296		-213.126		20.8981
3297		-193.656		-50.9391
3298		-141.607		-104.455
3299		-70.1013		-125.375
3300		1.83535		-108.038
3301		54.7449		-57.5311
3302		74.674		11.6035
3303		57.4382		79.8355
3304		9.65247		128.736
3305		-53.797		146.51
3306		-114.797		131.069
3307		-157.647		89.7614
3308		-173.33		36.2029
3309		-161.182		-14.3586
3310		-127.859		-49.418
3311		-84.4347		-62.0154
3312		-42.9406		-51.4909
3313		-13.4501		-22.5188
3314		-2.31529		16.8099
3315		-11.5697		57.0928
3316		-39.1893		89.4377
3317		-79.8616		106.848
3318		-126.052		105.191
3319		-169.28		83.7554
3320		-201.522		45.3272
3321		-216.562		-4.27935
3322		-211.043		-57.2105
3323		-185.012		-104.878
3324		-141.901		-139.311
3325		-88.0719		-154.34
3326		-32.062		-146.563
3327		16.4179		-116.131
3328		47.8379		-67.3358
3329		54.6756		-8.73937
3330		33.5847		47.598
3331		-12.6643		88.207
3332		-74.4016		101.564
3333		-136.331		81.9388
3334		-181.146		32.3422
3335		-194.751		-34.9558
3336		-171.358		-101.174
3337		-116.331		-146.612
3338		-45.2458		-157.268
3339		20.9426		-129.921
3340		63.0367		-73.4505
3341		70.2489		-5.61905
3342		43.6284		53.5262
3343		-5.19176		88.9234
3344		-59.3261		95.3778
3345		-103.62		78.0627
3346		-130.146		48.6722
3347		-139.858		19.2644
3348		-139.963		-3.15861
3349		-138.653		-18.7923
3350		-140.064		-33.104
3351		-142.081		-52.1468
3352		-138.009		-77.8013
3353		-121.08		-105.58
3354		-89.2413		-126.209
3355		-47.5922		-130.168
3356		-7.04881		-112.784
3357		20.1517		-77.1949
3358		25.8675		-33.5807
3359		9.67355		4.99054
3360		-21.0968		28.0658
3361		-54.8479		31.9728
3362		-80.9759		20.7007
3363		-94.3082		3.23286
3364		-96.6763		-11.2084
3365		-95.0706		-17.6238
3366		-97.483		-17.3293
3367		-108.549		-16.8773
3368		-126.997		-24.5392
3369		-145.911		-46.1071
3370		-155.446		-81.8626
3371		-146.682		-125.817
3372		-115.071		-167.25
3373		-62.3882		-193.744
3374		3.13746		-194.623
3375		68.2747		-163.956
3376		117.366		-102.63
3377		135.654		-19.242
3378		113.001		70.4676
3379		47.4434		145.999
3380		-52.41		186.403
3381		-167.35		175.969
3382		-270.823		109.861
3383		-335.354		-2.38805
3384		-340.639		-137.386
3385		-280.623		-263.121
3386		-166.768		-347.789
3387		-25.768		-369.408
3388		107.923		-322.749
3389		202.311		-220.893
3390		237.13		-90.7904
3391		208.846		35.4355
3392		129.873		130.056
3393		22.8481		176.65
3394		-87.2466		172.269
3395		-179.868		124.959
3396		-242.355		48.6779
3397		-269.709		-41.6523
3398		-262.188		-132.969
3399		-222.872		-214.402
3400		-156.78		-276.329
3401		-71.6273		-309.965
3402		21.0646		-308.648
3403		106.249		-270.562
3404		168.011		-201.3
3405		194.068		-114.347
3406		180.229		-28.3918
3407		132.55		37.9684
3408		65.8123		72.0876
3409		-1.3279		71.1614
3410		-52.5471		42.4369
3411		-78.8165		-0.263741
3412		-80.1622		-42.0319
3413		-63.8672		-71.9129
3414		-40.3944		-85.5201
3415		-19.1494		-84.6404
3416		-5.86379		-74.7475
3417		-2.18677		-62.1056
3418		-6.80546		-51.867
3419		-16.8135		-47.5319
3420		-28.4124		-51.1186
3421		-36.9845		-63.0571
3422		-37.3925		-81.3815
3423		-25.3812		-100.81
3424		-0.0917702		-112.985
3425		33.5179		-108.879
3426		64.2328		-83.0961
3427		77.4982		-38.2873
3428		61.4072		12.9864
3429		13.4623		50.9419
3430		-55.3421		55.7904
3431		-121.994		16.9157
3432		-159.051		-60.1923
3433		-145.82		-153.126
3434		-78.3725		-229.316
3435		26.4843		-258.254
3436		135.821		-224.22
3437		212.494		-133.768
3438		229.54		-14.3047
3439		180.836		96.036
3440		83.2936		162.992
3441		-30.3602		168.927
3442		-124.871		118.265
3443		-175.805		33.6007
3444		-177.131		-55.2119
3445		-140.208		-123.546
3446		-85.5482		-160.28
3447		-32.0947		-168.537
3448		10.4694		-159.563
3449		42.8633		-143.822
3450		71.0351		-124.527
3451		98.3279		-97.1327
3452		119.981		-54.7907
3453		123.533		3.66544
3454		95.3218		68.1877
3455		29.7317		118.209
3456		-63.913		130.071
3457		-161.042		88.0183
3458		-229.171		-6.52907
3459		-240.143		-132.209
3460		-181.998		-253.354
3461		-65.1463		-332.063
3462		79.9772		-341.805
3463		212.935		-276.986
3464		296.874		-154.777
3465		310.323		-8.82177
3466		252.964		122.247
3467		143.878		206.852
3468		13.8445		228.803
3469		-104.79		189.674
3470		-186.918		105.563
3471		-219.692		0.457417
3472		-203.197		-100.989
3473		-147.811		-179.085
3474		-69.9301		-222.218
3475		12.468		-227.579
3476		83.5868		-200.123
3477		132.564		-150.361
3478		155.028		-91.3568
3479		153.195		-35.3495
3480		134.271		9.33217
3481		107.359		40.1015
3482		79.7446		59.8365
3483		54.0091		74.3188
3484		27.388		88.2685
3485		-6.02779		101.739
3486		-50.9932		108.776
3487		-106.668		99.3956
3488		-164.367		64.3676
3489		-209.04		0.793957
3490		-224.357		-84.2241
3491		-199.452		-173.9
3492		-134.379		-246.43
3493		-41.7185		-282.365
3494		56.6795		-271.706
3495		136.647		-217.737
3496		179.585		-136.014
3497		178.152		-48.9872
3498		137.661		21.4331
3499		73.0318		60.3578
3500		2.96567		63.1375
3501		-56.0409		34.62
3502		-93.5781		-14.5032
3503		-106.126		-72.19
3504		-95.3336		-128.4
3505		-65.314		-176.311
3506		-20.5379		-211.673
3507		34.8451		-231.445
3508		96.4558		-232.903
3509		158.799		-213.832
3510		214.968		-173.558
3511		257.337		-114.058
3512		278.959		-40.3984
3513		274.983		39.7458
3514		243.518		117.178
3515		185.852		182.316
3516		106.349		226.033
3517		12.4656		240.312
3518		-85.0494		219.223
3519		-172.255		160.572
3520		-233.228		68.0735
3521		-252.936		-46.9032
3522		-221.507		-165.305
3523		-138.635		-263.084
3524		-16.2568		-316.583
3525		122.152		-309.267
3526		246.188		-237.556
3527		326.031		-113.444
3528		340.555		37.3844
3529		283.336		181.6
3530		164.571		286.551
3531		8.42666		328.215
3532		-153.056		296.429
3533		-287.356		196.279
3534		-368		45.9534
3535		-378.889		-127.611
3536		-316.184		-293.757
3537		-188.337		-422.819
3538		-14.9378		-490.307
3539		175.423		-480.785
3540		348.672		-391.433
3541		470.644		-234.594
3542		514.198		-37.9103
3543		466.748		159.349
3544		335.794		314.169
3545		149.825		390.588
3546		-46.9918		370.418
3547		-205.821		260.064
3548		-286.976		90.4035
3549		-272.055		-91.1834
3550		-169.982		-234.603
3551		-14.4055		-302.259
3552		147.046		-280.424
3553		268.072		-182.71
3554		318.233		-44.3696
3555		291.616		90.4123
3556		206.742		183.578
3557		98.1503		215.148
3558		3.1102		188.001
3559		-51.4337		124.259
3560		-57.0205		55.2268
3561		-24.4006		9.09566
3562		22.7314		1.07383
3563		58.0141		29.3084
3564		62.5287		77.4678
3565		31.0734		122.304
3566		-27.2306		142.861
3567		-93.5222		127.803
3568		-146.654		78.4807
3569		-170.476		7.25455
3570		-158.446		-67.6245
3571		-114.423		-128.25
3572		-50.086		-162.106
3573		19.4609		-164.509
3574		80.0529		-138.268
3575		121.41		-91.4483
3576		138.201		-34.5474
3577		129.63		21.7745
3578		98.4412		67.9457
3579		50.1355		95.9455
3580		-7.27529		99.6345
3581		-63.2898		75.5665
3582		-105.407		24.4335
3583		-120.755		-47.3268
3584		-99.0524		-126.712
3585		-36.3489		-195.128
3586		61.6601		-231.701
3587		178.275		-218.618
3588		287.601		-147.217
3589		359.849		-22.8562
3590		369.234		133.473
3591		302.375		288.122
3592		164.481		402.341
3593		-19.1648		442.758
3594		-207.699		391.852
3595		-354.586		254.962
3596		-420.431		61.1525
3597		-384.888		-143.06
3598		-253.777		-305.748
3599		-58.808		-383.985
3600		150.406		-356.202
3601		319.794		-228.563
3602		405.624		-33.3109
3603		386.122		180.333
3604		266.475		359.724
3605		76.1292		462.496
3606		-140.206		466.414
3607		-334.565		372.973
3608		-466.989		204.664
3609		-513.201		-2.24748
3610		-467.551		-206.633
3611		-341.809		-370.633
3612		-161.331		-465.648
3613		39.9073		-476.041
3614		224.64		-401.07
3615		357.964		-255.349
3616		413.43		-67.5406
3617		379.065		123.571
3618		261.844		276.147
3619		88.5028		354.88
3620		-98.9815		340.885
3621		-253.297		238.528
3622		-334.866		76.0643
3623		-323.974		-101.324
3624		-227.423		-244.638
3625		-76.7145		-316.195
3626		82.1912		-301.383
3627		204.137		-212.544
3628		259.473		-83.4005
3629		242.685		43.8625
3630		171.846		133.769
3631		79.4771		169.093
3632		-1.11185		154.506
3633		-48.3169		111.486
3634		-58.7028		67.2777
3635		-45.4181		42.9175
3636		-30.0643		45.3035
3637		-32.1004		66.0943
3638		-60.4386		87.0601
3639		-110.384		88.8494
3640		-166.395		59.1414
3641		-208.649		-2.945
3642		-220.201		-87.1932
3643		-191.99		-176.233
3644		-124.521		-250.789
3645		-26.7801		-294.142
3646		86.1836		-294.901
3647		195.752		-248.394
3648		282.016		-157.513
3649		326.386		-33.4332
3650		315.155		104.357
3651		243.831		229.909
3652		120.818		315.47
3653		-31.6512		338.574
3654		-181.003		289.57
3655		-292.22		176.571
3656		-338.024		25.1556
3657		-307.692		-127.969
3658		-210.909		-245.632
3659		-74.7903		-301.391
3660		64.9853		-287.007
3661		175.535		-213.381
3662		236.16		-104.897
3663		242.317		10.1288
3664		203.22		108.68
3665		134.991		178.256
3666		53.0577		216.545
3667		-32.5613		226.792
3668		-117.285		212.056
3669		-198.108		171.813
3670		-268.705		102.822
3671		-316.839		3.70961
3672		-326.142		-119.387
3673		-282.02		-249.504
3674		-179.175		-360.276
3675		-27.2565		-422.31
3676		148.259		-412.42
3677		310.929		-322.241
3678		422.588		-162.879
3679		453.918		36.2334
3680		392.889		234.031
3681		248.468		387.892
3682		48.7083		464.056
3683		-165.948		445.505
3684		-352.041		335.477
3685		-472.643		156.135
3686		-504.878		-56.8248
3687		-443.963		-262.066
3688		-303.272		-421.109
3689		-110.77		-505.641
3690		97.126		-502.282
3691		282.775		-414.12
3692		414.096		-259.056
3693		469.658		-65.7331
3694		441.446		131.818
3695		335.339		299.679
3696		169.803		408.956
3697		-26.6775		439.875
3698		-219.209		385.103
3699		-371.322		252.147
3700		-451.185		64.1544
3701		-438.797		-142.066
3702		-332.625		-321.841
3703		-153.283		-432.253
3704		58.2712		-443.818
3705		249.232		-350.715
3706		368.908		-175.443
3707		384.259		35.1058
3708		291.521		222.308
3709		118.97		333.77
3710		-81.2426		340.442
3711		-250.054		246.323
3712		-341.309		86.6188
3713		-336.941		-85.3835
3714		-251.553		-217.776
3715		-124.69		-278.204
3716		-4.15892		-263.603
3717		72.5797		-197.972
3718		91.3088		-119.775
3719		63.3888		-64.8801
3720		17.4695		-52.477
3721		-14.9012		-79.5856
3722		-12.9941		-125.527
3723		25.846		-163.218
3724		87.654		-171.47
3725		150.04		-142.795
3726		192.373		-84.0759
3727		203.063		-11.1954
3728		181.318		58.5696
3729		134.058		112.293
3730		71.0051		143.059
3731		1.29558		148.162
3732		-66.7811		126.492
3733		-123.879		77.8552
3734		-158.204		5.16739
3735		-157.107		-82.0104
3736		-112.138		-165.685
3737		-25.3795		-222.035
3738		86.6695		-228.736
3739		194.874		-174.401
3740		265.524		-65.7174
3741		272.038		71.6966
3742		205.446		200.039
3743		78.9387		281.446
3744		-75.7309		290.629
3745		-218.53		222.868
3746		-313.74		94.4048
3747		-339.762		-64.2173
3748		-292.802		-218.288
3749		-184.3		-337.983
3750		-34.8645		-403.162
3751		131.523		-403.598
3752		290.496		-336.912
3753		417.556		-207.29
3754		487.959		-26.7677
3755		479.163		181.807
3756		377.1		383.212
3757		184.597		533.143
3758		-72.1943		587.781
3759		-343.929		517.647
3760		-567.161		320.723
3761		-680.934		28.9236
3762		-645.657		-296.054
3763		-457.364		-577.449
3764		-151.748		-744.319
3765		203.936		-751.635
3766		528.491		-592.872
3767		747.983		-301.317
3768		813.885		59.5214
3769		713.232		412.535
3770		469.164		685.235
3771		133.333		824.776
3772		-226.575		807.092
3773		-540.804		639.588
3774		-750.518		358.247
3775		-818.323		20.2767
3776		-735.269		-306.685
3777		-523.143		-557.74
3778		-230.827		-684.432
3779		75.7216		-666.107
3780		328.588		-515.518
3781		474.656		-276.108
3782		489.15		-10.7158
3783		381.417		215.523
3784		190.688		352.831
3785		-26.8791		379.251
3786		-215.404		303.917
3787		-334.748		160.604
3788		-369.268		-5.38119
3789		-327.806		-151.759
3790		-236.343		-250.229
3791		-127.199		-290.954
3792		-29.0736		-280.694
3793		39.2279		-236.974
3794		70.8043		-181.353
3795		69.6198		-133.87
3796		48.0681		-109.196
3797		24.0123		-113.907
3798		17.0646		-144.394
3799		43.4749		-185.95
3800		109.826		-214.529
3801		207.345		-202.578
3802		309.887		-128.722
3803		378.336		11.3443
3804		372.013		197.324
3805		264.261		384.691
3806		56.5569		515.044
3807		-215.254		534.405
3808		-486.733		413.44
3809		-682.264		161.778
3810		-738.802		-169.911
3811		-627.544		-502.039
3812		-365.438		-748.892
3813		-12.057		-844.299
3814		347.141		-761.3
3815		625.179		-519.368
3816		757.207		-177.509
3817		716.069		183.322
3818		516.05		481.946
3819		205.561		655.892
3820		-147.157		672.953
3821		-470.102		534.13
3822		-701.252		269.611
3823		-798.034		-69.3043
3824		-742.57		-419.851
3825		-543.496		-717.741
3826		-234.823		-907.087
3827		128.489		-949.992
3828		478.846		-834.665
3829		748.095		-579.941
3830		881.652		-233.978
3831		851.47		134.043
3832		664.031		448.266
3833		360.414		643.373
3834		7.70329		680.154
3835		-316.419		555.068
3836		-541.914		301.059
3837		-622.701		-20.5754
3838		-546.935		-335.075
3839		-338.853		-571.978
3840		-52.0414		-681.41
3841		244.044		-645.083
3842		481.006		-479.57
3843		607.842		-231.155
3844		602.789		36.5048
3845		477.643		258.938
3846		273.304		387.407
3847		47.5736		400.952
3848		-141.478		310.429
3849		-251.668		153.274
3850		-267.44		-19.3635
3851		-201.883		-158.91
3852		-89.7036		-233.665
3853		26.0454		-236.49
3854		108.532		-183.806
3855		137.961		-107.066
3856		115.393		-40.5145
3857		59.3002		-9.90261
3858		-2.74519		-25.7646
3859		-43.5454		-82.4812
3860		-43.7152		-161.977
3861		4.38239		-239.629
3862		95.8639		-290.186
3863		214.499		-292.755
3864		334.988		-235.039
3865		426.541		-117.252
3866		458.621		44.7949
3867		409.139		219.224
3868		273.646		362.489
3869		72.0746		429.67
3870		-151.118		388.981
3871		-336.03		235.753
3872		-424.63		-0.265579
3873		-381.08		-259.128
3874		-207.222		-467.072
3875		53.9597		-560.354
3876		329.881		-507.816
3877		541.695		-322.974
3878		630.869		-60.1072
3879		578.568		204.661
3880		410.08		399.903
3881		182.851		482.377
3882		-36.3664		448.252
3883		-195.258		328.425
3884		-270.828		171.433
3885		-270.275		22.5703
3886		-219.538		-91.2014
3887		-146.698		-164.736
3888		-69.0931		-206.979
3889		9.90416		-228.045
3890		94.2244		-229.19
3891		183.814		-201.465
3892		266.349		-133.526
3893		317.652		-23.6406
3894		311.454		111.638
3895		233.674		238.061
3896		93.52		314.566
3897		-75.0712		309.91
3898		-223.462		217.171
3899		-305.869		58.9526
3900		-296.72		-119.547
3901		-200.133		-266.726
3902		-47.5616		-342.926
3903		114.803		-333.156
3904		242.877		-249.435
3905		308.45		-123.055
3906		304.859		8.56497
3907		243.912		114.084
3908		147.509		174.791
3909		39.1407		184.526
3910		-60.8396		145.591
3911		-135.467		64.8175
3912		-169.388		-47.2671
3913		-148.699		-174.209
3914		-64.6329		-291.224
3915		79.7467		-366.438
3916		263.572		-367.872
3917		447.523		-274.899
3918		581.241		-89.6186
3919		617.763		157.534
3920		530.141		411.961
3921		323.573		608.843
3922		37.5942		692.554
3923		-263.384		634.543
3924		-508.218		443.033
3925		-639.51		161.027
3926		-629.324		-146.407
3927		-485.214		-410.708
3928		-245.546		-577.735
3929		33.0727		-619.584
3930		291.203		-537.775
3931		479.856		-358.689
3932		568.608		-124.404
3933		548.079		117.388
3934		428.254		321.832
3935		234.744		452.877
3936		4.39798		487.326
3937		-219.464		417.823
3938		-392.816		254.967
3939		-478.147		27.6925
3940		-452.616		-219.557
3941		-315.274		-433.946
3942		-90.6337		-565.335
3943		173.843		-579.156
3944		417.237		-467.4
3945		580.17		-253.701
3946		621.495		10.2793
3947		531.492		257.419
3948		336.748		423.82
3949		94.0336		468.169
3950		-125.98		385.372
3951		-260.673		209.264
3952		-276.033		2.44339
3953		-178.505		-164.227
3954		-13.2736		-235.967
3955		151.336		-193.702
3956		248.47		-61.4799
3957		237.712		101.787
3958		121.02		223.95
3959		-56.8653		247.002
3960		-224.332		149.945
3961		-309.554		-41.8334
3962		-267.897		-264.654
3963		-99.5124		-439.328
3964		149.735		-499.974
3965		404.305		-417.845
3966		585.594		-211.173
3967		638.747		62.1788
3968		549.635		325.638
3969		346.467		509.673
3970		86.924		572.455
3971		-162.643		508.577
3972		-347.191		344.574
3973		-435.067		125.504
3974		-419.79		-100.318
3975		-314.05		-292.185
3976		-141.374		-420.933
3977		69.5916		-467.763
3978		286.436		-422.337
3979		472.127		-283.966
3980		586.302		-66.5335
3981		592.165		196.135
3982		468.843		449.796
3983		224.68		628.457
3984		-95.6166		672.184
3985		-415.98		548.827
3986		-647.586		270.918
3987		-716.249		-100.699
3988		-588.948		-470.424
3989		-288.795		-735.668
3990		108.523		-819.534
3991		496.78		-696.396
3992		772.264		-400.607
3993		865.928		-14.9662
3994		763.046		356.59
3995		503.918		621.682
3996		166.646		725.655
3997		-160.264		662.631
3998		-404.607		469.437
3999		-527.21		207.136
4000		-524.581		-60.9665
4001		-419.629		-286.113
4002		-247.048		-440.726
4003		-40.8539		-515.375
4004		171.197		-510.902
4005		366.187		-431.835
4006		521.514		-285.176
4007		612.635		-84.5109
4008		616.634		144.408
4009		521.237		362.022
4010		334.953		520.974
4011		92.1818		579.431
4012		-151.363		516.993
4013		-333.391		346.013
4014		-405.356		112.131
4015		-350.447		-118.046
4016		-191.324		-278.561
4017		16.5371		-327.001
4018		204.193		-259.443
4019		314.004		-111.08
4020		320.008		58.0693
4021		235.66		186.681
4022		105.952		235.284
4023		-12.5323		199.635
4024		-74.9767		109.163
4025		-65.2883		11.8318
4026		0.112801		-47.4999
4027		82.4221		-45.6195
4028		139.155		11.286
4029		142.65		93.1417
4030		90.3383		161.151
4031		3.09509		184.959
4032		-86.1908		153.977
4033		-147.402		78.5453
4034		-164.055		-18.0093
4035		-135.821		-111.081
4036		-73.1882		-183.706
4037		11.107		-228.601
4038		107.983		-243.78
4039		211.679		-226.185
4040		314.069		-168.937
4041		398.477		-65.3541
4042		438.871		81.8131
4043		407.593		251.673
4044		289.521		403.844
4045		95.8299		488.272
4046		-130.991		464.1
4047		-326.076		319.806
4048		-423.698		84.5573
4049		-383.225		-176.421
4050		-207.952		-382.647
4051		52.5664		-467.687
4052		319.075		-404.547
4053		511.683		-215.784
4054		579.044		36.3745
4055		514.923		275.481
4056		355.341		440.234
4057		158.674		504.525
4058		-20.9256		479.848
4059		-153.694		400.656
4060		-238.844		301.734
4061		-292.938		200.194
4062		-330.109		91.6476
4063		-346.391		-38.1139
4064		-317.995		-193.428
4065		-215.391		-353.418
4066		-25.8749		-471.408
4067		228.187		-491.694
4068		486.992		-376.616
4069		670.662		-130.471
4070		710.042		192.767
4071		577.143		503.708
4072		300.68		708.977
4073		-41.3592		746.466
4074		-349.582		608.812
4075		-539.452		344.843
4076		-570.247		38.9132
4077		-454.861		-222
4078		-247.886		-378.593
4079		-19.3621		-414.48
4080		172.682		-351.99
4081		298.814		-233.56
4082		358.644		-99.8519
4083		368.495		24.4986
4084		345.557		132.256
4085		298.016		224.624
4086		225.714		299.918
4087		128.825		348.109
4088		17.1743		354.864
4089		-87.293		312.1
4090		-157.687		227.58
4091		-175.371		126.315
4092		-141.211		41.3832
4093		-77.3859		-1.60852
4094		-17.3802		2.1915
4095		11.2421		33.9534

 
--------------------------------------


