Compute Correlation 
 
0		-293.586		-135.645
1		-251.698		-291.909
2		-126.321		-410.313
3		48.2204		-446.75
4		216.555		-386.072
5		324.909		-249.402
6		343.277		-85.1967
7		276.603		51.6831
8		159.97		122.699
9		40.8155		119.377
10		-42.522		62.144
11		-75.293		-13.9316
12		-67.4068		-78.1765
13		-41.9767		-117.943
14		-18.7503		-140.214
15		-2.09319		-161.481
16		19.8778		-192.662
17		64.9864		-228.349
18		141.898		-246.963
19		239.361		-222.114
20		326.576		-139.021
21		365.375		-6.81945
22		328.381		140.46
23		213.935		255.591
24		49.9986		297.294
25		-115.226		247.745
26		-231.664		120.227
27		-266.197		-46.358
28		-213.604		-203.026
29		-95.498		-308.745
30		50.8878		-342.948
31		187.777		-308.048
32		288.592		-222.749
33		341.99		-111.212
34		348.471		5.81252
35		313.619		114.127
36		243.032		203.721
37		141.94		264.496
38		18.8636		284.394
39		-110.241		252.221
40		-221.406		164.021
41		-287.582		29.1596
42		-287.601		-128.082
43		-215.041		-273.398
44		-82.5012		-372.418
45		81.0974		-401.594
46		239.182		-355.345
47		358.418		-246.683
48		417.345		-101.717
49		409.866		48.9355
50		343.467		177.966
51		234.43		265.836
52		103.009		301.644
53		-29.5645		282.099
54		-142.371		210.718
55		-215.978		98.1887
56		-235.084		-36.982
57		-192.732		-169.484
58		-94.3706		-271.414
59		40.9296		-319.316
60		183.984		-301.613
61		303.371		-222.975
62		374.861		-103.116
63		388.403		29.9627
64		349.533		149.519
65		274.703		238.148
66		183.036		290.833
67		88.7338		312.059
68		-2.15966		309.123
69		-89.417		285.739
70		-172.648		239.667
71		-245.643		165.706
72		-294.808		62.2442
73		-303.172		-62.5933
74		-258.25		-189.116
75		-159.788		-290.278
76		-23.2452		-340.481
77		123.118		-325.064
78		246.553		-246.188
79		319.994		-122.539
80		329.861		16.7795
81		278.658		141.253
82		182.136		227.059
83		63.1666		261.508
84		-54.612		243.266
85		-151.096		179.825
86		-211.51		84.4566
87		-226.833		-25.8762
88		-194.429		-131.719
89		-119.503		-212.756
90		-16.4722		-251.167
91		91.6702		-236.713
92		177.556		-171.797
93		217.054		-73.6803
94		197.937		28.4248
95		125.916		101.594
96		24.787		120.308
97		-70.3516		76.1697
98		-124.81		-17.9831
99		-116.568		-131.694
100		-44.2269		-227.145
101		72.5252		-272.134
102		200.007		-250.75
103		302.197		-167.8
104		352.298		-45.7961
105		339.987		83.6765
106		272.304		190.37
107		168.874		253.573
108		54.2748		265.655
109		-49.1037		230.808
110		-125.33		160.812
111		-165.77		70.3811
112		-167.618		-25.9258
113		-132.011		-114.657
114		-63.2311		-183.112
115		30.6463		-219.196
116		136.491		-212.711
117		235.78		-158.298
118		306.484		-59.0622
119		327.549		70.8832
120		285.059		206.69
121		178.132		316.797
122		22.2251		370.276
123		-151.971		345.701
124		-304.603		238.802
125		-396.56		66.1095
126		-400.514		-137.251
127		-309.638		-325.658
128		-140.86		-454.991
129		68.8756		-494.903
130		272.532		-437.34
131		426.002		-298.352
132		499.889		-112.565
133		486.121		77.6097
134		397.454		234.044
135		260.78		331.919
136		107.474		362.974
137		-35.1187		332.906
138		-148.065		255.382
139		-220.572		146.246
140		-247.01		20.688
141		-224.395		-106.157
142		-152.699		-217.14
143		-38.0542		-292.648
144		103.576		-313.943
145		245.756		-269.904
146		356.348		-164.067
147		407.139		-17.6622
148		384.587		134.414
149		296.434		254.347
150		170.174		314.843
151		43.0672		309.155
152		-52.316		252.668
153		-100.39		174.84
154		-106.721		105.132
155		-91.9792		59.8133
156		-78.7944		36.3021
157		-78.4506		17.938
158		-84.6232		-13.408
159		-77.7576		-63.8233
160		-37.962		-120.622
161		40.5198		-156.663
162		141.441		-144.086
163		230.308		-70.5443
164		268.736		50.7829
165		232.632		183.252
166		125.034		280.684
167		-23.1174		306.751
168		-165.028		250.453
169		-257.165		130.193
170		-276.181		-15.2653
171		-225.691		-144.029
172		-130.426		-227.671
173		-21.8447		-259.163
174		76.5327		-249.212
175		156.29		-214.521
176		220.794		-165.721
177		274.718		-102.411
178		313.948		-18.0586
179		323.102		88.7605
180		283.164		204.52
181		185.304		299.702
182		42.5632		339.026
183		-108.591		298.656
184		-219.692		181.338
185		-250.349		20.545
186		-187.309		-130.082
187		-52.5468		-218.039
188		104.475		-214.124
189		227.26		-124.619
190		275.77		12.5338
191		241.654		145.586
192		148.192		231.793
193		35.8392		253.86
194		-58.4082		222.405
195		-116.803		164.459
196		-143.983		105.451
197		-156.984		55.2495
198		-169.051		6.03095
199		-177.533		-57.3976
200		-163.541		-141.584
201		-104.034		-232.992
202		10.5342		-298.98
203		163.575		-301.967
204		313.063		-219.831
205		406.804		-61.4674
206		405.395		131.614
207		301.43		299.69
208		124.939		388.871
209		-68.0821		373.267
210		-218.591		264.549
211		-287.731		104.684
212		-269.37		-53.8918
213		-186.843		-170.259
214		-77.0959		-228.359
215		28.3271		-236.175
216		115.19		-213.189
217		185.879		-174.714
218		248.249		-122.781
219		302.178		-48.7269
220		333.089		54.7241
221		317.301		180.06
222		236.762		299.545
223		94.6583		372.645
224		-77.85		363.745
225		-229.122		261.311
226		-306.53		88.0383
227		-278.978		-104.25
228		-151.424		-253.538
229		35.9283		-311.812
230		223.489		-263.273
231		355.58		-128.376
232		400.246		47.291
233		357.031		212.931
234		250.728		331.223
235		116.199		387.434
236		-16.8505		386.532
237		-131.54		342.465
238		-221.689		267.417
239		-283.708		167.664
240		-309.643		47.6394
241		-287.168		-81.8693
242		-207.358		-198.448
243		-75.4627		-271.133
244		82.8245		-272.077
245		225.278		-191.289
246		307.358		-46.1026
247		300.739		121.047
248		206.951		257.132
249		58.7042		319.328
250		-92.6443		292.37
251		-198.022		194.029
252		-230.164		66.0148
253		-192.58		-45.1759
254		-114.184		-108.057
255		-32.9753		-117.174
256		22.5507		-90.7002
257		44.932		-56.9687
258		47.0738		-37.7334
259		50.8654		-37.136
260		72.0773		-41.7486
261		110.056		-30.8317
262		147.659		9.49601
263		161.028		76.279
264		133.473		149.398
265		65.7257		200.902
266		-22.9395		208.786
267		-103.117		167.834
268		-148.564		92.0024
269		-147.403		7.52466
270		-105.753		-59.1885
271		-42.6536		-92.3968
272		20.2648		-91.3388
273		68.4385		-66.6531
274		98.4221		-31.9082
275		114.954		4.39481
276		123.745		41.7758
277		124.949		84.4365
278		111.593		134.232
279		74.0508		184.735
280		7.96834		220.531
281		-79.1534		222.827
282		-166.947		178.814
283		-228.06		89.9377
284		-238.597		-25.4266
285		-188.355		-136.663
286		-86.1144		-211.197
287		42.4175		-225.969
288		163.022		-175.313
289		244.074		-72.3247
290		265.9		56.208
291		225.233		178.656
292		134.064		267.489
293		14.4615		305.351
294		-107.977		287.168
295		-209.739		218.935
296		-272.997		114.79
297		-287.356		-6.2261
298		-250.49		-123.105
299		-168.19		-215.615
300		-53.7593		-267.147
301		73.6437		-267.55
302		191.99		-215.306
303		280.326		-118.216
304		322.742		7.88586
305		311.255		142.138
306		246.916		262.469
307		139.171		349.192
308		4.09612		387.704
309		-137.813		370.242
310		-264.004		297.053
311		-352.577		177.172
312		-385.707		28.5079
313		-353.663		-123.572
314		-258.534		-249.908
315		-116.086		-323.471
316		45.746		-326.318
317		192.254		-255.409
318		290.224		-124.964
319		316.688		35.988
320		265.296		190.514
321		148.136		303.09
322		-7.51663		348.41
323		-166.289		317.096
324		-293.263		217.006
325		-361.546		70.4196
326		-357.249		-91.4879
327		-281.408		-235.177
328		-149.239		-331.003
329		12.6998		-358.541
330		171.055		-310.639
331		291.751		-195.684
332		347.128		-37.2272
333		322.908		129.859
334		223.026		266.772
335		70.2152		340.435
336		-98.7779		332.745
337		-242.653		246.22
338		-326.985		103.681
339		-333.822		-58.3651
340		-266.049		-200.522
341		-145.083		-291.687
342		-3.03391		-316.725
343		127.436		-278.29
344		221.731		-192.966
345		267.694		-84.0798
346		265.178		25.5288
347		222.356		118.174
348		151.323		182.633
349		65.0642		213.091
350		-23.5341		207.634
351		-101.543		167.785
352		-156.244		99.3066
353		-176.851		13.2062
354		-157.501		-74.5934
355		-100.128		-145.826
356		-15.4881		-184.279
357		78.6597		-180.413
358		161.877		-134.279
359		216.28		-55.5271
360		230.761		39.3832
361		202.89		131.454
362		138.395		203.257
363		49.1238		241.739
364		-49.3517		239.609
365		-139.825		195.897
366		-205.422		116.323
367		-232.026		13.4477
368		-211.406		-94.1661
369		-144.355		-184.697
370		-42.3284		-237.895
371		73.9628		-240.849
372		179.445		-192.478
373		251.798		-104.509
374		278.097		2.04529
375		258.132		103.761
376		202.892		182.208
377		129.01		228.617
378		51.9747		243.915
379		-18.5115		234.624
380		-78.9184		207.327
381		-128.416		165.092
382		-164.236		107.979
383		-179.311		37.1652
384		-164.31		-40.2015
385		-113.42		-109.082
386		-30.6643		-149.789
387		67.3629		-145.645
388		154.873		-91.4431
389		205.714		1.914
390		203.784		109.68
391		149.889		202.044
392		61.3861		255.533
393		-35.4662		261.536
394		-116.698		227.763
395		-169.7		172.125
396		-195.659		112.526
397		-204.453		58.2548
398		-205.34		7.71531
399		-199.143		-46.4115
400		-176.854		-107.832
401		-125.89		-169.018
402		-40.6758		-210.489
403		68.6395		-208.467
404		175.034		-147.547
405		242.94		-31.786
406		242.851		112.158
407		165.344		242.466
408		27.4477		317.481
409		-132.202		312.07
410		-267.52		227.442
411		-342.041		89.9881
412		-341.19		-59.9856
413		-274.675		-183.987
414		-168.94		-258.154
415		-54.3829		-277.851
416		45.9469		-253.367
417		121.107		-200.583
418		169.599		-132.544
419		192.677		-56.4763
420		188.943		23.125
421		154.183		98.6703
422		86.6		155.998
423		-6.22122		176.813
424		-103.881		146.775
425		-176.862		65.0706
426		-196.924		-50.2891
427		-149.666		-165.47
428		-42.9135		-241.953
429		93.7697		-251.237
430		218.948		-186.411
431		294.396		-65.1793
432		298.734		76.9954
433		233.786		200.275
434		121.55		274.191
435		-5.83765		285.975
436		-117.825		240.912
437		-193.633		156.275
438		-224.394		53.177
439		-210.379		-49.3287
440		-156.826		-135.941
441		-71.75		-193.839
442		33.2064		-211.569
443		140.707		-180.748
444		227.748		-100.686
445		270.119		16.773
446		250.751		146.141
447		168.34		253.514
448		41.3812		307.365
449		-95.6646		290.669
450		-203.624		208.62
451		-252.873		87.7394
452		-234.268		-33.8818
453		-161.687		-121.097
454		-65.0277		-154.478
455		22.8823		-135.674
456		79.2123		-83.4074
457		98.0069		-22.7362
458		88.4805		26.6868
459		66.6309		57.6046
460		45.2665		74.5898
461		27.8465		87.2889
462		8.967		101.993
463		-19.5625		116.526
464		-61.1257		121.162
465		-109.815		104.689
466		-151.632		61.8564
467		-170.589		-2.1064
468		-156.267		-72.3784
469		-108.757		-130.188
470		-38.6671		-160.072
471		37.3168		-155.073
472		102.573		-117.731
473		145.176		-57.304
474		159.284		14.4207
475		143.81		86.1089
476		100.49		147.496
477		33.4151		188.546
478		-49.5651		199.285
479		-135.067		171.949
480		-204.51		105.223
481		-238.122		8.2514
482		-221.903		-98.6412
483		-154.524		-188.363
484		-50.3418		-235.741
485		63.8561		-226.976
486		157.729		-165.357
487		208.21		-70.2096
488		207.349		30.7376
489		163.577		112.044
490		96.0573		159.254
491		25.3132		171.665
492		-34.945		158.451
493		-80.7984		130.974
494		-115.017		95.9726
495		-140.5		53.5139
496		-154.777		0.557732
497		-149.316		-62.4809
498		-114.375		-126.679
499		-46.6641		-174.79
500		44.85		-187.36
501		138.863		-151.938
502		208.223		-70.5225
503		230.2		38.8894
504		195.619		147.815
505		112.488		227.342
506		2.61201		257.999
507		-106.747		235.083
508		-191.878		167.705
509		-238.273		73.202
510		-241.318		-29.4268
511		-203.423		-123.639
512		-130.782		-195.941
513		-32.3902		-234.578
514		78.4344		-229.284
515		182.289		-174.089
516		254.948		-72.5276
517		273.373		58.0818
518		225.043		187.25
519		116.188		278.855
520		-26.1451		303.773
521		-160.985		252.326
522		-247.617		140.242
523		-261.272		4.29865
524		-203.045		-111.351
525		-99.0563		-172.37
526		11.0789		-167.09
527		91.1056		-109.049
528		122.284		-28.3134
529		108.252		43.7321
530		68.8755		88.2835
531		27.0749		104.852
532		-3.88304		106.584
533		-25.7707		108.607
534		-50.9366		116.563
535		-91.127		122.096
536		-146.538		107.96
537		-201.882		59.7492
538		-232.248		-22.6473
539		-215.867		-120.799
540		-146.86		-203.702
541		-40.7799		-241.305
542		70.4497		-218.662
543		151.896		-143.295
544		180.544		-41.9252
545		154.266		51.6473
546		90.5925		111.14
547		16.568		127.455
548		-44.4709		108.991
549		-82.0722		73.4555
550		-99.4455		36.5438
551		-106.491		4.1831
552		-110.126		-27.5446
553		-108.232		-65.5065
554		-91.0185		-110.598
555		-48.8933		-152.915
556		18.2463		-174.604
557		96.4452		-159.205
558		161.376		-102.168
559		188.954		-16.1856
560		167.329		72.3619
561		103.58		134.539
562		21.129		151.904
563		-51.0059		124.53
564		-91.5148		69.719
565		-95.5625		12.2184
566		-74.4904		-28.5867
567		-46.9967		-47.3997
568		-27.1158		-52.984
569		-16.0544		-59.7509
570		-2.64853		-76.1816
571		27.8384		-97.1627
572		81.7886		-105.111
573		149.389		-79.7004
574		205.98		-10.9422
575		222.616		91.8247
576		180.625		200.521
577		82.4883		278.912
578		-46.9096		298.186
579		-169.658		249.789
580		-250.298		149.113
581		-269.81		28.3974
582		-231.5		-77.2725
583		-156.592		-143.749
584		-72.6713		-164.841
585		-1.49098		-150.064
586		47.6973		-115.694
587		76.7953		-74.9612
588		91.7535		-33.0245
589		95.069		11.0932
590		82.9806		57.8862
591		49.1234		101.226
592		-7.92415		127.469
593		-78.4817		121.184
594		-141.736		74.5727
595		-173.057		-5.06627
596		-155.435		-94.8128
597		-89.0094		-163.921
598		6.76806		-186.649
599		100.115		-153.828
600		160.014		-77.2352
601		169.104		15.5714
602		130.087		93.4231
603		62.7721		134.635
604		-6.33186		134.674
605		-56.249		105.103
606		-79.4146		65.153
607		-81.7105		30.9784
608		-75.585		8.47289
609		-70.8229		-6.91366
610		-68.4481		-24.0348
611		-61.0747		-47.7873
612		-39.1136		-73.9047
613		1.14891		-89.9785
614		52.5833		-82.1597
615		98.4832		-43.6943
616		119.616		19.5969
617		103.374		90.0681
618		50.2342		145
619		-25.7808		165.946
620		-102.694		146.063
621		-159.271		92.0792
622		-182.55		20.5033
623		-170.989		-49.505
624		-132.597		-102.873
625		-79.9492		-132.084
626		-25.1634		-136.724
627		22.8205		-120.624
628		58.2472		-89.0433
629		77.2045		-47.5629
630		76.8781		-2.66863
631		56.4385		37.4609
632		18.9623		63.6301
633		-27.3994		68.2928
634		-70.6458		49.0451
635		-98.7493		10.7421
636		-104.447		-35.5495
637		-88.3788		-76.8326
638		-58.5363		-103.739
639		-25.9707		-114.379
640		1.08868		-114.183
641		21.4077		-111.637
642		40.6815		-112.179
643		67.0095		-113.837
644		104.319		-107.391
645		147.543		-81.4162
646		182.666		-29.7429
647		192.211		42.7188
648		163.768		119.282
649		97.2873		176.851
650		7.29541		195.164
651		-81.4253		165.597
652		-142.89		95.3834
653		-159.624		5.26498
654		-128.745		-78.2128
655		-62.0437		-132.151
656		19.3808		-144.405
657		92.9823		-115.794
658		141.55		-57.4797
659		156.531		14.3085
660		137.708		83.3104
661		90.8484		136.202
662		25.3927		163.427
663		-46.7016		159.236
664		-111.422		122.345
665		-153.892		57.5449
666		-161.405		-22.9523
667		-127.95		-100.315
668		-58.2604		-153.216
669		31.2071		-164.612
670		115.967		-128.562
671		171.24		-53.7781
672		180.813		38.3393
673		143.132		120.934
674		71.7244		171.322
675		-10.3738		178.838
676		-79.6587		147.505
677		-120.545		92.6187
678		-129.468		33.269
679		-113.372		-15.3951
680		-84.1082		-46.5799
681		-52.114		-61.4351
682		-22.6679		-64.9815
683		3.82173		-61.3332
684		28.5196		-51.1511
685		50.5228		-32.5504
686		65.4741		-4.40672
687		67.3753		30.482
688		52.3864		64.7388
689		22.0691		88.9538
690		-16.1667		96.0363
691		-51.9327		84.7626
692		-76.4941		60.3293
693		-86.4838		31.5132
694		-84.5389		6.11022
695		-76.5651		-12.613
696		-67.4172		-26.34
697		-57.7811		-38.8323
698		-44.3224		-51.7002
699		-23.1115		-61.7032
700		5.8162		-61.6252
701		35.8271		-44.595
702		55.103		-9.46672
703		51.8914		36.0527
704		21.0012		76.833
705		-32.0579		96.1403
706		-91.8636		83.1447
707		-138.806		38.2784
708		-157.08		-26.4137
709		-140.997		-92.1978
710		-96.5503		-141.35
711		-37.7185		-163.738
712		20.2386		-159.149
713		66.7695		-134.727
714		98.2977		-99.562
715		116.141		-59.9432
716		122.108		-18.0499
717		115.12		25.5005
718		91.4146		67.4251
719		48.4529		99.2688
720		-9.99508		109.071
721		-71.2343		87.0481
722		-116.081		32.3903
723		-126.092		-42.9352
724		-92.3548		-116.3
725		-21.2512		-162.348
726		66.259		-163.381
727		142.121		-117.24
728		182.225		-38.6538
729		175.868		46.7459
730		129.207		112.962
731		61.3193		143.665
732		-4.86056		137.137
733		-52.0339		104.281
734		-73.9442		61.4728
735		-74.6746		22.4554
736		-63.2148		-6.49896
737		-47.0478		-26.1923
738		-28.5865		-40.0895
739		-6.17267		-49.3215
740		21.6364		-50.5668
741		51.8061		-38.1926
742		75.8111		-9.17109
743		82.9603		32.6155
744		66.3068		75.8295
745		27.5714		105.808
746		-22.1476		111.387
747		-66.749		90.6306
748		-92.4753		52.0854
749		-94.2624		10.622
750		-77.5513		-19.9737
751		-54.5284		-33.5928
752		-36.9278		-33.9099
753		-29.5256		-30.8776
754		-28.0752		-33.7228
755		-22.8702		-44.6123
756		-5.82211		-56.8092
757		23.1805		-58.5556
758		54.5522		-40.5465
759		73.234		-2.66545
760		66.7246		44.0836
761		32.4817		81.8806
762		-19.5455		94.5454
763		-70.8765		75.6443
764		-102.993		31.8392
765		-105.879		-20.3576
766		-82.0905		-62.6526
767		-44.3341		-83.47
768		-8.12824		-82.353
769		16.2089		-68.1323
770		27.775		-52.2925
771		33.3564		-41.6467
772		41.1351		-34.6966
773		53.8785		-23.774
774		65.9436		-1.54765
775		66.134		32.2
776		44.9123		67.9059
777		1.73562		89.729
778		-52.0315		83.6656
779		-96.8269		45.8844
780		-113.709		-13.5148
781		-93.7844		-73.7802
782		-43.1895		-112.5
783		19.1794		-115.819
784		70.1711		-84.6376
785		92.7973		-33.656
786		83.2771		16.1077
787		51.3059		47.2936
788		13.8197		53.4829
789		-14.0692		40.2716
790		-25.995		20.1253
791		-25.6288		4.36276
792		-22.1759		-3.02627
793		-23.1905		-6.36042
794		-29.1772		-13.8591
795		-33.1964		-30.832
796		-25.6103		-54.7872
797		-1.01082		-75.5664
798		36.9454		-80.585
799		75.872		-62.2007
800		100.232		-22.9104
801		99.1783		24.7519
802		72.3201		63.7641
803		30.1807		80.6852
804		-10.9264		71.898
805		-36.8048		44.7113
806		-41.7795		12.8871
807		-30.2446		-10.7744
808		-12.7936		-20.6197
809		0.593964		-19.77
810		6.27597		-16.5642
811		8.31684		-18.1724
812		14.8594		-25.3085
813		31.7988		-31.2472
814		57.6361		-25.7892
815		82.7117		-1.89748
816		93.4996		38.8781
817		79.7174		85.4507
818		40.3549		121.508
819		-14.7529		132.944
820		-68.7777		114.534
821		-105.223		72.3838
822		-114.959		20.9501
823		-99.4601		-23.6615
824		-68.8618		-50.5919
825		-36.2259		-57.8675
826		-11.2797		-51.2938
827		3.10626		-39.7354
828		10.2067		-29.7467
829		15.4598		-22.5821
830		21.9225		-14.9928
831		27.9568		-2.9153
832		28.4179		14.4842
833		18.4449		33.0133
834		-2.58731		45.0556
835		-29.446		43.6444
836		-52.8268		26.6134
837		-63.6243		-1.60934
838		-57.3393		-31.6317
839		-36.2314		-53.2831
840		-8.12486		-60.1021
841		17.3678		-51.8007
842		33.0979		-33.5989
843		36.9116		-13.0765
844		31.3833		3.54143
845		21.3101		13.6478
846		10.6978		18.0928
847		1.04126		19.1279
848		-8.28377		18.0419
849		-18.0889		14.0917
850		-27.4147		5.36893
851		-33.0017		-9.06325
852		-30.6812		-27.2712
853		-17.9179		-44.1714
854		4.03703		-53.2723
855		29.7532		-49.6068
856		51.375		-32.2905
857		61.7033		-5.31934
858		57.0699		23.8188
859		38.633		46.9866
860		11.6194		58.2749
861		-16.8908		55.6322
862		-40.4132		40.7668
863		-54.6424		17.789
864		-57.7788		-8.42374
865		-49.9938		-33.3058
866		-32.7921		-52.928
867		-8.79701		-63.9908
868		18.1182		-64.0874
869		42.9078		-52.4738
870		60.1857		-30.9607
871		65.8243		-4.16113
872		58.6494		21.4869
873		41.2291		39.802
874		19.0798		47.1485
875		-1.53159		43.7165
876		-16.1307		33.0122
877		-23.5516		19.7616
878		-25.5617		7.39816
879		-24.838		-3.37349
880		-22.5739		-14.0409
881		-17.3152		-26.0866
882		-5.93428		-38.5586
883		13.6758		-47.1365
884		39.809		-45.6414
885		65.9799		-29.455
886		82.816		0.996214
887		82.2114		38.8679
888		61.6746		72.8368
889		26.4172		91.7586
890		-12.2531		89.8152
891		-41.7308		69.4312
892		-53.7939		40.2598
893		-48.2334		14.5864
894		-32.4864		1.4571
895		-17.4381		2.6003
896		-11.6374		12.2812
897		-17.0573		21.0972
898		-28.672		21.5457
899		-37.9837		12.2232
900		-38.4019		-1.69344
901		-29.3327		-11.8948
902		-16.5853		-12.2533
903		-8.84844		-2.84866
904		-12.2959		9.72299
905		-26.5159		16.0252
906		-44.2398		9.35888
907		-55.1598		-10.0136
908		-51.72		-34.5415
909		-33.5507		-53.2739
910		-7.92574		-57.8219
911		14.1176		-46.989
912		23.8336		-27.3684
913		19.5216		-9.50266
914		7.19745		-1.79213
915		-3.25497		-5.6997
916		-4.23423		-15.1085
917		4.76152		-20.2997
918		16.5965		-14.2786
919		20.7348		2.29847
920		9.9185		20.6637
921		-14.6089		28.495
922		-42.565		17.0942
923		-59.4272		-12.8708
924		-54.1506		-50.5049
925		-25.5826		-79.5142
926		16.1025		-86.342
927		53.9772		-67.2693
928		72.6644		-30.5716
929		65.972		7.54604
930		39.761		31.124
931		8.51848		32.3532
932		-12.4516		14.9851
933		-14.9218		-8.49185
934		-1.4348		-24.1957
935		17.0916		-24.5306
936		28.302		-11.9121
937		25.8064		3.43981
938		12.781		10.2108
939		-0.264862		3.20639
940		-2.19371		-13.1903
941		11.5494		-27.3872
942		35.5029		-27.4581
943		56.6632		-8.55875
944		61.5926		23.4652
945		44.1828		54.5039
946		9.63584		69.4498
947		-27.6999		60.3278
948		-51.5689		30.7643
949		-52.191		-5.72762
950		-31.2003		-32.7364
951		-0.468117		-39.3794
952		24.4612		-25.5676
953		32.6221		-1.31802
954		23.0032		19.3265
955		4.18821		26.2246
956		-11.3135		18.4202
957		-14.6415		3.90486
958		-5.66259		-5.80603
959		7.31306		-2.98933
960		12.896		11.4052
961		3.83355		28.1544
962		-18.1964		35.1878
963		-43.0553		24.8543
964		-57.6507		-1.22647
965		-53.3226		-32.5847
966		-30.8598		-55.4087
967		-0.249327		-60.0223
968		24.7146		-46.0823
969		33.9		-22.5581
970		26.1484		-2.54601
971		9.45816		4.08697
972		-3.98188		-3.97359
973		-4.98284		-19.1903
974		7.38672		-29.9759
975		25.4758		-27.7408
976		37.7763		-12.0679
977		35.8977		8.98233
978		19.7041		23.5874
979		-2.38487		23.1404
980		-18.1165		7.42178
981		-18.4253		-15.0459
982		-2.69923		-31.6888
983		20.7432		-32.9343
984		39.2443		-17.5894
985		42.837		6.51514
986		29.7024		26.9527
987		6.9776		33.6311
988		-13.4751		24.2571
989		-21.837		5.25439
990		-15.7193		-12.2932
991		-1.09936		-19.2296
992		11.6394		-13.5733
993		14.1599		-1.37721
994		5.2744		7.24582
995		-8.32552		4.54343
996		-16.1632		-9.84482
997		-10.4935		-28.274
998		8.60891		-39.3526
999		32.656		-34.6628
1000		49.1347		-14.0496
1001		48.4698		13.659
1002		29.6179		35.0566
1003		1.06431		39.3132
1004		-23.4439		24.1058
1005		-32.1267		-3.00957
1006		-21.3839		-28.5833
1007		2.43117		-40.4308
1008		26.6279		-34.0214
1009		39.1444		-14.6088
1010		34.997		5.99311
1011		18.6902		16.1126
1012		1.36323		10.6446
1013		-5.62823		-6.3265
1014		2.93449		-24.0429
1015		23.3334		-31.199
1016		45.0996		-22.2019
1017		56.8219		-0.133394
1018		52.2758		25.0855
1019		33.5237		42.1299
1020		9.44761		44.1887
1021		-9.24223		32.1343
1022		-15.6003		13.3992
1023		-9.56141		-2.52848
1024		2.93151		-9.26348
1025		13.9697		-6.43381
1026		18.3471		1.09138
1027		16.1369		6.88868
1028		11.8536		7.18911
1029		10.9611		3.06632
1030		16.0101		-0.590935
1031		24.798		1.4647
1032		31.6225		11.1687
1033		30.803		25.5338
1034		20.2958		38.0728
1035		3.21751		42.3916
1036		-13.6247		35.8143
1037		-23.3172		20.9269
1038		-22.4472		4.19046
1039		-12.6963		-7.5047
1040		0.380505		-10.3237
1041		10.5388		-5.07145
1042		14.0667		3.85959
1043		11.2327		11.3408
1044		5.32336		14.3406
1045		0.114681		13.0823
1046		-2.50061		10.0277
1047		-3.24371		7.58235
1048		-4.21181		6.17443
1049		-6.66286		4.03133
1050		-9.45367		-1.21087
1051		-9.31845		-10.1934
1052		-2.93572		-20.4731
1053		10.5058		-27.2065
1054		27.9651		-25.6662
1055		43.4815		-14.1356
1056		51.037		4.63041
1057		47.7564		24.4215
1058		35.5339		38.6315
1059		20.0378		43.6541
1060		7.58333		40.6269
1061		1.67029		34.4609
1062		1.23102		30.6988
1063		1.65051		32.0676
1064		-2.0388		36.8156
1065		-11.7238		39.8801
1066		-24.6671		36.222
1067		-34.8782		24.314
1068		-36.6627		7.6077
1069		-28.2459		-7.02678
1070		-13.2425		-13.0791
1071		1.02725		-8.19777
1072		7.4973		4.27934
1073		3.3069		17.0632
1074		-8.60856		22.9821
1075		-21.2843		19.0146
1076		-27.8554		7.88375
1077		-25.6038		-3.78075
1078		-17.4674		-9.64539
1079		-10.043		-7.70977
1080		-9.22806		-1.67046
1081		-16.1442		1.33559
1082		-25.9159		-4.63958
1083		-30.2381		-20.1236
1084		-22.3812		-39.0641
1085		-1.70866		-51.6803
1086		25.0907		-49.8794
1087		47.0352		-32.155
1088		54.6299		-5.02057
1089		45.159		20.0723
1090		24.387		32.7671
1091		3.52893		29.4244
1092		-6.92734		15.0744
1093		-3.07446		0.465889
1094		10.2839		-4.20107
1095		22.5512		4.71166
1096		23.7132		22.0488
1097		10.5047		36.8224
1098		-11.2895		38.765
1099		-29.8933		24.7043
1100		-34.3452		0.966835
1101		-21.1674		-19.7847
1102		3.05382		-25.6525
1103		24.884		-12.543
1104		31.4355		12.9846
1105		17.8203		36.9092
1106		-9.65294		45.393
1107		-36.5581		32.658
1108		-48.1812		4.58531
1109		-37.7994		-24.1701
1110		-10.7125		-38.1185
1111		18.381		-29.5729
1112		33.3537		-3.12115
1113		25.5912		26.6882
1114		-1.11296		43.2758
1115		-32.5314		37.2135
1116		-51.837		11.5118
1117		-48.9644		-20.0063
1118		-26.2534		-40.4019
1119		2.82879		-39.1143
1120		21.2193		-17.9297
1121		17.8454		9.94932
1122		-6.10773		27.2352
1123		-37.7717		22.1867
1124		-59.6808		-4.86179
1125		-59.3781		-41.7175
1126		-36.1391		-71.1253
1127		-1.07191		-80.2599
1128		29.3732		-67.5375
1129		42.7117		-42.9393
1130		37.2077		-21.773
1131		22.2847		-15.5585
1132		12.4176		-25.347
1133		18.1305		-41.3468
1134		39.4024		-49.054
1135		65.3823		-38.2863
1136		80.653		-9.8044
1137		74.4497		24.4414
1138		47.4667		47.7262
1139		12.2042		48.0396
1140		-13.5118		25.2152
1141		-16.2706		-8.46044
1142		5.41536		-34.6386
1143		40.1198		-38.7898
1144		69.6509		-18.0438
1145		78.9139		17.4119
1146		63.9564		50.1408
1147		33.7072		65.1602
1148		4.51045		58.0393
1149		-9.34662		36.8472
1150		-3.6647		16.9472
1151		13.6489		11.7371
1152		27.6506		24.7276
1153		25.4988		47.5432
1154		4.30399		64.9697
1155		-26.9032		64.0823
1156		-52.2523		42.1131
1157		-58.2288		8.44177
1158		-41.6461		-20.5
1159		-11.7391		-30.5097
1160		14.8847		-17.7323
1161		23.5711		9.08646
1162		9.86462		33.5374
1163		-18.073		40.8508
1164		-44.2606		26.2076
1165		-54.1278		-2.72918
1166		-42.8187		-30.5046
1167		-17.7489		-43.0277
1168		6.06419		-35.8285
1169		15.154		-16.5564
1170		5.84118		-0.210106
1171		-13.3607		0.142262
1172		-26.7162		-18.3076
1173		-20.834		-45.738
1174		6.72906		-64.8963
1175		44.9742		-61.072
1176		74.7986		-31.1696
1177		79.3901		13.4437
1178		53.9018		52.2103
1179		8.87659		66.0767
1180		-34.6946		47.769
1181		-56.1279		5.92463
1182		-45.7702		-39.2856
1183		-9.81412		-66.6916
1184		33.4033		-65.0349
1185		63.4927		-38.2893
1186		68.8354		-2.57998
1187		52.1412		23.391
1188		27.787		28.8939
1189		12.6642		16.718
1190		15.9238		0.668945
1191		33.5701		-3.3833
1192		51.0096		12.393
1193		52.043		42.4826
1194		29.0489		70.6777
1195		-11.6187		79.2601
1196		-52.2862		59.4787
1197		-73.3269		17.2686
1198		-64.0253		-29.1916
1199		-28.7958		-58.881
1200		14.8262		-59.1315
1201		45.3998		-32.3958
1202		48.9364		5.18609
1203		26.1352		32.6192
1204		-8.45334		35.3696
1205		-34.7664		12.9037
1206		-38.335		-21.6371
1207		-17.9509		-49.2741
1208		14.2892		-56.0043
1209		40.4012		-40.4626
1210		47.0382		-14.1896
1211		33.0884		5.48418
1212		10.0715		5.74891
1213		-4.78887		-14.1288
1214		1.23672		-42.3088
1215		28.7934		-61.179
1216		65.8026		-57.5232
1217		94.1302		-30.2372
1218		99.7577		8.80681
1219		80.6833		41.2327
1220		48.0954		52.3029
1221		20.1835		39.0136
1222		12.1016		11.6249
1223		27.7208		-12.1655
1224		57.7443		-17.0672
1225		85.1306		1.48275
1226		94.6721		35.1229
1227		81.3103		67.5899
1228		52.5761		83.9983
1229		23.9284		79.0912
1230		9.76765		59.8637
1231		15.265		41.2129
1232		33.5835		37.2108
1233		49.943		52.9942
1234		50.1109		81.8119
1235		28.4787		108.783
1236		-8.77282		119.129
1237		-47.0634		106.197
1238		-71.3021		74.8544
1239		-73.781		38.5194
1240		-57.726		11.7129
1241		-34.7351		2.43393
1242		-17.8217		8.59155
1243		-14.1738		20.2772
1244		-21.7347		26.2912
1245		-31.3745		20.9799
1246		-33.1562		7.40344
1247		-22.8849		-4.90759
1248		-5.05752		-6.17271
1249		9.51585		7.1573
1250		10.0462		29.4883
1251		-7.58922		48.4974
1252		-37.7044		51.5922
1253		-67.007		32.8577
1254		-81.013		-3.32391
1255		-71.2567		-43.9473
1256		-39.5071		-73.4439
1257		3.11559		-80.9249
1258		41.4877		-64.9181
1259		63.402		-33.3865
1260		64.5617		0.631256
1261		49.4102		25.2406
1262		27.8721		34.5695
1263		10.1178		30.1493
1264		2.16906		18.6788
1265		4.31637		7.89597
1266		12.5521		2.94379
1267		21.6356		4.91862
1268		27.8331		11.7918
1269		29.9891		20.5739
1270		28.8404		29.1666
1271		25.5355		36.9264
1272		20.5612		44.0146
1273		13.6923		50.4
1274		4.69028		55.4124
1275		-6.06277		58.1232
1276		-17.6322		58.0622
1277		-29.2419		55.4835
1278		-40.9152		50.7876
1279		-53.2603		43.4956
1280		-66.2452		31.7439
1281		-77.7211		13.1139
1282		-82.9665		-13.2745
1283		-76.1564		-44.5505
1284		-53.5026		-73.4043
1285		-16.5289		-90.0116
1286		26.5953		-86.2098
1287		63.0328		-60.0417
1288		80.2257		-18.1312
1289		71.6598		25.8524
1290		40.4873		56.4375
1291		-1.15089		63.0162
1292		-37.1459		44.6308
1293		-54.4938		10.3296
1294		-48.9034		-25.2469
1295		-26.068		-48.8568
1296		2.01487		-54.6163
1297		23.6357		-45.8465
1298		33.261		-31.9801
1299		33.5391		-22.4344
1300		32.4725		-21.03
1301		37.5917		-24.1644
1302		50.6897		-23.7245
1303		66.3353		-12.8998
1304		75.1259		8.70108
1305		69.7706		33.8763
1306		50.3		51.5263
1307		25.0781		53.1972
1308		6.69924		38.6025
1309		4.91341		16.6626
1310		20.649		1.10891
1311		44.7819		2.89889
1312		62.6918		23.7222
1313		62.2863		54.47
1314		41.0138		79.8385
1315		7.74772		86.7147
1316		-21.791		71.6802
1317		-33.7233		43.2667
1318		-23.9841		17.4375
1319		-0.954453		8.61677
1320		18.9808		21.2427
1321		20.6923		46.7237
1322		-0.726574		67.7711
1323		-36.4219		67.943
1324		-67.9079		41.1882
1325		-76.8338		-4.0037
1326		-55.11		-48.3719
1327		-9.76329		-71.7209
1328		40.3009		-63.5345
1329		73.9974		-28.533
1330		78.9649		15.9355
1331		57.6915		49.2734
1332		25.4934		58.6021
1333		1.51658		45.2346
1334		-2.15593		23.0669
1335		12.8731		9.85184
1336		32.7325		16.3566
1337		39.953		39.6434
1338		24.4527		64.424
1339		-9.50325		71.8732
1340		-44.5247		51.0125
1341		-59.0875		6.19921
1342		-39.4731		-43.6855
1343		11.9288		-74.1958
1344		76.642		-67.7394
1345		128.623		-22.7979
1346		146.811		45.0128
1347		125.073		110.572
1348		74.3785		151.419
1349		16.342		157.955
1350		-28.0773		136.433
1351		-48.4402		103.623
1352		-48.0784		76.6218
1353		-39.4831		63.8003
1354		-35.0994		61.9279
1355		-39.2813		60.6728
1356		-46.2423		51.2908
1357		-45.0855		33.8615
1358		-28.6326		18.3724
1359		-0.367687		18.728
1360		25.1938		43.1455
1361		29.5491		86.8211
1362		0.999493		131.723
1363		-56.9909		154.403
1364		-125.053		138.04
1365		-175.918		82.2216
1366		-187.404		4.85666
1367		-153.68		-65.32
1368		-88.7374		-102.11
1369		-20.0238		-94.2866
1370		24.6047		-50.6786
1371		29.9421		4.67477
1372		-0.144562		44.6651
1373		-45.9779		52.1561
1374		-82.9294		27.2446
1375		-93.8851		-14.6509
1376		-76.7689		-52.2798
1377		-43.5506		-70.0941
1378		-11.9469		-65.5286
1379		5.08245		-48.4265
1380		6.04277		-33.5691
1381		0.308125		-31.0677
1382		1.05658		-40.3255
1383		16.263		-50.9365
1384		43.223		-49.7039
1385		69.832		-29.3843
1386		81.7714		6.16962
1387		71.2527		43.5827
1388		42.0665		67.3596
1389		7.86847		68.7679
1390		-15.3869		50.9534
1391		-18.4988		27.2151
1392		-4.27615		13.3381
1393		14.137		18.3682
1394		21.0119		39.1777
1395		7.47453		62.056
1396		-22.803		70.5625
1397		-55.039		55.2671
1398		-71.2823		19.8449
1399		-60.5335		-20.0447
1400		-25.4197		-44.672
1401		18.3698		-40.729
1402		49.7346		-8.71331
1403		52.8756		36.8273
1404		25.3844		74.3631
1405		-20.5295		86.019
1406		-64.207		66.1935
1407		-86.7161		23.7771
1408		-79.6595		-22.9031
1409		-48.1892		-55.4318
1410		-7.07876		-63.8687
1411		27.5609		-50.1805
1412		46.2033		-25.2212
1413		49.2922		-1.50922
1414		44.7155		13.8303
1415		41.3794		22.0144
1416		42.9565		30.0989
1417		45.5327		44.9015
1418		40.4267		67.2206
1419		20.368		89.9199
1420		-14.7138		101.106
1421		-55.7854		90.6457
1422		-87.9475		56.3644
1423		-97.1759		6.43266
1424		-77.0173		-43.4051
1425		-31.7805		-76.3352
1426		25.2773		-81.3648
1427		77.6082		-57.2341
1428		111.843		-11.7546
1429		121.92		42.5479
1430		109.307		93.825
1431		79.9723		134.518
1432		40.4394		161.776
1433		-4.67187		175.3
1434		-52.4606		174.679
1435		-99.649		158.306
1436		-140.553		124.719
1437		-167.025		75.4317
1438		-170.979		17.2085
1439		-148.371		-38.1162
1440		-102.441		-76.8067
1441		-44.1947		-88.1959
1442		10.5301		-69.142
1443		46.3372		-25.7924
1444		53.6099		28.2555
1445		31.6485		76.6028
1446		-11.5652		105.492
1447		-62.5881		107.86
1448		-107.142		84.6856
1449		-134.27		43.5963
1450		-138.741		-4.20474
1451		-121.389		-47.3272
1452		-87.9044		-76.8559
1453		-46.8575		-87.8938
1454		-7.56205		-80.0674
1455		21.9393		-57.197
1456		36.5961		-26.2054
1457		35.4813		4.7117
1458		21.8801		28.4017
1459		2.01602		40.8975
1460		-17.376		42.4686
1461		-31.7189		36.9122
1462		-40.2149		29.2029
1463		-45.4347		22.586
1464		-50.9115		16.7238
1465		-57.9791		8.14721
1466		-63.7764		-6.95279
1467		-61.9381		-29.0212
1468		-46.0731		-52.7848
1469		-14.4032		-68.0848
1470		27.0891		-64.1171
1471		65.2432		-35.2755
1472		84.4654		14.4623
1473		73.7443		71.323
1474		32.4996		116.461
1475		-27.9545		133.766
1476		-88.5189		117.037
1477		-130.306		72.8504
1478		-142.676		17.465
1479		-127.267		-30.7995
1480		-95.9484		-59.8618
1481		-63.841		-68.5522
1482		-41.2085		-65.2736
1483		-28.6607		-61.5342
1484		-18.3069		-64.0978
1485		-0.150356		-70.321
1486		30.0061		-69.5057
1487		65.865		-49.6939
1488		92.1961		-6.13837
1489		92.2273		53.4775
1490		57.0591		110.405
1491		-8.05898		142.565
1492		-84.2739		134.885
1493		-146.598		86.8667
1494		-174.673		13.3512
1495		-161.379		-62.003
1496		-114.965		-117.163
1497		-53.8506		-140.69
1498		2.848		-134.767
1499		43.849		-111.171
1500		68.8277		-82.9678
1501		84.9143		-56.9507
1502		99.1961		-31.1753
1503		112.113		1.22429
1504		115.993		44.5784
1505		99.821		94.4864
1506		57.4571		137.131
1507		-5.7596		155.13
1508		-72.421		136.978
1509		-119.568		84.7785
1510		-129.299		15.5415
1511		-97.891		-45.2423
1512		-38.4032		-74.8098
1513		24.9062		-63.4002
1514		67.5971		-18.2532
1515		75.81		40.6881
1516		51.2534		90.9256
1517		8.11934		117.862
1518		-35.9119		120.03
1519		-69.2351		106.663
1520		-91.0085		89.6042
1521		-108.554		74.7533
1522		-129.462		58.3983
1523		-153.61		30.7433
1524		-170.458		-15.4939
1525		-163.846		-76.8226
1526		-122.015		-136.594
1527		-47.0887		-170.836
1528		41.8863		-159.884
1529		114.997		-99.73
1530		144.273		-6.6711
1531		116.944		87.9096
1532		42.2214		150.591
1533		-52.1817		160.479
1534		-132.257		117.988
1535		-172.552		43.4888
1536		-166.229		-33.2687
1537		-125.534		-87.2632
1538		-73.0532		-108.491
1539		-28.9802		-103.428
1540		-1.52312		-87.6484
1541		14.5232		-74.4659
1542		30.8474		-66.4668
1543		54.9919		-54.9054
1544		82.7896		-27.1702
1545		98.8		22.3276
1546		84.9505		84.6848
1547		32.6256		137.534
1548		-48.8938		154.874
1549		-133.085		120.857
1550		-186.548		40.1037
1551		-184.332		-61.4513
1552		-122.502		-146.358
1553		-21.3626		-181.703
1554		82.6065		-153.629
1555		152.339		-73.2308
1556		165.746		28.946
1557		123.888		116.852
1558		48.2692		164.34
1559		-30.7074		164.671
1560		-87.8672		130.178
1561		-112.975		83.2907
1562		-111.874		44.3522
1563		-99.6787		22.6808
1564		-90.642		14.9265
1565		-90.5242		10.4613
1566		-95.2021		-0.208187
1567		-95.3718		-19.1833
1568		-83.7605		-40.4074
1569		-60.2208		-54.1646
1570		-31.8141		-53.5067
1571		-8.31393		-38.4086
1572		3.62259		-15.1984
1573		3.72481		8.02016
1574		-3.22759		26.6499
1575		-12.2704		41.8767
1576		-23.1452		58.2446
1577		-41.5242		78.0198
1578		-75.1185		96.2078
1579		-126.584		100.104
1580		-187.585		74.7734
1581		-238.332		12.2021
1582		-254.203		-80.7832
1583		-217.094		-180.814
1584		-126.087		-254.642
1585		-1.71249		-272.049
1586		119.193		-219.366
1587		196.55		-107.194
1588		202.58		31.6706
1589		133.012		153.614
1590		9.03919		220.102
1591		-130.655		211.361
1592		-244.107		132.309
1593		-300.344		8.95897
1594		-288.13		-122.298
1595		-216.575		-227.39
1596		-108.852		-284.11
1597		7.13841		-285.637
1598		106.9		-238.405
1599		173.728		-156.96
1600		199.321		-58.9278
1601		182.434		38.0885
1602		127.602		117.853
1603		44.8145		166.491
1604		-50.5892		174.426
1605		-139.343		139.277
1606		-201.975		68.2179
1607		-224.252		-22.1819
1608		-202.195		-109.731
1609		-144.109		-173.242
1610		-68.1067		-199.456
1611		4.22761		-187.2
1612		55.4261		-146.802
1613		77.631		-95.0448
1614		73.6521		-48.0803
1615		53.4707		-15.6722
1616		28.3117		0.712036
1617		5.47741		5.55173
1618		-13.5335		4.4895
1619		-31.0731		0.0778046
1620		-49.1796		-9.51699
1621		-65.9834		-28.2777
1622		-75.0246		-58.0913
1623		-68.0573		-95.1949
1624		-39.8733		-129.64
1625		7.53734		-148.428
1626		63.8884		-140.943
1627		113.403		-104.06
1628		140.378		-44.3987
1629		135.04		23.3562
1630		97.1425		81.3155
1631		35.9687		114.277
1632		-32.9642		114.271
1633		-92.841		82.2752
1634		-130.131		26.9899
1635		-137.413		-38.2356
1636		-114.125		-98.9038
1637		-65.7696		-142.237
1638		-2.41393		-159.111
1639		63.0241		-145.291
1640		116.688		-102.255
1641		146.116		-37.5112
1642		142.965		36.0695
1643		105.552		102.381
1644		40.2269		145.637
1645		-39.3502		154.563
1646		-115.259		125.829
1647		-169.97		65.3911
1648		-191.115		-12.9239
1649		-174.751		-91.217
1650		-126.041		-152.387
1651		-57.3026		-184.45
1652		15.7416		-183.028
1653		78.1394		-151.488
1654		119.076		-99.0957
1655		133.681		-38.0118
1656		123.122		19.8928
1657		93.2697		65.6462
1658		52.4228		94.7076
1659		8.68105		107.156
1660		-32.3551		106.488
1661		-68.8254		97.2981
1662		-102.188		82.5812
1663		-135.035		61.78
1664		-167.84		30.7435
1665		-196.155		-15.8487
1666		-209.999		-80.2001
1667		-196.579		-157.088
1668		-145.981		-231.985
1669		-57.716		-283.469
1670		55.0463		-290.047
1671		166.338		-239.201
1672		244.238		-134.881
1673		261.801		0.382359
1674		207.912		130.667
1675		93.311		217.932
1676		-51.2968		235.253
1677		-184.868		176.681
1678		-269.778		59.5141
1679		-284.22		-81.9644
1680		-228.32		-208.616
1681		-121.955		-289.284
1682		4.10267		-309.222
1683		119.273		-271.378
1684		201.671		-191.312
1685		241.101		-89.3094
1686		236.836		16.0705
1687		193.112		110.403
1688		115.918		182.071
1689		13.1313		219.919
1690		-102.746		213.079
1691		-212.246		154.51
1692		-290.26		46.8682
1693		-312.361		-92.9066
1694		-264.279		-234.115
1695		-150.181		-339.553
1696		4.92126		-377.577
1697		160.977		-334.115
1698		275.427		-219.133
1699		317.557		-64.226
1700		278.632		87.9863
1701		173.643		198.24
1702		34.3125		242.706
1703		-102.995		218.089
1704		-208.891		138.586
1705		-267.404		27.4486
1706		-275.722		-92.0461
1707		-239.296		-201.978
1708		-166.372		-290.121
1709		-65.4899		-347.073
1710		53.1641		-363.802
1711		174.657		-332.542
1712		278.101		-251.268
1713		339.987		-129.043
1714		341.812		11.8159
1715		278.637		139.606
1716		163.836		222.732
1717		26.6752		241.026
1718		-97.1441		193.507
1719		-178.06		98.5406
1720		-202.558		-13.9789
1721		-175.766		-114.725
1722		-115.821		-185.392
1723		-43.3338		-222.516
1724		28.1806		-233.322
1725		95.7995		-226.65
1726		163.042		-204.721
1727		231.032		-160.957
1728		290.817		-85.5239
1729		322.295		24.4203
1730		301.608		155.922
1731		213.948		278.837
1732		65.1977		354.197
1733		-114.322		349.479
1734		-277.217		253.917
1735		-375.29		86.2808
1736		-377.915		-109.245
1737		-284.342		-277.981
1738		-124.361		-374.276
1739		52.9736		-377.337
1740		197.512		-296.848
1741		275.209		-166.661
1742		277.448		-30.1421
1743		219.615		75.9579
1744		131.007		132.4
1745		41.6387		139.59
1746		-28.0782		111.806
1747		-71.1487		67.6806
1748		-91.3397		21.9014
1749		-97.0269		-18.621
1750		-95.3708		-53.7952
1751		-89.3969		-86.6727
1752		-78.2832		-119.827
1753		-59.3603		-153.543
1754		-29.9571		-185.821
1755		11.7887		-213.008
1756		66.6577		-229.926
1757		133.467		-229.53
1758		207.046		-203.291
1759		276.008		-143.678
1760		322.41		-48.93
1761		325.296		71.6771
1762		268.278		195.248
1763		148.777		288.32
1764		-15.3845		316.243
1765		-186.271		256.327
1766		-314.774		109.579
1767		-356.116		-94.5781
1768		-286.427		-303.874
1769		-113.676		-458.168
1770		121.951		-508.779
1771		359.066		-435.009
1772		533.712		-251.61
1773		598.897		-4.49527
1774		538.18		243.42
1775		369.094		430.876
1776		136.264		514.972
1777		-102.403		481
1778		-291.375		343.623
1779		-390.441		140.637
1780		-382.372		-77.6208
1781		-274.833		-260.051
1782		-97.4394		-365.466
1783		104.906		-370.911
1784		281.441		-276.763
1785		386.779		-107.621
1786		392.235		92.0954
1787		294.55		268.134
1788		118.801		370.569
1789		-86.7572		368.549
1790		-263.716		260.728
1791		-361.024		77.066
1792		-351.212		-129.685
1793		-239.301		-300.55
1794		-60.7393		-389.275
1795		131.12		-376.691
1796		283.27		-275.176
1797		360.03		-121.88
1798		352.456		36.0819
1799		277.27		158.184
1800		166.867		222.295
1801		55.4875		227.802
1802		-32.3961		190.231
1803		-87.187		131.11
1804		-111.992		68.3055
1805		-115.779		10.9619
1806		-106.184		-39.7219
1807		-85.6318		-85.687
1808		-52.1411		-126.706
1809		-3.43332		-157.764
1810		58.5791		-170.381
1811		125.72		-156.803
1812		185.046		-114.496
1813		223.013		-48.4891
1814		230.111		29.543
1815		203.759		104.735
1816		148.472		163.173
1817		73.8198		194.875
1818		-8.31226		194.778
1819		-85.7266		162.23
1820		-146.71		100.217
1821		-180.268		15.3477
1822		-177.006		-81.3797
1823		-131.421		-174.069
1824		-45.2523		-243.159
1825		69.6829		-269.273
1826		191.203		-239.177
1827		290.405		-151.872
1828		339.032		-22.1342
1829		318.56		120.736
1830		227.797		239.542
1831		85.8355		299.683
1832		-71.4038		280.269
1833		-200.609		181.987
1834		-263.842		28.6647
1835		-240.562		-138.526
1836		-134.844		-272.822
1837		24.9169		-336.03
1838		194.103		-310.537
1839		325.452		-205.109
1840		383.822		-52.298
1841		357.254		101.956
1842		260.473		213.233
1843		129.467		253.05
1844		8.88818		217.764
1845		-63.3442		128.777
1846		-68.7214		23.9667
1847		-13.5148		-56.4681
1848		75.0132		-84.4248
1849		159.881		-53.1751
1850		208.586		21.8043
1851		204.64		110.332
1852		152.177		179.922
1853		72.395		207.872
1854		-5.98994		188.371
1855		-57.8313		132.436
1856		-69.6543		61.7308
1857		-42.1371		-0.270887
1858		12.7906		-35.8008
1859		77.7019		-36.4486
1860		135.117		-2.84216
1861		170.654		57.7798
1862		173.98		133.784
1863		139.207		210.043
1864		66.4489		268.314
1865		-35.3156		289.161
1866		-145.995		256.944
1867		-235.78		167.294
1868		-272.23		33.8865
1869		-232.2		-110.007
1870		-114.317		-218.427
1871		54.1921		-247.732
1872		221.422		-174.822
1873		326.357		-10.8061
1874		321.47		197.138
1875		193.512		378.671
1876		-26.8417		464.519
1877		-271.951		413.039
1878		-459.417		228.207
1879		-521.443		-38.93
1880		-429.842		-306.641
1881		-206.723		-490.583
1882		83.1736		-532.596
1883		354.968		-419.273
1884		531.687		-184.049
1885		567.199		106.448
1886		456.567		374.953
1887		232.375		555.876
1888		-48.8503		610.039
1889		-323.213		529.239
1890		-533.161		332.687
1891		-635.956		59.7438
1892		-608.018		-237.417
1893		-447.726		-500.397
1894		-177.909		-672.023
1895		153.436		-706.59
1896		477.635		-582.474
1897		717.77		-313.281
1898		808.231		48.4144
1899		715.959		419.531
1900		454.996		707.375
1901		86.8602		837.243
1902		-295.69		776.741
1903		-596.887		546.829
1904		-747.862		214.435
1905		-726.605		-130.869
1906		-560.366		-406.774
1907		-310.528		-562.673
1908		-47.4635		-589.478
1909		173.234		-512.666
1910		323.531		-374.129
1911		401.318		-212.845
1912		418.354		-53.5905
1913		386.468		92.5372
1914		310.444		218.98
1915		191.036		313.831
1916		34.9733		356.934
1917		-135.794		326.994
1918		-283.239		215.155
1919		-363.671		36.8522
1920		-345.539		-166.22
1921		-225.761		-337.352
1922		-35.4661		-425.475
1923		169.214		-405.913
1924		328.16		-291.036
1925		400.778		-125.146
1926		381.056		34.4638
1927		297.14		141.539
1928		195.897		178.697
1929		120.255		160.979
1930		90.3561		124.145
1931		97.3535		104.252
1932		112.028		119.022
1933		102.98		160.119
1934		54.6279		199.489
1935		-24.0916		205.711
1936		-104.234		161.424
1937		-151.533		72.9342
1938		-143.26		-32.4204
1939		-78.711		-119.052
1940		21.4175		-158.982
1941		125.433		-142.736
1942		204.697		-80.5015
1943		243.932		5.7293
1944		243.226		93.6677
1945		212.183		169.26
1946		160.996		228.079
1947		94.4789		270.105
1948		12.6837		292.449
1949		-82.7162		285.717
1950		-181.016		237.29
1951		-259.797		140.309
1952		-290.254		3.22713
1953		-249.142		-146.311
1954		-131.82		-266.988
1955		40.5627		-317.646
1956		224.303		-273.788
1957		366.557		-139.217
1958		423.701		52.7994
1959		376.946		249.791
1960		238.761		397.573
1961		47.8272		457.742
1962		-144.683		418.388
1963		-291.359		294.783
1964		-360.978		121.363
1965		-343.458		-60.2767
1966		-247.67		-212.07
1967		-95.4331		-305.639
1968		84.3791		-323.969
1969		259.467		-261.083
1970		396.096		-122.447
1971		461.949		73.0439
1972		432.053		291.382
1973		297.567		485.466
1974		74.2022		603.483
1975		-194.746		603.222
1976		-444.779		468.093
1977		-606.448		218.177
1978		-627.183		-89.7672
1979		-490.89		-375.685
1980		-227.142		-559.831
1981		94.8837		-588.679
1982		386.777		-453.48
1983		568.789		-194.078
1984		595.19		113.893
1985		467.813		383.885
1986		233.054		546.196
1987		-35.982		568.484
1988		-264.894		462.108
1989		-401.244		273.107
1990		-427.462		62.5937
1991		-359.906		-115.043
1992		-236.327		-227.766
1993		-98.2711		-270.389
1994		23.8548		-258.108
1995		117.476		-213.726
1996		185.046		-155.266
1997		234.87		-89.5666
1998		271.233		-13.9196
1999		289.175		76.2938
2000		276.437		178.858
2001		221.255		280.028
2002		121.623		356.784
2003		-9.10727		385.286
2004		-143.656		351.564
2005		-249.193		259.205
2006		-299.159		130.112
2007		-283.244		-2.42833
2008		-211.025		-105.458
2009		-107.628		-157.765
2010		-3.48149		-156.033
2011		77.1129		-113.322
2012		123.486		-51.0539
2013		139.135		11.2885
2014		135.737		63.7117
2015		124.274		107.071
2016		108.173		148.133
2017		82.1192		191.543
2018		37.0376		233.477
2019		-31.6603		260.858
2020		-117.374		256.959
2021		-201.321		210.712
2022		-258.523		124.769
2023		-268.299		17.7528
2024		-224.262		-81.1785
2025		-138.706		-143.39
2026		-38.83		-152.476
2027		43.7822		-111.071
2028		85.7023		-39.4814
2029		80.448		33.2375
2030		39.5925		81.5146
2031		-13.9722		93.0603
2032		-57.005		71.8771
2033		-75.6346		33.642
2034		-69.299		-3.56575
2035		-47.6106		-28.088
2036		-22.5965		-38.5687
2037		-1.05439		-41.3596
2038		18.6048		-43.5826
2039		43.4155		-46.3479
2040		78.8126		-42.4283
2041		121.923		-20.0492
2042		159.575		29.1585
2043		172.82		102.571
2044		146.114		183.973
2045		76.4899		248.079
2046		-22.2293		270.546
2047		-122.824		238.834
2048		-194.499		158.626
2049		-214.724		52.6179
2050		-177.691		-47.7969
2051		-95.7278		-114.008
2052		6.44116		-129.622
2053		101.322		-94.0132
2054		167.406		-19.3946
2055		193.406		75.9303
2056		177.259		173.99
2057		122.22		260.074
2058		33.701		321.783
2059		-80.5762		346.618
2060		-207.327		321.679
2061		-324.4		237.666
2062		-401.434		96.3147
2063		-406.857		-82.7007
2064		-320.012		-260.422
2065		-143.613		-386.068
2066		89.8544		-412.458
2067		322.506		-314.2
2068		486.568		-101.082
2069		526.281		179.852
2070		418.061		455.802
2071		180.841		649.956
2072		-127.872		705.773
2073		-429.065		604.892
2074		-646.179		372.317
2075		-727.348		67.5903
2076		-658.515		-234.104
2077		-464.044		-463.687
2078		-196.254		-575.53
2079		81.1243		-555.813
2080		309.568		-421.238
2081		447.907		-210.648
2082		478.118		26.4543
2083		405.352		241.042
2084		254.005		393.434
2085		61.4798		459.403
2086		-129.394		433.578
2087		-278.754		329.898
2088		-358.05		178.531
2089		-356.623		18.945
2090		-284.332		-110.005
2091		-168.565		-180.541
2092		-45.7834		-183.519
2093		50.0154		-130.113
2094		97.8484		-46.5963
2095		95.2983		35.9676
2096		56.9208		93.113
2097		6.37137		114.857
2098		-34.1963		107.065
2099		-52.84		86.2153
2100		-51.1102		70.3797
2101		-41.0405		70.7302
2102		-37.8978		87.2529
2103		-52.4521		110.044
2104		-86.2846		124.834
2105		-131.745		119.628
2106		-175.73		89.3309
2107		-204.817		36.8248
2108		-209.217		-29.0015
2109		-184.309		-96.3412
2110		-130.312		-152.814
2111		-51.6272		-186.437
2112		42.8821		-186.123
2113		138.842		-143.241
2114		216.14		-55.1078
2115		251.535		70.5339
2116		224.955		212.6
2117		128.051		338.233
2118		-28.5227		410.267
2119		-213.223		399.16
2120		-379.657		295.207
2121		-479.763		115.686
2122		-479.881		-97.0239
2123		-373.524		-286.838
2124		-185.466		-401.3
2125		34.9596		-408.505
2126		229.111		-307.224
2127		347.105		-126.568
2128		362.094		84.2141
2129		276.009		271.404
2130		115.841		391.906
2131		-76.7538		422.785
2132		-257.704		363.328
2133		-390.255		231.043
2134		-450.124		54.9433
2135		-426.743		-130.698
2136		-322.789		-290.765
2137		-153.863		-392.689
2138		51.5555		-410.576
2139		253.607		-331.045
2140		406.267		-159.643
2141		467.138		75.2426
2142		410.001		324.493
2143		235.77		528.076
2144		-23.1988		630.94
2145		-308.694		600.034
2146		-551.579		436.1
2147		-691.494		175.261
2148		-694.409		-120.744
2149		-561.773		-382.353
2150		-328.321		-551.557
2151		-50.1575		-596.103
2152		211.707		-514.448
2153		406.18		-331.433
2154		500.908		-88.2959
2155		484.227		168.076
2156		362.532		393
2157		156.613		548.234
2158		-100.737		604.464
2159		-366.145		544.722
2160		-588.683		369.763
2161		-717.245		103.612
2162		-712.818		-204.819
2163		-562.538		-488.053
2164		-289.633		-675.378
2165		46.8068		-713.723
2166		364.997		-586.693
2167		583.859		-323.511
2168		648.808		7.34063
2169		549.898		318.93
2170		324.629		533.98
2171		43.7217		609.458
2172		-214.648		547.954
2173		-391.679		391.573
2174		-464.995		201.628
2175		-449.582		33.4062
2176		-383.635		-82.9154
2177		-306.994		-147.545
2178		-242.783		-181.679
2179		-190.591		-209.548
2180		-133.374		-241.756
2181		-53.2887		-268.498
2182		52.6702		-265.74
2183		165.918		-210.585
2184		252.203		-97.2521
2185		277.268		55.1459
2186		224.122		207.535
2187		102.922		316.409
2188		-51.8368		352.318
2189		-195.607		312.122
2190		-292.537		218.954
2191		-329.439		110.108
2192		-318.256		19.1081
2193		-286.239		-38.8964
2194		-259.326		-71.1952
2195		-247.576		-99.3447
2196		-240.312		-143.456
2197		-213.465		-207.521
2198		-145.194		-273.785
2199		-31.5194		-309.478
2200		106.433		-282.819
2201		227.767		-180.391
2202		287.656		-17.2009
2203		256.396		165.769
2204		132.872		315.626
2205		-53.6343		386.949
2206		-253.723		357.937
2207		-415.257		236.753
2208		-500.09		56.3889
2209		-493.558		-138.381
2210		-404.325		-305.44
2211		-256.862		-415.227
2212		-81.7184		-453.556
2213		91.602		-418.95
2214		237.22		-318.473
2215		332.516		-165.691
2216		358.321		18.4069
2217		302.354		203.843
2218		165.639		353.223
2219		-31.5905		428.918
2220		-249.245		404.856
2221		-435.049		278.305
2222		-539.515		75.5766
2223		-532.948		-152.615
2224		-417.222		-345.912
2225		-226.581		-454.006
2226		-16.3769		-453.328
2227		155.923		-353.76
2228		249.56		-192.779
2229		251.523		-20.1223
2230		176.035		119.902
2231		54.2703		200.854
2232		-79.6397		217.044
2233		-199.325		177.742
2234		-289.446		97.7855
2235		-342.125		-9.24771
2236		-351.153		-131.726
2237		-309.514		-255.522
2238		-213.14		-359.259
2239		-69.0716		-414.792
2240		97.6035		-395.482
2241		244.353		-289.718
2242		322.252		-112.846
2243		294.665		90.1632
2244		155.671		255.432
2245		-61.1278		321.978
2246		-289.401		256.245
2247		-451.622		68.4991
2248		-487.41		-187.047
2249		-376.981		-429.68
2250		-149.634		-580.68
2251		126.481		-591.302
2252		368.972		-458.956
2253		509.807		-225.607
2254		516.428		39.7288
2255		397.937		266.004
2256		196.019		402.034
2257		-33.2736		427.472
2258		-237.912		351.05
2259		-381.294		200.284
2260		-444.52		9.68063
2261		-422.585		-186.789
2262		-319.981		-357.503
2263		-149.896		-472.259
2264		62.8948		-503.451
2265		279.363		-432.384
2266		449.066		-259.409
2267		521.326		-12.4216
2268		462.555		252.939
2269		272.765		465.152
2270		-7.29041		558.67
2271		-303.954		497.94
2272		-532.659		293.283
2273		-626.469		0.740509
2274		-559.795		-295.448
2275		-357.318		-511.436
2276		-84.276		-592.105
2277		177.795		-527.845
2278		359.639		-353.642
2279		425.638		-132.064
2280		380.243		71.5557
2281		258.832		210.961
2282		109.051		269.59
2283		-28.0366		257.726
2284		-129.123		200.279
2285		-189.218		122.781
2286		-214.306		42.5082
2287		-212.195		-32.4652
2288		-187.25		-98.3255
2289		-141.258		-149.781
2290		-78.3472		-178.229
2291		-9.29824		-175.306
2292		48.8535		-139.354
2293		78.7964		-80.055
2294		71.5063		-17.269
2295		32.2583		26.4771
2296		-20.1063		36.4426
2297		-61.2652		13.4277
2298		-73.2238		-25.8455
2299		-53.7637		-56.6668
2300		-18.2553		-59.0045
2301		7.66051		-28.5029
2302		1.22662		20.0754
2303		-44.9768		59.1608
2304		-117.722		61.6515
2305		-187.944		14.6893
2306		-223.584		-72.9329
2307		-204.305		-173.503
2308		-130.982		-252.008
2309		-25.4873		-281.033
2310		78.8785		-251.842
2311		151.428		-176.66
2312		175.791		-81.6462
2313		154.015		5.3528
2314		101.917		65.951
2315		39.0027		95.9862
2316		-21.267		102.344
2317		-75.7183		94.5746
2318		-128.475		76.6542
2319		-183.111		43.8369
2320		-235.023		-13.5152
2321		-268.971		-101.294
2322		-263.876		-213.195
2323		-202.957		-327.591
2324		-84.2786		-412.275
2325		73.7874		-435.646
2326		235.403		-379.632
2327		357.831		-248.606
2328		405.628		-70.2893
2329		362.819		111.905
2330		238.432		252.066
2331		63.6808		315.487
2332		-117.591		288.153
2333		-261.375		179.387
2334		-334.663		17.8589
2335		-322.454		-156.771
2336		-229.68		-303.574
2337		-78.819		-389.031
2338		95.4118		-393.402
2339		253.037		-314.413
2340		356.68		-168.097
2341		379.528		13.5213
2342		312.184		188.272
2343		166.56		312.939
2344		-25.0758		354.069
2345		-216.822		297.665
2346		-360.637		154.409
2347		-419.542		-41.9906
2348		-378.302		-243.545
2349		-247.786		-401.365
2350		-61.3607		-479.297
2351		135.434		-463.228
2352		298.155		-363.135
2353		395.03		-207.8
2354		413.228		-34.8298
2355		358.657		119.982
2356		250.756		230.362
2357		115.31		282.675
2358		-21.7097		275.033
2359		-137.765		214.514
2360		-215.153		114.597
2361		-241.729		-6.26231
2362		-212.364		-125.571
2363		-131.284		-218.81
2364		-13.9683		-263.643
2365		113.503		-245.992
2366		219.087		-165.902
2367		273.029		-40.309
2368		257.288		99.5243
2369		172.477		216.051
2370		39.1481		276.66
2371		-107.682		264.072
2372		-229.147		181.923
2373		-294.478		53.3602
2374		-289.91		-86.7592
2375		-221.538		-202.982
2376		-111.578		-269.505
2377		9.88822		-276.117
2378		114.195		-228.457
2379		181.084		-143.614
2380		201.663		-43.6165
2381		177.55		50.4585
2382		117.863		122.135
2383		35.9512		160.841
2384		-53.0057		161.883
2385		-133.57		126.231
2386		-191.588		60.5752
2387		-216.357		-22.883
2388		-203.263		-107.845
2389		-155.79		-177.1
2390		-85.5016		-216.954
2391		-9.24754		-221.305
2392		55.8178		-193.477
2393		97.5295		-144.683
2394		112.005		-89.5313
2395		103.41		-40.5423
2396		80.3605		-4.2513
2397		50.8799		19.2579
2398		18.6396		33.3092
2399		-17.4166		39.9444
2400		-59.8059		36.4653
2401		-107.459		15.5539
2402		-151.984		-30.5808
2403		-177.952		-103.912
2404		-167.928		-195.557
2405		-110.45		-285.176
2406		-7.27261		-346.069
2407		123.917		-354.409
2408		253.24		-298.814
2409		347.83		-185.953
2410		382.856		-39.4409
2411		349.727		107.733
2412		258.062		224.042
2413		130.863		288.916
2414		-4.58544		297.015
2415		-125.72		256.069
2416		-219.626		180.166
2417		-282.249		82.473
2418		-313.35		-28.6809
2419		-310.908		-148.567
2420		-268.852		-270.932
2421		-180.022		-382.655
2422		-43.1507		-462.247
2423		129.999		-484.388
2424		311.855		-429.421
2425		463.431		-293.768
2426		545.311		-96.1231
2427		531.27		124.328
2428		418.856		317.997
2429		232.2		439.893
2430		15.4421		463.769
2431		-180.852		389.888
2432		-315.003		243.537
2433		-365.449		65.3408
2434		-334.086		-102.332
2435		-241.502		-227.361
2436		-117.181		-294.085
2437		10.5612		-302.605
2438		120.927		-263.206
2439		201.781		-189.744
2440		246.987		-95.4404
2441		253.055		7.55263
2442		218.009		106.077
2443		143.444		184.246
2444		38.2673		224.688
2445		-78.9173		213.448
2446		-181.574		146.686
2447		-241.898		35.6681
2448		-240.376		-93.3392
2449		-174.244		-205.52
2450		-60.7188		-268.594
2451		67.1974		-264.337
2452		171.33		-195.718
2453		221.462		-86.4083
2454		205.805		27.4322
2455		134.64		109.97
2456		35.7847		138.06
2457		-56.103		108.419
2458		-111.974		37.1607
2459		-117.771		-47.5734
2460		-77.5257		-116.486
2461		-9.72934		-149.073
2462		60.7769		-139.128
2463		111.761		-94.5077
2464		130.052		-32.2846
2465		113.735		28.0557
2466		70.3702		70.5434
2467		12.9457		86.0405
2468		-44.3689		72.7293
2469		-89.2722		34.7434
2470		-112.89		-19.7543
2471		-110.393		-80.2148
2472		-81.3748		-135.025
2473		-30.2405		-172.991
2474		33.8142		-185.374
2475		97.9404		-168.256
2476		148.276		-124.357
2477		173.66		-63.1683
2478		169.152		1.22829
2479		137.813		54.266
2480		89.7009		85.5003
2481		38.2199		91.8145
2482		-4.79021		77.7671
2483		-33.1306		52.8396
2484		-47.6683		26.7781
2485		-54.464		5.16396
2486		-60.5057		-12.6933
2487		-69.1227		-32.5113
2488		-77.3636		-60.9997
2489		-76.7418		-100.971
2490		-57.1663		-148.018
2491		-12.3438		-190.517
2492		55.833		-213.232
2493		136.02		-203.126
2494		210.052		-154.949
2495		258.539		-74.2401
2496		267.252		23.5577
2497		231.795		117.515
2498		158.878		187.397
2499		63.9325		219.252
2500		-33.7007		208.483
2501		-116.004		159.697
2502		-170.049		84.0033
2503		-189.359		-4.67963
2504		-173.154		-92.6685
2505		-124.641		-167.996
2506		-49.6944		-220.478
2507		43.3314		-241.35
2508		142.904		-223.655
2509		233.779		-163.976
2510		297.901		-65.14
2511		317.446		61.4053
2512		279.64		195.146
2513		181.876		309.114
2514		35.1162		375.524
2515		-136.185		373.112
2516		-298.297		293.897
2517		-415.81		147.047
2518		-460.545		-41.7391
2519		-419.173		-235.463
2520		-297.22		-394.359
2521		-118.283		-485.353
2522		81.3119		-489.877
2523		260.866		-408.034
2524		384.431		-258.247
2525		428.47		-72.7797
2526		386.406		109.53
2527		269.368		251.487
2528		103.325		324.968
2529		-76.5188		316.187
2530		-232.837		228.016
2531		-333.479		79.1259
2532		-357.691		-99.8139
2533		-300.178		-272.201
2534		-172.229		-402.8
2535		0.450333		-464.926
2536		182.937		-446.068
2537		338.391		-350.65
2538		435.966		-199.164
2539		457.515		-23.7116
2540		401.512		139.14
2541		283.161		256.528
2542		130.669		306.549
2543		-21.4343		282.868
2544		-140.248		195.618
2545		-201.834		68.493
2546		-196.218		-67.1607
2547		-129.001		-179.738
2548		-19.3748		-244.513
2549		104.857		-248.905
2550		213.994		-194.77
2551		283.317		-97.3178
2552		298.567		19.001
2553		258.8		126.608
2554		176.001		201.446
2555		71.6027		228.557
2556		-29.1799		205.238
2557		-103.741		141.006
2558		-137.512		54.4777
2559		-127.036		-31.9249
2560		-79.9456		-97.9188
2561		-12.0505		-130.285
2562		57.4633		-125.501
2563		111.214		-89.5693
2564		137.721		-35.4017
2565		133.453		21.1909
2566		102.614		65.6157
2567		55.1512		87.6466
2568		3.85904		83.0561
2569		-38.5604		53.7471
2570		-61.9019		6.77547
2571		-60.1247		-47.2731
2572		-32.3085		-96.2365
2573		17.0686		-128.526
2574		78.6266		-135.379
2575		139.542		-112.955
2576		186.031		-63.7763
2577		206.56		3.12403
2578		195.026		73.7798
2579		152.88		132.537
2580		89.2565		166.204
2581		18.7577		167.834
2582		-42.6001		138.786
2583		-82.0182		88.2098
2584		-93.5116		30.0248
2585		-79.1744		-21.5907
2586		-47.68		-56.5477
2587		-10.6511		-71.4601
2588		21.6443		-69.6431
2589		43.6001		-58.6779
2590		55.3902		-46.6802
2591		61.6576		-38.858
2592		68.5334		-35.7145
2593		80.3654		-33.4679
2594		97.5321		-26.3067
2595		116.147		-9.37949
2596		129.604		18.768
2597		131.178		55.2336
2598		116.579		93.5042
2599		85.5085		125.442
2600		41.8192		143.651
2601		-7.56503		143.388
2602		-54.382		123.514
2603		-90.7803		86.4716
2604		-110.643		37.5711
2605		-110.367		-16.0023
2606		-89.2234		-66.1863
2607		-49.4858		-104.984
2608		3.60512		-125.437
2609		62.1247		-122.716
2610		116.2		-95.2727
2611		155.347		-45.7856
2612		170.363		18.4645
2613		155.476		86.1516
2614		110.25		143.549
2615		40.6489		177.119
2616		-41.2139		176.587
2617		-118.849		137.816
2618		-174.539		64.6939
2619		-193.308		-30.6212
2620		-166.836		-129.454
2621		-96.3019		-210.25
2622		6.78242		-253.452
2623		122.263		-246.492
2624		225.476		-187.573
2625		292.992		-87.0314
2626		308.567		34.369
2627		267.643		150.031
2628		179.038		233.952
2629		63.1665		267.295
2630		-52.8617		243.271
2631		-141.972		168.949
2632		-183.869		63.4658
2633		-169.979		-46.8224
2634		-105.336		-134.913
2635		-7.06677		-179.688
2636		99.9868		-170.8
2637		189.281		-110.848
2638		238.758		-14.5171
2639		235.854		94.9503
2640		180.334		191.096
2641		84.4274		250.275
2642		-29.7482		257.159
2643		-135.073		208.568
2644		-205.691		114.694
2645		-223.364		-2.77779
2646		-182.366		-115.531
2647		-91.5128		-195.499
2648		27.5258		-222.12
2649		145.473		-187.962
2650		233.012		-100.96
2651		268.548		17.5805
2652		243.856		138.75
2653		165.867		233.861
2654		54.1181		281.913
2655		-65.1665		274.422
2656		-166.303		216.333
2657		-230.328		123.137
2658		-248.384		15.6206
2659		-221.778		-85.7048
2660		-159.469		-164.708
2661		-74.5171		-211.412
2662		18.9563		-221.749
2663		107.508		-196.364
2664		178.962		-139.659
2665		222.741		-59.6091
2666		230.87		31.9651
2667		199.971		119.686
2668		133.596		186.444
2669		43.571		217.042
2670		-51.0185		202.818
2671		-127.742		145.525
2672		-166.91		58.5616
2673		-157.88		-35.5807
2674		-103.187		-111.346
2675		-18.6261		-147.82
2676		71.1296		-135.425
2677		140.079		-79.0948
2678		169.01		3.33727
2679		151.303		87.0063
2680		94.4222		148.026
2681		16.7282		170.762
2682		-59.0008		151.892
2683		-112.835		100.143
2684		-133.192		32.2496
2685		-118.94		-32.9908
2686		-77.9696		-80.2539
2687		-23.3852		-101.069
2688		30.8587		-94.4352
2689		73.2955		-65.2524
2690		96.5323		-21.8536
2691		97.34		26.1661
2692		76.1026		69.2521
2693		36.4402		98.5571
2694		-14.755		106.669
2695		-67.3312		88.9601
2696		-108.765		45.4985
2697		-126.51		-17.3107
2698		-111.597		-86.5301
2699		-62.3847		-144.842
2700		13.2007		-175.002
2701		98.3503		-165.393
2702		171.397		-114.667
2703		212.214		-33.4629
2704		208.844		57.899
2705		161.889		135.306
2706		84.8174		178.425
2707		-0.133797		177.263
2708		-69.1055		135.283
2709		-104.266		67.9362
2710		-99.2176		-2.82942
2711		-60.3024		-55.9998
2712		-3.5476		-78.1632
2713		51.4172		-67.1233
2714		88.1201		-31.4353
2715		98.2945		13.6112
2716		83.6703		51.84
2717		54.2614		71.7085
2718		24.1172		69.7274
2719		6.19388		50.9429
2720		8.02142		26.6849
2721		29.3393		10.5496
2722		62.1514		13.9011
2723		92.9951		42.092
2724		106.773		92.2928
2725		91.2463		153.447
2726		41.1703		208.483
2727		-39.0011		238.496
2728		-134.77		228.093
2729		-224.153		170.609
2730		-282.931		71.6006
2731		-291.484		-50.827
2732		-241.258		-169.523
2733		-138.7		-255.11
2734		-4.98521		-284.298
2735		128.84		-247.122
2736		230.091		-150.595
2737		273.546		-17.3873
2738		248.499		120.184
2739		161.506		228.941
2740		34.1184		283.547
2741		-103.377		272.49
2742		-219.954		199.818
2743		-291.029		82.7464
2744		-303.031		-53.4897
2745		-254.764		-181.563
2746		-156.177		-277.187
2747		-25.6395		-322.718
2748		113.299		-309.326
2749		235.324		-238.163
2750		317.082		-120.689
2751		341.318		22.2175
2752		301.019		163.032
2753		202.384		272.595
2754		65.1146		326.78
2755		-80.9985		313.12
2756		-203.006		235.099
2757		-273.505		112.149
2758		-278.338		-25.2377
2759		-220.508		-144.008
2760		-118.796		-217.878
2761		-1.51833		-234.29
2762		102.277		-196.651
2763		170.97		-121.425
2764		195.167		-31.5834
2765		177.944		50.8212
2766		131.264		110.266
2767		70.6488		140.003
2768		10.4052		141.07
2769		-39.0704		119.452
2770		-71.7647		83.1655
2771		-85.219		40.4437
2772		-79.6395		-0.890354
2773		-57.6617		-33.5929
2774		-24.5916		-51.6066
2775		11.7059		-51.4172
2776		42.0523		-33.6149
2777		58.3994		-3.57774
2778		56.6101		29.5991
2779		38.1983		55.933
2780		9.93436		68.0946
2781		-18.7732		64.0344
2782		-39.6217		47.3684
2783		-48.5139		25.28
2784		-46.5034		4.98732
2785		-38.1904		-9.39739
2786		-28.5437		-17.9975
2787		-19.981		-23.7944
2788		-11.3836		-29.6667
2789		0.40889		-35.6936
2790		17.5452		-38.4465
2791		38.4589		-32.8444
2792		57.3223		-15.6169
2793		66.2938		11.6444
2794		59.564		41.8037
2795		37.0503		64.6226
2796		5.57073		71.3481
2797		-23.4507		59.1775
2798		-38.8723		33.2003
2799		-34.9872		4.6111
2800		-14.34		-14.1228
2801		13.2891		-14.8429
2802		35.2984		2.70422
2803		41.9177		31.0112
2804		30.3213		58.5448
2805		5.25683		75.1099
2806		-23.9183		76.1179
2807		-48.0574		63.7175
2808		-62.2949		44.4846
2809		-67.3098		25.2069
2810		-67.3725		9.23515
2811		-66.5672		-4.58386
2812		-65.5576		-19.9415
2813		-60.8642		-39.3929
2814		-47.1138		-61.2925
2815		-20.9541		-79.2997
2816		15.6881		-84.9382
2817		55.0155		-71.9133
2818		85.9823		-39.8366
2819		98.8843		4.73213
2820		89.5594		50.589
2821		61.0271		86.387
2822		21.7845		105.02
2823		-18.2284		105.691
2824		-51.7681		92.7848
2825		-76.3639		72.4439
2826		-93.4245		48.9763
2827		-105.216		23.1892
2828		-111.774		-6.46703
2829		-109.805		-40.8035
2830		-94.4166		-76.9238
2831		-62.7566		-107.463
2832		-17.3976		-122.87
2833		32.7229		-115.784
2834		74.7403		-85.2192
2835		96.7569		-38.2057
2836		92.8459		12.2337
2837		65.6428		51.9807
2838		25.1773		71.2778
2839		-15.4766		68.1195
2840		-45.5512		48.0328
2841		-60.314		20.586
2842		-61.5132		-5.38667
2843		-54.6853		-25.3204
2844		-45.1181		-39.536
2845		-34.8518		-50.9766
2846		-22.3434		-61.7216
2847		-4.76892		-70.5394
2848		18.6339		-73.0295
2849		44.3929		-64.2998
2850		65.3088		-42.5637
2851		73.5609		-11.4349
2852		64.7616		20.6199
2853		40.6728		43.607
2854		8.96318		50.4502
2855		-20.014		40.1995
2856		-37.7948		18.2754
2857		-41.3506		-6.39159
2858		-33.7757		-25.7869
2859		-21.8501		-36.4362
2860		-11.905		-40.3362
2861		-6.30966		-42.8143
2862		-2.50298		-48.6354
2863		4.9677		-58.6184
2864		20.6244		-68.7011
2865		44.6677		-71.9921
2866		71.9784		-62.667
2867		94.1287		-39.5385
2868		103.359		-7.30591
2869		96.395		25.2329
2870		76.0925		49.0817
2871		50.0701		59.0224
2872		27.1147		55.6457
2873		13.2629		44.5088
2874		9.53077		33.032
2875		12.2813		26.8733
2876		15.7638		27.6482
2877		15.2734		32.9794
2878		9.21818		38.519
2879		-0.822132		40.5628
2880		-11.7276		37.7257
2881		-20.9105		30.8914
2882		-27.4754		21.7885
2883		-31.8434		11.3783
2884		-34.2989		-0.732151
2885		-33.6576		-15.3971
2886		-27.201		-32.1698
2887		-12.1927		-47.964
2888		11.7948		-57.298
2889		41.1864		-54.373
2890		68.6022		-36.0816
2891		85.2212		-4.34248
2892		84.3548		33.6518
2893		64.5005		67.6612
2894		30.3002		88.1782
2895		-9.1391		89.9909
2896		-43.7654		73.842
2897		-66.2173		45.4863
2898		-73.8632		12.7979
2899		-68.458		-17.4656
2900		-53.9474		-41.5863
2901		-33.9057		-58.7134
2902		-10.1602		-69.0791
2903		16.6823		-72.0233
2904		45.3389		-65.3046
2905		72.0264		-46.3304
2906		90.1973		-14.6814
2907		92.4446		25.6178
2908		73.8876		65.6811
2909		35.3606		93.8969
2910		-15.3729		99.9616
2911		-65.2852		79.0718
2912		-100.141		34.3326
2913		-109.29		-23.7803
2914		-89.1842		-80.7029
2915		-44.2552		-122.386
2916		14.9585		-139.33
2917		75.3736		-128.612
2918		124.993		-93.571
2919		155.32		-41.8498
2920		162.149		16.9701
2921		145.202		73.173
2922		107.473		117.902
2923		54.8436		143.776
2924		-4.10237		145.757
2925		-58.6922		122.475
2926		-97.8035		77.5492
2927		-112.556		19.9383
2928		-99.2474		-37.4764
2929		-61.2139		-81.114
2930		-8.48101		-100.762
2931		45.0366		-92.8898
2932		85.8796		-61.7359
2933		105.222		-17.6287
2934		101.193		26.7693
2935		78.5166		60.6641
2936		45.8867		78.041
2937		12.4965		78.2972
2938		-14.6561		64.8019
2939		-31.7195		42.5596
2940		-37.3164		16.3848
2941		-31.2738		-9.60361
2942		-13.9531		-31.3791
2943		13.237		-44.3165
2944		46.5753		-43.5137
2945		79.1927		-25.5159
2946		101.835		9.24603
2947		105.553		54.7644
2948		85.4277		99.9126
2949		43.5783		131.491
2950		-10.3008		138.927
2951		-61.5792		118.633
2952		-95.7065		75.9477
2953		-103.547		23.5659
2954		-84.6945		-23.0378
2955		-47.3019		-51.2386
2956		-4.5608		-55.5176
2957		30.4958		-38.5985
2958		49.5132		-9.23661
2959		50.7934		22.0124
2960		38.2314		46.9044
2961		18.2188		61.6753
2962		-3.62507		66.6442
2963		-24.2236		64.0284
2964		-42.7076		55.5909
2965		-58.6594		41.5945
2966		-70.4012		21.5656
2967		-74.6514		-3.83824
2968		-67.9286		-31.2843
2969		-48.9171		-54.8052
2970		-20.3116		-67.7348
2971		11.1578		-65.6767
2972		36.8484		-48.9326
2973		49.5997		-22.9859
2974		46.7608		3.39311
2975		31.3261		21.6153
2976		10.5889		26.6803
2977		-7.02868		18.9153
2978		-15.4227		3.29993
2979		-12.9126		-13.1509
2980		-2.14991		-24.5486
2981		11.8743		-28.2888
2982		24.5044		-25.3088
2983		33.3542		-18.6142
2984		38.6335		-11.1244
2985		41.9715		-4.11797
2986		44.6678		2.93168
2987		46.5217		11.2319
2988		45.9449		21.1199
2989		41.2225		31.1537
2990		32.0809		38.4776
2991		20.5322		40.298
2992		10.3909		35.6215
2993		5.63603		26.2302
2994		8.45864		16.2781
2995		18.0281		10.6483
2996		30.6256		12.8709
2997		41.0797		23.6185
2998		44.7855		40.459
2999		39.3555		58.8869
3000		25.2257		74.0376
3001		5.12395		82.2478
3002		-17.1347		81.8439
3003		-37.8418		73.0457
3004		-54.08		57.3427
3005		-63.8305		36.8678
3006		-65.8103		14.1119
3007		-59.4428		-8.06146
3008		-45.1456		-26.4314
3009		-24.7552		-37.8101
3010		-1.67105		-39.8743
3011		19.64		-32.1227
3012		34.7929		-16.4277
3013		40.8849		3.24826
3014		37.5112		22.0039
3015		26.8806		35.5906
3016		12.93		41.7564
3017		-0.168625		40.7564
3018		-9.43426		34.8568
3019		-13.8268		27.1463
3020		-14.0997		20.2726
3021		-11.9924		15.6672
3022		-9.28421		13.4871
3023		-7.18703		13.0819
3024		-6.2483		13.5643
3025		-6.5805		14.1208
3026		-8.06236		13.9949
3027		-10.274		12.3793
3028		-12.2362		8.54116
3029		-12.2917		2.31458
3030		-8.48385		-5.26364
3031		0.500664		-11.6624
3032		14.1957		-13.3552
3033		29.691		-7.16813
3034		42.0377		8.00377
3035		45.8473		29.9608
3036		37.5567		53.2379
3037		17.355		70.6842
3038		-10.2326		76.0904
3039		-37.5706		66.7737
3040		-56.5831		44.9284
3041		-61.7804		17.0475
3042		-52.3335		-8.4147
3043		-32.2946		-24.1581
3044		-8.90276		-26.5983
3045		10.2287		-16.8338
3046		19.7931		0.255543
3047		18.2603		18.2057
3048		7.70865		31.3786
3049		-7.61285		36.5667
3050		-23.1218		33.3156
3051		-35.2628		23.1789
3052		-41.961		8.58399
3053		-42.3259		-8.0018
3054		-36.1412		-24.2975
3055		-23.6577		-38.0134
3056		-5.84241		-46.7139
3057		15.2024		-48.1315
3058		36.1439		-40.9427
3059		52.9907		-25.6017
3060		62.2467		-4.66998
3061		62.1444		17.7087
3062		53.3197		37.0653
3063		38.5433		50.0392
3064		21.6279		55.3012
3065		6.07843		53.5619
3066		-5.83012		46.7747
3067		-13.156		37.0951
3068		-15.7186		26.2495
3069		-13.4242		15.6371
3070		-6.11496		6.93666
3071		5.82501		2.56945
3072		20.474		5.37428
3073		33.7882		17.3286
3074		40.1755		37.8434
3075		34.3962		62.6455
3076		14.1386		84.1944
3077		-17.9771		93.9116
3078		-54.1849		85.5364
3079		-83.6532		58.1737
3080		-96.2621		17.5215
3081		-86.561		-25.5299
3082		-56.1524		-58.552
3083		-13.3638		-72.0214
3084		29.719		-62.6683
3085		61.585		-34.3226
3086		75.1245		3.99675
3087		69.3862		41.7438
3088		48.7482		70.5312
3089		20.2286		86.2584
3090		-9.54837		89.0191
3091		-36.2445		81.3021
3092		-57.8762		65.8005
3093		-73.4731		44.1721
3094		-81.5191		17.3676
3095		-79.4113		-12.8959
3096		-64.4715		-42.6947
3097		-36.0269		-65.7058
3098		2.68819		-74.7841
3099		44.1081		-64.7823
3100		77.9981		-35.284
3101		94.731		8.19815
3102		88.8207		55.3452
3103		61.1427		94.1763
3104		18.8334		114.951
3105		-27.0847		113.229
3106		-65.3118		90.9073
3107		-87.6162		55.0219
3108		-90.6971		15.0448
3109		-76.1461		-20.0484
3110		-48.965		-43.8348
3111		-15.6014		-53.1431
3112		17.6064		-47.6633
3113		45.1985		-29.1532
3114		62.7914		-0.859745
3115		67.227		32.6718
3116		57.0598		65.7154
3117		33.3186		91.9072
3118		0.0422745		105.487
3119		-36.0223		102.993
3120		-66.8513		84.7169
3121		-85.4027		55.1172
3122		-87.8747		21.7785
3123		-74.9997		-6.86353
3124		-51.7637		-24.1826
3125		-25.6216		-27.3535
3126		-3.94431		-17.9031
3127		8.26382		-0.700104
3128		9.53098		18.0649
3129		1.68726		32.995
3130		-11.4105		40.8823
3131		-25.4729		41.0278
3132		-36.9983		34.6817
3133		-43.7928		24.1321
3134		-44.9049		11.9562
3135		-40.3498		0.654041
3136		-30.9598		-7.46211
3137		-18.4265		-10.4213
3138		-5.3251		-6.98507
3139		5.17567		2.80423
3140		10.0428		17.2458
3141		7.35847		33.1279
3142		-2.88796		46.5193
3143		-18.6266		53.9663
3144		-36.3112		53.5896
3145		-52.0622		45.5901
3146		-62.8314		31.96
3147		-67.0771		15.612
3148		-64.7375		-0.58094
3149		-56.6993		-14.3566
3150		-44.2256		-24.0712
3151		-28.764		-28.3778
3152		-12.2193		-26.0431
3153		2.63598		-16.2801
3154		12.1581		0.421612
3155		12.6222		21.4404
3156		1.7177		41.8337
3157		-19.8764		55.3002
3158		-47.7267		56.2105
3159		-74.3607		41.9703
3160		-91.4822		14.6264
3161		-92.9363		-19.1922
3162		-77.1843		-50.2198
3163		-48.1439		-69.7254
3164		-13.9173		-72.6237
3165		16.1222		-59.1975
3166		34.6616		-34.7038
3167		38.7867		-7.087
3168		30.4031		16.1299
3169		14.7254		30.393
3170		-2.30304		35.0705
3171		-16.377		32.6122
3172		-25.9434		26.5806
3173		-31.7507		19.6906
3174		-35.3531		12.8469
3175		-37.5733		5.51989
3176		-37.8334		-2.97397
3177		-34.6816		-12.2022
3178		-27.106		-20.2049
3179		-15.7589		-24.244
3180		-3.2617		-22.3011
3181		6.70581		-14.4402
3182		11.1178		-3.18407
3183		9.20866		7.43146
3184		3.06116		13.7356
3185		-3.23996		14.3068
3186		-5.56884		10.8749
3187		-1.92101		7.70464
3188		6.28072		9.65885
3189		14.4186		19.787
3190		16.4283		37.5355
3191		7.35102		58.4054
3192		-14.3771		75.2542
3193		-45.8356		80.7389
3194		-80.1552		69.9577
3195		-108.453		42.3187
3196		-122.446		2.0237
3197		-116.872		-42.9101
3198		-90.9976		-82.6853
3199		-48.8914		-108.161
3200		1.48302		-113.037
3201		50.0323		-95.3188
3202		86.7142		-57.8174
3203		103.698		-7.65131
3204		97.109		45.147
3205		68.0105		89.6875
3206		22.3812		116.58
3207		-30.0201		120.106
3208		-77.7441		99.675
3209		-110.27		60.1233
3210		-120.517		10.695
3211		-106.566		-37.1145
3212		-72.1136		-72.302
3213		-25.5215		-86.9629
3214		22.26		-78.0744
3215		60.3135		-48.0359
3216		80.2365		-3.91006
3217		77.9093		44.3512
3218		54.2195		86.2055
3219		14.6863		112.818
3220		-31.8485		118.908
3221		-75.1736		103.833
3222		-105.943		71.7297
3223		-117.79		30.6499
3224		-108.898		-9.20329
3225		-82.6216		-37.8695
3226		-46.8951		-48.166
3227		-12.3955		-37.7329
3228		10.1955		-9.96877
3229		13.1784		26.5499
3230		-5.76736		60.1687
3231		-42.5423		79.3082
3232		-87.3633		75.8306
3233		-127.191		47.6454
3234		-149.245		-0.250755
3235		-144.659		-56.6777
3236		-111.247		-106.953
3237		-54.5962		-136.681
3238		12.8819		-135.675
3239		74.768		-100.973
3240		114.658		-38.1309
3241		120.415		39.621
3242		87.5709		114.253
3243		20.9533		167.213
3244		-65.9913		184.082
3245		-154.125		158.396
3246		-223.146		93.595
3247		-256.562		2.47218
3248		-245.788		-95.788
3249		-192.228		-180.221
3250		-106.796		-233.074
3251		-7.07423		-243.802
3252		86.9767		-211.071
3253		157.506		-142.401
3254		192.275		-51.8402
3255		186.467		43.4237
3256		142.754		126.516
3257		70.0399		183.641
3258		-18.4595		205.889
3259		-107.339		190.197
3260		-181.155		139.714
3261		-226.677		63.6086
3262		-235.258		-23.8593
3263		-205.042		-105.368
3264		-142.311		-163.777
3265		-61.1391		-186.174
3266		19.1886		-167.679
3267		78.7928		-113.62
3268		102.727		-38.935
3269		85.649		35.5306
3270		33.8531		88.977
3271		-36.3421		106.993
3272		-103.58		86.082
3273		-148.235		34.6675
3274		-158.63		-29.8775
3275		-134.487		-87.1581
3276		-86.4552		-120.515
3277		-31.9832		-122.22
3278		10.8311		-95.3768
3279		29.1666		-52.0865
3280		19.1777		-8.81864
3281		-13.5518		19.1925
3282		-56.5731		22.5735
3283		-94.9373		0.118294
3284		-115.756		-41.5809
3285		-111.596		-90.6237
3286		-82.0008		-133.345
3287		-33.1232		-157.819
3288		24.0599		-156.561
3289		76.3485		-128.061
3290		111.188		-77.0802
3291		119.383		-13.7778
3292		97.2601		48.242
3293		47.8613		94.7385
3294		-19.2385		114.07
3295		-89.6947		100.16
3296		-147.529		54.359
3297		-178.943		-14.4608
3298		-175.78		-91.7804
3299		-137.6		-160.843
3300		-71.7599		-206.629
3301		8.47042		-219.255
3302		87.0864		-195.907
3303		148.831		-140.986
3304		182.078		-64.7306
3305		180.632		19.0188
3306		144.415		95.2935
3307		79.2978		150.312
3308		-3.6794		173.571
3309		-89.7033		159.728
3310		-162.36		110.131
3311		-206.668		33.5033
3312		-212.622		-54.866
3313		-178.361		-135.876
3314		-111.723		-191.095
3315		-29.1505		-207.912
3316		48.2868		-183.652
3317		100.861		-126.983
3318		116.25		-55.6971
3319		93.4855		8.69849
3320		43.198		47.838
3321		-16.1154		52.3509
3322		-64.4857		24.5378
3323		-87.1599		-23.0913
3324		-79.1076		-72.7503
3325		-45.8036		-107.772
3326		-0.29311		-117.993
3327		41.9945		-102.257
3328		68.4839		-67.497
3329		72.8229		-25.2892
3330		55.5311		12.3503
3331		22.3719		36.2174
3332		-18.2517		41.3281
3333		-57.5199		26.6931
3334		-87.3477		-5.57719
3335		-100.717		-50.8472
3336		-92.0489		-101.865
3337		-58.3779		-148.53
3338		-1.35066		-178.564
3339		70.8859		-179.881
3340		143.364		-144.525
3341		196.691		-72.8995
3342		212.194		23.7235
3343		178.38		124.149
3344		96.281		202.186
3345		-18.7591		234.364
3346		-140.15		207.824
3347		-237.365		125.365
3348		-285.13		5.54078
3349		-271.215		-122.489
3350		-200.058		-227.588
3351		-90.9993		-285.711
3352		28.016		-286.285
3353		128.819		-234
3354		190.525		-145.901
3355		203.909		-45.3942
3356		171.846		44.4488
3357		106.55		106.138
3358		25.2269		130.461
3359		-54.2233		116.712
3360		-116.474		71.3296
3361		-150.86		5.86023
3362		-152.632		-65.2502
3363		-123.615		-127.057
3364		-72.1547		-166.886
3365		-11.8044		-177.304
3366		41.6185		-158.512
3367		74.3432		-119.028
3368		79.1516		-73.7417
3369		58.3233		-39.3835
3370		23.4683		-28.6652
3371		-8.23867		-45.2884
3372		-20.3633		-82.0041
3373		-3.71632		-122.873
3374		39.6339		-149.144
3375		96.6618		-146.546
3376		148.064		-111.036
3377		175.497		-50.6092
3378		168.446		17.5686
3379		127.963		73.4932
3380		65.9		101.448
3381		0.237648		95.0817
3382		-51.346		58.6355
3383		-76.9725		4.31335
3384		-73.174		-52.6247
3385		-44.1743		-98.7431
3386		1.09349		-125.429
3387		52.4083		-129.402
3388		100.57		-111.447
3389		138.078		-74.778
3390		158.785		-24.2039
3391		157.705		33.6479
3392		131.84		89.8059
3393		81.9594		133.296
3394		14.3043		153.109
3395		-59.1683		141.522
3396		-122.888		97.4505
3397		-161.829		28.1352
3398		-166.257		-52.0223
3399		-135.079		-125.383
3400		-76.2815		-176.349
3401		-4.18873		-195.883
3402		65.2841		-183.502
3403		119.363		-146.114
3404		151.255		-94.5627
3405		160.273		-39.6384
3406		149.767		10.6423
3407		124.383		51.6156
3408		88.2134		80.7768
3409		44.6464		96.1088
3410		-2.47856		95.3082
3411		-47.6063		76.5376
3412		-83.3607		40.2319
3413		-102.099		-9.30032
3414		-98.5363		-63.7399
3415		-72.0859		-112.547
3416		-27.582		-146.034
3417		26.1133		-158.288
3418		78.9899		-148.557
3419		122.823		-120.539
3420		152.771		-80.1719
3421		167.09		-33.3117
3422		165.574		15.3744
3423		148.117		61.8614
3424		114.623		101.311
3425		66.5738		127.203
3426		9.21863		132.32
3427		-47.3555		111.741
3428		-89.7624		66.5174
3429		-105.6		5.85007
3430		-88.9249		-54.1038
3431		-44.2436		-95.175
3432		13.4217		-104.229
3433		63.2322		-79.2323
3434		86.5166		-31.2479
3435		74.7113		19.1438
3436		33.5639		49.9338
3437		-18.6604		46.9667
3438		-58.5618		10.2689
3439		-67.5279		-45.5943
3440		-39.8272		-97.5143
3441		14.7919		-123.661
3442		75.2221		-112.8
3443		118.013		-68.9728
3444		127.251		-9.52721
3445		100.944		42.4879
3446		51.2388		68.0578
3447		-1.34868		59.7257
3448		-36.8502		23.7707
3449		-43.8317		-23.5372
3450		-23.0807		-63.5117
3451		14.202		-82.8313
3452		52.353		-78.1448
3453		78.283		-55.8743
3454		86.4076		-27.9073
3455		79.6068		-5.62137
3456		66.373		4.89917
3457		55.993		4.53322
3458		54.2063		-0.547775
3459		61.1685		-2.58092
3460		72.1876		4.04343
3461		80.3716		20.6155
3462		79.6596		44.0902
3463		66.9046		68.7081
3464		42.46		88.1545
3465		9.55568		97.2786
3466		-26.8159		92.9629
3467		-60.893		74.337
3468		-86.8557		42.779
3469		-99.4931		1.96679
3470		-95.1313		-42.1603
3471		-72.8231		-81.9416
3472		-35.364		-109.356
3473		10.524		-118.082
3474		55.3092		-105.611
3475		88.9839		-74.5157
3476		103.9		-32.1788
3477		97.0591		11.0942
3478		70.9581		44.9591
3479		32.6954		61.8596
3480		-8.25721		58.8052
3481		-42.7054		37.6111
3482		-63.8707		3.77631
3483		-68.4616		-35.345
3484		-56.6728		-72.335
3485		-31.5096		-101.001
3486		2.09554		-117.109
3487		38.128		-118.772
3488		70.3488		-106.705
3489		93.3365		-84.2845
3490		103.732		-57.1588
3491		101.371		-32.1065
3492		89.7435		-15.1837
3493		75.2655		-9.64695
3494		65.2831		-14.4919
3495		65.3489		-24.4109
3496		76.7984		-31.4871
3497		95.7207		-28.1937
3498		113.962		-10.6132
3499		121.979		19.4466
3500		112.567		54.4122
3501		84.0413		83.1704
3502		41.5998		94.856
3503		-3.73498		82.8696
3504		-38.3392		47.6871
3505		-50.3313		-2.56047
3506		-33.6295		-54.0021
3507		9.5849		-90.9036
3508		68.8124		-100.377
3509		127.708		-76.5455
3510		168.491		-22.9118
3511		177.127		47.8927
3512		147.829		117.117
3513		85.4385		165.018
3514		4.7291		176.732
3515		-73.4623		147.093
3516		-128.34		82.6794
3517		-145.603		0.128876
3518		-122.008		-78.993
3519		-66.2485		-135.155
3520		4.35911		-157.144
3521		70.2579		-145.24
3522		116.634		-109.991
3523		138.169		-67.0763
3524		139.596		-30.4769
3525		131.93		-6.96593
3526		126.22		5.64476
3527		127.828		15.8041
3528		134.015		32.5199
3529		135.985		59.5959
3530		124.294		92.803
3531		94.7792		121.512
3532		51.851		134.018
3533		7.26755		123.829
3534		-25.136		93.5614
3535		-36.1369		54.2783
3536		-25.7388		20.382
3537		-3.1713		2.59206
3538		17.9242		2.63449
3539		26.7802		12.539
3540		21.4997		19.134
3541		10.5004		11.6184
3542		8.3664		-11.635
3543		27.9222		-40.6867
3544		72.3802		-57.6124
3545		131.568		-44.6811
3546		184.393		6.60038
3547		206.754		89.8528
3548		181.509		184.375
3549		106.124		261.813
3550		-5.27982		296.153
3551		-126.203		272.846
3552		-226.368		193.528
3553		-281		74.9198
3554		-277.332		-56.9549
3555		-216.554		-174.401
3556		-111.618		-254.59
3557		17.1784		-283.284
3558		146.682		-255.785
3559		254.247		-176.328
3560		320.141		-57.2
3561		329.93		82.0461
3562		277.486		216.035
3563		168.172		316.87
3564		20.5658		359.794
3565		-135.171		330.219
3566		-263.218		229.712
3567		-331.312		78.0825
3568		-320.418		-90.1772
3569		-231.225		-234.686
3570		-84.7373		-320.485
3571		83.5578		-327.918
3572		233.911		-257.593
3573		333.221		-128.947
3574		362.914		26.5429
3575		321.652		174.554
3576		222.991		286.15
3577		89.9612		342.799
3578		-50.8548		337.777
3579		-173.982		275.105
3580		-258.08		167.638
3581		-288.131		35.2534
3582		-257.702		-97.1262
3583		-171.313		-202.675
3584		-45.7362		-257.688
3585		91.5176		-247.902
3586		207.627		-174.053
3587		273.135		-53.9034
3588		271.239		81.1964
3589		204.003		195.043
3590		92.5058		257.927
3591		-29.8436		256.333
3592		-128.593		197.023
3593		-179.821		103.678
3594		-177.378		7.4398
3595		-133.002		-64.7017
3596		-69.6408		-98.8803
3597		-11.1901		-97.2007
3598		26.7436		-73.8502
3599		41.2733		-46.8556
3600		40.5262		-29.5786
3601		37.3755		-25.7441
3602		42.0844		-29.7576
3603		57.4254		-31.4054
3604		78.2222		-22.084
3605		94.8933		0.642975
3606		98.7128		32.1165
3607		85.9933		63.1903
3608		59.362		84.5657
3609		26.036		90.4934
3610		-5.47779		80.2327
3611		-28.3237		57.1318
3612		-38.5789		26.4801
3613		-34.8336		-6.31823
3614		-17.0959		-36.3087
3615		13.7187		-58.4782
3616		55.1224		-67.2498
3617		101.731		-57.1134
3618		144.569		-24.7207
3619		172.214		28.395
3620		174.022		94.0924
3621		144.369		158.355
3622		85.969		204.856
3623		10.4294		220.273
3624		-64.6462		199.172
3625		-121.108		146.313
3626		-146.098		75.2453
3627		-135.891		3.74109
3628		-96.2539		-51.976
3629		-39.4476		-81.8169
3630		20.5303		-83.5258
3631		72.2398		-61.2655
3632		108.909		-22.3201
3633		127.941		26.1313
3634		128.778		78.5602
3635		110.862		130.497
3636		73.1551		176.663
3637		15.6522		209.454
3638		-57.9681		219.232
3639		-138.231		196.886
3640		-209.883		137.834
3641		-254.711		45.7317
3642		-256.562		-65.9661
3643		-206.85		-175.656
3644		-108.558		-258.297
3645		22.8361		-291.837
3646		161.979		-263.402
3647		279.144		-173.404
3648		347.124		-36.4156
3649		347.727		121.347
3650		276.384		267.295
3651		143.891		369.268
3652		-25.03		402.485
3653		-196.115		355.29
3654		-332.181		232.583
3655		-400.886		56.0748
3656		-382.203		-139.004
3657		-273.98		-310.497
3658		-94.0942		-418.227
3659		121.799		-433.445
3660		327.008		-346.639
3661		473.966		-171.516
3662		525.67		56.338
3663		465.619		286.419
3664		303.476		464.705
3665		74.5159		546.983
3666		-167.615		510.744
3667		-363.543		362.335
3668		-463.284		136.995
3669		-439.906		-108.879
3670		-297.837		-311.725
3671		-73.0246		-417.639
3672		175.669		-397.437
3673		381.982		-255.472
3674		490.524		-29.2229
3675		472.518		220.704
3676		334.162		427.586
3677		114.795		537.674
3678		-124.826		525.525
3679		-320.637		400.777
3680		-424.124		204.177
3681		-415.965		-5.77962
3682		-310.203		-171.216
3683		-147.894		-252.217
3684		17.3403		-237.622
3685		136.8		-146.087
3686		181.388		-17.6209
3687		148.886		101.031
3688		61.9797		171.932
3689		-41.5859		177.279
3690		-122.844		123.13
3691		-154.531		34.9914
3692		-128.953		-52.5383
3693		-58.6717		-108.135
3694		29.5179		-113.869
3695		104.733		-69.9956
3696		142.565		6.64895
3697		132.597		89.5289
3698		80.6964		151.859
3699		5.8252		175.326
3700		-67.1388		155.306
3701		-115.868		101.199
3702		-127.462		32.1749
3703		-101.619		-29.8387
3704		-49.3748		-67.352
3705		11.6984		-72.2535
3706		63.8427		-47.065
3707		94.6211		-2.52446
3708		99.7763		47.1503
3709		82.8357		89.2634
3710		52.1998		116.029
3711		17.351		125.408
3712		-14.0978		119.702
3713		-37.5073		103.164
3714		-50.5832		80.1026
3715		-52.0623		54.39
3716		-41.0146		30.2169
3717		-17.5044		13.0551
3718		15.6959		9.53571
3719		51.5828		25.5676
3720		79.074		63.1702
3721		85.6376		117.558
3722		61.8882		176.333
3723		6.35561		221.951
3724		-71.8784		237.121
3725		-154.364		211.297
3726		-218.409		145.553
3727		-244.474		53.6067
3728		-223.016		-41.7858
3729		-158.044		-115.849
3730		-65.9913		-149.574
3731		29.5766		-135.35
3732		105.221		-78.5174
3733		144.094		5.26598
3734		139.502		95.3403
3735		94.9724		171.717
3736		21.7188		219.205
3737		-64.8086		229.257
3738		-147.868		200.069
3739		-211.414		136.039
3740		-241.653		47.4048
3741		-229.024		-50.0632
3742		-170.915		-136.239
3743		-74.359		-189.71
3744		42.8904		-192.893
3745		154.49		-138.012
3746		231.321		-31.6177
3747		249.746		104.696
3748		199.587		238.611
3749		88.7161		335.617
3750		-57.8568		369.124
3751		-204.446		328.619
3752		-314.629		223.011
3753		-361.301		78.1055
3754		-333.641		-70.6556
3755		-239.162		-187.567
3756		-100.952		-245.206
3757		48.3739		-230.112
3758		173.934		-144.936
3759		245.497		-7.52148
3760		243.272		152.295
3761		162.334		297.672
3762		15.2678		391.464
3763		-167.941		404.406
3764		-344.058		323.656
3765		-465.464		159.343
3766		-492.721		-53.8919
3767		-407.675		-262.691
3768		-222.475		-408.153
3769		19.8514		-443.341
3770		255.162		-349.5
3771		416.404		-144.773
3772		454.632		118.771
3773		355.388		369.862
3774		144.17		539.927
3775		-121.478		584.526
3776		-370.579		496.563
3777		-541.243		306.592
3778		-598.863		70.584
3779		-543.719		-149.736
3780		-406.148		-306.263
3781		-232.378		-376.639
3782		-67.4493		-365.681
3783		58.0023		-297.298
3784		132.821		-201.709
3785		162.024		-103.94
3786		158.455		-17.9555
3787		134.284		52.5309
3788		96.3554		108.808
3789		46.6476		151.433
3790		-13.7648		177.425
3791		-80.54		181.598
3792		-144.647		160.64
3793		-194.719		116.982
3794		-221.818		59.7393
3795		-223.739		1.82006
3796		-206.18		-45.4436
3797		-179.776		-77.2027
3798		-154.392		-96.7104
3799		-133.643		-112.479
3800		-112.787		-132.192
3801		-81.4963		-156.485
3802		-30.5765		-176.039
3803		40.4909		-174.107
3804		119.084		-133.972
3805		180.86		-48.3864
3806		197.392		73.2889
3807		147.484		203.939
3808		27.7603		304.966
3809		-142.03		338.358
3810		-321.751		280.433
3811		-461.427		132.129
3812		-516.349		-78.2266
3813		-461.662		-301.142
3814		-301.383		-479.441
3815		-68.6891		-564.695
3816		182.669		-531.293
3817		393.041		-383.755
3818		512.941		-155.243
3819		515.638		101.846
3820		402.878		329.907
3821		202.753		480.421
3822		-38.8032		524.599
3823		-269.791		458.103
3824		-443.754		299.653
3825		-528.553		84.9898
3826		-511.05		-141.543
3827		-397.774		-335.659
3828		-212.431		-460.63
3829		8.77315		-492.98
3830		223.254		-426.143
3831		389.158		-271.829
3832		472.841		-58.6747
3833		455.692		172.219
3834		338.809		374.729
3835		143.964		507.076
3836		-90.039		541.118
3837		-315.285		469.114
3838		-485.233		305.95
3839		-565.09		86.0116
3840		-539.38		-144.499
3841		-414.908		-337.712
3842		-218.728		-454.098
3843		7.87967		-470.139
3844		217.714		-382.469
3845		366.504		-208.297
3846		421.068		17.4682
3847		365.952		247.892
3848		207.798		432.138
3849		-23.6292		525.511
3850		-279.029		500.193
3851		-498.56		354.319
3852		-625.588		116.257
3853		-622.418		-158.741
3854		-483.437		-400.538
3855		-240.593		-542.775
3856		42.2111		-543.107
3857		285.734		-398.267
3858		418.759		-147.966
3859		400.785		134.988
3860		236.08		366.098
3861		-26.3581		475.407
3862		-307.498		429.714
3863		-522.939		243.05
3864		-609.196		-28.1447
3865		-542.786		-303.302
3866		-346.076		-502.985
3867		-78.6705		-572.608
3868		181.977		-497.213
3869		363.866		-303.511
3870		420.359		-49.793
3871		341.366		192.096
3872		153.756		356.868
3873		-87.8443		402.551
3874		-316.534		320.158
3875		-470.717		134.731
3876		-509.746		-101.889
3877		-424.261		-324.718
3878		-238.848		-472.756
3879		-5.95724		-505.675
3880		208.12		-415.745
3881		342.132		-231.16
3882		358.524		-8.77901
3883		255.92		182.594
3884		70.6751		283.821
3885		-134.015		265.008
3886		-288.564		136.042
3887		-340.309		-56.1509
3888		-271.477		-243.183
3889		-105.24		-358.321
3890		102.318		-358.902
3891		281.266		-240.121
3892		370.823		-35.6905
3893		338.171		194.081
3894		187.129		381.735
3895		-44.9806		472.532
3896		-299.688		438.544
3897		-513.774		283.864
3898		-634.542		41.3759
3899		-630.677		-236.188
3900		-497.767		-487.722
3901		-259.084		-655.622
3902		37.738		-697.095
3903		328.184		-594.196
3904		542.893		-360.983
3905		623.597		-45.0241
3906		540.069		279.595
3907		302.851		528.67
3908		-34.0329		630.865
3909		-383.961		550.668
3910		-651.012		302.823
3911		-759.052		-48.4679
3912		-676.555		-407.164
3913		-427.57		-674.736
3914		-84.0954		-781.034
3915		257.732		-705.339
3916		508.705		-479.995
3917		613.229		-176.017
3918		562.18		122.76
3919		388.707		346.362
3920		150.871		456.295
3921		-90.1665		449.211
3922		-287.314		348.267
3923		-414.721		188.72
3924		-465.297		5.34889
3925		-443.368		-173.587
3926		-358.453		-325.917
3927		-223.639		-432.604
3928		-57.8947		-476.994
3929		111.64		-448.603
3930		251.713		-349.715
3931		330.88		-200.158
3932		330.682		-35.639
3933		254.471		101.774
3934		128.51		177.901
3935		-6.53394		179.062
3936		-110.613		116.778
3937		-159.11		21.9298
3938		-150.482		-69.0173
3939		-103.343		-129.023
3940		-44.9963		-149.482
3941		2.24434		-139.311
3942		29.6984		-115.624
3943		41.8529		-91.9969
3944		48.0658		-71.3855
3945		52.3108		-47.7146
3946		47.9603		-14.7654
3947		21.5405		23.7234
3948		-36.2077		49.9955
3949		-118.573		38.3203
3950		-198.361		-30.7484
3951		-235.253		-155.197
3952		-193.261		-304.449
3953		-60.4185		-426.056
3954		139.493		-465.054
3955		350.407		-388.025
3956		502.81		-200.613
3957		540.506		50.4237
3958		443.549		292.579
3959		236.942		454.195
3960		-18.8269		490.738
3961		-250.997		399.461
3962		-400.926		216.749
3963		-442.227		0.666595
3964		-383.838		-192.28
3965		-258.828		-325.305
3966		-106.394		-387.29
3967		43.2354		-386.279
3968		174.13		-336.654
3969		279.71		-248.657
3970		353.002		-126.406
3971		380.09		25.3321
3972		342.35		191.164
3973		227.266		339.845
3974		41.7995		429.375
3975		-180.307		422.037
3976		-383.497		302.8
3977		-507.714		91.5245
3978		-511.362		-158.499
3979		-389.516		-376.913
3980		-178.398		-501.474
3981		56.8444		-501.314
3982		246.329		-387.979
3983		341.267		-209.354
3984		330.375		-29.3033
3985		240.225		97.7924
3986		120.301		146.511
3987		20.2249		126.016
3988		-30.388		70.6285
3989		-30.9958		20.9266
3990		-5.36255		4.6502
3991		13.3426		25.8558
3992		-0.260742		66.145
3993		-52.2332		95.9146
3994		-127.851		89.3238
3995		-199.489		35.8586
3996		-239.056		-56.0502
3997		-228.923		-163.611
3998		-167.077		-259.015
3999		-65.6876		-318.712
4000		54.5808		-328.969
4001		170.895		-286.831
4002		262.51		-198.106
4003		312.455		-74.9629
4004		308.118		65.1731
4005		242.712		199.713
4006		118.447		301.855
4007		-49.7877		344.387
4008		-232.948		306.771
4009		-391.187		183.622
4010		-482.779		-9.11484
4011		-476.53		-233.971
4012		-363.35		-439.448
4013		-162.136		-573.713
4014		83.0894		-600.107
4015		314.556		-508.877
4016		476.979		-320.745
4017		533.051		-80.9563
4018		472.939		153.917
4019		315.013		331.579
4020		98.4563		416.692
4021		-128.703		397.036
4022		-321.525		282.468
4023		-446.411		98.8058
4024		-484.361		-119.862
4025		-430.397		-337.457
4026		-291.586		-519.638
4027		-85.7634		-635.912
4028		158.664		-662.114
4029		403.323		-584.725
4030		603.256		-406.574
4031		714.612		-151.475
4032		705.902		135.697
4033		569.447		395.951
4034		328.192		569.943
4035		33.7893		614.946
4036		-245.221		519.132
4037		-442.238		307.316
4038		-512.24		35.0555
4039		-445.069		-227.551
4040		-267.325		-416.825
4041		-32.2145		-493.596
4042		198.5		-451.961
4043		373.253		-316.214
4044		463.109		-128.401
4045		464.129		67.3545
4046		390.671		236.968
4047		264.613		360.714
4048		106.642		429.992
4049		-66.348		440.7
4050		-237.875		388.817
4051		-386.58		271.831
4052		-484.532		95.5032
4053		-502.657		-118.597
4054		-422.39		-330.912
4055		-248.167		-491.088
4056		-13.4857		-553.685
4057		224.673		-496.364
4058		402.94		-331.957
4059		474.028		-107.541
4060		424.897		110.769
4061		282.009		261.771
4062		100.53		311.716
4063		-58.2063		265.359
4064		-151.016		160.514
4065		-167.955		48.8076
4066		-131.562		-28.1226
4067		-81.3134		-55.6247
4068		-51.5163		-48.4173
4069		-53.938		-37.9567
4070		-73.7901		-51.9718
4071		-80.6443		-97.1976
4072		-48.0593		-154.478
4073		28.8237		-188.795
4074		127.336		-168.854
4075		206.446		-85.7686
4076		226.503		39.2156
4077		169.423		162.318
4078		48.8803		236.543
4079		-94.7887		233.035
4080		-212.38		153.822
4081		-267.321		29.7957
4082		-250.209		-94.5184
4083		-179.682		-181.265
4084		-90.1683		-214.268
4085		-13.81		-201.733
4086		33.5892		-166.519
4087		55.5837		-130.516
4088		66.6055		-102.462
4089		78.0674		-76.018
4090		88.0327		-38.6055
4091		81.0988		14.9486
4092		38.9257		72.9367
4093		-44.7226		108.161
4094		-153.704		90.6302
4095		-251.121		5.2071

 
--------------------------------------


