Compute Correlation 
 
0		-166.076		-473.968
1		4.19076		-509.522
2		185.043		-482.551
3		355.684		-382.642
4		482.56		-207.043
5		524.769		26.6415
6		449.854		273.955
7		253.016		470.301
8		-30.8691		551.104
9		-330.975		477.818
10		-561.291		257.666
11		-651.017		-53.3462
12		-571.614		-367.324
13		-348.229		-595.066
14		-50.1138		-677.433
15		235.721		-604.119
16		435.781		-412.438
17		512.794		-168.176
18		471.209		61.456
19		345.637		230.077
20		180.34		320.683
21		11.0897		339.502
22		-142.301		301.736
23		-271.489		219.068
24		-369.013		96.2905
25		-420.486		-62.1629
26		-406.063		-241.613
27		-311.258		-411.15
28		-140.722		-528.37
29		74.1512		-554.445
30		280.205		-472.512
31		419.809		-299.446
32		453.148		-83.717
33		374.852		111.097
34		216.594		230.155
35		34.0656		247.598
36		-115.548		173.954
37		-194.945		47.8775
38		-197.316		-82.831
39		-142.429		-181.095
40		-61.9901		-231.871
41		16.8961		-240.774
42		81.3528		-223.015
43		131.452		-190.597
44		170.799		-145.868
45		196.479		-84.8745
46		195.91		-7.50287
47		153.53		73.207
48		63.6942		130.067
49		-58.42		131.705
50		-175.901		59.3053
51		-242.063		-78.9463
52		-220.854		-244.707
53		-105.817		-381.322
54		72.6259		-436.526
55		256.608		-385.663
56		383.697		-243.964
57		412.968		-61.3295
58		341.96		98.5418
59		206.432		185.048
60		63.1298		180.983
61		-35.9555		106.916
62		-65.4238		8.23679
63		-34.3014		-68.0658
64		22.9399		-95.143
65		66.5806		-76.1481
66		72.2518		-38.3514
67		41.643		-15.7832
68		-1.22449		-30.1781
69		-24.9745		-80.1258
70		-8.34737		-143.307
71		49.1785		-189.445
72		128.541		-196.137
73		202.185		-158.855
74		247.975		-90.4115
75		257.907		-11.5172
76		237.313		60.9322
77		196.353		120.372
78		140.316		168.142
79		65.9312		204.388
80		-33.0728		219.214
81		-154.135		191.484
82		-275.574		98.346
83		-356.065		-68.1773
84		-347.43		-286.526
85		-216.848		-502.579
86		31.6781		-643.102
87		348.135		-642.324
88		646.532		-470.9
89		832.356		-153.904
90		837.069		231.551
91		645.225		579.765
92		302.364		792.147
93		-99.8864		810.707
94		-455.231		635.965
95		-677.493		322.941
96		-725.028		-41.4405
97		-606.602		-368.68
98		-369.414		-593.989
99		-77.4403		-687.86
100		209.013		-652.904
101		444.661		-511.899
102		600.113		-295.798
103		657.045		-37.9782
104		604.81		224.728
105		443.123		449.14
106		189.832		587.651
107		-112.359		598.621
108		-397.722		462.868
109		-591.749		198.378
110		-634.845		-136.004
111		-506.193		-453.245
112		-236.407		-664.805
113		98.6104		-711.529
114		402.089		-585.699
115		589.954		-334.159
116		619.767		-40.5354
117		502.968		206.125
118		295.81		342.927
119		73.9059		351.819
120		-97.6434		258.635
121		-185.449		115.013
122		-192.352		-26.8157
123		-145.794		-134.084
124		-78.134		-200.04
125		-9.92634		-236.3
126		55.7902		-257.587
127		126.993		-268.653
128		209.642		-260.833
129		297.025		-219.455
130		368.401		-136.832
131		398.032		-22.3454
132		369.411		97.0356
133		286.312		186.841
134		173.957		220.66
135		69.0825		192.758
136		3.87642		120.834
137		-7.82808		37.357
138		25.0399		-25.9064
139		77.7451		-51.9178
140		123.856		-43.7304
141		148.553		-18.9025
142		153.956		3.19719
143		154.025		13.5293
144		162.677		17.9
145		182.579		31.4139
146		201.63		66.4277
147		199.558		121.503
148		160.985		178.439
149		87.3107		209.885
150		0.0179825		193.865
151		-67.3487		127.255
152		-84.9511		30.4134
153		-42.0015		-60.2962
154		46.6278		-108.769
155		146.396		-96.0052
156		218.87		-28.7951
157		239.224		64.2634
158		206.484		147.203
159		141.468		193.862
160		74.0395		198.777
161		26.9615		176.39
162		5.27104		149.714
163		-3.27234		135.353
164		-17.4809		133.651
165		-48.4542		129.581
166		-90.3918		103.716
167		-122.202		46.6714
168		-119.326		-31.719
169		-69.148		-104.38
170		18.9657		-139.688
171		115.224		-118.224
172		182.409		-44.331
173		193.73		54.1776
174		146.033		138.466
175		61.2354		176.883
176		-24.8166		159.349
177		-80.0367		100.383
178		-90.7737		29.4982
179		-65.7187		-25.3683
180		-27.4155		-51.9621
181		3.23212		-57.5028
182		20.1108		-60.3405
183		34.7722		-74.7828
184		67.1336		-98.5234
185		129.387		-110.811
186		212.868		-83.3959
187		286.492		1.27675
188		309.136		134.866
189		250.467		280.289
190		109.418		384.333
191		-79.9578		400.499
192		-259.389		311.024
193		-369.594		136.893
194		-374.806		-69.5226
195		-276.849		-245.82
196		-112.259		-344.532
197		65.418		-349.786
198		208.694		-278.382
199		293.017		-166.339
200		319.919		-49.3134
201		306.81		52.1942
202		271.009		135.538
203		218.264		206.725
204		142.61		266.597
205		37.112		302.252
206		-91.9753		290.23
207		-217.63		210.58
208		-297.644		63.8311
209		-292.273		-119.806
210		-185.417		-286.151
211		2.27657		-376.887
212		216.582		-354.702
213		389.214		-221.285
214		465.137		-18.6951
215		424.756		187.24
216		290.375		333.789
217		114.176		385.627
218		-45.8076		345.305
219		-149.531		245.909
220		-187.18		131.121
221		-175.105		33.9195
222		-139.63		-35.0021
223		-99.0593		-84.1755
224		-54.3874		-127.252
225		6.51035		-167.548
226		94.669		-191.276
227		205.294		-173.969
228		312.356		-96.5089
229		376.933		38.867
230		365.563		202.652
231		268.708		346.862
232		108.812		424.881
233		-67.1585		412.252
234		-207.385		317.464
235		-277.047		176.978
236		-271.079		37.2645
237		-211.584		-66.389
238		-132.13		-122.972
239		-58.3673		-144.214
240		3.78445		-150.321
241		65.7564		-152.264
242		141.627		-141.896
243		230.535		-96.609
244		307.867		3.45948
245		332.281		155.587
246		266.614		324.485
247		102.152		450.119
248		-127.393		471.858
249		-351.633		358.129
250		-488.68		126.653
251		-479.234		-156.035
252		-313.795		-397.377
253		-39.7879		-514.56
254		255.373		-467.36
255		477.926		-273.368
256		563.079		0.755169
257		496.68		267.167
258		314.974		450.607
259		84.7137		513.124
260		-125.433		460.471
261		-268.626		330.336
262		-329.433		170.991
263		-318.23		21.9661
264		-257.038		-94.8517
265		-166.43		-172.468
266		-60.4067		-209.866
267		50.1846		-204.974
268		150.959		-154.823
269		221.214		-62.3165
270		239.14		56.2666
271		193.159		170.135
272		92.4575		242.707
273		-31.0301		247.3
274		-132.755		181.689
275		-174.413		72.6961
276		-142.419		-33.4256
277		-55.9482		-91.4925
278		40.822		-79.0331
279		99.4811		-7.858
280		91.2587		81.0846
281		21.845		137.765
282		-70.8099		128.345
283		-135.144		52.8945
284		-131.979		-53.6647
285		-54.8235		-138.203
286		65.8541		-155.436
287		176.593		-90.4039
288		226.197		33.7629
289		189.737		166.444
290		79.6343		252.903
291		-61.0247		258.703
292		-178.836		183.431
293		-233.447		57.9259
294		-212.565		-72.2031
295		-132.328		-167.4
296		-24.7537		-208.658
297		79.5305		-199.41
298		163.522		-155.952
299		225.174		-93.7168
300		268.869		-18.3181
301		293.985		73.3387
302		288.984		183.273
303		235.837		301.045
304		122.947		399.265
305		-41.0559		440.737
306		-221.695		395.121
307		-366.48		256.894
308		-424.268		54.6352
309		-367.646		-154.699
310		-207.4		-305.423
311		8.5837		-348.441
312		212.302		-270.742
313		341.147		-100.163
314		360.555		106.55
315		274.029		286.434
316		117.144		393.141
317		-60.1825		409.994
318		-213.75		348.911
319		-318.066		238.108
320		-367.644		106.632
321		-368.687		-25.7817
322		-328.203		-149.246
323		-248.089		-256.589
324		-127.865		-335.153
325		26.2972		-364.567
326		193.053		-323.621
327		335.059		-203.333
328		408.892		-18.7067
329		382.492		188.721
330		251.856		361.239
331		47.9852		445.194
332		-170.815		412.443
333		-339.143		272.918
334		-408.768		71.9474
335		-366.181		-127.008
336		-235.672		-266.573
337		-66.9661		-315.842
338		86.3206		-278.223
339		187.185		-184.268
340		225.63		-74.2554
341		215.432		20.2112
342		180.741		86.7155
343		140.717		130.603
344		100.605		164.167
345		53.4181		193.83
346		-9.87509		213.236
347		-88.5507		206.37
348		-166.429		158.772
349		-216.393		70.0636
350		-213.315		-39.9933
351		-148.585		-136.353
352		-38.0583		-182.925
353		81.5891		-159.386
354		167.188		-71.9719
355		187.517		47.6144
356		136.943		155.123
357		37.5988		212.539
358		-70.9565		203.789
359		-149.464		140.028
360		-175.474		52.4238
361		-150.935		-23.4827
362		-97.8834		-63.8378
363		-45.307		-65.2094
364		-14.422		-42.4304
365		-9.87326		-17.7523
366		-20.7261		-7.79446
367		-29.6652		-15.4213
368		-24.5393		-30.4671
369		-5.51843		-38.0866
370		15.978		-29.2932
371		25.5101		-7.24796
372		15.7668		14.4365
373		-7.66324		20.3248
374		-28.6029		3.50609
375		-29.6101		-28.6925
376		-2.99344		-57.4289
377		43.0547		-62.456
378		87.2724		-34.1453
379		106.172		19.5192
380		87.2853		75.4698
381		37.4168		106.97
382		-19.1867		98.2091
383		-52.5767		54.1837
384		-43.093		0.0384521
385		6.74828		-30.6349
386		71.1697		-13.1276
387		112.228		54.1557
388		98.1889		146.163
389		20.2828		220.837
390		-100.6		237.841
391		-220.991		177.632
392		-292.753		51.7586
393		-283.594		-100.532
394		-190.833		-227.83
395		-42.3916		-286.993
396		114.844		-259.31
397		233.381		-155.733
398		281.768		-10.0676
399		252.811		135.464
400		161.38		244.993
401		34.962		297.946
402		-97.1408		289.989
403		-210.829		228.276
404		-288.76		125.707
405		-318.597		-1.93675
406		-291.909		-135.337
407		-206.493		-250.169
408		-71.4807		-318.772
409		88.5986		-317.088
410		235.46		-235.124
411		326.618		-85.7408
412		330.494		94.1633
413		240.627		253.07
414		81.5932		342.539
415		-97.697		336.001
416		-241.704		239.86
417		-309.646		91.0782
418		-290.829		-58.3363
419		-206.678		-163.035
420		-98.5496		-202.07
421		-7.39922		-184.35
422		44.5513		-139.622
423		61.1485		-100.116
424		65.4231		-82.6892
425		82.7444		-80.8671
426		123.474		-70.7722
427		174.759		-27.4513
428		206.125		57.5363
429		186.034		167.14
430		100.59		263.763
431		-35.7368		306.018
432		-183.4		268.844
433		-293.807		156.669
434		-330.21		2.8743
435		-283.159		-144.151
436		-173.181		-241.267
437		-40.0338		-267.201
438		75.3612		-227.891
439		146.975		-149.157
440		170.209		-61.8449
441		157.115		12.0602
442		124.718		65.2909
443		84.1725		101.383
444		37.1309		125.095
445		-19.3232		134.361
446		-83.4213		119.567
447		-142.242		70.9261
448		-173.493		-10.7938
449		-155.817		-107.62
450		-82.2625		-187.379
451		31.2172		-216.428
452		148.307		-176.19
453		226.202		-74.5925
454		234.629		54.5122
455		170.413		164.803
456		59.7655		217.772
457		-53.4603		199.816
458		-127.931		127.451
459		-143.335		37.9938
460		-107.934		-29.422
461		-51.6373		-52.6111
462		-8.68604		-35.2779
463		0.565174		-1.93477
464		-20.8918		17.8325
465		-50.6908		6.75407
466		-61.7025		-30.6818
467		-38.73		-71.6832
468		12.1939		-89.1496
469		67.0278		-68.0022
470		97.4293		-14.4793
471		87.004		46.8633
472		40.791		86.6642
473		-17.4086		87.0367
474		-58.302		51.3318
475		-63.3828		1.84788
476		-34.9248		-33.1609
477		5.9991		-35.71
478		32.3115		-8.21529
479		27.1609		28.3328
480		-5.82098		47.1692
481		-44.3004		32.2045
482		-60.2734		-11.4206
483		-37.055		-59.0134
484		19.5177		-79.6965
485		82.3625		-54.2193
486		116.708		12.7535
487		98.8146		93.0184
488		29.6862		148.139
489		-63.8465		148.825
490		-141.52		90.1307
491		-169.083		-5.61842
492		-134.598		-99.6207
493		-53.2363		-155.274
494		41.5031		-154.816
495		114.902		-105.453
496		146.993		-32.5238
497		139.052		35.6165
498		107.997		82.0108
499		73.0622		106.785
500		43.3128		121.598
501		13.7149		137.174
502		-28.0468		152.38
503		-88.562		152.331
504		-158.178		117.441
505		-210.563		38.407
506		-214.165		-72.0724
507		-150.121		-178.957
508		-26.7007		-237.945
509		118.684		-216.365
510		232.632		-111.247
511		268.681		45.4294
512		208.934		198.105
513		73.3887		290.929
514		-88.1061		291.876
515		-217.623		205.973
516		-274.056		71.3155
517		-249.093		-59.7455
518		-166.994		-144.486
519		-69.3202		-166.863
520		6.68626		-139.877
521		44.6188		-93.4017
522		52.3012		-55.1846
523		51.5398		-35.8315
524		61.1534		-25.7136
525		83.5128		-4.6671
526		102.351		41.9062
527		92.8911		110.373
528		38.2185		177.295
529		-57.733		210.162
530		-168.293		184.612
531		-254.762		98.6035
532		-284.224		-24.3442
533		-245.064		-144.769
534		-152.138		-224.732
535		-39.1513		-244.046
536		57.3294		-207.127
537		113.652		-137.653
538		126.662		-64.7888
539		110.069		-8.98499
540		82.8678		25.0697
541		57.248		45.3423
542		33.1088		62.2516
543		1.92552		78.4023
544		-43.1287		84.9905
545		-97.7372		67.3049
546		-144.237		16.0029
547		-158.874		-62.9426
548		-124.948		-146.318
549		-44.3855		-202.029
550		59.3117		-204.048
551		149.382		-146.182
552		191.816		-47.0311
553		171.125		57.059
554		97.7278		127.952
555		3.0265		142.727
556		-75.4089		103.231
557		-111.057		33.57
558		-99.4576		-32.8753
559		-57.8274		-69.9812
560		-14.093		-70.5038
561		8.45018		-47.2289
562		2.71756		-23.7719
563		-20.0794		-20.5097
564		-38.2795		-43.3457
565		-32.7461		-81.0571
566		2.24536		-112.097
567		55.8764		-116.662
568		106.617		-87.3207
569		133.397		-32.675
570		125.933		27.3994
571		88.8966		71.8403
572		38.3146		88.1589
573		-7.19268		76.8803
574		-35.2215		48.9704
575		-43.8368		18.4847
576		-39.6334		-4.97914
577		-31.5788		-19.8509
578		-24.7748		-30.7217
579		-17.8832		-42.8971
580		-5.42451		-57.1828
581		16.9068		-68.2882
582		47.5407		-67.8039
583		78.076		-49.8244
584		96.8376		-15.6611
585		94.9379		25.3485
586		71.3229		59.6026
587		33.8615		75.5414
588		-4.16638		69.0213
589		-30.2175		44.8607
590		-37.8911		13.8915
591		-28.7835		-12.6244
592		-10.1281		-27.9998
593		10.0251		-31.8899
594		27.06		-28.2283
595		41.0129		-21.0447
596		54.3143		-11.0518
597		67.811		4.72887
598		77.9144		30.0341
599		77.0269		65.0086
600		57.3749		103.345
601		16.2085		133.081
602		-40.6831		141.15
603		-99.4483		119.563
604		-142.856		70.028
605		-157.133		4.48975
606		-137.712		-58.8897
607		-91.1982		-102.499
608		-32.7331		-115.696
609		19.8246		-98.122
610		52.1496		-58.8157
611		57.5367		-12.0887
612		37.6249		27.6061
613		0.310623		49.6144
614		-43.4897		48.7625
615		-82.6158		25.129
616		-107.313		-16.9407
617		-110.167		-69.6242
618		-87.1873		-122.157
619		-39.3847		-161.885
620		25.7645		-176.688
621		94.3539		-158.748
622		148.715		-108.426
623		172.638		-36.1573
624		157.462		39.2863
625		106.339		96.3561
626		34.3241		118.279
627		-36.3521		99.4774
628		-84.2075		47.8845
629		-96.3304		-18.0971
630		-72.6917		-76.7959
631		-25.11		-111.462
632		28.4696		-115.853
633		71.5642		-94.9493
634		95.0801		-60.9408
635		99.1089		-26.859
636		90.3479		-1.11767
637		77.0749		14.5685
638		64.6178		23.4345
639		53.6228		29.6939
640		41.621		34.9629
641		26.4679		37.1778
642		9.26747		32.4417
643		-5.13429		18.4397
644		-10.4331		-2.84361
645		-2.57003		-24.9113
646		17.3706		-39.3439
647		42.8478		-39.8369
648		64.4538		-25.4769
649		74.1074		-1.45104
650		68.6806		23.2123
651		51.2275		39.6975
652		29.2912		43.1836
653		11.2795		34.5359
654		2.79504		19.2693
655		4.65754		4.5549
656		13.3259		-4.08601
657		23.1641		-4.82875
658		29.1964		0.378
659		29.0152		7.33205
660		23.2188		11.6426
661		14.624		10.3104
662		7.01371		2.36912
663		4.09935		-11.2056
664		8.88705		-27.812
665		23.1786		-43.4551
666		46.8727		-53.0538
667		77.1143		-51.2779
668		107.853		-34.1902
669		130.57		-1.3683
670		136.552		42.4713
671		120.231		87.5062
672		82.2602		121.13
673		30.754		132.115
674		-20.3465		115.089
675		-55.5407		73.3793
676		-63.1682		18.7563
677		-39.7709		-32.0579
678		8.39334		-62.865
679		67.2903		-63.3053
680		119.649		-32.0211
681		150.262		23.3113
682		150.137		88.719
683		118.349		148.098
684		61.5341		187.268
685		-8.19618		196.892
686		-76.0003		174.012
687		-127.109		122.471
688		-149.573		52.4707
689		-136.948		-20.8406
690		-90.5762		-80.067
691		-20.5585		-109.637
692		55.6053		-100.505
693		117.203		-53.9036
694		146.533		17.7486
695		135.092		93.8977
696		87.0783		152.385
697		18.3059		177.189
698		-49.5165		164.168
699		-96.9847		122.16
700		-114.176		68.7597
701		-103.576		22.5777
702		-77.469		-4.44884
703		-51.1541		-11.1259
704		-35.4324		-5.65813
705		-32.0932		0.154114
706		-34.5342		-2.04112
707		-32.8983		-12.6438
708		-20.7131		-24.4703
709		0.736511		-27.6185
710		22.7607		-15.9662
711		34.1329		8.45684
712		27.7098		35.7924
713		5.01918		53.2954
714		-23.871		52.2007
715		-45.2657		32.6891
716		-48.9208		4.12776
717		-33.4192		-19.6391
718		-6.88269		-27.432
719		17.3815		-16.4335
720		27.9121		6.64265
721		20.9512		29.4813
722		1.9639		40.9523
723		-17.8971		36.9643
724		-28.282		22.1814
725		-25.378		6.77746
726		-13.6812		0.209335
727		-2.91043		5.63779
728		-1.95481		18.1873
729		-13.4188		27.976
730		-31.9287		26.0814
731		-47.1477		9.92864
732		-49.696		-15.0395
733		-36.494		-38.3537
734		-12.4117		-50.3776
735		12.7019		-47.5625
736		29.7913		-34.0037
737		35.6852		-18.4097
738		34.4184		-8.36495
739		33.9546		-5.42612
740		40.2944		-4.16491
741		52.6351		4.07071
742		62.7792		24.8001
743		59.5478		55.3272
744		35.9254		84.3059
745		-5.19462		96.7744
746		-50.318		82.278
747		-80.7189		41.6686
748		-81.477		-11.438
749		-49.5353		-55.8716
750		3.64097		-72.5154
751		56.545		-53.5393
752		87.264		-6.47662
753		83.513		49.0618
754		48.0412		90.4487
755		-3.23437		102.308
756		-49.2325		82.8623
757		-73.5936		43.3989
758		-71.3941		1.54636
759		-49.5453		-27.7469
760		-21.251		-38.679
761		1.94494		-35.3479
762		15.9197		-26.9769
763		24.4825		-20.8924
764		34.7858		-17.6254
765		50.7934		-11.0492
766		69.0474		6.65881
767		79.5337		38.3996
768		71.3443		78.113
769		39.879		112.103
770		-8.75507		125.387
771		-59.0369		109.71
772		-92.7349		68.7181
773		-97.6257		17.2095
774		-73.5716		-25.4401
775		-32.6236		-44.3274
776		6.97875		-35.8156
777		29.7395		-8.52183
778		30.0359		21.8995
779		13.755		41.2246
780		-6.19855		43.7342
781		-17.794		34.1387
782		-16.6529		23.5494
783		-7.94979		22.0315
784		-2.52554		32.1357
785		-9.61147		47.156
786		-30.4808		55.1014
787		-56.7854		46.0743
788		-74.647		18.7765
789		-72.2784		-17.6661
790		-46.8742		-47.7517
791		-6.86966		-57.4104
792		31.7855		-41.3404
793		53.3929		-5.87872
794		50.1539		34.1451
795		25.6416		62.8356
796		-7.64062		70.921
797		-35.1216		59.6391
798		-47.6095		38.9287
799		-45.3101		21.1936
800		-36.4346		14.269
801		-31.472		17.5076
802		-36.5633		23.0068
803		-49.7848		21.0451
804		-62.3701		6.44808
805		-64.0421		-17.8201
806		-49.3044		-41.8764
807		-21.0657		-54.2038
808		10.4505		-47.9669
809		32.8566		-24.7949
810		37.8906		6.03374
811		25.3529		32.4477
812		2.61478		45.6829
813		-19.8353		44.2254
814		-34.1327		33.535
815		-38.7717		21.9584
816		-38.3179		15.4003
817		-39.4881		13.9506
818		-46.1119		12.4211
819		-56.1116		4.38226
820		-62.4115		-12.8164
821		-57.3321		-35.1798
822		-37.9138		-53.2757
823		-8.96087		-57.0728
824		18.2024		-41.8036
825		30.8822		-11.5302
826		21.4663		21.7555
827		-8.26204		43.2756
828		-47.3182		42.3217
829		-80.2373		17.3289
830		-93.9634		-23.4029
831		-83.4525		-65.6387
832		-53.2753		-95.6927
833		-14.6565		-106.147
834		20.2506		-98.0545
835		43.757		-78.8557
836		55.0021		-57.5338
837		58.4194		-39.8521
838		59.6067		-26.2428
839		61.2336		-13.2344
840		61.4049		2.76374
841		55.3345		21.7989
842		39.2018		39.1485
843		13.7813		47.3579
844		-14.4316		40.435
845		-35.4533		17.8185
846		-40.3493		-14.193
847		-25.7147		-44.5032
848		4.28157		-61.8427
849		39.3942		-59.6633
850		67.6147		-38.8848
851		80.1614		-7.21362
852		74.7542		24.4895
853		55.7634		46.8871
854		31.4547		55.6165
855		9.95442		52.0454
856		-3.98475		41.3513
857		-9.98788		29.2708
858		-10.7227		19.3657
859		-9.34669		12.1259
860		-7.3554		6.06316
861		-4.01494		-0.174339
862		2.48323		-6.10652
863		13.0327		-9.20284
864		26.11		-6.24586
865		37.7387		4.56712
866		43.0097		22.0421
867		38.3594		41.8705
868		23.392		58.0982
869		1.30593		65.4497
870		-22.262		61.3635
871		-41.3556		46.802
872		-51.7398		25.5806
873		-51.968		2.69987
874		-43.1759		-17.4133
875		-27.9664		-31.9521
876		-9.14431		-39.7633
877		11.0092		-40.6621
878		30.676		-34.6727
879		47.9324		-21.7763
880		60.2657		-2.34816
881		64.7032		22.0251
882		58.6972		47.9549
883		41.4243		70.433
884		14.8479		83.9606
885		-16.089		84.3024
886		-44.4285		70.1852
887		-63.1039		44.1993
888		-67.1435		12.4403
889		-55.3615		-17.0865
890		-30.8861		-36.7933
891		-0.297981		-41.7666
892		28.3367		-31.1729
893		47.8554		-8.33833
894		53.9834		20.4823
895		46.257		48.1587
896		27.6447		68.7915
897		3.13189		79.123
898		-22.0887		78.8284
899		-44.0676		69.7508
900		-60.666		54.5907
901		-71.1788		35.7576
902		-75.4275		14.9393
903		-73.0002		-6.49894
904		-63.2018		-26.6786
905		-45.8338		-42.6367
906		-22.3641		-50.6248
907		3.30636		-47.4072
908		25.2022		-32.0559
909		36.9521		-7.29693
910		34.246		20.4963
911		16.9785		43.0052
912		-10.0544		52.8622
913		-38.4652		46.5427
914		-59.2145		25.9106
915		-65.9645		-2.3926
916		-57.355		-29.5275
917		-37.1691		-47.8613
918		-12.3682		-53.6433
919		9.98895		-47.771
920		25.4113		-34.4519
921		32.9833		-18.6415
922		34.4237		-3.72433
923		31.9916		9.33722
924		26.6442		21.0823
925		17.6301		31.6492
926		3.76628		39.2949
927		-14.4644		40.4978
928		-33.4803		31.8237
929		-47.039		12.5631
930		-48.69		-13.5001
931		-35.122		-38.5212
932		-8.56573		-53.4116
933		23.2749		-51.8261
934		50.0568		-33.2969
935		63.167		-3.7567
936		59.4515		27.005
937		42.3397		49.7706
938		19.7204		59.9403
939		-0.326103		59.06
940		-13.6248		53.0218
941		-21.5648		47.9625
942		-29.3724		46.2107
943		-41.9707		44.6755
944		-59.8332		36.7392
945		-77.3675		16.7264
946		-85.0367		-15.5515
947		-74.3376		-52.8942
948		-43.0446		-82.8625
949		2.22311		-93.201
950		47.782		-77.8901
951		78.424		-40.661
952		84.0961		5.99508
953		64.3941		46.012
954		28.6073		66.6354
955		-8.69056		63.6298
956		-34.2328		42.315
957		-41.5098		14.1314
958		-32.4755		-9.26351
959		-14.9828		-21.1921
960		2.29058		-21.8483
961		14.441		-16.247
962		21.951		-9.8241
963		28.678		-4.51406
964		37.7499		2.30206
965		48.1153		15.4091
966		54.0584		37.4986
967		48.1654		65.8008
968		26.0847		91.9133
969		-9.77559		105.272
970		-49.9978		98.5239
971		-81.8347		71.8114
972		-95.0365		33.452
973		-86.7308		-3.57798
974		-62.6835		-27.5981
975		-34.2142		-33.4682
976		-12.4424		-24.3294
977		-3.01455		-8.988
978		-4.17403		3.47442
979		-9.11156		8.73773
980		-11.075		9.04062
981		-8.11952		10.7597
982		-4.58701		19.2871
983		-8.31969		34.3679
984		-25.161		48.8771
985		-54.0111		52.0739
986		-85.5597		35.7363
987		-105.843		-0.232567
988		-103.039		-46.0656
989		-73.9502		-85.6084
990		-26.5964		-103.522
991		22.721		-92.5996
992		56.5912		-57.3773
993		64.3261		-12.1013
994		46.4827		25.9497
995		13.8444		44.3497
996		-18.4483		40.6058
997		-38.404		21.9873
998		-42.3672		0.513908
999		-35.3292		-13.931
1000		-26.5608		-18.5282
1001		-23.3164		-17.9087
1002		-26.3123		-20.0707
1003		-29.5355		-30.423
1004		-24.3791		-47.5586
1005		-5.5949		-63.2926
1006		24.4903		-67.0089
1007		56.0503		-51.8573
1008		76.234		-19.2573
1009		75.6468		20.9095
1010		53.2932		54.6362
1011		17.2859		70.3638
1012		-19.0427		64.287
1013		-43.4834		41.6336
1014		-50.3374		13.4127
1015		-42.0849		-9.4007
1016		-26.7314		-20.9769
1017		-12.6407		-22.3419
1018		-3.96725		-19.0518
1019		0.727413		-16.5495
1020		6.08336		-16.1878
1021		15.4793		-14.3991
1022		27.4393		-5.51401
1023		35.3282		13.5295
1024		30.77		39.5733
1025		8.94638		63.1709
1026		-27.3243		72.5019
1027		-67.3011		59.3697
1028		-96.3665		24.0581
1029		-102.54		-23.7125
1030		-82.1549		-68.4727
1031		-41.7481		-95.6091
1032		4.8359		-97.6036
1033		42.6391		-76.8262
1034		61.935		-43.6319
1035		61.6114		-10.9574
1036		48.1562		11.6546
1037		31.165		21.5748
1038		18.0311		22.6189
1039		10.6927		21.3012
1040		5.96177		22.2138
1041		-1.13289		25.2232
1042		-13.198		25.9505
1043		-28.0437		19.0375
1044		-39.3655		2.13304
1045		-40.0843		-21.7929
1046		-26.3899		-45.1532
1047		-0.201164		-59.0662
1048		31.2826		-57.4596
1049		58.6176		-39.7756
1050		74.0523		-10.9796
1051		74.3383		20.9001
1052		61.1796		48.2016
1053		39.4835		66.2071
1054		14.7195		73.7724
1055		-9.04053		72.1696
1056		-29.5175		63.3037
1057		-45.3118		48.6257
1058		-54.7788		29.3675
1059		-55.8229		7.65914
1060		-46.9745		-12.6088
1061		-29.0864		-26.2064
1062		-6.37863		-28.4366
1063		14.1997		-17.5696
1064		25.3512		3.60228
1065		22.5047		28.2068
1066		5.97706		47.7808
1067		-19.0102		55.6791
1068		-44.5668		49.6957
1069		-63.5004		32.5652
1070		-72.0782		10.1647
1071		-70.8144		-11.5159
1072		-63.055		-28.9331
1073		-52.3802		-41.7366
1074		-40.4626		-51.4864
1075		-26.6558		-59.3471
1076		-9.4685		-64.3565
1077		11.125		-63.4722
1078		32.1409		-53.4678
1079		47.9782		-33.5496
1080		52.7534		-7.04007
1081		43.3752		19.0632
1082		21.6295		36.6486
1083		-5.97522		39.93
1084		-30.6402		27.994
1085		-44.7793		5.13869
1086		-44.8313		-21.1033
1087		-32.0593		-43.1385
1088		-11.1714		-56.0126
1089		12.2191		-58.382
1090		33.7696		-51.611
1091		51.119		-37.9397
1092		63.0973		-19.1032
1093		68.4008		3.70679
1094		65.0116		28.6971
1095		51.0561		52.2388
1096		26.6934		68.8192
1097		-4.26916		72.7343
1098		-34.4149		60.8827
1099		-54.9246		35.1034
1100		-59.1459		2.49477
1101		-45.7366		-26.861
1102		-19.6078		-43.8877
1103		10.0348		-44.2699
1104		33.6834		-30.0113
1105		45.5231		-7.96109
1106		45.3517		13.8822
1107		37.4852		30.2399
1108		27.4131		40.4681
1109		18.2481		47.5382
1110		9.11013		54.8468
1111		-3.5872		62.9218
1112		-22.7649		68.1867
1113		-47.3694		64.7202
1114		-71.349		48.1092
1115		-85.8589		19.1157
1116		-83.709		-15.1896
1117		-63.6272		-43.8281
1118		-31.8268		-56.8314
1119		0.246452		-50.1252
1120		21.0003		-27.6974
1121		23.9984		0.225449
1122		10.6684		22.091
1123		-10.9986		30.4089
1124		-30.961		24.7383
1125		-42.2796		10.7724
1126		-44.0336		-3.75711
1127		-40.4791		-13.8281
1128		-37.1635		-19.6804
1129		-36.5222		-25.6871
1130		-35.7979		-36.3206
1131		-28.717		-51.8155
1132		-10.0384		-66.421
1133		19.776		-70.6643
1134		52.7983		-56.6322
1135		76.2644		-23.333
1136		78.547		21.0981
1137		55.3655		61.9859
1138		12.7567		84.4791
1139		-35.0416		80.4742
1140		-71.8994		52.421
1141		-87.0602		11.93
1142		-79.5523		-26.0911
1143		-57.4785		-50.5974
1144		-32.7483		-59.0017
1145		-14.3347		-56.8283
1146		-3.90675		-52.8804
1147		3.74963		-52.9365
1148		15.9446		-55.811
1149		35.9502		-54.1901
1150		59.381		-39.7923
1151		75.5184		-9.76083
1152		73.0896		29.6791
1153		47.2888		64.8112
1154		3.89977		80.7788
1155		-42.1551		69.3722
1156		-73.4288		33.9142
1157		-78.3564		-11.6526
1158		-56.9416		-49.2267
1159		-20.5955		-65.2175
1160		13.8265		-56.8096
1161		32.5571		-32.5072
1162		31.3847		-6.8009
1163		16.6302		7.94205
1164		0.331635		7.78029
1165		-7.3801		-1.77104
1166		-4.18869		-10.3421
1167		3.66197		-10.0111
1168		6.13265		-0.806641
1169		-3.30176		9.01726
1170		-22.3538		8.22485
1171		-40.0862		-9.71125
1172		-42.7856		-41.1697
1173		-22.3272		-72.7511
1174		17.8773		-87.7167
1175		63.1097		-75.1422
1176		94.1004		-36.6352
1177		96.8785		13.4171
1178		70.329		54.5895
1179		27.1234		70.7186
1180		-12.7344		58.1785
1181		-32.3769		27.5059
1182		-26.8426		-2.64819
1183		-5.25057		-15.9809
1184		14.9056		-7.60437
1185		18.2107		13.4149
1186		0.643888		29.5866
1187		-27.6069		25.5879
1188		-47.6312		-2.04284
1189		-42.7123		-41.7222
1190		-8.6339		-72.239
1191		42.5083		-74.0698
1192		87.4211		-40.4973
1193		103.192		17.6377
1194		79.2364		76.3755
1195		23.1889		110.126
1196		-42.4987		104.205
1197		-91.5011		61.8239
1198		-106.307		1.89148
1199		-85.9694		-51.0098
1200		-45.0046		-78.9733
1201		-4.38774		-78.7867
1202		20.127		-61.5185
1203		25.8245		-44.3245
1204		22.7853		-39.4427
1205		26.0396		-46.8078
1206		44.918		-54.5259
1207		75.9741		-46.8728
1208		103.787		-15.0948
1209		109.409		35.3972
1210		81.7755		85.8937
1211		25.537		113.233
1212		-39.3528		101.988
1213		-86.492		53.3389
1214		-95.8091		-14.3791
1215		-63.5178		-73.9653
1216		-3.94535		-102.24
1217		57.7141		-90.7815
1218		97.8157		-48.9793
1219		105.249		1.95993
1220		85.3295		40.5322
1221		54.9124		55.6272
1222		31.8736		50.7121
1223		25.0455		39.6228
1224		30.2171		36.8046
1225		34.193		47.8726
1226		24.2554		66.014
1227		-2.69753		76.2906
1228		-36.8366		65.2911
1229		-60.0451		30.4603
1230		-56.0649		-16.4656
1231		-20.4661		-54.2086
1232		35.2808		-62.5717
1233		88.1804		-33.2655
1234		114.471		24.9644
1235		101.19		89.8014
1236		52.4972		135.706
1237		-12.4933		145.795
1238		-69.1047		119.15
1239		-98.7005		70.0255
1240		-96.5016		19.7463
1241		-71.8825		-14.0925
1242		-41.5691		-25.3581
1243		-19.9094		-20.2583
1244		-11.6883		-11.5133
1245		-11.2121		-9.62256
1246		-7.65943		-16.4051
1247		6.83473		-24.4024
1248		31.2953		-22.2042
1249		55.6897		-2.32273
1250		66.4493		33.1526
1251		54.4545		72.5097
1252		20.8064		100.073
1253		-22.9841		104.374
1254		-60.5505		84.208
1255		-78.8671		49.1992
1256		-74.5326		14.6032
1257		-54.7264		-6.66789
1258		-32.4733		-10.3301
1259		-19.0565		-1.90193
1260		-17.9535		7.68139
1261		-23.6965		9.29337
1262		-26.1654		1.39135
1263		-17.6728		-9.04644
1264		1.40225		-10.9739
1265		21.8453		3.47058
1266		30.3183		33.1627
1267		17.0119		67.1381
1268		-18.0519		89.4296
1269		-63.7036		87.1439
1270		-102.249		57.4652
1271		-117.747		9.77612
1272		-103.674		-38.3305
1273		-66.0008		-69.1288
1274		-20.1738		-72.7821
1275		16.3215		-51.275
1276		31.9015		-16.4646
1277		25.3166		16.4213
1278		4.5958		36.2162
1279		-18.4849		40.2916
1280		-35.1008		34.0021
1281		-43.523		25.8706
1282		-48.6248		21.558
1283		-57.3561		20.1692
1284		-73.0423		14.9715
1285		-91.9419		-1.97453
1286		-104.162		-33.9897
1287		-98.5517		-76.1515
1288		-68.9784		-116.052
1289		-18.5976		-138.756
1290		40.2194		-133.527
1291		90.3939		-98.9823
1292		116.944		-44.1663
1293		112.872		14.9094
1294		81.5162		61.5009
1295		34.5828		84.2224
1296		-12.8768		80.3959
1297		-48.0256		55.6174
1298		-63.9545		20.3476
1299		-60.402		-14.4612
1300		-41.9387		-40.6724
1301		-15.1301		-54.1577
1302		13.731		-54.1413
1303		39.5344		-41.8318
1304		58.1748		-19.493
1305		66.2119		9.60287
1306		61.1778		40.7779
1307		42.6352		67.9966
1308		13.2926		84.9892
1309		-20.8248		87.2905
1310		-51.7552		74.2457
1311		-72.2376		49.7915
1312		-78.4722		21.3037
1313		-71.604		-3.19121
1314		-57.0625		-18.2107
1315		-41.9563		-22.8599
1316		-31.7589		-20.6766
1317		-27.9415		-17.3331
1318		-27.7626		-17.3733
1319		-26.3182		-21.6875
1320		-19.7711		-27.0808
1321		-8.02637		-28.2039
1322		4.63449		-20.877
1323		11.4189		-5.06208
1324		6.55774		14.1528
1325		-11.2303		28.241
1326		-37.1391		28.96
1327		-61.5038		12.4208
1328		-73.4877		-18.4403
1329		-65.6743		-54.2602
1330		-37.5266		-82.507
1331		3.87077		-92.2803
1332		46.1871		-78.6258
1333		76.3728		-44.5261
1334		85.4408		0.254089
1335		71.5201		42.9235
1336		39.9945		72.3736
1337		0.837645		82.8467
1338		-35.5337		75.1124
1339		-61.9881		54.8866
1340		-76.3979		29.4821
1341		-80.797		4.44109
1342		-78.6929		-18.2053
1343		-72.1456		-39.3055
1344		-60.2934		-60.1121
1345		-40.2153		-79.5014
1346		-9.73037		-92.651
1347		29.4056		-92.237
1348		69.8367		-71.8832
1349		99.7983		-30.2943
1350		107.111		26.0913
1351		84.4348		83.6185
1352		33.3833		125.395
1353		-34.6105		137.352
1354		-101.454		113.849
1355		-148.52		60.3251
1356		-163.253		-8.32945
1357		-143.474		-73.0793
1358		-97.5842		-117.485
1359		-40.7554		-133.024
1360		11.0552		-120.874
1361		46.5219		-89.7619
1362		61.5717		-51.3322
1363		58.5226		-15.4776
1364		42.8428		12.1955
1365		19.6991		30.0019
1366		-7.72922		37.8477
1367		-37.4948		34.9113
1368		-66.6455		19.1332
1369		-89.4682		-10.987
1370		-97.9414		-53.4197
1371		-84.7559		-100.589
1372		-47.5437		-140.145
1373		8.09636		-158.869
1374		68.8778		-148.198
1375		117.923		-108.647
1376		141.13		-50.6732
1377		132.886		8.83719
1378		98.3142		53.0516
1379		50.8819		71.6566
1380		6.5021		64.2523
1381		-22.962		39.1706
1382		-33.6451		8.5583
1383		-29.3604		-17.5494
1384		-17.6154		-35.0578
1385		-4.49689		-45.7503
1386		8.57373		-53.8134
1387		24.4579		-61.3611
1388		46.7663		-65.8634
1389		75.5743		-61.1545
1390		105.263		-41.4613
1391		126.101		-5.96623
1392		128.899		39.0346
1393		110.102		81.9905
1394		74.2582		111.211
1395		32.1814		120.445
1396		-4.35101		111.689
1397		-28.4308		93.4728
1398		-40.963		75.4893
1399		-48.8738		62.6897
1400		-59.5152		52.4569
1401		-74.593		36.8139
1402		-87.4965		8.65692
1403		-86.1496		-31.5857
1404		-60.3166		-73.1107
1405		-9.44359		-98.1149
1406		53.6802		-90.3453
1407		106.28		-44.6105
1408		125.118		28.0071
1409		97.784		102.67
1410		29.9614		150.575
1411		-55.4364		151.62
1412		-127.384		103.768
1413		-159.966		24.3287
1414		-143.335		-57.6454
1415		-87.0977		-114.133
1416		-14.6788		-129.789
1417		48.1781		-106.846
1418		84.7211		-61.3123
1419		92.6353		-13.1103
1420		81.3789		24.1114
1421		63.7196		47.9473
1422		46.9157		64.6793
1423		28.9394		81.4023
1424		1.9406		98.188
1425		-39.3659		105.629
1426		-89.9163		89.8474
1427		-132.623		42.4186
1428		-144.937		-30.7188
1429		-110.876		-107.305
1430		-32.1053		-156.194
1431		68.5609		-151.388
1432		154.279		-85.8113
1433		189.413		22.5821
1434		155.812		136.273
1435		62.0097		213.332
1436		-59.519		225.293
1437		-166.047		169.181
1438		-222.718		67.9074
1439		-216.411		-40.907
1440		-158.94		-121.94
1441		-78.7028		-156.508
1442		-5.73598		-147.53
1443		41.8118		-113.555
1444		63.0837		-76.0838
1445		69.8785		-47.6199
1446		75.6692		-26.9694
1447		85.2768		-3.76865
1448		91.4294		31.2001
1449		80.1226		76.658
1450		41.3491		118.51
1451		-21.5428		136.383
1452		-89.961		115.483
1453		-137.504		56.8739
1454		-143.109		-20.1862
1455		-102.745		-85.8928
1456		-32.9289		-113.978
1457		36.3944		-94.8458
1458		76.2679		-40.599
1459		72.9534		21.0279
1460		34.4153		60.8403
1461		-14.4811		63.0505
1462		-45.5571		32.9524
1463		-42.456		-6.66963
1464		-9.23743		-28.4346
1465		32.1401		-15.5939
1466		54.0285		28.6019
1467		38.3672		82.405
1468		-13.1982		117.068
1469		-79.7384		112.11
1470		-131.673		66.174
1471		-145.824		-2.21232
1472		-116.869		-64.1551
1473		-59.2708		-94.893
1474		0.942528		-85.4726
1475		39.7317		-45.5979
1476		46.439		3.3457
1477		27.0259		40.6932
1478		-2.05476		57.1385
1479		-25.2604		57.7155
1480		-37.6725		55.822
1481		-47.2213		62.2402
1482		-68.1057		76.0298
1483		-109.356		83.1238
1484		-165.526		63.9959
1485		-215.574		6.40836
1486		-231.514		-84.0081
1487		-192.91		-181.843
1488		-99.6593		-250.756
1489		24.0354		-259.413
1490		137.372		-196.837
1491		199.269		-79.4356
1492		185.793		54.1211
1493		100.496		158.024
1494		-27.0833		197.518
1495		-153.783		161.878
1496		-240.014		66.684
1497		-263.876		-54.7792
1498		-226.339		-166.098
1499		-146.44		-241.115
1500		-50.2225		-270.39
1501		40.3391		-259.153
1502		113.207		-219.612
1503		165.27		-162.893
1504		196.83		-95.1917
1505		206.167		-19.5246
1506		188.152		59.1904
1507		137.897		129.992
1508		57.0085		176.276
1509		-41.8506		181.452
1510		-135.684		137.201
1511		-197.874		49.8295
1512		-208.189		-59.148
1513		-161.401		-159.204
1514		-70.2857		-221.348
1515		38.5336		-228.409
1516		134.041		-180.584
1517		191.357		-94.1728
1518		198.95		5.38939
1519		160.075		92.6442
1520		88.9186		149.409
1521		4.14523		167.811
1522		-76.8425		149.096
1523		-140.873		100.229
1524		-179.19		30.8053
1525		-186.468		-48.2789
1526		-160.54		-124.71
1527		-103.627		-184.78
1528		-24.2168		-215.137
1529		62.3376		-206.542
1530		136.135		-158.229
1531		178.101		-80.4412
1532		176.638		6.9267
1533		132.619		79.8833
1534		60.1365		118.308
1535		-17.8372		113.093
1536		-77.3805		69.3691
1537		-101.946		4.33012
1538		-87.6725		-59.4042
1539		-43.6551		-102.067
1540		12.6238		-113.25
1541		62.446		-94.2253
1542		92.4967		-55.6513
1543		98.4697		-12.1913
1544		84.7242		23.3731
1545		60.8425		44.1804
1546		37.0157		50.3178
1547		20.2396		47.1143
1548		12.5045		41.9687
1549		11.0987		41.1761
1550		10.3702		47.7641
1551		4.06335		60.6732
1552		-12.4401		75.139
1553		-40.3459		84.0074
1554		-76.3883		79.7823
1555		-112.817		57.1873
1556		-138.819		15.761
1557		-143.503		-38.3866
1558		-119.958		-92.7093
1559		-69.0938		-130.943
1560		-1.55025		-138.153
1561		63.7561		-106.662
1562		104.719		-40.5594
1563		103.47		43.418
1564		53.5336		119.701
1565		-36.2168		161.62
1566		-142.78		150.496
1567		-235.476		82.7188
1568		-285.549		-28.0205
1569		-275.507		-154.381
1570		-204.801		-263.68
1571		-89.8591		-327.855
1572		41.3093		-331.549
1573		157.746		-275.691
1574		234.215		-175.815
1575		257.071		-56.3443
1576		225.927		56.6481
1577		151.465		141.65
1578		51.0305		185.248
1579		-55.9633		182.78
1580		-151.431		137.056
1581		-220.436		56.4759
1582		-252.009		-46.4838
1583		-239.83		-156.285
1584		-183.284		-255.412
1585		-88.6373		-326.26
1586		30.495		-354.122
1587		154.364		-330.737
1588		260.355		-257.216
1589		327.8		-145.032
1590		342.978		-14.2744
1591		302.667		110.588
1592		215.032		206.266
1593		97.5603		255.82
1594		-27.1645		251.947
1595		-136.423		197.681
1596		-211.6		104.776
1597		-240.833		-9.24055
1598		-220.032		-124.247
1599		-152.808		-220.272
1600		-49.9714		-279.797
1601		71.237		-290.04
1602		188.585		-245.538
1603		277.7		-150.703
1604		316.707		-21.2783
1605		292.103		116.765
1606		204.134		231.823
1607		69.3516		294.42
1608		-81.5812		286.121
1609		-211.254		206.48
1610		-286.278		74.9484
1611		-287.93		-73.8073
1612		-218.614		-200.216
1613		-101.318		-272.343
1614		28.1476		-276.02
1615		133.389		-218.637
1616		189.451		-125.104
1617		189.965		-27.7279
1618		146.838		45.7482
1619		83.1122		81.0073
1620		22.5553		79.6024
1621		-19.2924		54.6627
1622		-38.8976		22.6188
1623		-42.3952		-4.71256
1624		-39.2168		-23.9656
1625		-35.5668		-38.7012
1626		-31.3037		-54.178
1627		-21.581		-71.9435
1628		-1.78101		-87.5962
1629		27.5949		-93.0137
1630		59.2976		-81.5838
1631		82.1576		-53.1251
1632		86.8156		-15.3087
1633		70.9391		19.5437
1634		40.6724		40.5945
1635		7.23007		43.9576
1636		-19.5058		34.1134
1637		-36.5366		20.1918
1638		-48.8494		9.1965
1639		-64.9841		0.372009
1640		-89.4083		-15.3735
1641		-116.388		-49.824
1642		-129.767		-108.233
1643		-110.05		-181.841
1644		-45.9138		-247.27
1645		55.8883		-274.698
1646		168.335		-241.874
1647		252.353		-147.28
1648		272.807		-15.2426
1649		215.109		110.84
1650		94.1632		185.178
1651		-49.4704		178.945
1652		-165.265		93.183
1653		-213.379		-41.1794
1654		-180.672		-176.487
1655		-84.589		-268.54
1656		36.6425		-294.167
1657		142.247		-257.988
1658		206.275		-185.799
1659		225.616		-108.942
1660		215.44		-48.4506
1661		195.758		-7.48032
1662		177.508		24.5092
1663		156.537		59.1878
1664		119.025		96.7
1665		54.9207		121.34
1666		-29.1459		109.125
1667		-106.279		43.6355
1668		-138.905		-68.9836
1669		-97.7631		-195.467
1670		19.5228		-285.849
1671		181.017		-295.25
1672		329.857		-206.631
1673		407.483		-42.5394
1674		380.088		141.314
1675		255.185		278.804
1676		79.5241		322.108
1677		-81.3119		262.537
1678		-172.031		133.204
1679		-171.352		-7.81234
1680		-98.8317		-105.322
1681		-1.90225		-131.974
1682		69.7386		-98.0286
1683		88.9641		-41.7016
1684		62.6157		-5.93398
1685		24.1679		-14.324
1686		12.372		-59.0086
1687		47.9003		-106.567
1688		120.773		-118.203
1689		195.247		-72.8318
1690		229.245		19.6444
1691		197.575		122.081
1692		106.272		188.702
1693		-9.57458		188.418
1694		-103.134		120.345
1695		-138.742		13.4704
1696		-108.147		-88.8007
1697		-31.8368		-150.367
1698		54.3967		-158.514
1699		119.368		-126.078
1700		151.412		-79.5483
1701		160.15		-40.9788
1702		164.959		-14.8841
1703		177.892		11.9509
1704		192.215		57.7518
1705		184.398		128.161
1706		129.361		205.254
1707		20.4301		251.32
1708		-118.243		227.202
1709		-235.76		116.109
1710		-275.284		-60.3822
1711		-202.248		-244.41
1712		-25.5977		-363.283
1713		199.848		-361.273
1714		392.865		-226.635
1715		479.101		-0.239746
1716		422.935		239.183
1717		242.947		406.913
1718		3.84839		446.64
1719		-211.052		351.776
1720		-333.729		164.681
1721		-336.229		-44.4457
1722		-236.204		-207.93
1723		-82.8769		-285.793
1724		67.6861		-275.273
1725		175.177		-202.953
1726		225.607		-106.356
1727		227.436		-15.9438
1728		198.711		53.7089
1729		154.368		101.397
1730		101		130.092
1731		40.4625		138.958
1732		-22.3773		122.404
1733		-74.909		76.4001
1734		-99.7776		6.7587
1735		-84.5897		-67.7112
1736		-32.0583		-121.218
1737		37.004		-134.073
1738		91.7137		-105.398
1739		107.292		-56.9705
1740		80.7554		-23.9761
1741		36.392		-35.9617
1742		16.002		-97.6977
1743		57.1299		-181.115
1744		169.852		-234.617
1745		324.813		-207.116
1746		460.502		-75.7913
1747		508.312		136.565
1748		424.54		364.583
1749		214.13		524.096
1750		-65.8537		546.753
1751		-325.651		409.867
1752		-476.992		147.808
1753		-466.934		-160.146
1754		-296.758		-419.718
1755		-18.6799		-555.711
1756		286.407		-535.726
1757		538.796		-375.013
1758		684.118		-123.411
1759		703.067		156.751
1760		606.328		410.398
1761		421.491		599.394
1762		181.172		701.591
1763		-81.6681		704.954
1764		-331.633		604.247
1765		-527.803		404.442
1766		-626.511		128.773
1767		-592.832		-175.55
1768		-417.086		-441.361
1769		-127.607		-597.954
1770		209.168		-595.253
1771		504.953		-425.356
1772		677.717		-130.582
1773		680.475		207.563
1774		518.19		495.28
1775		245.103		658.396
1776		-56.377		665.945
1777		-305.733		535.99
1778		-450.317		322.674
1779		-477.008		91.975
1780		-406.889		-102.022
1781		-278.46		-230.382
1782		-129.44		-288.711
1783		13.9415		-286.782
1784		137.042		-236.861
1785		229.88		-148.162
1786		280.621		-29.6289
1787		275.688		102.959
1788		207.447		222.795
1789		84.491		296.333
1790		-63.3149		296.022
1791		-190.739		215.334
1792		-253.552		77.1128
1793		-228.282		-71.2672
1794		-125.085		-175.73
1795		14.0422		-198.762
1796		132.377		-136.778
1797		183.507		-22.3713
1798		152.278		90.4876
1799		61.1307		151.588
1800		-41.5612		137.725
1801		-105.477		62.5583
1802		-102.697		-31.7403
1803		-40.2718		-96.6207
1804		45.0543		-101.699
1805		106.832		-49.2843
1806		113.068		28.1663
1807		62.1517		85.8114
1808		-17.2711		89.8132
1809		-81.7523		34.2124
1810		-95.2704		-57.0084
1811		-46.5685		-142.953
1812		46.9268		-186.393
1813		149.659		-170.886
1814		226.381		-105.925
1815		258.173		-18.5757
1816		247.832		62.575
1817		212.863		121.551
1818		171.458		159.381
1819		130.567		187.105
1820		83.48		212.653
1821		18.3294		230.548
1822		-67.9741		221.703
1823		-159.57		164.492
1824		-222.761		51.2499
1825		-219.677		-99.6121
1826		-128.364		-244.104
1827		41.2642		-327.628
1828		244.94		-308.362
1829		417.981		-177.949
1830		500.288		31.1056
1831		461.124		255.767
1832		312.109		426.43
1833		102.355		493.741
1834		-101.806		446.222
1835		-242.869		311.267
1836		-292.085		140.228
1837		-255.04		-14.2889
1838		-162.174		-117.806
1839		-50.7809		-161.681
1840		51.5043		-157.498
1841		133.809		-123.491
1842		197.789		-71.8495
1843		246.703		-4.17384
1844		275.86		83.1927
1845		271.12		188.429
1846		216.813		295.897
1847		108.412		376.621
1848		-38.0045		398.783
1849		-186.16		343.318
1850		-291.247		216.24
1851		-317.959		50.4484
1852		-256.159		-105.009
1853		-126.224		-203.732
1854		28.8624		-220.077
1855		161.001		-158.061
1856		235.692		-47.1934
1857		243.282		72.1067
1858		198.152		165.892
1859		127.556		218.389
1860		56.8358		233.12
1861		-1.00549		224.452
1862		-46.5378		205.548
1863		-86.6315		180.112
1864		-124.192		142.483
1865		-151.855		85.3972
1866		-153.933		10.0182
1867		-115.757		-68.5746
1868		-34.9219		-124.648
1869		72.5731		-132.873
1870		175.641		-81.4792
1871		240.064		19.7851
1872		243.304		141.701
1873		184.557		247.123
1874		84.7701		306.388
1875		-23.3782		308.81
1876		-110.19		264.584
1877		-160.621		196.649
1878		-177.02		127.497
1879		-172.207		68.5257
1880		-157.637		17.9005
1881		-134.26		-32.2767
1882		-92.0386		-84.2927
1883		-18.9516		-126.46
1884		85.6295		-134.343
1885		201.577		-82.4817
1886		289.633		38.8235
1887		305.429		210.883
1888		220.359		386.286
1889		39.2693		503.297
1890		-194.62		509.902
1891		-411.574		386.98
1892		-540.049		159.645
1893		-533.916		-109.156
1894		-390.329		-340.615
1895		-150.526		-468.271
1896		116.325		-460.441
1897		338.562		-327.93
1898		465.48		-115.221
1899		479.449		119.135
1900		393.652		323.022
1901		239.442		463.375
1902		51.6201		527.441
1903		-140.702		515.726
1904		-314.713		433.651
1905		-448.966		288.327
1906		-519.405		92.3762
1907		-502.002		-128.966
1908		-382.883		-334.408
1909		-171.021		-472.521
1910		94.6574		-497.413
1911		350.398		-388.237
1912		525.805		-162.862
1913		568.752		122.541
1914		466.133		390.116
1915		250.414		567.284
1916		-11.9616		612.646
1917		-245.75		529.314
1918		-394.523		359.842
1919		-438.464		165.634
1920		-395.012		1.00234
1921		-303.568		-105.82
1922		-203.216		-156.498
1923		-115.316		-171.247
1924		-39.4327		-170.153
1925		36.6619		-158.479
1926		120.139		-124.376
1927		200.352		-50.0184
1928		248.671		70.8687
1929		232.021		220.114
1930		133.097		355.715
1931		-34.3013		427.447
1932		-224.461		400.386
1933		-375.741		274.202
1934		-436.574		87.4389
1935		-388.866		-96.6911
1936		-256.823		-216.988
1937		-96.2248		-240.691
1938		31.0033		-176.68
1939		84.5732		-68.9425
1940		62.335		26.319
1941		-2.39441		68.3002
1942		-60.7949		50.0578
1943		-75.1568		-1.18774
1944		-38.3135		-41.4419
1945		23.9406		-35.4453
1946		68.2516		23.2778
1947		58.421		108.294
1948		-13.7862		174
1949		-122.696		179.795
1950		-220.657		111.885
1951		-261.493		-8.59341
1952		-223.254		-135.186
1953		-118.696		-218.242
1954		11.502		-228.06
1955		118.728		-167.424
1956		169.047		-67.7943
1957		157		27.9581
1958		104.337		86.6688
1959		45.5716		98.8761
1960		8.96768		79.1969
1961		3.31268		54.2258
1962		16.959		45.677
1963		28.4534		58.4814
1964		21.7127		80.1136
1965		-3.40041		90.694
1966		-31.1225		77.2634
1967		-40.0658		43.4863
1968		-17.3674		8.96191
1969		31.8033		-1.48685
1970		85.1132		27.6721
1971		114.004		92.7739
1972		98.6053		171.408
1973		38.2759		233.053
1974		-48.0186		253.969
1975		-131.491		228.106
1976		-187.736		168.236
1977		-207.295		97.2114
1978		-196.863		34.9619
1979		-171.128		-10.8733
1980		-140.877		-45.1322
1981		-105.282		-76.3651
1982		-53.7874		-105.07
1983		22.9616		-117.176
1984		119.689		-88.3376
1985		209.554		1.711
1986		249.921		152.011
1987		200.26		330.532
1988		44.4263		479.058
1989		-194.022		533.099
1990		-452.595		449.129
1991		-648.618		226.842
1992		-709.166		-84.4938
1993		-599.658		-399.671
1994		-338.714		-626.159
1995		7.05607		-695.966
1996		345.783		-587.814
1997		590.664		-331.459
1998		685.55		5.77368
1999		616.878		342.808
2000		410.065		608.346
2001		115.374		755.707
2002		-208.484		766.32
2003		-506.18		645.131
2004		-730.976		413.981
2005		-846.025		107.629
2006		-826.474		-227.122
2007		-665.16		-532.73
2008		-380.367		-747.288
2009		-20.3552		-817.849
2010		341.155		-717.601
2011		620.818		-459.68
2012		749.255		-99.8544
2013		693.84		275.756
2014		470.989		575.157
2015		142.017		728.405
2016		-206.492		708.14
2017		-490.081		534.886
2018		-650.78		265.93
2019		-669.561		-26.3849
2020		-564.006		-277.291
2021		-374.978		-444.477
2022		-150.17		-511.576
2023		67.9986		-482.598
2024		246.877		-373.448
2025		362.405		-206.297
2026		397.31		-8.79436
2027		342.973		184.478
2028		205.341		333.332
2029		10.8305		399.63
2030		-193.768		360.35
2031		-351.237		220.321
2032		-412.245		16.9942
2033		-355.008		-187.821
2034		-196.842		-328.227
2035		9.27386		-358.934
2036		193.404		-273.494
2037		295.398		-107.257
2038		288.069		77.0573
2039		186.385		215.086
2040		38.6402		266.35
2041		-95.9562		228.162
2042		-172.53		132.259
2043		-176.996		26.842
2044		-126.899		-46.4738
2045		-57.812		-69.4875
2046		-3.44678		-50.689
2047		19.9656		-15.0453
2048		17.6651		12.761
2049		8.15923		21.9615
2050		8.87317		19.1527
2051		24.5394		20.794
2052		44.9149		40.2798
2053		52.5176		77.8874
2054		35.051		119.762
2055		-5.48584		146.396
2056		-52.86		145.214
2057		-86.0421		119.294
2058		-92.398		86.4747
2059		-76.4712		68.8462
2060		-58.4873		78.557
2061		-62.6496		108.499
2062		-101.481		134.095
2063		-165.329		126.24
2064		-223.854		68.9088
2065		-239.947		-28.3398
2066		-189.515		-130.576
2067		-76.8065		-191.6
2068		63.3411		-175.589
2069		178.453		-75.5641
2070		220.85		80.8636
2071		168.775		241.794
2072		35.9211		352.583
2073		-135.096		378.212
2074		-291.685		315.832
2075		-392.92		192.09
2076		-423.307		47.8114
2077		-392.798		-81.1515
2078		-324.787		-176.723
2079		-240.175		-239.119
2080		-147.165		-276.469
2081		-42.5312		-291.211
2082		77.0693		-272.677
2083		201.517		-201.468
2084		300.995		-63.944
2085		332.932		131.338
2086		260.482		345.619
2087		73.881		517
2088		-196.679		581.514
2089		-484.664		499.513
2090		-707.554		275.146
2091		-795.926		-40.6521
2092		-718.817		-365.736
2093		-494.536		-614.406
2094		-182.925		-725.369
2095		136.497		-678.758
2096		390.291		-496.763
2097		530.128		-230.323
2098		539.235		59.9432
2099		427.369		319.478
2100		220.669		507.059
2101		-46.4142		594.549
2102		-333.613		564.55
2103		-593.756		411.567
2104		-773.844		148.368
2105		-823.444		-186.377
2106		-710.744		-526.52
2107		-440.356		-788.984
2108		-63.1599		-896.675
2109		330.064		-806.56
2110		632.835		-530.859
2111		757.838		-140.192
2112		668.9		255.552
2113		396.175		543.039
2114		27.0027		644.339
2115		-324.725		543.066
2116		-558.47		287.201
2117		-620.042		-31.9385
2118		-514.946		-314.91
2119		-298.45		-488.422
2120		-48.9244		-525.154
2121		162.511		-443.284
2122		293.12		-289.448
2123		333.681		-115.619
2124		299.371		38.7439
2125		214.593		152.792
2126		101.167		219.52
2127		-24.7365		236.846
2128		-148.075		202.277
2129		-249.007		115.135
2130		-302.375		-15.7549
2131		-285.398		-165.526
2132		-190.349		-294.616
2133		-34.5908		-360.316
2134		139.493		-334.404
2135		277.251		-218.095
2136		332.798		-45.6559
2137		288.685		126.85
2138		164.264		243.662
2139		7.87164		272.26
2140		-124.07		216.175
2141		-191.287		111.38
2142		-185.636		8.09042
2143		-131.36		-52.9734
2144		-70.1181		-58.1644
2145		-38.8519		-24.0385
2146		-51.9131		14.6781
2147		-96.1869		25.245
2148		-140.848		-5.69754
2149		-155.674		-66.3727
2150		-127.642		-128.018
2151		-67.0205		-161.651
2152		-0.302155		-153.776
2153		45.301		-112.428
2154		56.6096		-60.7291
2155		40.0958		-22.3413
2156		15.5213		-7.65762
2157		1.81226		-8.98338
2158		3.9476		-7.50766
2159		9.09		12.1765
2160		-5.20306		48.9335
2161		-55.0526		81.815
2162		-135.912		79.7159
2163		-218.864		19.5374
2164		-261.154		-96.9098
2165		-226.762		-237.172
2166		-106.854		-348.134
2167		70.7702		-378.138
2168		249.058		-301.045
2169		363.485		-130.515
2170		368.516		82.7729
2171		256.619		270.072
2172		61.2481		371.075
2173		-156.999		356.046
2174		-334.044		234.257
2175		-424.776		46.371
2176		-414.9		-153.938
2177		-318.924		-319.53
2178		-168.045		-421.848
2179		4.03963		-452.052
2180		169.975		-414.141
2181		309.458		-316.833
2182		404.743		-170.256
2183		437.09		10.8936
2184		389.305		201.423
2185		254.812		363.43
2186		48.3487		452.716
2187		-189.233		433.582
2188		-397.708		295.942
2189		-515.571		65.7958
2190		-502.855		-197.952
2191		-358.418		-421.138
2192		-123.054		-540.044
2193		133.992		-524.276
2194		339.791		-386.79
2195		443.122		-176.843
2196		429.718		40.411
2197		321.763		208.049
2198		163.627		294.602
2199		2.06713		298.023
2200		-129.358		237.179
2201		-215.382		137.637
2202		-253.901		20.3907
2203		-246.485		-100.971
2204		-192.176		-215.099
2205		-89.1706		-305.479
2206		56.8052		-347.972
2207		223.726		-317.283
2208		371.615		-200.378
2209		452.027		-9.59199
2210		426.266		213.038
2211		284.257		405.025
2212		54.3319		504.211
2213		-202.253		472.655
2214		-411.118		312.856
2215		-510.932		68.5776
2216		-474.786		-190.4
2217		-317.846		-392.925
2218		-88.8879		-489.798
2219		149.298		-466.394
2220		341.149		-340.958
2221		452.288		-151.907
2222		472.147		57.9976
2223		407.514		252.809
2224		273.448		406.341
2225		87.9239		498.96
2226		-127.367		513.915
2227		-342.812		438.443
2228		-519.099		270.803
2229		-612.751		29.2891
2230		-589.269		-243.583
2231		-438.746		-487.132
2232		-185.762		-639.07
2233		113.068		-656.744
2234		384.982		-533.679
2235		564.718		-303.3
2236		615.929		-27.364
2237		541.057		226.102
2238		375.723		405.564
2239		171.151		489.557
2240		-26.3846		486.065
2241		-189.3		420
2242		-310.183		316.778
2243		-392.517		191.24
2244		-437.885		47.2846
2245		-438.337		-113.059
2246		-378.995		-278.035
2247		-249.51		-420.503
2248		-57.3414		-503.154
2249		165.805		-493.118
2250		369.586		-378.643
2251		501.381		-178.747
2252		526.034		60.0301
2253		439.444		279.059
2254		269.416		428.232
2255		63.6049		482.149
2256		-129.148		444.789
2257		-274.896		341.722
2258		-360.941		205.289
2259		-391.114		61.2659
2260		-374.799		-76.2594
2261		-317.546		-200.574
2262		-219.383		-303.264
2263		-81.5739		-367.949
2264		83.298		-372.488
2265		245.728		-299.83
2266		363.92		-151.647
2267		398.477		43.8325
2268		330.648		236.176
2269		174.48		369.393
2270		-24.6108		404.006
2271		-205.779		334.024
2272		-316.601		190.002
2273		-333.77		26.0391
2274		-270.703		-103.507
2275		-168.507		-166.489
2276		-74.9543		-163.974
2277		-22.0728		-124.928
2278		-13.3445		-88.0234
2279		-26.2975		-80.3806
2280		-28.2152		-104.182
2281		3.94614		-137.586
2282		70.1067		-148.632
2283		146.855		-114.099
2284		199.966		-33.0698
2285		202.433		71.7785
2286		148.238		165.25
2287		54.8728		216.638
2288		-45.987		213.447
2289		-123.913		164.983
2290		-162.674		94.8994
2291		-164.189		27.8692
2292		-142.504		-21.6859
2293		-112.609		-52.7622
2294		-81.4888		-72.1128
2295		-46.905		-84.5089
2296		-4.1583		-86.0721
2297		44.2467		-65.7189
2298		83.3164		-14.4023
2299		89.5765		63.5675
2300		43.6093		144.989
2301		-55.3652		193.283
2302		-181.685		174.213
2303		-288.365		74.6984
2304		-324.78		-85.2168
2305		-259.61		-254.706
2306		-98.1447		-369.574
2307		115.019		-377.908
2308		310.299		-262.607
2309		418.815		-50.4989
2310		398.428		196.215
2311		249.068		402.341
2312		11.4865		506.035
2313		-248.747		478.196
2314		-463.981		328.096
2315		-584.103		95.3399
2316		-586.333		-165.869
2317		-474.325		-402.118
2318		-270.891		-570.217
2319		-10.4227		-640.012
2320		265.223		-594.184
2321		508.037		-429.617
2322		666.515		-162.176
2323		693.85		167.803
2324		562.224		495.167
2325		278.47		739.958
2326		-107.132		828.26
2327		-506.332		717.976
2328		-814.589		419.013
2329		-943.166		-2.30777
2330		-849.844		-439.164
2331		-555.534		-776.362
2332		-139.111		-927.05
2333		288.21		-859.826
2334		619.029		-605.834
2335		782.257		-243.979
2336		759.979		128.52
2337		584.098		427.498
2338		317.06		603.041
2339		27.0385		644.381
2340		-231.446		570.429
2341		-425.184		413.927
2342		-538.916		208.354
2343		-567.201		-16.9897
2344		-508.915		-234.458
2345		-368.446		-413.617
2346		-162.056		-521.323
2347		76.504		-529.285
2348		297.535		-426.545
2349		446.742		-230.004
2350		483.198		14.2582
2351		396.072		242.107
2352		211.665		391.883
2353		-13.7774		426.052
2354		-213.403		344.448
2355		-333.299		183.09
2356		-350.256		-0.858143
2357		-276.509		-151.145
2358		-150.425		-231.763
2359		-18.4825		-235.763
2360		82.6653		-181.22
2361		136.342		-98.209
2362		145.235		-14.3083
2363		122.722		54.3342
2364		82.4436		103.367
2365		32.2217		134.149
2366		-25.0996		146.67
2367		-86.0049		136.731
2368		-140.953		99.3267
2369		-174.1		35.7426
2370		-169.503		-40.9041
2371		-120.815		-106.448
2372		-38.6952		-134.018
2373		49.2781		-106.568
2374		107.72		-27.2297
2375		108.179		78.4866
2376		42.695		170.892
2377		-70.6263		211.76
2378		-193.3		180.533
2379		-281.334		83.5933
2380		-302.796		-47.7471
2381		-250.286		-169.691
2382		-143.011		-243.18
2383		-18.0149		-248.306
2384		84.9821		-190.02
2385		138.218		-93.5305
2386		134.003		7.49292
2387		83.9049		84.0386
2388		10.8742		120.605
2389		-61.0439		117.041
2390		-114.625		84.3166
2391		-142.426		37.6833
2392		-145.25		-8.99969
2393		-128.665		-45.8004
2394		-100.295		-66.5641
2395		-69.0077		-68.1272
2396		-45.08		-50.7535
2397		-39.3174		-19.9865
2398		-59.7566		11.8068
2399		-106.569		26.6764
2400		-167.844		6.50101
2401		-219.61		-58.5322
2402		-232.022		-161.946
2403		-180.672		-277.964
2404		-58.8877		-366.485
2405		114.563		-385.665
2406		296.774		-308.017
2407		431.955		-133.672
2408		469.337		105.017
2409		381.301		350.238
2410		174.886		535.078
2411		-107.803		603.894
2412		-400.556		529.636
2413		-631.543		322.35
2414		-743.064		26.5251
2415		-706.467		-291.107
2416		-528.421		-558.902
2417		-247.911		-717.479
2418		73.9823		-732.533
2419		368.108		-601.115
2420		571.738		-351.188
2421		641.016		-35.4659
2422		559.714		279.036
2423		343.113		524.219
2424		36.0696		645.044
2425		-295.203		612.148
2426		-576.928		429.929
2427		-744.726		137.316
2428		-759.66		-200.144
2429		-618.709		-505.744
2430		-356.023		-710.825
2431		-34.0152		-772.187
2432		273.316		-682.382
2433		499.71		-469.771
2434		602.637		-188.726
2435		571.323		96.3396
2436		425.283		327.616
2437		205.16		466.152
2438		-39.9527		496.926
2439		-264.195		426.946
2440		-432.576		278.968
2441		-523.905		84.1782
2442		-530.388		-123.684
2443		-456.042		-312.095
2444		-315.432		-452.331
2445		-132.736		-522.259
2446		60.0163		-510.027
2447		226.953		-417.85
2448		334.974		-264.012
2449		361.717		-81.1075
2450		302.282		90.238
2451		171.942		211.007
2452		3.24158		253.97
2453		-162.073		211.033
2454		-283.868		95.265
2455		-333.771		-62.9764
2456		-301.656		-224.337
2457		-196.94		-350.388
2458		-45.07		-412.28
2459		119.109		-396.224
2460		258.987		-305.248
2461		343.196		-157.799
2462		351.19		15.8927
2463		277.143		179
2464		131.969		294.501
2465		-57.1547		332.495
2466		-250.52		277.505
2467		-403.295		134.077
2468		-475.797		-71.5296
2469		-444.336		-295.253
2470		-309.32		-484.857
2471		-97.3977		-593.281
2472		143.961		-591.861
2473		358.519		-479.053
2474		496.497		-281.454
2475		528.131		-46.4422
2476		451.137		171.232
2477		289.822		324.485
2478		86.5348		385.679
2479		-111.212		351.691
2480		-263.451		241.44
2481		-346.404		87.6994
2482		-355.14		-73.3013
2483		-300.697		-210.914
2484		-203.89		-305.416
2485		-88.5449		-349.203
2486		23.786		-344.89
2487		116.817		-302.034
2488		180.572		-233.873
2489		211.286		-154.673
2490		210.773		-77.6118
2491		185.328		-12.934
2492		143.951		33.5172
2493		95.8512		60.8812
2494		47.7847		72.3692
2495		2.29831		72.7663
2496		-42.0389		65.1461
2497		-88.0898		48.3384
2498		-136.163		16.7396
2499		-180.506		-36.8251
2500		-208.426		-115.975
2501		-203.286		-215.587
2502		-150.899		-319.271
2503		-47.0138		-401.504
2504		97.3533		-434.501
2505		255.568		-397.783
2506		391.004		-286.882
2507		467.231		-117.589
2508		459.359		76.334
2509		362.481		251.595
2510		194.138		367.235
2511		-10.0298		395.934
2512		-205.864		331.086
2513		-352.168		187.707
2514		-420.475		-2.52865
2515		-400.517		-199.953
2516		-300.611		-366.301
2517		-143.872		-472.331
2518		37.8963		-502.3
2519		210.778		-455.244
2520		344.574		-343.736
2521		417.395		-190.964
2522		418.908		-26.6364
2523		352.074		118.061
2524		232.909		216.109
2525		87.7773		250.15
2526		-51.8522		216.523
2527		-156.381		126.461
2528		-205.107		3.60686
2529		-191.209		-121.858
2530		-123.046		-220.912
2531		-21.2914		-272.922
2532		87.1363		-270.195
2533		176.287		-218.657
2534		227.271		-134.902
2535		231.656		-41.0183
2536		191.774		40.8844
2537		118.736		92.9457
2538		29.3906		104.057
2539		-56.7222		70.8996
2540		-120.11		-1.79061
2541		-144.074		-101.375
2542		-117.865		-208.169
2543		-40.0676		-297.784
2544		78.7789		-345.572
2545		215.924		-332.873
2546		339.803		-253.53
2547		417.219		-118.285
2548		422.754		45.2618
2549		347.481		198.157
2550		203.738		300.101
2551		23.7201		321.092
2552		-148.227		250.885
2553		-267.471		102.992
2554		-301.395		-88.2374
2555		-238.3		-276.536
2556		-90.3333		-415.733
2557		110.018		-471.195
2558		318.28		-427.626
2559		488.424		-291.672
2560		582.62		-89.5583
2561		578.395		138.848
2562		472.471		347.809
2563		281.367		493.954
2564		39.0798		544.089
2565		-208.003		481.935
2566		-408.876		312.858
2567		-517.872		65.231
2568		-505.31		-212.945
2569		-366.305		-462.75
2570		-124.723		-627.355
2571		170.001		-666.393
2572		453.512		-567.53
2573		662.399		-351.192
2574		750.8		-66.2482
2575		702.555		222.639
2576		534.889		452.283
2577		292.407		577.442
2578		33.5459		581.291
2579		-185.831		476.935
2580		-326.276		300.258
2581		-371.979		97.3918
2582		-330.101		-88.4209
2583		-223.923		-226.29
2584		-83.4407		-301.278
2585		62.8139		-312.609
2586		192.372		-268.926
2587		289.691		-183.541
2588		344.896		-71.6483
2589		352.601		50.3167
2590		312.202		164.514
2591		229.511		252.549
2592		118.18		298.363
2593		-0.967632		292.646
2594		-103.739		236.857
2595		-168.86		144.529
2596		-184.532		38.4564
2597		-152.435		-55.8409
2598		-87.1669		-118.128
2599		-10.9491		-139.763
2600		54.4335		-125.665
2601		95.2243		-91.0673
2602		109.692		-54.4533
2603		106.966		-29.7141
2604		101.399		-20.8924
2605		105.107		-21.6655
2606		122.031		-19.5812
2607		146.136		-2.9549
2608		164.387		32.7764
2609		163.04		82.0975
2610		134.342		131.104
2611		80.674		163.003
2612		14.3863		164.958
2613		-46.4801		133.36
2614		-84.6898		75.405
2615		-89.8194		6.54387
2616		-61.4821		-54.9399
2617		-8.79475		-93.9331
2618		53.3116		-102.812
2619		109.202		-82.7655
2620		147.072		-42.1295
2621		161.481		7.12901
2622		153.502		53.2314
2623		129.054		87.4229
2624		96.4736		105.276
2625		64.2686		106.651
2626		39.5192		94.8952
2627		26.897		75.8165
2628		28.0215		56.6227
2629		41.0038		44.7051
2630		60.3342		46.0779
2631		77.5184		63.5438
2632		82.7968		95.0655
2633		67.8825		133.102
2634		29.0776		165.59
2635		-30.2994		178.753
2636		-99.2758		161.191
2637		-161.006		108.063
2638		-196.799		23.9204
2639		-191.364		-76.9694
2640		-137.731		-173.193
2641		-40.2908		-241.13
2642		85.0677		-260.939
2643		213.876		-221.959
2644		318.352		-126.048
2645		373.671		11.9978
2646		363.739		167.005
2647		285.149		308.35
2648		148.541		406.135
2649		-22.8716		437.345
2650		-197.281		390.846
2651		-340.08		270.288
2652		-420.49		94.3548
2653		-417.91		-105.821
2654		-326.819		-291.868
2655		-159.159		-425.289
2656		56.5785		-475.327
2657		279.808		-426.057
2658		465.389		-281.061
2659		572.959		-64.3173
2660		576.153		183.418
2661		469.48		412.421
2662		270.921		574.591
2663		19.1625		634.47
2664		-234.34		577.948
2665		-436.82		416.252
2666		-546.446		183.876
2667		-542.196		-69.2982
2668		-428.652		-289.805
2669		-234.372		-433.243
2670		-4.26373		-474.373
2671		211.859		-411.995
2672		371.304		-267.47
2673		447.776		-77.6517
2674		435.597		115.377
2675		348.205		274.627
2676		212.092		375.711
2677		58.5475		409.896
2678		-84.0764		382.643
2679		-195.513		309.046
2680		-265.345		208.218
2681		-291.866		98.5863
2682		-279.411		-4.86033
2683		-235.597		-91.3227
2684		-169.449		-153.725
2685		-90.5658		-188.01
2686		-8.84492		-192.863
2687		65.8954		-169.908
2688		124.807		-123.964
2689		161.313		-62.7752
2690		172.311		4.05503
2691		158.701		66.7409
2692		124.966		117.061
2693		77.9505		149.567
2694		25.3764		161.961
2695		-25.3792		154.738
2696		-67.9664		130.548
2697		-97.3354		93.6752
2698		-109.969		49.7857
2699		-104.371		5.6973
2700		-81.7706		-31.2367
2701		-46.6033		-54.3849
2702		-6.20343		-59.5472
2703		30.631		-46.4707
2704		55.9631		-19.361
2705		65.1323		14.1227
2706		58.2164		45.2358
2707		39.7959		67.027
2708		17.0021		76.5217
2709		-3.34874		75.2461
2710		-17.2654		67.8742
2711		-24.6136		59.6788
2712		-28.2819		54.0426
2713		-32.0212		51.2226
2714		-38.1556		48.8791
2715		-46.3683		43.9373
2716		-54.1344		34.6513
2717		-58.4251		21.6817
2718		-57.5952		7.61
2719		-52.28		-4.74887
2720		-44.7318		-14.1351
2721		-36.998		-21.5423
2722		-29.0982		-29.2615
2723		-18.4701		-38.7205
2724		-1.28437		-48.3903
2725		24.8529		-53.1633
2726		58.21		-45.9229
2727		91.8528		-20.8457
2728		115.097		23.0558
2729		117.161		79.9581
2730		91.524		138
2731		39.0184		182.702
2732		-31.7695		201.661
2733		-106.987		188.514
2734		-171.738		144.581
2735		-214.177		77.7343
2736		-227.831		-0.622192
2737		-211.617		-78.8038
2738		-168.219		-146.842
2739		-102.31		-196.723
2740		-19.8814		-221.569
2741		71.0044		-215.147
2742		158.931		-172.885
2743		228.874		-94.4866
2744		264.239		13.0294
2745		251.261		133.782
2746		184.382		244.59
2747		70.2843		319.962
2748		-71.5214		339.183
2749		-212.43		292.982
2750		-321.827		187.176
2751		-375.164		41.8431
2752		-360.244		-113.698
2753		-279.796		-248.227
2754		-149.938		-335.767
2755		4.30295		-360.505
2756		154.56		-318.718
2757		274.12		-218.184
2758		341.657		-76.187
2759		343.901		82.9871
2760		277.782		230.938
2761		152.119		338.91
2762		-11.8982		382.834
2763		-182.685		349.225
2764		-323.619		240.343
2765		-401.382		76.3349
2766		-395.259		-107.518
2767		-304.243		-268.735
2768		-148.909		-368.893
2769		33.2981		-384.655
2770		198.333		-314.633
2771		308.037		-179.53
2772		340.572		-15.4285
2773		295.308		137.279
2774		190.887		245.307
2775		57.7844		290.432
2776		-71.4112		271.842
2777		-170.483		203.133
2778		-224.413		106.096
2779		-230.063		4.07491
2780		-193.899		-82.9803
2781		-128.608		-141.073
2782		-50.0492		-162.928
2783		25.0921		-148.028
2784		81.4334		-102.527
2785		107.421		-38.7824
2786		98.1994		26.3384
2787		57.8257		74.9748
2788		-0.61944		93.2303
2789		-58.0234		75.9968
2790		-94.9958		29.5069
2791		-98.5424		-29.9867
2792		-66.9855		-81.4635
2793		-10.8758		-106.554
2794		50.7597		-96.1884
2795		97.4424		-53.6987
2796		114.654		6.90878
2797		98.5818		66.6749
2798		56.4076		108.836
2799		2.37711		124.35
2800		-48.2496		113.709
2801		-84.5714		84.7969
2802		-102.596		48.3772
2803		-104.439		13.6128
2804		-95.318		-14.3957
2805		-80.3254		-34.4489
2806		-62.6737		-47.3343
2807		-43.9123		-53.8008
2808		-25.3336		-53.7746
2809		-9.15392		-47.1087
2810		1.6083		-35.0162
2811		4.59764		-20.8522
2812		-0.0802689		-9.3463
2813		-9.10746		-4.46729
2814		-17.0794		-7.12614
2815		-19.1731		-14.2305
2816		-13.9605		-19.9512
2817		-4.67627		-18.7965
2818		2.03214		-8.94343
2819		-0.516159		6.05286
2820		-15.1674		18.3207
2821		-38.6325		19.2145
2822		-62.1101		3.68938
2823		-74.7254		-26.672
2824		-68.2256		-63.5458
2825		-40.7194		-94.7951
2826		2.25922		-109.073
2827		49.7343		-99.9837
2828		89.2166		-68.0304
2829		110.676		-19.8202
2830		108.912		34.6472
2831		83.7522		85.0025
2832		38.7592		122.457
2833		-20.239		140.288
2834		-85.7547		133.572
2835		-148.334		99.3315
2836		-196.305		37.864
2837		-216.878		-45.1227
2838		-199.25		-136.974
2839		-139.041		-218.83
2840		-42.1787		-269.5
2841		74.0234		-271.749
2842		183.927		-218.781
2843		260.356		-118.119
2844		282.881		9.12153
2845		244.451		133.746
2846		153.786		226.907
2847		32.6101		268.346
2848		-91.0663		251.518
2849		-190.931		184.065
2850		-248.771		84.1199
2851		-257.48		-25.6074
2852		-220.553		-123.544
2853		-149.317		-193.135
2854		-59.5776		-224.537
2855		31.1826		-214.87
2856		105.936		-168.022
2857		150.202		-94.4168
2858		154.64		-10.2867
2859		117.94		64.4744
2860		48.7881		110.422
2861		-34.6282		114.031
2862		-108.513		72.7231
2863		-150.203		-2.87278
2864		-145.62		-91.0136
2865		-94.5177		-165.194
2866		-11.159		-202.708
2867		80.176		-192.197
2868		153.261		-137.228
2869		188.464		-54.5326
2870		178.492		32.1871
2871		129.418		100.233
2872		57.142		134.509
2873		-18.6954		130.554
2874		-80.6491		93.6205
2875		-117.157		35.1633
2876		-123.403		-31.183
2877		-100.227		-92.4642
2878		-52.5969		-137.675
2879		11.2677		-158.168
2880		80.1258		-148.351
2881		140.231		-107.226
2882		177.225		-40.2357
2883		179.685		39.9777
2884		143.316		115.268
2885		73.8574		166.429
2886		-13.1416		179.163
2887		-96.2908		149.206
2888		-154.931		84.2552
2889		-175.757		1.57612
2890		-156.744		-77.8772
2891		-106.771		-136.395
2892		-41.3119		-164.581
2893		23.665		-162.627
2894		76.7697		-137.729
2895		113.176		-99.4239
2896		133.201		-55.4264
2897		138.956		-9.94818
2898		131.372		35.1065
2899		109.451		77.3891
2900		72.0449		111.952
2901		20.8646		131.388
2902		-37.4112		128.487
2903		-91.5941		100.04
2904		-129.205		49.5888
2905		-141.034		-12.629
2906		-124.746		-72.7888
2907		-85.6849		-118.269
2908		-34.4422		-141.804
2909		17.5142		-143.038
2910		61.9143		-126.93
2911		95.4757		-100.144
2912		118.779		-67.552
2913		133.257		-30.8108
2914		138.34		10.3819
2915		130.653		55.3226
2916		105.855		99.6665
2917		62.1209		134.994
2918		3.19259		151.201
2919		-60.9498		140.695
2920		-116.512		102.276
2921		-150.459		42.628
2922		-155.118		-25.4448
2923		-130.666		-87.2699
2924		-84.4498		-131.032
2925		-27.7137		-150.849
2926		28.4764		-147.057
2927		76.1099		-124.107
2928		110.826		-87.6498
2929		130.564		-42.594
2930		133.725		6.93217
2931		118.445		56.1515
2932		83.7202		98.2111
2933		31.7487		124.313
2934		-30.1346		126.01
2935		-89.6048		98.8684
2936		-132.219		45.6187
2937		-146.137		-23.1
2938		-126.656		-91.2588
2939		-78.3676		-142.452
2940		-13.7931		-165.325
2941		50.9938		-157.065
2942		101.838		-123.496
2943		130.68		-75.9685
2944		136.823		-26.6748
2945		125.17		15.3644
2946		102.765		46.0248
2947		75.6088		65.2312
2948		47.2427		74.631
2949		19.3663		75.4799
2950		-6.47744		68.0211
2951		-27.6601		52.4909
2952		-40.7317		30.7574
2953		-43.1455		7.1412
2954		-35.3038		-12.5158
2955		-21.4177		-23.3151
2956		-8.25152		-23.9837
2957		-2.07264		-18.099
2958		-5.28627		-12.8315
2959		-14.6395		-15.5144
2960		-22.211		-29.6261
2961		-19.0005		-52.2742
2962		0.482166		-74.6488
2963		34.8662		-85.4813
2964		75.5457		-76.0151
2965		109.612		-44.1903
2966		124.826		3.92116
2967		114.406		56.0876
2968		79.531		98.3531
2969		28.6167		119.912
2970		-26.0499		116.349
2971		-72.6154		90.1055
2972		-102.99		48.4481
2973		-114.042		0.275486
2974		-106.711		-46.5896
2975		-84.0887		-86.5908
2976		-49.7863		-116.108
2977		-7.42242		-132.475
2978		38.8711		-133.409
2979		83.7343		-117.461
2980		120.604		-85.2233
2981		142.907		-40.4179
2982		146.023		10.0619
2983		129.048		57.534
2984		95.3434		93.8578
2985		51.5223		113.663
2986		5.30325		115.439
2987		-36.6813		101.05
2988		-70.0886		74.1313
2989		-92.6495		38.3787
2990		-102.963		-3.24639
2991		-99.3293		-48.0066
2992		-79.6041		-92.0599
2993		-42.4365		-129.389
2994		10.6844		-152.035
2995		73.76		-152.015
2996		136.185		-124.311
2997		184.729		-69.6621
2998		207.103		4.25756
2999		195.797		83.991
3000		150.679		153.541
3001		79.3498		198.546
3002		-4.79885		209.897
3003		-86.0149		185.663
3004		-149.825		130.943
3005		-185.8		56.0988
3006		-188.935		-25.7436
3007		-159.791		-101.119
3008		-103.859		-158.147
3009		-30.5773		-187.985
3010		47.8983		-185.999
3011		118.31		-152.673
3012		168.431		-93.9874
3013		189.502		-20.7909
3014		178.362		53.1066
3015		138.429		113.914
3016		78.9707		151.115
3017		12.6739		159.915
3018		-47.7333		141.986
3019		-92.6217		104.246
3020		-117.28		56.2584
3021		-121.925		7.30799
3022		-110.216		-35.6984
3023		-87.1876		-68.9248
3024		-57.5931		-91.0263
3025		-25.2468		-102.019
3026		6.73848		-102.431
3027		35.4234		-93.1778
3028		57.9075		-76.0132
3029		71.883		-53.9333
3030		76.5797		-30.9304
3031		73.4027		-10.9164
3032		65.6243		3.7346
3033		57.0121		13.1836
3034		49.9607		19.927
3035		44.1309		27.263
3036		36.4824		37.0654
3037		22.9247		48.0206
3038		0.93148		55.3959
3039		-28.1572		52.7194
3040		-58.4123		34.7752
3041		-80.7626		0.576202
3042		-86.1628		-45.1329
3043		-69.1731		-92.6766
3044		-30.3839		-130.338
3045		23.3747		-148.157
3046		81.0981		-141.076
3047		131.003		-110.211
3048		163.809		-61.9514
3049		174.68		-5.55664
3050		163.368		49.5344
3051		133.017		95.5647
3052		88.5857		127.05
3053		35.8186		140.443
3054		-18.9523		133.689
3055		-68.5596		106.375
3056		-105.116		60.6
3057		-121.116		1.97575
3058		-111.492		-60.1764
3059		-75.863		-114.13
3060		-19.7897		-148.53
3061		45.8584		-155.759
3062		107.566		-134.515
3063		153.014		-90.4004
3064		174.625		-34.1505
3065		171.397		21.8752
3066		148.336		67.4977
3067		113.855		97.3012
3068		76.388		111.067
3069		41.7172		112.16
3070		12.0691		104.874
3071		-12.9226		92.1329
3072		-34.172		74.6016
3073		-51.2656		51.4607
3074		-61.7859		22.2004
3075		-62.1443		-11.6794
3076		-49.4064		-46.0559
3077		-23.0854		-75.0096
3078		14.0463		-92.664
3079		56.5221		-95.1095
3080		97.7839		-81.4975
3081		131.988		-53.8875
3082		155.158		-16.1138
3083		165.286		27.5818
3084		161.601		73.3704
3085		143.727		117.751
3086		111.436		156.817
3087		65.3287		185.59
3088		8.12219		198.176
3089		-54.2421		189.073
3090		-112.546		155.304
3091		-155.738		98.4904
3092		-173.638		25.8419
3093		-160.008		-50.5983
3094		-114.86		-116.43
3095		-45.079		-158.356
3096		36.8887		-167.491
3097		115.856		-141.476
3098		177.274		-84.8533
3099		210.165		-7.79116
3100		208.934		76.2251
3101		173.894		152.967
3102		110.759		209.719
3103		29.5463		236.97
3104		-56.8221		229.622
3105		-134.142		187.821
3106		-188.882		117.376
3107		-210.479		29.4943
3108		-193.696		-60.5446
3109		-140.416		-135.941
3110		-60.0906		-181.877
3111		31.6878		-189.134
3112		116.492		-156.712
3113		177.479		-92.4326
3114		203.642		-11.0835
3115		192.519		69.4645
3116		150.413		133.006
3117		90.0753		169.077
3118		26.6694		175.056
3119		-26.554		155.754
3120		-61.4226		120.84
3121		-75.9486		81.2653
3122		-73.3258		46.0205
3123		-59.5716		20.3039
3124		-40.9559		5.41756
3125		-22.229		-0.0222836
3126		-6.09793		1.55728
3127		6.26271		7.90066
3128		14.3379		17.2825
3129		17.7303		28.1645
3130		16.28		38.7145
3131		10.6508		46.7772
3132		2.8066		50.5277
3133		-4.19646		49.5193
3134		-7.29297		45.4578
3135		-4.99354		42.0389
3136		1.33119		43.614
3137		7.29256		53.0845
3138		6.83229		69.9535
3139		-5.26283		89.567
3140		-30.6771		104.154
3141		-65.9459		105.493
3142		-102.796		88.2423
3143		-130.544		52.5538
3144		-139.742		4.7858
3145		-125.664		-44.1175
3146		-90.2254		-82.054
3147		-41.5378		-99.6936
3148		8.70739		-93.4053
3149		48.9875		-66.1054
3150		71.3605		-25.836
3151		73.3134		17.1981
3152		57.5578		53.8598
3153		30.1627		78.3424
3154		-1.9578		88.8022
3155		-33.0898		86.4876
3156		-59.593		74.1223
3157		-79.5834		54.4819
3158		-91.9934		29.8058
3159		-95.7886		2.10274
3160		-89.89		-26.1266
3161		-73.8349		-51.4358
3162		-48.7112		-69.7314
3163		-17.7005		-77.3258
3164		14.2473		-72.2606
3165		41.6127		-55.2112
3166		59.8937		-29.4537
3167		66.8637		0.158226
3168		62.9232		28.7564
3169		50.4234		52.8399
3170		32.3481		70.8573
3171		11.0536		82.7961
3172		-12.294		89.1068
3173		-37.3398		89.6268
3174		-63.4955		83.1609
3175		-88.8751		68.0069
3176		-109.895		43.1978
3177		-121.888		9.82581
3178		-120.575		-28.2797
3179		-103.779		-64.9598
3180		-72.6256		-93.1652
3181		-31.6909		-106.891
3182		11.99		-102.865
3183		50.6429		-81.3697
3184		77.5402		-46.0068
3185		88.2487		-2.64362
3186		81.0705		41.9185
3187		56.8173		81.041
3188		18.3217		108.874
3189		-29.9259		120.636
3190		-81.8863		112.895
3191		-130.042		84.1584
3192		-165.854		35.8015
3193		-180.946		-27.054
3194		-169.029		-95.29
3195		-128.081		-156.718
3196		-61.9982		-198.326
3197		19.1153		-209.418
3198		100.458		-184.753
3199		165.671		-126.608
3200		200.804		-44.9309
3201		197.933		44.626
3202		157.303		124.327
3203		87.3424		178.577
3204		2.54702		197.543
3205		-80.068		179.183
3206		-144.919		129.246
3207		-181.132		59.4291
3208		-184.42		-15.6299
3209		-157.291		-81.6575
3210		-107.812		-127.553
3211		-47.417		-147.193
3212		11.6459		-140.047
3213		58.7136		-110.678
3214		86.5663		-67.3797
3215		92.5006		-20.233
3216		78.4797		21.0406
3217		50.3488		49.0551
3218		16.2553		60.164
3219		-15.3933		54.9632
3220		-37.9457		37.7509
3221		-47.9659		15.076
3222		-45.7318		-6.20454
3223		-34.6695		-20.7707
3224		-19.9706		-26.0366
3225		-6.91119		-22.3962
3226		0.552475		-12.5839
3227		0.514261		-0.529018
3228		-6.88581		9.79075
3229		-19.9439		15.1175
3230		-35.9584		13.2177
3231		-51.5907		2.93087
3232		-63.0127		-15.7128
3233		-66.1134		-41.1179
3234		-57.1194		-69.6214
3235		-33.7862		-95.3033
3236		3.09269		-110.626
3237		48.5124		-108.163
3238		93.2149		-83.1458
3239		125.297		-35.9963
3240		133.353		26.2518
3241		110.3		90.5665
3242		56.5299		140.784
3243		-18.9386		162.067
3244		-100.003		145.545
3245		-167.47		91.5137
3246		-204.284		9.98582
3247		-200.299		-81.6721
3248		-155.036		-163.262
3249		-77.6509		-216.938
3250		15.6929		-231.442
3251		105.993		-204.268
3252		175.746		-141.463
3253		212.296		-55.5789
3254		209.642		37.2975
3255		168.782		120.555
3256		97.0342		179.606
3257		6.75656		203.891
3258		-86.3575		188.439
3259		-165.493		134.966
3260		-215.491		52.2255
3261		-225.938		-44.8872
3262		-193.871		-137.788
3263		-125.145		-208.041
3264		-33.6561		-241.712
3265		61.7203		-232.943
3266		141.786		-185.456
3267		191.84		-111.342
3268		205.082		-27.4728
3269		183.479		49.2288
3270		135.99		105.996
3271		75.0174		136.527
3272		12.5959		140.886
3273		-42.2577		123.509
3274		-84.3205		90.5224
3275		-111.297		47.7098
3276		-122.281		-0.166588
3277		-116.678		-48.7762
3278		-94.2536		-93.2045
3279		-56.2072		-127.523
3280		-6.44318		-145.558
3281		47.9529		-142.701
3282		97.669		-117.922
3283		133.415		-74.9007
3284		148.612		-21.5432
3285		141.346		32.0888
3286		114.739		76.6411
3287		75.573		105.944
3288		31.8177		118.128
3289		-9.80833		115.058
3290		-45.2571		100.564
3291		-73.1021		78.445
3292		-93.3473		51.2272
3293		-105.937		20.1465
3294		-109.875		-13.8506
3295		-103.436		-48.838
3296		-85.3269		-81.2237
3297		-56.0973		-106.143
3298		-18.992		-118.83
3299		20.3024		-116.353
3300		54.9963		-98.8813
3301		79.0848		-69.9133
3302		89.0114		-35.3494
3303		84.4762		-1.82045
3304		68.1674		25.0543
3305		44.6542		41.8629
3306		18.9649		47.7449
3307		-4.61478		43.9701
3308		-23.2097		33.0978
3309		-35.4671		18.1156
3310		-41.3078		1.8129
3311		-41.5623		-13.5571
3312		-37.6459		-26.4247
3313		-31.2925		-35.9826
3314		-24.2811		-42.2449
3315		-18.097		-46.0403
3316		-13.5489		-48.8479
3317		-10.4472		-52.4194
3318		-7.48248		-58.2155
3319		-2.41049		-66.7736
3320		7.42106		-77.1726
3321		24.2526		-86.768
3322		48.9246		-91.3529
3323		79.9216		-85.8535
3324		112.734		-65.5948
3325		139.883		-28.0104
3326		151.929		25.5493
3327		139.592		88.5003
3328		96.7233		148.904
3329		23.4319		191.104
3330		-71.7492		199.219
3331		-171.762		161.875
3332		-253.683		76.8713
3333		-293.973		-45.863
3334		-275.121		-184.469
3335		-191.748		-309.081
3336		-54.0568		-388.818
3337		112.839		-400.053
3338		273.955		-333.506
3339		392.676		-197.917
3340		439.968		-19.0385
3341		401.945		165.926
3342		283.73		316.948
3343		108.607		400.549
3344		-87.1611		397.531
3345		-262.424		307.291
3346		-380.151		147.888
3347		-415.346		-47.9016
3348		-360.297		-239.56
3349		-226.217		-387.33
3350		-40.9783		-460.597
3351		156.651		-444.484
3352		325.255		-343.261
3353		429.867		-179.644
3354		449.908		10.1462
3355		383.982		184.666
3356		250.104		306.998
3357		81.0835		353.481
3358		-83.8434		319.018
3359		-208.856		217.478
3360		-270.099		77.1319
3361		-260.566		-67.3915
3362		-190.192		-184.137
3363		-81.546		-251.212
3364		37.1386		-260.677
3365		139.306		-218.395
3366		205.784		-140.598
3367		227.761		-48.7258
3368		206.974		35.8321
3369		153.824		95.9711
3370		84.3083		121.618
3371		16.4772		111.015
3372		-33.2028		70.6582
3373		-53.3012		13.8838
3374		-40.2215		-42.0022
3375		0.420776		-79.9157
3376		54.6671		-87.8005
3377		103.721		-62.7148
3378		129.555		-12.6088
3379		121.051		45.3491
3380		78.4849		89.902
3381		14.4072		102.873
3382		-49.8513		75.8916
3383		-91.158		14.0756
3384		-92.6444		-64.9724
3385		-49.875		-136.715
3386		27.2521		-177.856
3387		117.62		-174.139
3388		195.836		-124.947
3389		240.385		-43.1367
3390		240.052		49.5506
3391		196.533		129.568
3392		122.753		178.475
3393		38.0133		187.416
3394		-37.9578		158.125
3395		-89.9822		100.812
3396		-110.176		30.274
3397		-98.2815		-38.1807
3398		-60.2416		-91.8838
3399		-5.98166		-122.62
3400		52.8818		-127.298
3401		105.106		-107.848
3402		141.664		-70.5667
3403		157.353		-24.8703
3404		151.911		18.6583
3405		130.172		50.7701
3406		100.867		66.0501
3407		74.0831		64.5567
3408		58.0373		51.8255
3409		56.2396		36.9763
3410		66.1728		29.4195
3411		80.1077		35.2855
3412		87.871		54.9013
3413		80.6158		82.2736
3414		54.2664		106.79
3415		11.4692		116.547
3416		-38.5439		102.203
3417		-82.0564		60.1904
3418		-104.269		-5.54132
3419		-93.1327		-83.5949
3420		-42.7886		-156.927
3421		43.9979		-206.071
3422		154.923		-213.335
3423		269.167		-167.399
3424		360.627		-67.4555
3425		403.276		74.2349
3426		377.874		232.579
3427		278.493		373.482
3428		116.812		461.141
3429		-77.7673		467.426
3430		-263.154		380.819
3431		-394.178		211.998
3432		-434.468		-6.25275
3433		-367.211		-225.547
3434		-201.337		-393.485
3435		29.0956		-467.233
3436		272.52		-425.164
3437		472.503		-273.123
3438		581.884		-43.4553
3439		574.483		212.858
3440		451.313		438.694
3441		239.879		584.46
3442		-12.873		619.453
3443		-251.867		538.292
3444		-426.516		361.261
3445		-501.729		128.909
3446		-465.006		-107.517
3447		-328.363		-297.527
3448		-124.955		-402.249
3449		98.7168		-402.469
3450		293.244		-302.245
3451		417.166		-127.402
3452		445.87		80.7164
3453		376.584		274.827
3454		228.358		412.42
3455		37.1065		465.138
3456		-153.045		424.661
3457		-300.002		303.836
3458		-373.091		132.952
3459		-359.491		-47.7834
3460		-266.38		-197.68
3461		-118.516		-284.718
3462		47.988		-292.422
3463		194.228		-223.055
3464		287.464		-96.5259
3465		308.524		54.6738
3466		255.994		193.397
3467		146.181		286.827
3468		8.76643		314.4
3469		-120.883		272.649
3470		-210.828		175.641
3471		-240.666		50.7851
3472		-206.378		-68.8319
3473		-120.561		-153.408
3474		-8.09138		-184.045
3475		101.302		-156.859
3476		181.144		-82.6385
3477		214.571		17.4441
3478		197.286		118.292
3479		136.833		197.329
3480		49.1051		239.118
3481		-46.2854		237.358
3482		-130.274		194.527
3483		-187.402		120.106
3484		-207.629		28.3134
3485		-187.296		-64.1628
3486		-129.596		-140.488
3487		-44.4431		-186.287
3488		52.708		-192.471
3489		143.54		-157.643
3490		210.87		-89.049
3491		242.991		-1.18107
3492		236.796		87.9981
3493		198.259		162.169
3494		139.836		211.204
3495		75.6564		233.277
3496		16.5421		233.6
3497		-32.96		220.427
3498		-74.202		200.276
3499		-111.043		174.789
3500		-145.308		140.83
3501		-173.614		93.7879
3502		-187.444		32.3265
3503		-176.664		-38.0445
3504		-134.865		-104.681
3505		-63.844		-151.298
3506		25.1461		-163.787
3507		114.161		-135.679
3508		184.153		-70.7094
3509		220.809		18.5983
3510		218.04		115.396
3511		177.887		203.656
3512		107.571		271.482
3513		15.9047		311.373
3514		-88.5658		318.186
3515		-196.645		287.026
3516		-295.769		213.429
3517		-368.055		96.756
3518		-391.783		-54.5439
3519		-347.367		-218.948
3520		-226.268		-362.537
3521		-39.0542		-445.997
3522		181.773		-436.627
3523		386.965		-321.2
3524		523.247		-114.301
3525		549.651		142.014
3526		451.549		388.185
3527		246.937		563.804
3528		-17.6575		625.242
3529		-280.294		558.068
3530		-481.073		380.178
3531		-577.883		135.179
3532		-555.559		-120.917
3533		-426.508		-334.623
3534		-224.117		-466.783
3535		7.54146		-498.572
3536		223.91		-431.673
3537		387.559		-284.583
3538		472.689		-87.4462
3539		467.397		123.063
3540		374.813		308.642
3541		213.348		434.716
3542		15.1694		476.625
3543		-178.364		425.817
3544		-324.824		293.945
3545		-391.129		112.422
3546		-363.26		-73.9573
3547		-251.583		-218.475
3548		-89.0787		-285.814
3549		77.7799		-262.723
3550		202.856		-162.026
3551		254.241		-18.2813
3552		223.361		123.492
3553		126.275		221.986
3554		-2.92792		251.72
3555		-123.792		209.182
3556		-201.851		111.57
3557		-217.592		-10.456
3558		-169.736		-122.786
3559		-72.9559		-197.014
3560		48.0125		-216.288
3561		165.253		-177.152
3562		253.521		-88.2526
3563		294.228		32.6285
3564		277.788		162.029
3565		204.887		274.377
3566		86.9152		345.871
3567		-54.879		358.837
3568		-192.216		306.089
3569		-294.935		194.054
3570		-337.813		43.1594
3571		-307.327		-115.506
3572		-206.116		-246.979
3573		-53.3541		-320.954
3574		119.465		-319.492
3575		276.169		-241.466
3576		384.611		-102.415
3577		423.796		69.8699
3578		387.546		242.32
3579		284.267		383.799
3580		133.687		470.646
3581		-37.8181		489.676
3582		-201.817		438.916
3583		-331.636		326.932
3584		-405.464		171.542
3585		-409.227		-1.92914
3586		-339.419		-163.319
3587		-205.363		-281.805
3588		-29.7369		-331.66
3589		153.887		-298.612
3590		306.977		-184.959
3591		394.633		-11.3065
3592		394.665		186.477
3593		304.332		365.015
3594		142.243		484.061
3595		-55.6128		516.955
3596		-244.855		457.68
3597		-384.129		322.246
3598		-445.532		144.011
3599		-420.998		-35.5584
3600		-322.986		-177.756
3601		-179.679		-255.93
3602		-26.5544		-260.716
3603		102.935		-200.251
3604		184.922		-95.9579
3605		209.22		24.2901
3606		179.469		133.421
3607		110.073		210.95
3608		21.3052		246.226
3609		-65.8938		238.946
3610		-134.261		197.483
3611		-173.04		135.836
3612		-179.145		70.0574
3613		-156.789		14.8047
3614		-115.839		-19.5016
3615		-69.2112		-28.5554
3616		-29.7082		-14.7599
3617		-6.83273		13.6764
3618		-4.3045		45.1271
3619		-19.0202		68.0175
3620		-41.9838		74.5406
3621		-61.2298		63.4859
3622		-66.0719		41.0878
3623		-51.3928		19.2761
3624		-20.4054		11.5503
3625		15.3972		27.6401
3626		39.5526		68.7992
3627		36.4571		125.658
3628		-2.13884		179.895
3629		-72.3815		209.704
3630		-157.433		197.551
3631		-231.393		137.588
3632		-267.251		39.8714
3633		-246.425		-70.6772
3634		-166.574		-160.835
3635		-44.5861		-199.444
3636		86.8372		-168.22
3637		188.4		-69.2108
3638		226.478		74.0123
3639		184.386		222.261
3640		68.7552		332.124
3641		-91.3177		369.248
3642		-252.269		319.176
3643		-368.705		192.212
3644		-406.65		20.7971
3645		-353.301		-149.66
3646		-220.458		-273.469
3647		-40.9679		-316.986
3648		140.329		-267.102
3649		278.228		-133.931
3650		338.094		52.4102
3651		303.532		249.459
3652		179.482		412.24
3653		-9.3268		502.952
3654		-223.717		498.761
3655		-417.97		396.543
3656		-548.959		213.998
3657		-585.103		-13.0974
3658		-513.667		-237.353
3659		-344.791		-409.19
3660		-110.917		-487.686
3661		138.989		-450.525
3662		349.717		-300.4
3663		472.46		-65.7663
3664		476.599		204.828
3665		357.359		453.68
3666		137.075		627.306
3667		-140.257		688.574
3668		-419.415		624.4
3669		-646.258		447.31
3670		-778.568		191.231
3671		-793.112		-96.5522
3672		-688.187		-364.706
3673		-482.387		-566.331
3674		-210.941		-665.672
3675		79.3086		-643.109
3676		336.046		-498.765
3677		509.084		-254.503
3678		559.493		46.7853
3679		469.2		346.179
3680		248.54		578.882
3681		-61.526		688.596
3682		-395.145		642.85
3683		-675.555		444.441
3684		-834.442		134.278
3685		-831.116		-216.762
3686		-665.088		-525.673
3687		-377.3		-719.786
3688		-39.0029		-756.739
3689		268.347		-635.38
3690		475.569		-394.197
3691		543.347		-98.3117
3692		469.736		180.018
3693		286.34		380.637
3694		45.9025		468.648
3695		-193.45		438.636
3696		-382.055		310.727
3697		-487.34		121.711
3698		-496.722		-84.8829
3699		-416.339		-267.138
3700		-267.754		-390.797
3701		-83.9049		-433.678
3702		95.8172		-389.208
3703		232.101		-268.768
3704		294.018		-101.325
3705		267.595		71.3911
3706		161.603		204.656
3707		7.32053		263.493
3708		-149.325		234.25
3709		-261.692		130.182
3710		-297.86		-12.0569
3711		-251.588		-144.622
3712		-144.139		-225.109
3713		-15.9078		-231.166
3714		88.8715		-167.213
3715		138.041		-60.7381
3716		121.594		49.8157
3717		52.2335		130.013
3718		-42.8228		160.759
3719		-134.226		141.722
3720		-201.044		86.6321
3721		-235.105		14.1106
3722		-238.443		-60.6494
3723		-216.846		-129.271
3724		-174.225		-187.934
3725		-111.436		-232.259
3726		-29.9609		-253.734
3727		62.5209		-240.98
3728		149.18		-185.874
3729		206.942		-91.0937
3730		215.033		25.8547
3731		165.244		135.734
3732		68.2864		207.608
3733		-48.0007		221.584
3734		-148.824		177.933
3735		-206.701		97.5346
3736		-212.968		12.7249
3737		-180.61		-47.402
3738		-136.692		-70.0786
3739		-107.959		-63.6885
3740		-106.841		-51.7309
3741		-125.141		-58.8984
3742		-138.793		-96.4359
3743		-121.425		-154.489
3744		-59.7526		-205.656
3745		37.2578		-218.165
3746		140.39		-172.045
3747		212.542		-70.0053
3748		225.247		62.5731
3749		171.005		188.477
3750		65.3123		274.665
3751		-62.2374		305.151
3752		-182.617		284.318
3753		-279.645		229.531
3754		-353.222		157.842
3755		-412.048		74.8962
3756		-460.489		-27.0299
3757		-487.92		-160.12
3758		-467.993		-325.904
3759		-370.098		-502.819
3760		-178.392		-644.851
3761		91.1414		-694.551
3762		385.391		-606.301
3763		625.518		-369.903
3764		732.273		-23.2056
3765		655.575		353.322
3766		396.072		659.486
3767		9.35246		807.434
3768		-409.333		750.584
3769		-754.007		498.519
3770		-939.502		112.969
3771		-924.367		-312.307
3772		-718.371		-679.167
3773		-374.508		-910.167
3774		28.96		-963.818
3775		408.72		-838.056
3776		692.761		-564.658
3777		830.549		-199.447
3778		798.166		187.948
3779		600.814		523.751
3780		273.72		740.342
3781		-119.929		788.431
3782		-496.952		650.108
3783		-769.86		348.703
3784		-868.595		-50.1186
3785		-762.438		-450.023
3786		-473.775		-747.89
3787		-76.6867		-863.704
3788		321.71		-766.383
3789		612.437		-485.548
3790		718.09		-103.821
3791		616.672		268.568
3792		347.216		528.174
3793		-4.57874		609.632
3794		-334.991		503.181
3795		-554.606		253.337
3796		-613.201		-59.2033
3797		-509.91		-344.587
3798		-287.473		-529.946
3799		-14.9764		-576.717
3800		233.589		-485.748
3801		398.06		-291.474
3802		443.997		-49.3945
3803		366.946		178.458
3804		190.475		336.808
3805		-40.1208		387.714
3806		-267.186		317.966
3807		-432.496		142.656
3808		-490.495		-96.3501
3809		-420.675		-338.359
3810		-235.486		-518.073
3811		19.983		-583.451
3812		278.372		-512.076
3813		468.772		-320.008
3814		538.369		-58.8594
3815		469.529		199.187
3816		285.742		383.952
3817		43.6949		449.564
3818		-185.981		388.35
3819		-342.233		231.221
3820		-392.686		34.7049
3821		-341.484		-140.043
3822		-223.686		-248.055
3823		-89.3281		-273.521
3824		15.9722		-230.86
3825		66.318		-154.782
3826		61.5407		-84.3504
3827		22.8957		-47.7451
3828		-18.5311		-53.2838
3829		-35.388		-89.0807
3830		-14.3857		-130.179
3831		39.7618		-149.489
3832		107.136		-128.219
3833		160.205		-62.5023
3834		173.181		35.2068
3835		130.304		139.612
3836		31.0892		219.459
3837		-108.395		245.946
3838		-258.349		200.82
3839		-381.689		82.4243
3840		-443.014		-91.8502
3841		-418.244		-287.814
3842		-302.435		-461.605
3843		-113.223		-570.44
3844		111.843		-584.271
3845		323.997		-494.793
3846		475.789		-318.678
3847		533.661		-93.6285
3848		486.487		131.646
3849		347.414		310.212
3850		148.799		408.216
3851		-67.4458		411.28
3852		-260.338		324.749
3853		-397.702		169.049
3854		-459.738		-26.9535
3855		-438.891		-231.703
3856		-338.124		-414.36
3857		-169.757		-546.439
3858		44.3577		-603.55
3859		272.504		-568.96
3860		474.946		-439.065
3861		609.869		-228.707
3862		643.309		27.006
3863		560.333		277.22
3864		372.963		466.658
3865		120.639		550.936
3866		-138.527		510.628
3867		-343.66		358.459
3868		-448.904		136.288
3869		-436.605		-97.5392
3870		-321.038		-285.931
3871		-141.597		-389.343
3872		51.3848		-394.851
3873		212.334		-315.493
3874		311.729		-181.539
3875		339.695		-28.4203
3876		302.373		113.322
3877		214.673		222.679
3878		93.9041		287.371
3879		-42.7887		300.474
3880		-177.292		258.256
3881		-288.461		161.509
3882		-352.678		19.7558
3883		-348.977		-144.94
3884		-267.542		-298.485
3885		-117.59		-401.724
3886		70.1638		-422.536
3887		249.406		-348.468
3888		371.607		-194.059
3889		402.173		1.25037
3890		332.792		184.802
3891		184.607		307.805
3892		0.703171		341.041
3893		-168.954		282.954
3894		-283.816		157.331
3895		-323.75		2.39862
3896		-291.09		-143.242
3897		-204.444		-251.658
3898		-88.6296		-309.714
3899		33.8148		-316.336
3900		145.943		-276.496
3901		234.579		-196.635
3902		286.672		-84.5031
3903		288.179		47.05
3904		227.969		176.029
3905		105.641		271.525
3906		-61.1812		300.73
3907		-235.434		241.219
3908		-368.202		93.266
3909		-413.998		-114.311
3910		-348.047		-329.111
3911		-178.002		-490.485
3912		55.7171		-549.806
3913		291.977		-487.495
3914		468.905		-319.7
3915		543.737		-91.9768
3916		504.749		137.02
3917		371.226		314.703
3918		182.918		408.816
3919		-15.2399		412.066
3920		-186.13		337.317
3921		-306.537		207.803
3922		-365.949		48.217
3923		-361.622		-119.357
3924		-294.712		-274.528
3925		-170.501		-395.975
3926		-2.13235		-461.39
3927		185.859		-452.22
3928		358.546		-361.772
3929		478.126		-202.152
3930		515.897		-5.08666
3931		463.326		185.652
3932		336.392		328.012
3933		170.243		395.734
3934		6.04861		386.075
3935		-123.895		317.481
3936		-205.671		218.525
3937		-243.494		114.062
3938		-250.564		15.9358
3939		-236.768		-76.9716
3940		-200.733		-169.937
3941		-131.255		-260.557
3942		-17.6782		-331.659
3943		136.713		-354.359
3944		306.604		-301.023
3945		447.946		-161.922
3946		512.846		43.4637
3947		469.794		267.575
3948		319.509		449.449
3949		98.1273		537.075
3950		-134.591		507.345
3951		-317.083		374.357
3952		-407.941		182.372
3953		-398.207		-12.8162
3954		-309.248		-164.939
3955		-178.715		-250.971
3956		-42.7927		-272.2
3957		76.0287		-244.291
3958		170.379		-183.658
3959		239.974		-98.7001
3960		280.999		9.23997
3961		280.999		136.81
3962		223.67		268.482
3963		101.391		373.443
3964		-72.1589		413.806
3965		-258.114		361.514
3966		-401.953		215.454
3967		-453.826		8.89561
3968		-390.561		-198.481
3969		-228.282		-341.93
3970		-18.553		-377.136
3971		171.115		-297.938
3972		283.654		-137.777
3973		293.5		45.6782
3974		212.831		195.053
3975		81.0449		274.984
3976		-56.0089		281.079
3977		-165.836		233.289
3978		-238.281		159.132
3979		-280.469		77.2262
3980		-302.599		-9.44408
3981		-304.494		-107.377
3982		-272.005		-218.364
3983		-186.145		-327.139
3984		-39.8176		-399.978
3985		148.192		-397.065
3986		331.602		-293.166
3987		450.622		-95.601
3988		456.108		151.078
3989		332.315		377.867
3990		106.609		516.682
3991		-159.314		526.65
3992		-392.897		408.927
3993		-537.722		203.327
3994		-571.421		-30.7285
3995		-506.951		-238.748
3996		-378.614		-388.923
3997		-221.961		-475.347
3998		-59.167		-507.448
3999		102.694		-494.086
4000		261.24		-433.263
4001		404.576		-314.39
4002		504.099		-131.895
4003		521.054		98.6483
4004		425.148		333.233
4005		215.627		508.088
4006		-67.6303		562.617
4007		-351.201		466.395
4008		-552.439		236.56
4009		-610.784		-64.1674
4010		-511.523		-349.268
4011		-290.7		-540.546
4012		-18.9646		-595.877
4013		227.527		-520.182
4014		395.045		-355.845
4015		466.337		-159.094
4016		455.972		24.6452
4017		392.209		174.056
4018		297.269		288.795
4019		177.672		374.48
4020		29.442		426.973
4021		-146.376		427.052
4022		-329.058		349.854
4023		-475.439		184.065
4024		-533.357		-50.8324
4025		-465.86		-301.013
4026		-273.678		-493.266
4027		-3.02216		-563.156
4028		267.337		-483.244
4029		455.203		-277.173
4030		507.202		-11.918
4031		418.979		228.817
4032		234.016		377.656
4033		22.241		407.703
4034		-150.589		337.201
4035		-247.812		214.166
4036		-269.999		90.3317
4037		-244.513		-1.69977
4038		-204.316		-57.1557
4039		-168.738		-91.2112
4040		-136.552		-121.343
4041		-93.8408		-151.6
4042		-30.2952		-168.459
4043		47.1344		-150.467
4044		112.451		-85.322
4045		132.577		16.5909
4046		86.5176		121.331
4047		-19.484		185.038
4048		-150.266		175.381
4049		-255.657		89.225
4050		-293.403		-43.479
4051		-249.276		-172.348
4052		-143.776		-249.619
4053		-21.8538		-251.82
4054		68.9202		-189.002
4055		100.283		-97.2087
4056		74.1035		-18.7667
4057		17.1638		18.7064
4058		-36.2656		13.4828
4059		-63.8009		-14.1805
4060		-65.446		-37.7618
4061		-59.8403		-42.2927
4062		-69.1864		-33.7338
4063		-102.237		-34.5323
4064		-145.72		-68.1212
4065		-169.625		-141.6
4066		-143.728		-237.003
4067		-56.1681		-316.784
4068		76.5112		-341.16
4069		213.878		-288.225
4070		308.781		-166.05
4071		328.362		-10.2635
4072		268.101		131.592
4073		151.942		220.652
4074		19.1726		241.627
4075		-94.3332		204.896
4076		-170.283		135.933
4077		-210.518		59.1079
4078		-227.898		-14.433
4079		-232.172		-88.0757
4080		-220.182		-170.252
4081		-176.832		-260.794
4082		-86.5864		-342.394
4083		51.3706		-383.542
4084		213.838		-352.581
4085		356.84		-235.756
4086		431.255		-49.2508
4087		403.643		162.058
4088		271.924		339.584
4089		67.8868		432.948
4090		-154.737		418.402
4091		-340.616		305.335
4092		-451.604		128.736
4093		-475.527		-67.2547
4094		-422.456		-245.56
4095		-312.879		-384.222

 
--------------------------------------


