Compute Correlation 
 
0		-307.252		503.5
1		-466.149		266.953
2		-495.465		-9.69266
3		-397.866		-261.776
4		-204.16		-438.945
5		40.6828		-513.953
6		290.984		-481.556
7		507.804		-351.661
8		659.639		-142.926
9		720.234		118.967
10		668.92		398.685
11		496.65		648.815
12		216.079		813.367
13		-130.313		840.158
14		-471.218		699.559
15		-720.55		402.069
16		-802.335		5.48242
17		-678.06		-394.459
18		-365.348		-689.407
19		60.944		-791.946
20		487.56		-665.249
21		796.01		-337.51
22		898.673		104.611
23		765.274		541.378
24		431.055		855.248
25		-15.1012		964.074
26		-457.401		842.068
27		-785.274		523.46
28		-921.19		89.9309
29		-837.393		-352.607
30		-559.113		-700.57
31		-155.667		-876.159
32		277.048		-843.456
33		638.516		-615.069
34		846.026		-248.746
35		853.623		165.546
36		663.685		526.267
37		327.658		745
38		-65.7005		769.537
39		-413.003		598.729
40		-624.42		283.707
41		-649.129		-86.255
42		-489.624		-409.808
43		-199.64		-603.504
44		133.95		-625.736
45		419.09		-486.573
46		586.532		-240.574
47		608.319		34.0277
48		501.21		261.591
49		315.459		391.234
50		114.663		407.946
51		-45.105		330.622
52		-129.849		200.128
53		-132.495		63.4503
54		-68.9658		-40.0886
55		30.7635		-87.0139
56		132.484		-71.9287
57		205.793		-5.58427
58		229.789		89.1175
59		196.993		182.175
60		115.754		242.788
61		10.2059		247.194
62		-83.9762		187.081
63		-128.97		75.7244
64		-97.9855		-51.8402
65		12.0238		-147.117
66		173.885		-164.098
67		334.599		-77.9567
68		431.261		101.014
69		413.971		325.235
70		267.176		522.358
71		20.2898		619.33
72		-258.008		569.46
73		-480.981		371.846
74		-573.193		75.0045
75		-496.99		-237.367
76		-266.038		-473.377
77		58.9691		-562.565
78		390.227		-477.349
79		640.321		-239.257
80		747.11		90.7352
81		688.046		432.474
82		481.085		709.154
83		174.777		864.653
84		-166.635		871.982
85		-477.379		733.532
86		-700.476		476.583
87		-794.398		147.49
88		-738.051		-194.103
89		-535.502		-482.14
90		-219.585		-654.097
91		148.758		-664.48
92		488.788		-499.215
93		716.99		-185.549
94		769.593		208.351
95		623.559		587.09
96		307.745		852.842
97		-101.495		933.914
98		-500.472		807.119
99		-787.984		505.539
100		-894.637		108.493
101		-801.544		-282.736
102		-542.479		-574.573
103		-190.023		-705.916
104		167.921		-660.416
105		452.239		-464.261
106		609.668		-173.041
107		619.421		145.588
108		490.761		427.057
109		255.858		619.641
110		-37.8424		689.301
111		-333.957		622.291
112		-573.333		427.7
113		-702.4		139.61
114		-684.739		-184.066
115		-513.682		-469.603
116		-220.703		-643.642
117		126.204		-654.492
118		437.209		-491.433
119		625.964		-193.537
120		637.663		157.745
121		469.207		461.912
122		172.68		631.453
123		-160.561		620.966
124		-430.099		442.098
125		-559.848		158.313
126		-522.013		-138.451
127		-342.914		-359.982
128		-89.4353		-450.342
129		157.371		-400.405
130		330.427		-244.362
131		395.832		-41.747
132		357.324		146.188
133		246.932		275.925
134		108.179		330.554
135		-20.0582		317.264
136		-113.069		257.601
137		-161.711		176.633
138		-168.311		95.7683
139		-141.444		30.5133
140		-92.8125		-8.81836
141		-36.578		-16.553
142		10.9633		6.95279
143		33.9432		52.8827
144		22.412		103.404
145		-21.4407		135.69
146		-80.4398		130.668
147		-126.393		83.2068
148		-131.085		8.28339
149		-80.2907		-61.528
150		15.9447		-88.0907
151		122.918		-45.0853
152		192.831		67.0614
153		184.548		216.461
154		83.1824		348.962
155		-89.7163		408.576
156		-280.937		360.843
157		-424.327		208.876
158		-465.963		-5.31342
159		-385.186		-215.185
160		-202.663		-353.779
161		27.5164		-377.436
162		237.737		-279.633
163		369.899		-90.2886
164		392.343		137.496
165		305.162		346.242
166		134.289		490.256
167		-80.5109		543.843
168		-297.192		501.163
169		-478.264		371.519
170		-592.822		174.932
171		-617.091		-59.2947
172		-537.241		-292.184
173		-355.64		-476.789
174		-97.6892		-565.671
175		186.223		-524.431
176		428.346		-346.898
177		561.246		-64.5639
178		540.331		256.308
179		362.158		531.698
180		69.7122		686.074
181		-259.2		677.942
182		-537.009		514.062
183		-695.186		246.141
184		-705.234		-48.6592
185		-583.762		-295
186		-380.78		-442.973
187		-157.755		-478.953
188		34.1791		-421.117
189		166.745		-304.287
190		234.366		-163.039
191		244.639		-21.4085
192		207.043		107.414
193		127.113		214.17
194		8.90179		286.186
195		-137.256		305.98
196		-288.344		257.896
197		-409.711		139.17
198		-465.16		-31.671
199		-431.913		-215.461
200		-312.652		-363.721
201		-137.606		-436.247
202		45.4681		-416.622
203		189.186		-317.872
204		263.783		-175.424
205		265.476		-31.0594
206		212.43		83.7913
207		131.53		157.033
208		43.9108		193.395
209		-42.4863		203.292
210		-129.611		190.836
211		-218.211		149.114
212		-296.92		66.2567
213		-339.795		-61.0658
214		-315.808		-215.31
215		-206.475		-355.849
216		-22.1086		-430.807
217		193.42		-398.952
218		374.355		-251.303
219		457.612		-20.8799
220		409.394		225.85
221		241.005		413.383
222		5.64697		486.784
223		-222.915		432.791
224		-380.023		282.617
225		-434.241		95.5768
226		-395.006		-67.974
227		-301.387		-170.912
228		-199.037		-209.45
229		-118.005		-205.54
230		-62.7766		-187.503
231		-18.6201		-170.729
232		30.9565		-149.559
233		86.9472		-104.6
234		128.734		-20.5688
235		123.452		96.5065
236		46.0094		213.851
237		-101.627		282.9
238		-283.54		261.969
239		-440.688		138.948
240		-515.212		-58.4291
241		-476.451		-271.086
242		-335.459		-432.562
243		-140.438		-496.919
244		44.7798		-456.92
245		168.434		-343.799
246		211.008		-209.414
247		188.365		-100.543
248		137.505		-38.7062
249		93.598		-15.3903
250		71.1458		-3.92385
251		59.229		19.7897
252		32.6264		59.9568
253		-28.3284		96.932
254		-121.055		98.7546
255		-217.17		41.4897
256		-274.576		-73.3353
257		-258.887		-214.369
258		-162.614		-332.151
259		-11.631		-381.128
260		144.736		-340.593
261		254.913		-223.846
262		286.687		-71.2409
263		238.483		68.6344
264		135.514		159.457
265		14.2768		188.932
266		-95.2125		166.912
267		-179.605		112.867
268		-240.204		41.4958
269		-281.726		-44.3221
270		-300.444		-149.118
271		-280.542		-272.408
272		-202.313		-397.169
273		-58.0963		-488.236
274		133.763		-504.116
275		326.742		-417.573
276		459.717		-234.272
277		481.566		1.57153
278		375.279		219.622
279		169.136		349.799
280		-71.7269		350.79
281		-270.435		227.113
282		-368.782		26.3816
283		-348.75		-181.946
284		-235.358		-335.954
285		-80.4763		-404.633
286		63.3801		-394.6
287		165.67		-338.358
288		225.886		-271.848
289		264.338		-214.082
290		302.335		-159.826
291		343.922		-88.5747
292		370.029		16.1887
293		348.642		149.23
294		255.424		278.26
295		93.1176		355.178
296		-101.642		338.783
297		-268.991		217.331
298		-349.691		19.0012
299		-310.874		-195.747
300		-161.263		-356.86
301		51.342		-411.937
302		258.831		-345.607
303		398.68		-182.857
304		435.169		23.7827
305		367.401		215.816
306		222.782		348.562
307		41.6699		401.033
308		-137.893		374.065
309		-288.336		281.157
310		-392.096		139.423
311		-436.551		-33.7839
312		-410.755		-218.061
313		-308.235		-385.434
314		-135.072		-500.359
315		82.3598		-527.854
316		296.929		-447.829
317		451.362		-268.698
318		497.573		-31.9226
319		416.69		197.308
320		229.93		351.364
321		-6.10498		384.995
322		-219.026		292.655
323		-347.198		110.171
324		-361.646		-100.289
325		-273.793		-275.158
326		-126.219		-373.014
327		28.3798		-386.437
328		149.583		-337.893
329		222.609		-263.235
330		257.419		-192.071
331		275.836		-135.002
332		294.721		-83.3715
333		314.635		-20.2411
334		319.728		64.5099
335		288.211		163.777
336		207.069		253.281
337		82.6779		301.922
338		-58.4751		286.744
339		-179.306		204.608
340		-246.869		74.7284
341		-244.927		-68.7728
342		-178.581		-190.047
343		-69.7172		-263.735
344		53.2638		-280.792
345		165.568		-246.512
346		251.177		-173.663
347		301.903		-75.7777
348		313.053		35.3839
349		280.241		147.658
350		200.626		244.608
351		78.3574		304.49
352		-69.5294		304.954
353		-211.783		232.651
354		-309.336		93.1178
355		-328.365		-85.0152
356		-254.768		-255.453
357		-103.026		-368.674
358		85.6961		-389.965
359		256.62		-313.249
360		360.69		-164.252
361		372.091		8.78089
362		296.528		153.026
363		167.006		229.981
364		29.4712		227.451
365		-74.9373		160.198
366		-123.337		60.1853
367		-115.175		-38.1446
368		-66.6901		-110.508
369		0.0614624		-148.196
370		67.5021		-155.312
371		127.363		-141.015
372		178.853		-111.958
373		222.733		-69.1639
374		255.806		-10.4517
375		269.558		63.9178
376		253.845		146.502
377		203.334		222.274
378		122.67		273.303
379		27.0459		286.194
380		-62.5952		258.285
381		-127.464		199.182
382		-157.948		126.737
383		-156.252		59.5281
384		-133.537		9.7124
385		-103.376		-20.206
386		-75.201		-35.4164
387		-51.22		-43.2249
388		-28.1774		-47.3439
389		-2.53653		-45.4475
390		24.2849		-31.4075
391		44.0075		-0.861866
392		44.4049		43.2263
393		15.7783		88.51
394		-42.3743		116.394
395		-118.185		109.307
396		-189.794		58.7928
397		-232.597		-29.4618
398		-228.312		-136.149
399		-171.934		-234.312
400		-73.72		-298.199
401		44.3116		-311.325
402		155.498		-270.755
403		236.151		-186.604
404		270.922		-77.9091
405		254.779		32.7845
406		192.208		123.965
407		95.2723		177.981
408		-18.1537		182.694
409		-125.821		133.131
410		-203.201		33.6974
411		-227.458		-99.7871
412		-183.497		-240.099
413		-70.5515		-352.53
414		93.6101		-403.119
415		273.816		-369.329
416		425.222		-249.364
417		506.077		-65.9129
418		491.348		138.251
419		381.967		312.209
420		205.714		412.536
421		8.89647		416.932
422		-158.297		330.693
423		-257.305		183.708
424		-271.86		19.4415
425		-210.272		-119.5
426		-99.4037		-203.63
427		26.3242		-222.545
428		136.011		-183.552
429		209.349		-105.096
430		238.144		-8.88684
431		223.558		85.7561
432		172.048		163.855
433		92.7786		213.985
434		-2.51312		227.19
435		-98.3868		197.733
436		-175.702		126.055
437		-214.667		22.2154
438		-200.87		-93.045
439		-131.968		-191.759
440		-21.5022		-246.63
441		102.969		-240.69
442		207.777		-174.512
443		264.452		-67.3318
444		259.833		49.0557
445		200.573		141.475
446		109.973		187.028
447		18.5162		180.337
448		-47.6925		133.48
449		-75.5839		69.1261
450		-67.4504		10.4062
451		-36.6742		-27.7073
452		0.319412		-41.9011
453		31.5699		-38.1156
454		53.031		-25.4578
455		66.9697		-10.2464
456		77.1536		6.55861
457		84.2538		27.5771
458		84.4204		54.5896
459		71.8358		84.6944
460		43.481		109.806
461		2.90491		120.116
462		-39.7162		109.604
463		-71.749		80.2326
464		-84.4089		42.0287
465		-77.6194		8.50928
466		-60.3848		-10.3104
467		-46.0312		-13.4827
468		-44.6031		-9.91359
469		-56.5329		-13.4893
470		-71.3209		-34.8063
471		-72.4559		-73.8656
472		-46.4513		-117.911
473		8.53996		-146.117
474		79.182		-139.306
475		140.789		-90.0965
476		167.2		-8.43199
477		142.293		80.5032
478		67.8004		145.337
479		-36.1953		160.573
480		-138.246		116.353
481		-206.784		21.8643
482		-220.686		-98.566
483		-175.038		-214.336
484		-80.5724		-298.195
485		41.673		-332.85
486		167.228		-312.941
487		273.543		-243.354
488		342.643		-136.298
489		361.987		-9.19907
490		325.453		116.238
491		235.643		215.257
492		106.762		263.532
493		-34.3611		243.627
494		-151.792		152.762
495		-209.41		8.22305
496		-183.08		-153.442
497		-71.3575		-285.111
498		100.481		-343.712
499		286.088		-305.505
500		432.266		-175.652
501		496.649		12.3975
502		461.831		207.927
503		340.25		360.099
504		168.155		434.268
505		-8.31837		421.134
506		-148.73		335.835
507		-229.233		208.739
508		-245.311		73.0572
509		-207.089		-44.9861
510		-131.25		-129.977
511		-34.3993		-175.415
512		69.2293		-179.391
513		166.155		-141.836
514		241.212		-65.4657
515		277.803		40.5591
516		262.361		157.694
517		191.3		259.329
518		76.4152		317.62
519		-55.3374		313.614
520		-169.11		245.918
521		-234.154		133.133
522		-235.297		8.01994
523		-178.432		-94.5311
524		-87.2544		-150.396
525		7.26474		-154.053
526		79.5577		-117.93
527		118.267		-64.1217
528		127.34		-13.1198
529		119.763		24.5778
530		108.078		50.0421
531		97.2723		70.736
532		83.8329		92.4244
533		60.935		113.458
534		26.0135		125.031
535		-14.4406		117.225
536		-46.3087		86.9579
537		-55.0956		42.606
538		-34.873		1.85274
539		6.59964		-16.6866
540		50.189		-3.62225
541		74.5577		35.173
542		67.4772		80.5948
543		32.9322		109.938
544		-10.3831		109.217
545		-38.9554		81.3648
546		-37.713		45.3708
547		-9.39815		26.206
548		25.5069		40.5581
549		38.9462		86.0531
550		10.6577		140.203
551		-59.2956		170.375
552		-147.794		150.182
553		-217.821		74.0382
554		-235.44		-37.8109
555		-186.285		-146.776
556		-83.3054		-212.605
557		38.1905		-211.213
558		135.789		-145.031
559		178.033		-41.0839
560		156.613		61.8157
561		87.3036		130.019
562		0.135101		147.787
563		-75.3501		120.165
564		-121.933		65.856
565		-138.104		5.1505
566		-132.559		-49.8992
567		-114.382		-97.8676
568		-85.5651		-142.543
569		-40.6351		-184.136
570		26.537		-213.538
571		113.367		-214.11
572		203.182		-170.769
573		268.374		-81.3511
574		281.688		36.7527
575		230.277		149.619
576		124.905		219.301
577		-1.33882		220.28
578		-105.199		151.739
579		-150.975		39.1701
580		-125.374		-75.893
581		-42.3183		-153.289
582		64.4624		-170.424
583		157.103		-129.633
584		209.611		-53.7354
585		216.497		27.1224
586		190.513		90.0355
587		151.902		127.785
588		115.827		147.473
589		85.1543		161.281
590		52.2512		175.584
591		7.99476		185.281
592		-48.0367		176.849
593		-102.933		138.299
594		-134.852		69.9294
595		-124.544		-11.0229
596		-67.7006		-75.4544
597		19.1484		-95.3861
598		103.269		-58.3605
599		149.399		24.4913
600		135.952		121.475
601		65.5881		193.553
602		-35.3643		211.529
603		-128.562		168.797
604		-180.69		83.4645
605		-177.563		-10.9805
606		-128.6		-81.5452
607		-59.9986		-110.154
608		-0.66333		-99.699
609		31.6505		-69.3761
610		37.0874		-42.5388
611		30.5424		-33.8885
612		31.1298		-42.6866
613		50.4662		-55.0333
614		86.1369		-53.2413
615		123.488		-26.6824
616		144.185		21.9179
617		136.4		77.8831
618		100.952		122.415
619		50.3275		142.136
620		1.64497		135.009
621		-32.0695		109.686
622		-47.2788		79.2504
623		-49.2578		53.4878
624		-46.3299		34.3822
625		-43.0166		17.3763
626		-36.6318		-2.74007
627		-19.6358		-25.3616
628		13.5942		-41.5336
629		59.8398		-37.5737
630		104.676		-3.31575
631		127		59.602
632		108.872		134.513
633		45.791		194.271
634		-48.1945		212.186
635		-143.88		174.349
636		-207.884		87.2521
637		-216.389		-23.3405
638		-165.251		-122.125
639		-71.7437		-178.24
640		32.8025		-177.125
641		115.872		-125.022
642		156.123		-44.5387
643		149.82		36.0247
644		109.119		94.1988
645		54.0452		120.454
646		2.77735		118.34
647		-34.8988		98.8058
648		-58.3849		72.6145
649		-72.0692		45.1494
650		-79.467		16.0291
651		-79.5258		-17.0997
652		-67.2124		-53.5939
653		-37.7263		-87.1416
654		8.53493		-107.266
655		63.5566		-104.263
656		113.593		-74.7164
657		144.582		-24.3362
658		148.249		33.6442
659		125.625		83.7955
660		86.1649		114.771
661		43.0401		123.3
662		7.24286		114.011
663		-16.3534		95.5393
664		-29.0988		75.39
665		-35.2332		56.5768
666		-37.4779		37.8283
667		-34.4581		16.9492
668		-21.6757		-5.03264
669		4.47537		-21.8341
670		42.1225		-23.7027
671		81.7935		-2.4494
672		108.591		42.8984
673		108.137		103.112
674		73.5524		160.561
675		9.89882		195.491
676		-66.4382		194.078
677		-133.513		154.474
678		-172.253		87.8969
679		-173.732		14.1697
680		-141.981		-46.2216
681		-91.2538		-79.8574
682		-39.2807		-84.4464
683		0.0821991		-67.6931
684		21.3849		-42.0358
685		27.5081		-18.2423
686		25.6445		-1.14565
687		21.9556		10.6008
688		17.9776		21.1558
689		10.6533		32.8604
690		-4.29093		43.2538
691		-27.8175		45.595
692		-54.7508		32.6902
693		-74.5593		1.89104
694		-75.6584		-41.6178
695		-51.1599		-85.3122
696		-3.10519		-113.717
697		57.1239		-114.754
698		112.646		-85.0476
699		147.497		-31.6325
700		152.697		30.7423
701		129.229		85.4145
702		86.7832		119.991
703		39.1176		130.166
704		-1.54494		119.728
705		-28.4654		97.2712
706		-41.1295		71.6296
707		-43.0149		48.4575
708		-38.1174		29.4688
709		-28.4154		14.2138
710		-13.6695		2.84113
711		6.57736		-2.17542
712		30.3213		3.37186
713		51.7267		22.7221
714		62.3233		54.9319
715		54.5164		93.2357
716		25.7033		126.347
717		-19.2815		142.499
718		-68.978		134.448
719		-109.349		102.976
720		-129.33		57.0013
721		-125.262		10.0491
722		-102.057		-25.337
723		-70.4928		-42.5909
724		-42.0035		-43.1302
725		-23.5573		-34.4783
726		-15.1768		-25.5877
727		-11.2495		-21.8673
728		-4.79595		-22.5441
729		7.70063		-21.7276
730		23.595		-12.5509
731		35.0704		7.91054
732		33.3918		35.7162
733		14.1945		60.8975
734		-19.0581		71.8407
735		-55.4561		61.0906
736		-80.9182		29.6076
737		-84.3891		-12.7935
738		-62.9459		-51.2013
739		-23.2941		-71.831
740		21.0775		-67.7426
741		55.6638		-41.3578
742		70.8089		-2.72133
743		64.907		35.4114
744		43.6499		63.0649
745		16.1019		76.397
746		-10.0479		77.5102
747		-31.4638		71.3003
748		-48.9639		61.4993
749		-64.6431		48.3745
750		-78.388		29.4395
751		-86.1913		2.65237
752		-81.58		-30.0034
753		-59.5756		-61.0196
754		-20.9642		-79.3161
755		25.7642		-75.0509
756		66.3623		-44.9379
757		86.1579		4.81231
758		76.3747		59.7704
759		38.3292		102.527
760		-16.6731		119.569
761		-71.8246		106.551
762		-111.571		69.503
763		-127.423		21.5143
764		-120.165		-23.2891
765		-97.7186		-55.4071
766		-70.1572		-72.5753
767		-44.729		-78.4017
768		-23.4955		-78.2992
769		-4.55075		-75.3657
770		14.3493		-68.7025
771		32.2896		-55.0742
772		44.2401		-32.7208
773		43.4668		-4.75749
774		26.0325		20.264
775		-5.3104		31.451
776		-40.404		20.9553
777		-65.0634		-11.2225
778		-67.1798		-55.8156
779		-42.5291		-97.3989
780		2.78429		-120.76
781		54.6789		-117.459
782		97.2012		-89.2898
783		119.362		-46.9016
784		119.288		-4.35649
785		103.703		27.5042
786		83.2308		45.4345
787		66.2329		53.741
788		54.5905		60.1089
789		43.6916		69.8417
790		26.491		81.8987
791		-0.802994		89.0619
792		-34.7945		82.2162
793		-65.1572		56.361
794		-79.1928		14.9261
795		-68.3833		-30.1992
796		-33.4454		-63.2269
797		14.8941		-71.4398
798		59.965		-51.0623
799		86.0964		-9.07401
800		85.0135		39.8856
801		58.6275		79.8518
802		17.1214		99.8801
803		-26.3143		97.3714
804		-61.1421		77.1451
805		-82.6651		47.3589
806		-91.5196		14.952
807		-90.4585		-16.7596
808		-80.902		-47.2586
809		-61.6637		-75.808
810		-30.7093		-98.6705
811		11.2637		-108.85
812		57.982		-99.0362
813		97.8167		-66.2942
814		117.679		-15.7124
815		108.958		39.5406
816		72.4253		82.458
817		19.238		99.0518
818		-32.9144		84.5201
819		-66.9522		45.5389
820		-73.4408		-2.64003
821		-54.0669		-42.9534
822		-19.8903		-63.8168
823		14.6117		-63.3476
824		38.5364		-48.5751
825		48.9741		-30.357
826		50.7305		-16.9591
827		51.8402		-9.85606
828		57.6442		-3.95753
829		66.917		8.07323
830		72.2977		30.0562
831		64.792		58.5418
832		39.7719		83.3877
833		0.993568		92.5385
834		-39.8004		78.4935
835		-67.7229		42.9386
836		-71.6163		-3.05647
837		-49.4103		-43.5216
838		-9.20174		-64.5139
839		34.4427		-59.9963
840		66.9782		-33.7957
841		79.8177		3.09412
842		72.8365		38.1567
843		52.5531		62.8174
844		27.4597		74.9485
845		3.39304		77.4861
846		-18.4378		74.4934
847		-39.9076		67.3862
848		-62.2347		53.7789
849		-82.7019		29.6881
850		-94.2128		-6.30948
851		-88.3326		-49.687
852		-60.2897		-89.7644
853		-13.0721		-113.346
854		41.9668		-110.613
855		88.783		-80.25
856		113.063		-30.9931
857		108.292		21.4409
858		78.4422		60.6877
859		35.9623		76.28
860		-3.86411		67.265
861		-29.3065		41.3209
862		-36.1966		10.1496
863		-27.8442		-16.2167
864		-11.4058		-33.196
865		6.90143		-41.7918
866		24.9044		-45.5082
867		44.2483		-46.285
868		67.2544		-42.1423
869		93.0605		-28.1015
870		115.697		0.0957184
871		125.635		41.7239
872		114.283		88.9984
873		79.0941		128.809
874		26.3758		147.783
875		-29.999		138.295
876		-73.6859		102.346
877		-92.435		51.2492
878		-82.9665		1.13355
879		-51.8312		-33.5837
880		-11.9561		-45.6239
881		23.2662		-36.6808
882		45.3539		-15.0736
883		53.0428		9.23393
884		50.7347		29.4746
885		44.373		44.3039
886		37.2935		56.5276
887		28.4266		69.4382
888		13.7517		83.1446
889		-10.002		93.1891
890		-41.7115		92.3652
891		-74.5434		74.7928
892		-97.949		39.9874
893		-102.116		-5.40177
894		-82.6575		-49.3005
895		-43.1529		-78.6842
896		5.7752		-84.7155
897		50.4083		-66.1304
898		79.0219		-29.3925
899		85.7844		14.2464
900		71.8872		53.187
901		43.793		79.2972
902		9.87342		89.5455
903		-22.7122		85.1995
904		-49.4955		69.5973
905		-68.2718		46.0641
906		-77.6375		17.1593
907		-75.8669		-14.5901
908		-61.1164		-45.3455
909		-32.9594		-69.3095
910		5.72407		-79.67
911		47.8831		-71.0356
912		83.3966		-42.2644
913		102.058		1.83779
914		97.3019		51.0657
915		69.0078		92.6882
916		24.0538		115.6
917		-25.7515		114.062
918		-67.5431		89.4988
919		-91.5113		49.6935
920		-93.656		5.84362
921		-76.273		-31.215
922		-46.2829		-54.1071
923		-12.3669		-60.3126
924		17.8048		-51.6895
925		39.2569		-32.7442
926		49.9805		-8.65307
927		50.1559		16.1141
928		41.0606		38.2212
929		24.3314		55.1635
930		1.86806		64.7832
931		-23.8006		65.1265
932		-49.1489		54.8556
933		-69.7428		34.0336
934		-80.9765		4.83416
935		-79.2913		-28.2906
936		-63.4373		-59.236
937		-35.2618		-81.5851
938		0.343407		-90.28
939		36.4177		-83.0932
940		65.5923		-61.4074
941		81.9656		-30.0229
942		82.6399		3.98789
943		68.4601		33.0643
944		43.738		51.0624
945		15.052		54.7305
946		-10.4944		44.3389
947		-27.0174		23.3344
948		-31.0896		-2.78942
949		-22.1738		-27.9703
950		-2.27362		-46.9059
951		24.9039		-55.8755
952		54.8599		-52.9798
953		82.9743		-37.9908
954		104.865		-12.128
955		116.614		22.0155
956		115.137		60.4151
957		98.8459		97.6901
958		68.4667		127.642
959		27.6122		144.412
960		-17.3788		144.043
961		-58.5809		125.91
962		-88.4175		93.3392
963		-101.762		53.0096
964		-97.3984		13.1924
965		-78.2201		-18.5501
966		-50.0932		-37.3329
967		-19.8796		-41.8404
968		6.51362		-33.9104
969		25.2787		-17.1957
970		34.7408		4.30775
971		34.5969		27.1263
972		25.0809		48.2796
973		6.73721		64.6878
974		-18.9833		72.7501
975		-48.7406		68.7638
976		-76.7792		50.333
977		-95.6246		18.197
978		-98.1624		-22.5553
979		-80.4474		-62.854
980		-44.0016		-91.9055
981		3.63723		-100.708
982		50.6849		-85.455
983		84.7386		-49.3313
984		96.8991		-1.80005
985		84.7262		44.4388
986		52.8302		77.6264
987		10.94		90.5765
988		-29.6399		82.3848
989		-59.6411		57.7517
990		-74.1047		24.521
991		-72.6738		-9.26936
992		-58.2487		-37.5325
993		-35.0343		-56.8002
994		-7.0815		-65.6173
995		22.1039		-63.4992
996		49.0838		-50.3593
997		69.9003		-26.8324
998		80.1725		4.79775
999		76.1836		39.8623
1000		56.5525		71.5585
1001		23.5926		92.4598
1002		-16.5277		96.8228
1003		-55.1649		82.701
1004		-83.6976		52.8646
1005		-96.1361		14.0454
1006		-90.7683		-25.1935
1007		-70.2294		-57.0455
1008		-40.1336		-76.4443
1009		-7.02625		-81.7707
1010		23.3882		-74.2876
1011		47.1087		-56.9015
1012		61.7519		-33.0437
1013		66.011		-6.18886
1014		59.3128		20.0044
1015		42.0524		41.4157
1016		16.2734		53.6408
1017		-13.7684		52.9124
1018		-41.7891		37.5251
1019		-60.7013		9.08867
1020		-64.6034		-27.1313
1021		-50.7846		-63.1765
1022		-20.8899		-90.4588
1023		19.2959		-102.197
1024		61.3998		-95.3219
1025		96.7586		-71.1892
1026		118.624		-34.9498
1027		123.579		6.03668
1028		111.888		44.0929
1029		86.9373		72.8152
1030		54.1774		88.0608
1031		19.9748		88.3429
1032		-9.43348		74.8179
1033		-28.865		51.0125
1034		-35.0366		22.2959
1035		-27.2569		-4.99036
1036		-7.74422		-24.7562
1037		18.6924		-32.5444
1038		45.7058		-26.662
1039		66.981		-8.61691
1040		77.8299		17.372
1041		76.236		45.6478
1042		62.9962		70.6776
1043		41.0124		88.2949
1044		14.1661		96.2139
1045		-13.6496		93.8153
1046		-38.9596		81.5861
1047		-58.6176		60.7314
1048		-69.6018		33.2667
1049		-69.1923		2.46957
1050		-55.7792		-26.8051
1051		-30.0631		-48.5241
1052		4.01448		-56.8463
1053		39.3518		-48.1517
1054		67.1583		-22.9053
1055		79.5312		13.6058
1056		72.2222		52.26
1057		46.4306		82.6793
1058		8.76565		96.5116
1059		-30.7365		90.1459
1060		-61.8175		65.7757
1061		-77.1731		30.4138
1062		-74.3884		-6.66833
1063		-56.006		-36.9755
1064		-27.9221		-55.0948
1065		3.01518		-59.5095
1066		31.1171		-51.8983
1067		52.9006		-35.5605
1068		66.9228		-13.8796
1069		72.8669		10.4722
1070		70.6276		35.4145
1071		60.0005		58.7915
1072		41.1215		77.804
1073		15.3199		89.0735
1074		-14.2259		89.4661
1075		-42.5512		77.3545
1076		-63.853		53.7133
1077		-73.0516		22.4885
1078		-67.3987		-10.0233
1079		-47.5318		-36.6426
1080		-17.5881		-51.1626
1081		15.6738		-50.0167
1082		44.4807		-33.2777
1083		61.9336		-4.73182
1084		63.693		28.969
1085		49.0554		59.8583
1086		21.1646		80.5396
1087		-13.706		85.9614
1088		-47.6542		74.6399
1089		-73.0745		48.9965
1090		-84.5046		14.6886
1091		-79.8732		-20.8929
1092		-60.7916		-50.5187
1093		-31.8439		-68.8247
1094		0.824619		-73.3259
1095		31.0934		-64.5223
1096		54.1017		-45.2412
1097		66.8442		-19.6296
1098		68.1787		7.75344
1099		58.5555		32.4961
1100		39.8079		50.608
1101		15.1286		58.7923
1102		-10.9397		54.9774
1103		-32.8681		39.1008
1104		-45.1298		13.7968
1105		-43.7262		-15.5478
1106		-27.7359		-41.7582
1107		-0.142635		-57.7845
1108		32.6404		-58.9497
1109		62.5875		-44.6027
1110		82.6041		-18.3864
1111		88.7539		13.0907
1112		81.21		42.6374
1113		63.5524		64.8532
1114		40.839		77.4353
1115		17.4837		80.9244
1116		-3.97769		77.2323
1117		-22.6942		67.9408
1118		-38.1936		53.4498
1119		-48.9591		33.5109
1120		-51.9881		8.7962
1121		-43.8641		-17.5671
1122		-22.9342		-39.6821
1123		8.60251		-50.3707
1124		44.0388		-44.0308
1125		73.6567		-19.5464
1126		87.9981		18.2895
1127		81.5321		59.7663
1128		55.0118		93.4324
1129		15.3685		110.124
1130		-26.8482		106.056
1131		-61.2853		83.6508
1132		-81.1097		49.8951
1133		-84.4386		13.2359
1134		-73.5382		-19.3726
1135		-52.6203		-43.9211
1136		-25.6951		-58.9386
1137		4.31459		-63.9823
1138		34.9353		-58.3631
1139		62.7926		-41.1681
1140		82.8823		-12.6681
1141		89.4421		23.8641
1142		78.3541		61.3842
1143		49.8898		90.375
1144		10.1107		102.073
1145		-30.2612		92.2436
1146		-59.4127		63.5693
1147		-68.9821		25.2069
1148		-57.4239		-10.556
1149		-30.4947		-33.1109
1150		1.44588		-37.5391
1151		28.0038		-25.9139
1152		42.9207		-5.36644
1153		45.817		15.9388
1154		40.8198		32.7084
1155		33.0821		44.2532
1156		25.3221		53.2787
1157		16.4228		62.6649
1158		2.88107		72.3289
1159		-17.8246		78.2105
1160		-44.0697		74.1737
1161		-69.226		55.8624
1162		-83.9472		24.2941
1163		-80.6178		-13.0396
1164		-57.6455		-44.5237
1165		-21.185		-59.2876
1166		16.8542		-52.2025
1167		43.714		-26.4213
1168		51.2338		7.91325
1169		39.1285		38.1954
1170		14.5118		54.8411
1171		-11.9651		54.9952
1172		-31.2517		42.7241
1173		-39.6306		25.8594
1174		-39.2445		11.4191
1175		-35.4466		2.1782
1176		-32.7462		-3.82292
1177		-31.809		-10.8
1178		-29.2481		-21.4556
1179		-20.2444		-34.3
1180		-2.34598		-43.7534
1181		21.9034		-43.0542
1182		45.195		-28.3237
1183		58.5719		-1.42067
1184		55.7898		30.1308
1185		36.5327		56.2143
1186		6.72095		68.5879
1187		-24.2337		64.3657
1188		-47.6893		46.7248
1189		-59.2265		22.6325
1190		-59.5285		-0.94722
1191		-52.4722		-20.1282
1192		-41.8488		-34.7688
1193		-28.8825		-46.5756
1194		-12.1403		-56.0959
1195		10.1266		-60.762
1196		36.7815		-55.5222
1197		61.9967		-35.9768
1198		76.4117		-2.27701
1199		71.1149		38.6566
1200		42.5495		74.3155
1201		-4.33226		91.104
1202		-56.6355		80.1912
1203		-97.9219		41.8433
1204		-114.549		-14.0151
1205		-100.993		-71.4129
1206		-61.6935		-114.441
1207		-8.69824		-132.985
1208		43.5094		-125.539
1209		83.3704		-98.1548
1210		105.343		-60.6171
1211		109.742		-22.1415
1212		100.188		11.1839
1213		80.7053		36.3667
1214		54.3364		51.7306
1215		23.8563		55.2516
1216		-6.4373		44.599
1217		-29.7356		19.1096
1218		-37.9641		-17.6416
1219		-25.1897		-56.765
1220		8.52934		-85.9306
1221		55.2826		-93.95
1222		101.107		-76.0091
1223		131.196		-36.7234
1224		136.253		10.9959
1225		116.782		51.1755
1226		82.9274		71.77
1227		49.6781		69.9427
1228		29.7094		52.8742
1229		27.4936		33.5956
1230		37.7381		23.9709
1231		48.9693		28.5151
1232		50.3311		42.3373
1233		37.9167		54.3066
1234		17.1695		53.7157
1235		0.00499725		36.7933
1236		-1.82621		9.46392
1237		16.4594		-15.2339
1238		49.431		-23.7643
1239		83.5767		-9.23804
1240		103.751		24.7294
1241		100.56		65.4992
1242		74.8221		97.4273
1243		36.8665		109.226
1244		1.19187		98.8381
1245		-20.5365		73.4481
1246		-24.427		44.9212
1247		-14.8071		23.4228
1248		-0.317574		12.7866
1249		11.796		10.0408
1250		19.765		9.01127
1251		27.4246		5.56841
1252		40.466		1.18846
1253		61.228		2.55505
1254		85.3456		17.3186
1255		102.536		48.4637
1256		101.412		90.6759
1257		75.8297		131.093
1258		29.2615		154.425
1259		-25.3669		149.973
1260		-70.5712		116.957
1261		-91.5996		65.3727
1262		-82.5355		11.9143
1263		-48.286		-26.9551
1264		-1.72122		-41.3527
1265		42.2906		-30.7919
1266		72.7753		-2.5366
1267		85.6589		33.0642
1268		82.9145		67.4193
1269		69.0873		96.1571
1270		47.7477		118.356
1271		20.1176		133.743
1272		-13.5214		140.23
1273		-50.967		133.773
1274		-86.1386		110.875
1275		-109.867		72.1647
1276		-113.528		24.5558
1277		-93.6743		-19.8829
1278		-54.9466		-48.3219
1279		-9.22796		-52.7909
1280		28.9517		-34.0312
1281		48.6228		-1.34314
1282		47.0074		31.7118
1283		30.1119		53.6169
1284		8.9638		59.9166
1285		-6.44154		54.3098
1286		-12.1532		45.342
1287		-11.491		40.674
1288		-11.891		42.2671
1289		-19.294		45.3075
1290		-33.4457		41.5395
1291		-47.0194		25.1034
1292		-49.3125		-2.57501
1293		-32.6099		-31.8895
1294		2.35458		-49.0414
1295		45.0996		-43.0306
1296		79.3555		-11.9612
1297		90.5172		34.8497
1298		72.8337		80.3549
1299		32.5758		107.3
1300		-14.5553		106.063
1301		-50.5402		78.8747
1302		-63.1		38.3323
1303		-50.6829		1.10321
1304		-22.0375		-19.8708
1305		9.10339		-20.6808
1306		31.1925		-6.76508
1307		40.0449		11.533
1308		39.4482		25.4092
1309		37.25		32.3603
1310		39.4552		36.6958
1311		45.8823		45.7257
1312		49.9279		64.0213
1313		42.5914		89.213
1314		18.4539		111.908
1315		-19.8422		119.975
1316		-61.2875		104.982
1317		-90.7862		67.3098
1318		-95.9514		17.1472
1319		-72.9752		-29.3178
1320		-28.6075		-56.6512
1321		22.6955		-56.5541
1322		64.9361		-30.8276
1323		86.9553		10.2845
1324		86.0191		53.2132
1325		67.2313		86.8597
1326		39.6144		106.216
1327		11.2994		112.385
1328		-13.5636		109.621
1329		-34.8199		101.541
1330		-53.7774		88.8649
1331		-70.0942		69.9041
1332		-80.2527		43.2548
1333		-78.7097		10.8029
1334		-61.1317		-21.0433
1335		-27.8127		-42.9276
1336		14.8178		-46.3201
1337		55.6777		-27.5776
1338		82.9717		9.85321
1339		88.7244		56.2933
1340		71.74		99.3753
1341		37.6602		128.56
1342		-3.71446		138.527
1343		-42.3574		130.04
1344		-71.2662		108.281
1345		-87.6835		79.8737
1346		-92.1755		50.3123
1347		-86.6103		22.9927
1348		-72.5175		-0.0570107
1349		-50.8478		-16.7101
1350		-23.1145		-23.8753
1351		7.0741		-18.1032
1352		33.4111		2.48178
1353		48.0404		36.0147
1354		44.2512		75.8962
1355		19.541		111.877
1356		-22.4983		133.079
1357		-72.5464		131.766
1358		-118.221		106.252
1359		-148.002		61.6617
1360		-154.823		8.23635
1361		-137.922		-42.0268
1362		-102.419		-78.9825
1363		-57.0569		-96.811
1364		-11.295		-94.6541
1365		27.0531		-75.6138
1366		52.9129		-44.9721
1367		63.8349		-8.61758
1368		59.3142		27.7399
1369		40.3034		58.6295
1370		9.32601		78.7188
1371		-28.991		83.2001
1372		-67.6036		68.9464
1373		-97.6501		36.1198
1374		-110.263		-10.5653
1375		-99.2339		-61.812
1376		-63.5863		-105.437
1377		-8.90812		-129.555
1378		53.3785		-126.281
1379		108.879		-94.5872
1380		144.41		-41.1162
1381		152.064		21.5631
1382		131.63		78.7746
1383		90.4058		118.298
1384		40.416		133.977
1385		-5.88447		126.992
1386		-39.7097		104.364
1387		-58.1895		75.4012
1388		-63.9129		47.7102
1389		-62.1375		24.5774
1390		-57.1324		4.89886
1391		-49.5612		-14.4168
1392		-36.3317		-34.9052
1393		-13.0983		-53.8681
1394		21.8264		-64.2465
1395		64.2967		-57.4859
1396		103.896		-28.2395
1397		127.003		21.4076
1398		122.361		80.5775
1399		86.6925		132.307
1400		27.5616		159.598
1401		-38.2467		152.32
1402		-90.5331		111.828
1403		-113.332		50.9943
1404		-101.04		-10.5798
1405		-60.2558		-54.1438
1406		-6.52657		-68.786
1407		42.3982		-54.7353
1408		73.5763		-21.6952
1409		82.9237		16.6292
1410		74.712		48.8509
1411		57.3206		69.8795
1412		37.9463		80.8382
1413		19.336		85.5429
1414		0.241028		86.0977
1415		-21.0264		80.5735
1416		-42.5062		64.395
1417		-56.9754		34.6915
1418		-54.4044		-5.15039
1419		-27.59		-43.9458
1420		22.0979		-65.9055
1421		82.4489		-57.5988
1422		133.66		-15.3121
1423		156.221		51.2693
1424		139.85		121.569
1425		88.9262		172.22
1426		21.3457		187.111
1427		-39.0452		164.462
1428		-72.9209		117.28
1429		-73.7008		66.8376
1430		-49.4125		32.4297
1431		-17.3324		22.6301
1432		5.67434		32.5089
1433		11.9164		48.1053
1434		6.04553		55.5415
1435		0.99762		49.6405
1436		9.06909		37.167
1437		33.2369		32.7776
1438		63.7939		49.8419
1439		82.5008		91.2633
1440		72.2844		145.615
1441		27.3162		191.124
1442		-42.1225		205.794
1443		-112.937		178.493
1444		-159.296		115.146
1445		-164.433		36.6532
1446		-128.116		-30.526
1447		-65.9812		-66.271
1448		-1.25711		-65.0566
1449		46.5861		-36.4649
1450		70.1726		1.91569
1451		75.267		34.9508
1452		74.3945		57.7931
1453		77.0829		76.7254
1454		82.6672		102.731
1455		80.0932		141.769
1456		55.1028		187.761
1457		0.791977		222.917
1458		-74.6787		225.926
1459		-148.198		183.982
1460		-190.492		102.119
1461		-179.649		4.3847
1462		-112.616		-74.5474
1463		-8.61696		-103.715
1464		97.5985		-69.3307
1465		169.673		19.1398
1466		184.128		133.139
1467		138.685		237.173
1468		50.9593		302.901
1469		-51.0308		318.531
1470		-141.174		289.727
1471		-204.187		232.864
1472		-237.375		165.283
1473		-245.772		98.2001
1474		-234.826		35.6975
1475		-205.738		-20.7923
1476		-156.461		-66.5171
1477		-87.425		-90.8041
1478		-7.76895		-80.4504
1479		62.8361		-27.781
1480		99.3399		61.2833
1481		81.8555		164.494
1482		6.47485		248.748
1483		-109.608		282.244
1484		-232.165		247.962
1485		-322.138		151.889
1486		-350.704		21.7286
1487		-310.31		-103.654
1488		-216.652		-189.245
1489		-100.986		-216.509
1490		3.23831		-188.146
1491		72.9763		-123.55
1492		101.857		-48.0769
1493		98.1486		18.1265
1494		76.7211		66.4275
1495		49.9988		98.9609
1496		22.7153		122.566
1497		-7.42419		141.715
1498		-44.6024		154.68
1499		-89.068		154.812
1500		-134.385		135.582
1501		-169.323		95.9386
1502		-183.037		42.6241
1503		-170.34		-11.8357
1504		-134.037		-54.1106
1505		-83.3079		-75.0149
1506		-29.5278		-71.7712
1507		17.7055		-46.8687
1508		52.0883		-5.03217
1509		69.399		49.1219
1510		65.3395		110.946
1511		34.9692		173.433
1512		-24.8567		224.979
1513		-110.969		249.968
1514		-210.241		233.437
1515		-300.053		168.336
1516		-354.242		61.6902
1517		-352.763		-64.2699
1518		-290.743		-177.841
1519		-182.215		-248.706
1520		-56.0774		-259.243
1521		54.3541		-210.959
1522		123.501		-122.914
1523		141.714		-23.0108
1524		115.902		63.4066
1525		62.9984		121.948
1526		0.380741		150.792
1527		-61.2449		155.677
1528		-118.811		142.184
1529		-171.934		110.647
1530		-216.049		57.1376
1531		-238.972		-19.9944
1532		-224.241		-112.442
1533		-160.33		-198.826
1534		-50.7322		-249.664
1535		81.4843		-239.319
1536		198.706		-159.327
1537		262.429		-25.8681
1538		249.598		123.551
1539		163.561		243.774
1540		33.7473		300.109
1541		-96.3671		282.27
1542		-187.453		207.331
1543		-219.9		110.355
1544		-199.328		27.5908
1545		-149.872		-19.1243
1546		-99.4775		-29.0333
1547		-65.4881		-17.4884
1548		-48.2776		-3.05359
1549		-35.8871		5.3474
1550		-16.1965		13.5547
1551		11.2271		36.5716
1552		31.3142		85.7114
1553		20.74		156.518
1554		-37.3788		225.455
1555		-139.764		258.593
1556		-258.805		228.612
1557		-351.672		131.204
1558		-379.204		-8.49298
1559		-325.256		-143.995
1560		-206.316		-227.068
1561		-65.7711		-229.439
1562		44.9494		-155.684
1563		89.2136		-40.6099
1564		60.6248		67.6532
1565		-16.5667		130.258
1566		-101.911		134.419
1567		-160.167		96.042
1568		-178.275		47.4378
1569		-169.094		17.3089
1570		-160.41		14.1799
1571		-175.771		22.3813
1572		-218.129		12.6727
1573		-265.676		-38.5428
1574		-282.521		-132.277
1575		-238.614		-242.025
1576		-128.143		-324.098
1577		23.7523		-338.211
1578		169.955		-267.653
1579		261.697		-128.526
1580		269.947		36.7411
1581		197.072		178.132
1582		73.3417		259.279
1583		-59.1652		270.49
1584		-166.154		227.637
1585		-233.813		158.84
1586		-268.57		87.332
1587		-285.43		20.5452
1588		-292.91		-48.6467
1589		-284.34		-130.002
1590		-241.36		-221.289
1591		-148.007		-300.828
1592		-7.11786		-333.177
1593		151.352		-286.322
1594		276.656		-151.682
1595		316.942		44.2892
1596		243.44		244.552
1597		67.0262		381.617
1598		-161.837		404.8
1599		-370.858		301.93
1600		-493.771		105.185
1601		-495.671		-121.784
1602		-384.546		-309.321
1603		-204.536		-407.968
1604		-15.2642		-403.835
1605		132.233		-317.479
1606		211.813		-188.98
1607		224.622		-58.1997
1608		189.088		49.5618
1609		126.137		126.566
1610		48.6843		175.282
1611		-39.2782		197.453
1612		-135.151		187.687
1613		-228.281		136.15
1614		-296.309		38.669
1615		-311.365		-92.623
1616		-253.88		-225.992
1617		-126.496		-318.246
1618		40.4964		-331.822
1619		196.879		-252.721
1620		291.164		-99.8101
1621		291.844		80.2242
1622		200.961		230.829
1623		53.1118		308.396
1624		-99.8633		299.188
1625		-211.172		222.501
1626		-257.671		119.003
1627		-246.19		30.5376
1628		-205.394		-18.3993
1629		-168.333		-28.6506
1630		-155.16		-20.8465
1631		-164.804		-20.4231
1632		-179.116		-41.9252
1633		-176.144		-81.0848
1634		-144.556		-118.418
1635		-91.0478		-131.571
1636		-36.9411		-108.957
1637		-6.37177		-56.8824
1638		-13.1211		3.64282
1639		-53.6255		48.2248
1640		-109.92		61.7622
1641		-160.426		45.1475
1642		-191.976		12.3125
1643		-205.836		-20.2811
1644		-214.133		-45.0742
1645		-228.909		-68.482
1646		-250.67		-106.01
1647		-264.013		-169.823
1648		-244.137		-256.083
1649		-171.706		-340.263
1650		-48.1934		-384.794
1651		97.4525		-356.684
1652		216.181		-246.728
1653		258.51		-80.0118
1654		197.931		89.0817
1655		46.6891		196.845
1656		-144.634		197.006
1657		-304.918		82.1647
1658		-370.625		-110.351
1659		-312.003		-311.591
1660		-145.733		-447.719
1661		71.5506		-468.853
1662		265.813		-367.639
1663		374.176		-180.101
1664		367.243		30.5956
1665		256.477		199.419
1666		85.1464		282.536
1667		-91.4043		269.055
1668		-226.481		178.412
1669		-295.132		47.1255
1670		-295.851		-87.3202
1671		-243.087		-197.895
1672		-156.615		-271.114
1673		-53.9194		-303.228
1674		51.4782		-294.307
1675		147.137		-245.097
1676		218.487		-158.596
1677		249.273		-44.4601
1678		226.734		78.0334
1679		148.887		182.107
1680		29.2125		241.239
1681		-105.106		239.279
1682		-221.771		177.619
1683		-295.175		75.1196
1684		-315.573		-39.815
1685		-290.794		-141.292
1686		-239.518		-215.91
1687		-179.787		-265.362
1688		-119.197		-300.314
1689		-52.5125		-329.157
1690		31.6019		-348.35
1691		138.281		-340.627
1692		255.745		-283.214
1693		353.157		-162.589
1694		389.974		11.8631
1695		333.662		203.283
1696		177.77		355.958
1697		-48.7371		414.861
1698		-286.529		348.167
1699		-464.551		162.766
1700		-525.091		-94.555
1701		-444.986		-351.407
1702		-244.278		-533.964
1703		20.905		-591.276
1704		277.728		-510.4
1705		460.045		-317.446
1706		526.829		-65.8315
1707		469.892		182.079
1708		310.423		372.273
1709		88.3798		469.832
1710		-149.505		461.798
1711		-358.846		354.572
1712		-502.798		169.647
1713		-555.07		-59.8471
1714		-503.193		-291.976
1715		-352.744		-480.426
1716		-130.612		-582.54
1717		116.282		-570.561
1718		329.525		-442.506
1719		454.43		-227.31
1720		457.388		19.9545
1721		338.413		233.084
1722		132.835		355.39
1723		-99.6986		358.096
1724		-295.19		248.907
1725		-406.335		67.1206
1726		-416.116		-132.457
1727		-338.858		-299.617
1728		-209.459		-404.259
1729		-66.7541		-441.345
1730		60.8628		-424.788
1731		161.45		-375.024
1732		235.944		-307.562
1733		288.9		-228.315
1734		320.063		-137.064
1735		322.075		-35.5697
1736		285.495		65.7321
1737		207.641		147.376
1738		99.295		187.764
1739		-15.5426		173.637
1740		-107.616		108.001
1741		-154.227		10.5755
1742		-148.542		-90.0515
1743		-101.215		-168.601
1744		-33.3488		-213.059
1745		35.2381		-226.954
1746		95.6804		-222.842
1747		152.001		-210.984
1748		214.042		-190.224
1749		285.522		-147.053
1750		354.613		-64.316
1751		393.572		64.7344
1752		369.277		224.996
1753		260.344		378.049
1754		72.3275		473.269
1755		-157.427		467.592
1756		-369.031		345.085
1757		-500.363		126.968
1758		-509.845		-133.089
1759		-391.754		-366.714
1760		-177.644		-513.902
1761		75.9576		-541.626
1762		307.316		-450.864
1763		467.755		-270.927
1764		531.495		-45.8379
1765		495.333		179.692
1766		371.814		368.684
1767		182.042		493.366
1768		-47.3103		533.097
1769		-282.65		474.01
1770		-481.929		313.635
1771		-598.354		69.015
1772		-591.962		-217.457
1773		-446.173		-481.157
1774		-181.611		-650.368
1775		141.567		-669.991
1776		437.47		-524.471
1777		621.549		-248.861
1778		640.818		79.0208
1779		494.205		364.126
1780		233.433		527.714
1781		-56.7996		534.809
1782		-291.058		403.818
1783		-413.798		194.532
1784		-415.298		-19.2507
1785		-327.011		-179.432
1786		-200.427		-262.168
1787		-81.0696		-278.052
1788		9.26389		-256.267
1789		74.2084		-222.93
1790		129.736		-186.046
1791		185.472		-134.961
1792		232.265		-53.5615
1793		243.878		61.4863
1794		192.249		189.17
1795		67.7146		287.277
1796		-107.79		310.04
1797		-283.245		231.658
1798		-397.229		63.2009
1799		-404.434		-146.821
1800		-297.075		-329.822
1801		-110.325		-424.895
1802		91.3415		-403.946
1803		240.619		-282.417
1804		294.218		-110.887
1805		247.784		47.8204
1806		132.893		144.635
1807		-0.93692		161.205
1808		-109.236		111.006
1809		-169.121		26.169
1810		-182.326		-61.4433
1811		-165.445		-134.404
1812		-134.74		-192.384
1813		-95.0966		-243.644
1814		-39.3409		-292.077
1815		42.4641		-328.659
1816		150.233		-333.105
1817		266.183		-285.134
1818		357.895		-178.799
1819		391.448		-31.1764
1820		347.962		120.388
1821		234.619		232.032
1822		83.8758		271.57
1823		-59.1912		231.986
1824		-155.243		133.454
1825		-185.651		13.1259
1826		-156.973		-91.7758
1827		-93.5275		-158.825
1828		-22.8689		-186.036
1829		37.6073		-186.432
1830		85.9453		-175.763
1831		130.77		-161.034
1832		180.134		-136.569
1833		231.368		-89.589
1834		268.418		-11.6416
1835		268.626		91.2778
1836		215.338		196.332
1837		109.211		271.233
1838		-28.3156		287.914
1839		-161.705		235.431
1840		-254.976		125.369
1841		-285.45		-12.8759
1842		-250.909		-144.223
1843		-167.22		-240.981
1844		-58.7561		-290.392
1845		52.4435		-293.743
1846		152.735		-259.128
1847		235.542		-193.472
1848		294.884		-99.4099
1849		319.385		20.8402
1850		292.201		157.35
1851		198.638		286.194
1852		38.1284		370.797
1853		-166.355		372.761
1854		-368.125		268.487
1855		-508.413		63.8437
1856		-536.368		-201.028
1857		-429.243		-460.645
1858		-203.717		-644.411
1859		87.1089		-700.281
1860		370.237		-612.23
1861		576.128		-404.673
1862		659.548		-132.769
1863		610.338		136.462
1864		451.535		344.097
1865		227.803		453.042
1866		-9.48532		452.211
1867		-214.412		352.652
1868		-352.895		180.066
1869		-404.161		-31.8602
1870		-360.439		-245.491
1871		-227.63		-421.918
1872		-27.1257		-525.029
1873		203.718		-528.635
1874		415.806		-425.362
1875		558.772		-233.242
1876		595.55		4.70096
1877		515.649		230.161
1878		340.881		386.531
1879		119.854		437.039
1880		-87.6115		376.593
1881		-230.222		232.102
1882		-281.043		51.1276
1883		-243.091		-116.106
1884		-143.146		-233.411
1885		-17.6756		-287.22
1886		101.929		-284.532
1887		198.072		-243.05
1888		266.731		-179.815
1889		310.425		-104.572
1890		330.006		-20.6472
1891		320.914		68.6188
1892		276.362		153.209
1893		195.244		214.904
1894		89.3412		233.024
1895		-15.664		194.948
1896		-87.4951		105.528
1897		-100.236		-10.5031
1898		-46.6451		-115.692
1899		56.7315		-174.058
1900		174.896		-165.831
1901		268.171		-95.5869
1902		308.053		10.2642
1903		287.671		115.388
1904		222.109		188.938
1905		139.049		216.972
1906		64.9907		204.732
1907		14.2878		169.549
1908		-13.6985		129.064
1909		-28.7167		91.6034
1910		-39.2374		53.9985
1911		-44.1526		7.61938
1912		-31.7734		-51.3842
1913		12.9983		-114.158
1914		97.289		-158.841
1915		211.299		-158.932
1916		327.389		-96.4383
1917		408.661		27.0108
1918		423.388		187.163
1919		358.434		344.307
1920		225.174		457.489
1921		55.1653		499.167
1922		-112.04		463.592
1923		-242.828		365.692
1924		-318.705		232.084
1925		-337.252		89.7084
1926		-306.112		-41.8867
1927		-234.921		-151.346
1928		-130.759		-230.637
1929		0.0848694		-269.332
1930		145.677		-253.381
1931		282.591		-170.825
1932		376.282		-22.202
1933		390.252		170.403
1934		301.361		362.273
1935		114.362		496.217
1936		-132.287		521.595
1937		-374.005		414.745
1938		-539.742		191.57
1939		-576.411		-94.1635
1940		-468.093		-367.199
1941		-241.875		-555.627
1942		42.0576		-614.198
1943		311.638		-536.937
1944		506.38		-354.855
1945		593.759		-121.208
1946		573.164		108.21
1947		468.18		291.114
1948		312.966		405.564
1949		140.089		447.324
1950		-25.1865		422.217
1951		-163.804		339.507
1952		-258.862		210.329
1953		-293.805		50.9147
1954		-255.932		-113.419
1955		-144.132		-248.602
1956		23.9885		-319.136
1957		211.258		-300.612
1958		369.322		-191.649
1959		454.289		-18.5678
1960		443.211		171.091
1961		343.581		324.679
1962		190.779		403.619
1963		33.9522		397.033
1964		-83.4723		323.523
1965		-139.707		220.403
1966		-139.736		125.768
1967		-107.802		62.2401
1968		-71.7197		30.1467
1969		-47.4635		12.9076
1970		-32.0553		-8.98978
1971		-8.17822		-43.4563
1972		42.4142		-79.853
1973		124.368		-93.5796
1974		221.366		-59.8531
1975		300.423		30.7089
1976		326.094		163.191
1977		277.555		301.263
1978		159.906		400.859
1979		3.96834		428.126
1980		-145.311		373.032
1981		-246.071		252.429
1982		-274.134		101.855
1983		-228.644		-39.0433
1984		-127.476		-139.92
1985		3.47345		-185.93
1986		140.348		-175.404
1987		265.396		-112.754
1988		364.21		-2.79916
1989		420.18		148.844
1990		412.391		329.381
1991		321.237		511.453
1992		140.793		651.803
1993		-108.36		700.634
1994		-374.516		620.401
1995		-584.421		406.406
1996		-666.342		98.6033
1997		-578.416		-223.588
1998		-329.848		-464.428
1999		15.8425		-545.214
2000		359.06		-434.357
2001		597.789		-160.997
2002		663.257		194.36
2003		542.888		528.678
2004		281.314		752.652
2005		-40.0026		819.281
2006		-334.696		733.689
2007		-540.672		542.083
2008		-634.747		307.194
2009		-628.825		82.9347
2010		-552.837		-100.285
2011		-435.39		-234.856
2012		-292.706		-323.774
2013		-130.482		-366.547
2014		44.7076		-352.905
2015		213.524		-268.519
2016		340.735		-109.223
2017		384.874		105.419
2018		316.936		328.759
2019		138.49		498.284
2020		-111.177		557.869
2021		-364.271		481.063
2022		-547.324		284.107
2023		-607.879		21.8624
2024		-533.108		-232.021
2025		-352.174		-411.869
2026		-121.991		-481.768
2027		96.2466		-443.331
2028		258.596		-327.58
2029		348.725		-176.708
2030		374.261		-25.7302
2031		353.599		107.198
2032		301.936		218.658
2033		224.559		309.728
2034		120.318		375.538
2035		-8.22594		401.945
2036		-145.509		371.892
2037		-261.585		277.787
2038		-321.015		132.264
2039		-298.23		-29.8812
2040		-191.454		-161.197
2041		-27.4908		-218.871
2042		145.855		-181.831
2043		276.737		-59.4624
2044		327.905		112.103
2045		288.735		284.103
2046		175.894		412.788
2047		23.6881		472.663
2048		-130.189		460.383
2049		-256.4		389.589
2050		-338.68		281.345
2051		-371.585		156.131
2052		-355.24		31.0647
2053		-292.032		-78.1546
2054		-187.8		-154.453
2055		-56.1237		-180.067
2056		78.703		-142.329
2057		184.353		-42.0389
2058		229.917		100.965
2059		198.662		249.995
2060		97.5911		362.662
2061		-42.2239		406.988
2062		-176.317		374.991
2063		-264.548		286.527
2064		-287.692		180.638
2065		-254.663		97.9024
2066		-196.429		62.1979
2067		-149.43		70.9591
2068		-136.734		98.9241
2069		-156.609		113.519
2070		-184.491		93.9498
2071		-187.455		44.0005
2072		-143.803		-8.33514
2073		-57.5724		-24.5683
2074		39.736		23.9296
2075		101.557		139.079
2076		87.0482		291.225
2077		-19.5324		428.832
2078		-199.838		498.329
2079		-406.654		465.103
2080		-580.504		326.662
2081		-669.999		113.15
2082		-647.608		-123.545
2083		-515.724		-326.29
2084		-302.964		-447.906
2085		-54.5861		-460.507
2086		178.049		-358.444
2087		346.016		-157.218
2088		409.373		108.872
2089		343.574		389.628
2090		146.805		624.192
2091		-153.452		751.174
2092		-498.966		724.142
2093		-808.98		528.912
2094		-999.39		195.59
2095		-1008.66		-202.056
2096		-821.336		-563.364
2097		-478.709		-790.296
2098		-70.2035		-819.731
2099		293.428		-645.849
2100		515.799		-322.931
2101		545.772		53.2494
2102		391.487		378.253
2103		112.637		572.794
2104		-204.548		604.375
2105		-478.101		489.582
2106		-654.005		278.827
2107		-714.546		32.7711
2108		-671.276		-197.977
2109		-549.743		-381.884
2110		-375.916		-503.449
2111		-171.251		-554.06
2112		43.1541		-525.304
2113		239.145		-410.524
2114		378.916		-214.085
2115		422.349		38.2137
2116		342.827		296.19
2117		143.851		495.112
2118		-133.417		576.578
2119		-418.111		511.889
2120		-632.018		316.589
2121		-717.63		48.0569
2122		-659.484		-214.226
2123		-488.941		-397.745
2124		-270.096		-462.664
2125		-73.3581		-413.024
2126		51.1714		-289.258
2127		88.7854		-146.726
2128		58.1592		-31.2622
2129		-4.77185		36.7535
2130		-67.488		63.4585
2131		-115.275		69.4259
2132		-152.869		72.6922
2133		-194.315		76.875
2134		-248.389		70.6111
2135		-308.808		37.6344
2136		-355.174		-29.3212
2137		-363.995		-119.615
2138		-323.195		-206.513
2139		-241.448		-259.143
2140		-146.548		-258.07
2141		-73.2607		-205.81
2142		-47.0132		-126.297
2143		-72.1732		-53.4021
2144		-131.179		-14.639
2145		-194.828		-18.7714
2146		-237.939		-53.8568
2147		-251.738		-96.4413
2148		-246.253		-126.47
2149		-241.612		-139.37
2150		-253.372		-148.374
2151		-280.391		-175.631
2152		-302.443		-236.924
2153		-289.502		-328.535
2154		-218.268		-423.864
2155		-87.3895		-482.43
2156		76.7314		-467.402
2157		227.039		-363.361
2158		312.968		-185.785
2159		299.939		22.2418
2160		182.649		204.455
2161		-13.1083		310.422
2162		-239.823		311.109
2163		-443.758		205.469
2164		-579.717		17.2796
2165		-620.018		-214.198
2166		-556.599		-444.524
2167		-398.668		-631.526
2168		-169.6		-739.367
2169		94.8369		-741.459
2170		347.792		-624.912
2171		535.292		-397.074
2172		605.602		-91.4206
2173		523.756		232.037
2174		286.973		495.889
2175		-65.9995		624.24
2176		-457.855		566.499
2177		-790.039		317.47
2178		-970.318		-74.978
2179		-941.538		-519.336
2180		-701.049		-905.122
2181		-303.325		-1134.78
2182		155.424		-1151.83
2183		565.136		-955.833
2184		832.494		-599.891
2185		904.294		-172.971
2186		777.268		225.798
2187		493.5		512.118
2188		125.332		634.009
2189		-244.078		578.878
2190		-538.939		371.092
2191		-704.44		63.0682
2192		-714.803		-276.931
2193		-576.091		-578.171
2194		-324.066		-780.705
2195		-16.936		-847.217
2196		276.88		-771.3
2197		494.517		-579.437
2198		594.448		-324.687
2199		567.437		-72.3883
2200		438.295		118.526
2201		256.889		212.594
2202		80.9148		207.012
2203		-43.4415		129.316
2204		-95.6491		24.3971
2205		-84.4237		-63.837
2206		-39.8309		-108.677
2207		2.17438		-108.266
2208		15.8019		-82.2195
2209		-4.7194		-59.6125
2210		-45.0614		-64.3195
2211		-79.4715		-104.265
2212		-83.4629		-168.744
2213		-44.6149		-233.912
2214		32.7265		-272.965
2215		129.688		-266.129
2216		219.735		-206.672
2217		276.507		-101.858
2218		279.758		29.7196
2219		218.694		162.037
2220		93.7678		265.247
2221		-81.6848		309.301
2222		-279.975		269.088
2223		-459.698		132.014
2224		-571.271		-93.2554
2225		-568.863		-370.782
2226		-426.824		-638.986
2227		-155.032		-823.077
2228		194.33		-857.01
2229		534.405		-708.491
2230		766.424		-397.219
2231		811.629		2.70831
2232		641.181		380.188
2233		291.951		620.458
2234		-139.68		643.441
2235		-525.705		432.977
2236		-747.152		45.396
2237		-733.132		-406.629
2238		-484.145		-789.645
2239		-71.3781		-991.715
2240		387.181		-956.523
2241		764.527		-697.954
2242		962.641		-291.631
2243		938.178		151.657
2244		709.071		519.914
2245		342.787		729.627
2246		-66.9698		742.988
2247		-425.991		570.328
2248		-660.17		260.764
2249		-727.379		-113.246
2250		-620.96		-472.117
2251		-367.311		-743.155
2252		-19.9		-871.848
2253		349.468		-830.818
2254		662.469		-626.091
2255		849.216		-298.804
2256		864.49		80.1916
2257		701.096		424.168
2258		395.216		651.063
2259		20.0443		705.557
2260		-332.19		575.516
2261		-575.176		296.544
2262		-652.529		-57.7826
2263		-552.759		-397.199
2264		-310.245		-640.407
2265		7.49775		-736.417
2266		321.011		-674.984
2267		560.722		-484.043
2268		682.401		-217.077
2269		672.789		63.6169
2270		546.29		301.641
2271		336.635		455.619
2272		87.9184		502.614
2273		-152.455		438.191
2274		-339.062		275.732
2275		-433.827		45.8747
2276		-412.935		-205.376
2277		-274.569		-422.395
2278		-44.277		-550.981
2279		226.224		-553.136
2280		469.331		-420.851
2281		619.671		-182.736
2282		634.583		100.957
2283		509.192		355.064
2284		279.419		512.89
2285		10.7183		537.68
2286		-223.787		433.757
2287		-367.462		242.84
2288		-397.234		27.2101
2289		-327.245		-153.197
2290		-198.602		-260.359
2291		-60.5955		-286.992
2292		48.0402		-252.38
2293		110.15		-188.781
2294		130.111		-125.705
2295		124.807		-79.3216
2296		111.594		-50.7641
2297		99.7062		-32.1679
2298		88.7208		-15.5802
2299		73.3357		0.857009
2300		50.2524		12.6085
2301		22.2785		13.5275
2302		-2.95842		1.76805
2303		-18.5501		-17.6496
2304		-24.0169		-35.7611
2305		-26.7854		-46.4494
2306		-37.5682		-52.6011
2307		-61.7529		-66.9354
2308		-91.9493		-105.626
2309		-107.037		-177.185
2310		-79.9997		-272.518
2311		7.99765		-362.451
2312		153.875		-405.921
2313		326.742		-366.659
2314		474.357		-231.437
2315		540.792		-21.2393
2316		488.62		210.804
2317		316.221		395.21
2318		62.422		469.977
2319		-204.019		403.072
2320		-406.222		204.62
2321		-483.796		-75.6649
2322		-411.109		-364.206
2323		-203.318		-585.792
2324		90.387		-684.062
2325		402.048		-633.995
2326		662.33		-444.43
2327		814.766		-152.671
2328		824.636		184.845
2329		683.216		502.563
2330		409.211		735.483
2331		48.1384		829.285
2332		-331.633		751.617
2333		-648.547		503.161
2334		-824.356		124.504
2335		-805.146		-306.237
2336		-580.729		-688.163
2337		-194.363		-923.14
2338		263.374		-945.121
2339		677.316		-742.902
2340		940.889		-366.867
2341		988.495		84.3187
2342		815.205		493.333
2343		476.354		759.727
2344		67.509		828.45
2345		-307.045		701.522
2346		-565.04		430.089
2347		-665.295		92.1096
2348		-610.119		-234.01
2349		-433.567		-489.366
2350		-183.529		-642.247
2351		93.3802		-684.324
2352		358.645		-621.344
2353		580.678		-465.65
2354		730.674		-234.887
2355		781.674		43.9103
2356		714.199		329.967
2357		526.736		570.24
2358		245.11		709.744
2359		-76.1604		708.483
2360		-364.233		558.083
2361		-548.09		289.978
2362		-581.278		-30.048
2363		-458.016		-320.285
2364		-215.803		-507.986
2365		76.7229		-551.251
2366		341.804		-449.818
2367		515.802		-241.558
2368		565.309		12.583
2369		491.614		248.256
2370		324.28		414.506
2371		108.622		482.889
2372		-107.073		448.429
2373		-280.644		325.347
2374		-380.817		141.41
2375		-389.517		-66.7524
2376		-303.971		-257.625
2377		-139.106		-390.011
2378		71.5765		-430.922
2379		279.668		-365.295
2380		431.799		-203.965
2381		484.496		14.7286
2382		419.149		232.722
2383		250.748		388.507
2384		25.6508		436.745
2385		-192.122		363.722
2386		-341.502		192.137
2387		-384.072		-27.0336
2388		-315.157		-232.438
2389		-162.335		-372.757
2390		27.1912		-421.56
2391		204.363		-381.46
2392		333.561		-277.399
2393		399.852		-143.589
2394		406.951		-10.6552
2395		369.071		101.686
2396		302.022		184.821
2397		218.126		236.575
2398		126.372		256.081
2399		35.8122		241.853
2400		-41.5952		193.996
2401		-91.7205		118.35
2402		-102.904		28.9062
2403		-71.9123		-54.2097
2404		-7.31783		-111.125
2405		72.4496		-129.94
2406		146.137		-111.512
2407		198.461		-68.2848
2408		225.966		-17.3253
2409		236.536		28.9245
2410		242.5		69.1022
2411		250.891		112.698
2412		256.326		172.713
2413		240.986		254.715
2414		182.71		348.154
2415		67.9078		425.159
2416		-96.833		448.672
2417		-280.53		387.264
2418		-434.021		230.501
2419		-505.049		-1.96147
2420		-456.682		-261.953
2421		-281.937		-485.076
2422		-9.03601		-609.469
2423		304.628		-594.421
2424		587.484		-432.659
2425		772.575		-152.799
2426		814.341		187.927
2427		699.097		517.679
2428		447.438		766.469
2429		109.129		881.126
2430		-247.55		836.081
2431		-549.649		638.565
2432		-734.271		327.671
2433		-761.89		-32.7499
2434		-625.764		-366.69
2435		-354.946		-602.28
2436		-9.16857		-688.52
2437		334.289		-608.151
2438		599.096		-382.584
2439		728.858		-66.6947
2440		700.94		265.594
2441		530.759		540.774
2442		265.331		704.227
2443		-31.4317		732.034
2444		-296.432		633.038
2445		-482.245		441.714
2446		-565.02		205.605
2447		-544.507		-27.657
2448		-438.344		-219.654
2449		-274.322		-345.236
2450		-83.9017		-392.371
2451		101.674		-360.309
2452		253.452		-258.238
2453		346.892		-104.948
2454		365.386		71.7236
2455		304.797		237.628
2456		176.943		358.342
2457		9.39162		407.578
2458		-159.951		375.158
2459		-292.609		271.017
2460		-360.499		122.904
2461		-353.898		-31.9841
2462		-283.174		-158.488
2463		-173.62		-233.664
2464		-55.7015		-251.786
2465		45.1002		-222.645
2466		114.754		-164.657
2467		151.37		-96.4015
2468		160.885		-30.5445
2469		150.793		27.5405
2470		125.521		76.7797
2471		85.7593		115.611
2472		31.6209		138.72
2473		-32.6954		137.532
2474		-95.9336		104.46
2475		-140.8		38.6736
2476		-149.154		-49.8082
2477		-109.333		-140.262
2478		-22.3507		-206.234
2479		95.911		-223.703
2480		217.72		-179.355
2481		310.801		-75.8681
2482		347.391		67.6326
2483		312.103		219.938
2484		206.357		345.358
2485		48.5229		412.26
2486		-129.816		400.445
2487		-290.304		305.987
2488		-395.604		142.895
2489		-417.319		-58.5457
2490		-342.849		-256.72
2491		-179.893		-406.53
2492		42.8318		-469.207
2493		279.708		-422.241
2494		477.249		-266.854
2495		586.565		-30.3823
2496		576.234		238.074
2497		441.801		478.446
2498		208.632		634.436
2499		-73.2699		668.087
2500		-341.342		569.833
2501		-536.018		361.004
2502		-615.222		88.1564
2503		-563.807		-188.808
2504		-395.745		-411.066
2505		-149.252		-533.833
2506		123.006		-534.849
2507		365.61		-417.189
2508		531.206		-206.821
2509		588.635		53.5986
2510		527.639		313.034
2511		360.108		521.11
2512		117.985		636.888
2513		-152.008		636.44
2514		-396.546		518.039
2515		-565.885		303.66
2516		-624.362		35.7373
2517		-558.784		-230.914
2518		-382.311		-440.705
2519		-132.287		-549.799
2520		137.88		-536.311
2521		370.92		-405.361
2522		518.827		-187.571
2523		553.498		68.5279
2524		472.293		308.027
2525		297.445		482.066
2526		69.9165		558.158
2527		-160.448		526.26
2528		-346.034		399.671
2529		-451.472		210.974
2530		-460.622		4.12708
2531		-379.273		-175.598
2532		-233.018		-291.798
2533		-60.6288		-325.066
2534		95.7649		-277.079
2535		201.426		-169.367
2536		237.849		-36.7543
2537		207.011		82.9676
2538		129.51		160.154
2539		36.9546		181.684
2540		-38.981		153.74
2541		-77.0865		97.9761
2542		-72.9761		42.4832
2543		-39.0304		10.9377
2544		1.87724		14.0514
2545		26.2426		46.4865
2546		19.4002		90.1758
2547		-19.0703		122.398
2548		-75.8637		125.142
2549		-129.755		92.0037
2550		-159.987		30.1409
2551		-153.774		-42.9653
2552		-110.193		-106.117
2553		-39.5625		-141.475
2554		40.7082		-139.529
2555		111.663		-100.707
2556		157.614		-33.9751
2557		169.057		46.2187
2558		143.692		123.247
2559		86.2781		181.104
2560		7.98933		206.8
2561		-74.7057		192.794
2562		-142.234		139.502
2563		-175.761		57.1183
2564		-162.474		-34.6367
2565		-100.89		-110.046
2566		-3.8987		-144.19
2567		102.585		-121.323
2568		186.066		-41.7939
2569		217.555		75.6512
2570		181.925		197.962
2571		84.492		287.581
2572		-49.1364		314.778
2573		-180.414		268.031
2574		-270.001		158.49
2575		-290.357		16.7846
2576		-234.27		-116.6
2577		-116.514		-203.746
2578		31.426		-220.12
2579		171.085		-160.376
2580		267.471		-38.0675
2581		296.96		119.503
2582		251.032		278.662
2583		136.164		406.406
2584		-28.6186		475.71
2585		-215.061		469.132
2586		-389.319		381.439
2587		-516.372		221.698
2588		-565.881		14.209
2589		-519.377		-203.187
2590		-377.143		-384.856
2591		-162.039		-487.232
2592		82.4477		-480.758
2593		300.986		-360.122
2594		440.406		-148.642
2595		464.807		105.758
2596		366.578		342.594
2597		169.224		505.302
2598		-79.2309		556.703
2599		-319.969		488.288
2600		-499.402		320.594
2601		-582.131		95.328
2602		-557.168		-137.171
2603		-436.737		-330.443
2604		-249.784		-450.658
2605		-33.6927		-480.266
2606		172.795		-417.586
2607		334.318		-274.667
2608		422.061		-75.2498
2609		416.991		146.908
2610		314.038		350.705
2611		126.348		493.166
2612		-112.907		538.309
2613		-353.969		467.736
2614		-540.383		289.219
2615		-623.685		39.0026
2616		-578.426		-224.755
2617		-411.918		-436.714
2618		-164.352		-542.985
2619		101.686		-517.3
2620		319.161		-368.894
2621		435.903		-139.193
2622		428.658		111.363
2623		307.429		321.416
2624		109.501		445.326
2625		-113.682		463.118
2626		-311.5		381.624
2627		-445.983		228.209
2628		-497.678		40.7552
2629		-465.638		-142.063
2630		-363.681		-287.679
2631		-215.537		-373.264
2632		-50.5221		-387.237
2633		100.189		-330.037
2634		207.594		-214.58
2635		249.886		-65.5805
2636		217.925		83.6854
2637		119.276		197.895
2638		-21.5568		248.529
2639		-168.103		222.401
2640		-281.416		126.522
2641		-331.244		-13.0948
2642		-304.909		-158.805
2643		-210.588		-272.452
2644		-73.8841		-326.223
2645		70.7412		-309.435
2646		190.151		-229.301
2647		260.598		-106.35
2648		271.368		32.8429
2649		224		162.394
2650		128.953		261.236
2651		2.16337		314.451
2652		-137.032		313.252
2653		-266.797		255.403
2654		-364.066		146.848
2655		-407.755		3.63181
2656		-384.205		-148.023
2657		-293.21		-275.411
2658		-151.628		-347.116
2659		8.16683		-342.802
2660		145.887		-261.246
2661		225.064		-122.853
2662		224.767		35.2576
2663		146.651		170.359
2664		14.3323		247.472
2665		-134.779		249.884
2666		-261.961		182.929
2667		-339.042		69.9822
2668		-355.287		-57.1198
2669		-317.349		-168.959
2670		-243.463		-246.431
2671		-155.211		-283.273
2672		-70.6572		-283.566
2673		-1.17081		-256.68
2674		48.0045		-212.727
2675		75.3017		-160.418
2676		80.8409		-107.346
2677		66.2669		-61.0836
2678		36.0451		-29.1965
2679		-1.48623		-17.3408
2680		-35.0746		-26.2899
2681		-54.0499		-49.9617
2682		-53.053		-76.401
2683		-35.4418		-92.1907
2684		-12.9974		-88.7038
2685		-1.22697		-67.1552
2686		-11.9095		-39.5156
2687		-46.2943		-24.1097
2688		-92.4982		-37.3372
2689		-128.936		-85.0964
2690		-132.835		-157.997
2691		-90.3612		-232.964
2692		-3.91694		-281.03
2693		106.748		-278.272
2694		210.311		-215.433
2695		274.289		-102.287
2696		275.973		34.87
2697		209.774		161.379
2698		88.6007		244.679
2699		-60.5108		263.261
2700		-204.277		211.438
2701		-311.474		99.3285
2702		-359.3		-50.7588
2703		-336.865		-209.572
2704		-246.217		-346.191
2705		-101.824		-432.757
2706		71.008		-448.848
2707		239.074		-385.741
2708		366.257		-250.023
2709		420.771		-65.1184
2710		383.599		131.026
2711		255.679		292.991
2712		60.8759		378.815
2713		-157.419		361.979
2714		-346.172		240.478
2715		-456.634		39.4915
2716		-458.112		-193.915
2717		-347.079		-402.815
2718		-148.623		-535.568
2719		90.1665		-559.421
2720		312.637		-468.592
2721		466.937		-284.902
2722		518.26		-51.4476
2723		456.106		178.295
2724		295.524		352.797
2725		72.9056		433.415
2726		-162.132		402.082
2727		-357.01		264.835
2728		-466.943		50.883
2729		-464.577		-192.715
2730		-346.844		-410.303
2731		-137.262		-549.616
2732		117.651		-574.321
2733		358.015		-474.063
2734		524.712		-268.872
2735		574.617		-5.88204
2736		492.641		251.608
2737		296.722		440.165
2738		33.8473		512.904
2739		-232.024		451.876
2740		-436.646		272.516
2741		-531.88		18.9982
2742		-497.173		-247.798
2743		-343.297		-465.892
2744		-108.063		-586.935
2745		154.018		-586.435
2746		384.866		-467.614
2747		535.443		-258.956
2748		575.359		-6.87505
2749		498.125		234.475
2750		321.679		414.221
2751		84.428		494.876
2752		-162.547		459.952
2753		-365.998		317.678
2754		-481.969		99.731
2755		-485.849		-145.307
2756		-378.434		-362.831
2757		-186.042		-505.074
2758		45.8299		-542.648
2759		263.901		-471.48
2760		420.459		-313.068
2761		484.857		-107.984
2762		449.929		95.2904
2763		331.813		252.757
2764		163.825		334.94
2765		-13.234		332.094
2766		-161.206		253.92
2767		-252.503		124.851
2768		-274.378		-23.0539
2769		-229.458		-157.474
2770		-133.394		-251.986
2771		-10.6872		-290.351
2772		110.421		-268.8
2773		203.443		-196.3
2774		248.987		-92.6896
2775		239.121		15.4591
2776		179.623		100.902
2777		89.037		142.637
2778		-5.88893		131.831
2779		-77.5783		74.7128
2780		-105.805		-8.92476
2781		-83.9984		-91.6184
2782		-21.3615		-146.824
2783		60.1454		-157.379
2784		133.053		-120.901
2785		173.37		-50.2208
2786		168.184		31.1973
2787		119.342		97.1197
2788		42.1997		126.86
2789		-39.7779		111.289
2790		-102.431		54.8358
2791		-127.825		-26.658
2792		-108.701		-111.043
2793		-49.6167		-176.043
2794		34.9554		-204.752
2795		124.566		-189.288
2796		197.609		-132.209
2797		236.053		-45.7854
2798		229.39		50.5532
2799		177.236		134.232
2800		90.0477		184.483
2801		-12.5157		187.448
2802		-105.693		140.24
2803		-165.604		52.6713
2804		-175.745		-54.3128
2805		-132.092		-153.587
2806		-45.0157		-219.086
2807		62.9755		-233.279
2808		163.276		-192.495
2809		229.287		-108.253
2810		244.076		-4.06239
2811		205.167		91.3616
2812		125.014		152.319
2813		27.1566		163.245
2814		-60.5963		122.694
2815		-113.829		43.259
2816		-117.854		-52.2279
2817		-71.2121		-136.897
2818		14.2705		-186.697
2819		116.553		-186.285
2820		208.694		-132.757
2821		265.213		-36.5755
2822		268.236		80.4465
2823		212.207		189.79
2824		106.078		262.734
2825		-27.769		277.473
2826		-158.04		225.207
2827		-251.787		113.533
2828		-282.831		-34.1468
2829		-239.164		-183.51
2830		-127.113		-297.575
2831		29.1992		-346.278
2832		193.281		-314.708
2833		325.289		-207.592
2834		392.2		-48.6402
2835		376.344		125.141
2836		279.963		272.607
2837		124.676		358.607
2838		-53.8717		362.452
2839		-214.626		282.668
2840		-320.77		137.063
2841		-348.097		-41.6518
2842		-290.289		-213.479
2843		-160.085		-340.171
2844		13.7574		-393.7
2845		192.957		-362.365
2846		338.243		-253.285
2847		418.078		-90.7102
2848		415.645		89.4776
2849		332.494		247.901
2850		187.977		350.573
2851		14.5773		376.444
2852		-149.692		321.806
2853		-269.932		200.565
2854		-321.929		40.4799
2855		-296.911		-123.512
2856		-202.611		-257.116
2857		-60.7218		-333.792
2858		98.3122		-339.714
2859		241.832		-275.835
2860		341.455		-156.998
2861		378.409		-8.53901
2862		346.946		138.878
2863		255.34		255.369
2864		124.247		317.896
2865		-17.5017		315.213
2866		-139.097		250.551
2867		-214.806		141.143
2868		-230.214		14.286
2869		-185.88		-99.3851
2870		-97.1117		-173.797
2871		10.3569		-194.245
2872		107.685		-160.976
2873		171.035		-88.3716
2874		187.898		0.0440044
2875		159.654		79.039
2876		99.7195		129.031
2877		28.2248		140.96
2878		-34.6821		117.326
2879		-74.4954		69.5389
2880		-85.2628		13.0549
2881		-69.2955		-37.6485
2882		-34.5141		-72.5228
2883		9.01468		-87.0816
2884		51.8752		-81.5911
2885		86.6946		-59.4039
2886		108.31		-25.5375
2887		113.491		13.9784
2888		101.003		52.22
2889		72.2359		81.6604
2890		31.9749		95.2528
2891		-11.5433		88.3342
2892		-47.9388		60.6661
2893		-67.3471		17.5344
2894		-63.5939		-30.9598
2895		-36.5797		-72.5321
2896		7.27619		-96.453
2897		56.9059		-96.9607
2898		100.142		-74.9578
2899		127.546		-37.3147
2900		135.003		5.86287
2901		124.16		44.7808
2902		100.777		72.8294
2903		71.9553		87.7355
2904		43.5876		90.8372
2905		19.0791		85.2084
2906		-0.4095		73.7793
2907		-14.742		58.3973
2908		-23.5893		40.0877
2909		-26.0244		20.0322
2910		-21.1212		0.393753
2911		-9.0604		-15.7197
2912		8.10736		-25.2567
2913		26.7017		-26.6293
2914		42.6976		-20.6329
2915		53.419		-10.2041
2916		58.6695		1.00431
2917		60.5573		10.5305
2918		61.9726		18.4159
2919		64.4656		27.079
2920		66.712		39.6377
2921		64.5613		57.4489
2922		52.8987		78.1669
2923		28.5883		95.5049
2924		-6.90341		101.128
2925		-46.6041		88.0542
2926		-79.5473		54.135
2927		-94.3025		4.01036
2928		-83.1712		-51.4652
2929		-45.3366		-98.2625
2930		12.3343		-123.556
2931		77.1546		-119.761
2932		134.377		-86.7559
2933		171.38		-31.6077
2934		180.807		33.8216
2935		161.77		96.288
2936		119.128		144.3
2937		61.5762		170.099
2938		-0.518761		170.297
2939		-56.8227		145.603
2940		-98.15		100.252
2941		-117.29		41.5064
2942		-109.949		-20.8163
2943		-75.9077		-75.2467
2944		-20.0143		-110.367
2945		47.6792		-117.31
2946		113.261		-92.4397
2947		161.867		-39.1992
2948		181.511		31.8366
2949		166.617		105.115
2950		119.958		164.021
2951		52.1651		195.369
2952		-21.1442		192.963
2953		-83.6765		159.055
2954		-122.784		103.266
2955		-132.417		39.5045
2956		-113.927		-17.9897
2957		-74.7745		-58.1446
2958		-25.8665		-75.1607
2959		21.4354		-68.9167
2960		57.7575		-43.9916
2961		77.1667		-7.9492
2962		77.6537		30.4905
2963		60.931		63.0348
2964		31.8307		83.0831
2965		-2.57932		86.7328
2966		-34.1969		73.5171
2967		-55.4278		46.7003
2968		-60.9106		12.8557
2969		-49.014		-19.4406
2970		-22.5724		-41.6675
2971		11.5567		-47.6727
2972		44.1593		-35.5248
2973		66.1487		-8.23996
2974		71.1081		26.9222
2975		57.0873		60.4018
2976		27.1101		82.8986
2977		-11.6833		87.7507
2978		-49.8873		72.4778
2979		-78.0492		39.1956
2980		-88.6589		-6.00002
2981		-77.5447		-54.3265
2982		-44.5888		-95.908
2983		6.15619		-121.418
2984		66.8655		-123.672
2985		126.878		-99.1047
2986		174.253		-48.9686
2987		197.951		20.1039
2988		190.366		96.5766
2989		149.641		165.802
2990		80.9901		213
2991		-3.62836		226.812
2992		-87.7121		202.45
2993		-153.895		143.4
2994		-188.145		61.027
2995		-183.252		-27.9569
2996		-140.568		-105.456
2997		-69.5032		-156.252
2998		14.9847		-171.343
2999		96.0718		-149.514
3000		158.822		-96.9084
3001		193.039		-24.9982
3002		194.674		52.2976
3003		165.757		121.488
3004		113.211		171.772
3005		47.0679		196.414
3006		-21.4394		193.232
3007		-81.6241		164.403
3008		-124.78		115.752
3009		-145.245		55.6748
3010		-141.025		-6.19183
3011		-113.904		-60.4334
3012		-69.0006		-99.2467
3013		-13.8163		-117.528
3014		43.0264		-113.474
3015		93.1202		-88.6216
3016		129.438		-47.4035
3017		147.191		3.62641
3018		144.345		56.7299
3019		121.849		103.993
3020		83.5668		138.381
3021		35.8655		154.818
3022		-13.245		151.152
3023		-55.4494		128.773
3024		-83.7772		92.5665
3025		-94.1698		49.9911
3026		-86.4432		9.38822
3027		-64.2183		-22.0698
3028		-33.7207		-40.1101
3029		-1.80808		-44.1272
3030		26.0527		-36.6811
3031		47.0633		-21.9378
3032		61.1247		-3.74724
3033		69.6802		15.7615
3034		73.9949		36.4207
3035		73.7958		59.0138
3036		67.037		83.5749
3037		51.0034		107.949
3038		24.2621		127.502
3039		-11.5278		136.326
3040		-50.9672		129.551
3041		-85.9631		105.742
3042		-108.208		68.2261
3043		-112.118		24.6135
3044		-96.9597		-15.451
3045		-67.2223		-43.4246
3046		-31.0182		-54.6087
3047		2.7946		-49.3679
3048		27.5508		-32.3847
3049		40.5645		-10.3911
3050		43.1293		10.5381
3051		38.9472		26.9243
3052		31.8959		38.3115
3053		24.2663		46.2166
3054		16.2565		52.3492
3055		6.79649		57.1393
3056		-4.91991		59.3516
3057		-18.1526		56.9231
3058		-30.3483		48.4785
3059		-38.0642		34.6161
3060		-38.5901		18.1954
3061		-31.3868		3.40949
3062		-18.5518		-5.92147
3063		-4.0302		-7.97348
3064		8.05991		-3.63998
3065		15.1645		4.00681
3066		17.2551		11.234
3067		16.5812		15.3903
3068		16.3916		16.0381
3069		19.2878		14.9889
3070		26		15.3137
3071		35.0974		19.8856
3072		43.6404		30.1592
3073		48.3371		45.6802
3074		46.6055		64.3708
3075		37.1316		83.2508
3076		19.893		99.1218
3077		-4.05574		108.93
3078		-32.6693		109.867
3079		-62.7292		99.55
3080		-89.6163		76.6
3081		-107.506		41.6427
3082		-110.379		-1.67231
3083		-93.843		-46.3201
3084		-57.2111		-82.7975
3085		-4.92039		-101.361
3086		53.5615		-95.0303
3087		105.677		-62.263
3088		139.116		-8.17352
3089		145.428		56.3673
3090		122.583		117.562
3091		75.5199		162.468
3092		14.5386		182.372
3093		-47.761		174.613
3094		-99.7682		142.407
3095		-133.222		93.1056
3096		-144.066		35.8363
3097		-131.976		-20.4404
3098		-99.3164		-67.9131
3099		-50.3268		-100.069
3100		9.06197		-111.639
3101		71.0079		-99.0061
3102		125.822		-61.3115
3103		162.991		-1.8497
3104		173.338		71.1158
3105		151.795		144.97
3106		99.694		205.101
3107		25.47		238.49
3108		-56.8147		237.343
3109		-130.82		201.436
3110		-182.062		138.249
3111		-201.423		60.8926
3112		-186.901		-15.3873
3113		-143.274		-76.8137
3114		-80.1472		-113.676
3115		-9.37902		-121.398
3116		57.1702		-100.294
3117		109.103		-54.6865
3118		138.307		7.96335
3119		139.629		77.7102
3120		111.765		142.857
3121		58.2653		191.298
3122		-11.9646		212.739
3123		-85.4671		201.472
3124		-146.752		158.711
3125		-182.165		93.3323
3126		-183.924		20.2256
3127		-152.753		-43.5826
3128		-97.905		-83.8445
3129		-34.3262		-93.2711
3130		22.0847		-73.357
3131		59.3379		-33.1556
3132		72.4857		14.4268
3133		63.9491		57.2297
3134		41.193		87.4527
3135		13.0302		102.976
3136		-13.7037		106.215
3137		-35.7366		101.475
3138		-52.8435		92.3264
3139		-65.9552		80.3345
3140		-75.2371		65.5322
3141		-79.3391		48.0537
3142		-76.2219		29.6858
3143		-64.9764		14.2075
3144		-47.4276		6.1388
3145		-28.3842		8.49757
3146		-14.1353		20.8166
3147		-9.79022		38.6363
3148		-16.7704		54.9696
3149		-31.7954		63.2017
3150		-48.0173		60.0926
3151		-57.9067		47.4169
3152		-56.6004		31.3849
3153		-44.1661		20.0373
3154		-25.7228		19.7724
3155		-9.36566		32.5634
3156		-2.84232		55.0814
3157		-10.4585		80.0346
3158		-31.5078		99.0388
3159		-60.7592		105.716
3160		-90.5982		97.7446
3161		-113.765		77.1815
3162		-125.53		49.2061
3163		-124.591		20.065
3164		-112.652		-4.82199
3165		-93.204		-21.9436
3166		-70.243		-29.8405
3167		-47.4091		-28.6485
3168		-27.6733		-19.5291
3169		-13.3264		-4.31421
3170		-5.95804		14.624
3171		-6.27353		34.4924
3172		-13.8601		52.404
3173		-27.1582		65.9316
3174		-43.8212		73.6598
3175		-61.3967		75.4198
3176		-78.0205		72.0222
3177		-92.7448		64.6007
3178		-105.314		53.935
3179		-115.522		40.1699
3180		-122.57		23.1296
3181		-124.876		3.06157
3182		-120.532		-18.6436
3183		-108.236		-39.2419
3184		-88.2077		-55.1509
3185		-62.5637		-62.9984
3186		-34.9371		-60.6964
3187		-9.5284		-48.0185
3188		9.90582		-26.4614
3189		20.6252		1.40002
3190		20.8737		32.5547
3191		9.52242		63.7414
3192		-14.057		91.1113
3193		-49.4523		109.795
3194		-94.0559		114.074
3195		-141.934		98.6535
3196		-183.669		60.9391
3197		-207.898		3.45702
3198		-204.515		-64.8611
3199		-168.564		-129.603
3200		-103.252		-174.251
3201		-20.5507		-185.107
3202		61.2643		-156.029
3203		122.557		-91.0719
3204		148.061		-3.87843
3205		131.32		86.0568
3206		76.2643		158.882
3207		-4.45612		199.625
3208		-93.4742		201.438
3209		-173.365		166.075
3210		-230.316		102.077
3211		-255.951		21.8654
3212		-247.471		-60.9199
3213		-206.953		-133.194
3214		-140.686		-183.449
3215		-58.8527		-202.73
3216		24.9128		-186.112
3217		94.8889		-134.589
3218		136.087		-56.4749
3219		138.169		32.8882
3220		99.1795		113.895
3221		27.3693		167.605
3222		-60.1309		181.338
3223		-141.823		152.834
3224		-198.144		91.1596
3225		-217.272		13.8469
3226		-198.229		-58.7408
3227		-150.226		-109.624
3228		-88.7544		-129.683
3229		-30.2322		-118.944
3230		12.5881		-84.7477
3231		32.9383		-38.1215
3232		29.8428		9.76123
3233		6.39752		49.7073
3234		-32.0231		74.9704
3235		-78.6209		80.8856
3236		-125.104		64.8528
3237		-161.629		27.3315
3238		-177.914		-26.5416
3239		-165.991		-86.0048
3240		-123.856		-135.794
3241		-58.2879		-159.893
3242		15.0434		-147.017
3243		75.1114		-95.7175
3244		101.961		-16.6867
3245		83.7722		69.2542
3246		21.6908		137.189
3247		-69.7006		166.075
3248		-166.652		145.627
3249		-243.65		79.4787
3250		-281.118		-16.4117
3251		-270.595		-119.2
3252		-215.855		-206.08
3253		-130.232		-260.064
3254		-31.8379		-272.924
3255		61.1799		-245.079
3256		133.819		-183.552
3257		175.553		-99.5089
3258		180.557		-6.44844
3259		147.845		80.9176
3260		81.8306		147.824
3261		-7.09549		181.445
3262		-103.035		173.809
3263		-186.961		124.744
3264		-240.993		43.3343
3265		-253.347		-53.3486
3266		-222.011		-144.401
3267		-155.465		-210.858
3268		-69.8995		-240.923
3269		16.0105		-232.562
3270		86.6252		-192.574
3271		132.914		-132.795
3272		152.89		-65.4438
3273		149.303		0.240295
3274		126.307		58.7601
3275		87.1379		106.781
3276		34.0331		140.763
3277		-29.8777		155.721
3278		-98.2425		146.241
3279		-160.642		109.42
3280		-204.358		48.0692
3281		-218.371		-27.8671
3282		-197.832		-102.949
3283		-146.737		-160.644
3284		-77.3072		-188.726
3285		-6.10889		-183.247
3286		51.4313		-149.333
3287		85.7151		-98.5191
3288		94.9128		-44.0204
3289		83.62		3.80619
3290		59.3057		39.8331
3291		28.5766		63.6678
3292		-4.88023		77.1175
3293		-39.9448		81.3915
3294		-75.9808		75.7305
3295		-110.62		58.1415
3296		-138.95		27.5973
3297		-154.69		-13.7888
3298		-152.742		-60.0448
3299		-131.653		-102.619
3300		-94.6672		-133.034
3301		-48.812		-145.564
3302		-2.63356		-138.649
3303		36.2006		-114.597
3304		62.2929		-78.0999
3305		72.5749		-34.6947
3306		65.6205		9.93637
3307		41.2463		49.725
3308		1.08593		77.8137
3309		-50.0825		87.0714
3310		-103.365		72.0911
3311		-146.453		32.1388
3312		-166.616		-26.4632
3313		-155.277		-90.2493
3314		-112.267		-141.703
3315		-47.5483		-164.863
3316		20.9334		-151.314
3317		72.8759		-103.921
3318		92.6196		-36.4376
3319		74.6158		31.0671
3320		25.0667		79.1148
3321		-40.8294		95.1702
3322		-104.606		76.9041
3323		-150.587		31.4096
3324		-169.783		-28.6469
3325		-160.52		-89.6875
3326		-126.488		-140.485
3327		-74.097		-173.051
3328		-10.9821		-181.838
3329		53.7621		-162.974
3330		108.582		-115.074
3331		139.614		-41.76
3332		133.466		45.6015
3333		82.4792		127.375
3334		-9.60128		179.173
3335		-124.716		179.317
3336		-232.899		117.769
3337		-300.397		2.66583
3338		-301.077		-139.105
3339		-226.76		-268.552
3340		-92.0203		-346.618
3341		68.9721		-347.234
3342		212.736		-266.332
3343		300.082		-123.337
3344		307.94		45.2471
3345		235.251		197.417
3346		101.408		297.842
3347		-61.1915		326.4
3348		-216.966		280.916
3349		-335.627		174.568
3350		-397.109		30.3738
3351		-392.883		-124.518
3352		-325.115		-263.08
3353		-205.398		-361.216
3354		-53.7567		-400.209
3355		102.709		-369.824
3356		232.918		-271.835
3357		307.458		-122.438
3358		306.07		48.5918
3359		224.598		203.273
3360		78.3428		304.668
3361		-100.327		327.276
3362		-270.093		264.805
3363		-392.026		132.228
3364		-440.198		-38.7789
3365		-407.833		-209.296
3366		-307.222		-343.898
3367		-164.167		-418.918
3368		-9.7684		-425.931
3369		127.166		-370.475
3370		224.886		-267.898
3371		270.305		-138.813
3372		258.746		-5.77625
3373		193.458		108.742
3374		85.7397		184.232
3375		-44.9627		205.078
3376		-172.551		164.66
3377		-268.635		69.1462
3378		-309.561		-61.3537
3379		-283.991		-196.138
3380		-197.856		-301.777
3381		-73.9393		-352.18
3382		54.5795		-337.065
3383		154.616		-265.233
3384		203.729		-161.076
3385		196.555		-55.6454
3386		144.704		24.0688
3387		70.5816		63.2809
3388		-1.82807		62.0173
3389		-55.1277		31.8684
3390		-82.4849		-10.83
3391		-86.6069		-51.8379
3392		-75.34		-82.93
3393		-56.8197		-101.933
3394		-36.679		-110.101
3395		-18.1109		-109.231
3396		-3.66436		-100.512
3397		3.31786		-85.5591
3398		-0.79155		-68.3119
3399		-17.4526		-55.7652
3400		-43.2091		-56.1677
3401		-68.8951		-75.0544
3402		-82.1572		-111.185
3403		-72.7168		-155.005
3404		-37.9272		-191.227
3405		14.4471		-204.926
3406		68.2063		-188.487
3407		105.061		-145.876
3408		112.588		-91.7803
3409		89.9518		-45.6414
3410		48.452		-23.2232
3411		6.43132		-29.7317
3412		-19.081		-57.8627
3413		-19.9606		-91.7285
3414		-0.142426		-114.699
3415		27.0854		-117.259
3416		46.1325		-101.058
3417		46.8674		-77.3404
3418		29.2535		-60.8277
3419		2.7837		-62.3387
3420		-18.6209		-83.8649
3421		-23.3332		-118.309
3422		-6.87172		-153.519
3423		27.3071		-178.063
3424		70.8732		-185.529
3425		115.247		-175.324
3426		154.842		-150.165
3427		187.127		-112.488
3428		209.873		-62.5264
3429		217.914		0.306053
3430		202.261		73.386
3431		153.123		146.813
3432		66.0291		202.469
3433		-51.9552		218.021
3434		-179.606		175.12
3435		-284.922		68.5435
3436		-334.208		-87.9664
3437		-303.73		-262.407
3438		-189.341		-412.29
3439		-10.0679		-496.983
3440		195.963		-490.155
3441		381.816		-387.841
3442		504.502		-209.563
3443		535.895		7.3387
3444		468.687		217.605
3445		316.522		378.701
3446		109.461		459.275
3447		-112.966		444.067
3448		-309.124		335.404
3449		-441.955		152.169
3450		-484.755		-73.051
3451		-426.029		-298.517
3452		-272.881		-479.838
3453		-51.7502		-578.243
3454		194.837		-569.385
3455		415.983		-450.394
3456		563.51		-242.573
3457		603.676		11.959
3458		526.003		259.457
3459		346.303		447.246
3460		102.817		536.236
3461		-153.279		509.623
3462		-370.001		375.572
3463		-505.794		163.788
3464		-537.169		-82.2587
3465		-461.671		-314.839
3466		-296.612		-490.873
3467		-74.8619		-578.921
3468		161.102		-563.88
3469		366.171		-449.428
3470		500.256		-258.047
3471		536.04		-28.0637
3472		465.531		192.793
3473		303.463		356.988
3474		85.6862		428.242
3475		-138.185		391.103
3476		-316.629		255.814
3477		-409.422		56.3162
3478		-398.129		-158.533
3479		-290.445		-338.022
3480		-117.028		-442.809
3481		77.8828		-454.209
3482		248.714		-377.016
3483		359.699		-235.787
3484		391.883		-66.7157
3485		344.935		91.8088
3486		234.606		207.21
3487		87.7529		257.957
3488		-63.332		236.054
3489		-186.377		147.555
3490		-254.358		11.6317
3491		-250.607		-141.979
3492		-173.302		-277.776
3493		-37.8877		-361.786
3494		124.375		-370.338
3495		272.812		-297.85
3496		367.909		-160.511
3497		383.176		6.50734
3498		314.117		158.488
3499		180.57		254.622
3500		20.9039		270.876
3501		-120.265		207.426
3502		-206.436		87.7566
3503		-220.333		-50.2437
3504		-167.7		-167.62
3505		-72.8079		-236.897
3506		31.9839		-249.195
3507		117.997		-213.831
3508		168.698		-151.564
3509		182.12		-85.1156
3510		167.433		-31.1996
3511		138.304		3.08199
3512		106.582		19.0501
3513		78.9385		22.3138
3514		57.0703		18.4816
3515		40.1456		10.8871
3516		27.2993		0.821152
3517		18.5388		-10.863
3518		13.8874		-22.5702
3519		11.9796		-32.3877
3520		9.7597		-39.8751
3521		4.14825		-47.7201
3522		-4.97609		-61.5093
3523		-12.4054		-86.8644
3524		-7.92903		-124.93
3525		19.7609		-168.639
3526		76.7269		-202.384
3527		157.905		-206.421
3528		245.02		-164.961
3529		310.343		-74.7756
3530		325.751		49.7689
3531		273.942		178.225
3532		157.18		272.516
3533		-0.433563		299.645
3534		-158.757		243.916
3535		-273.789		113.817
3536		-311.901		-59.3262
3537		-260.892		-230.607
3538		-133.895		-355.369
3539		35.0384		-402.646
3540		201.747		-363.642
3541		325.098		-252.846
3542		377.983		-102.156
3543		353.046		49.2391
3544		262.254		165.539
3545		131.601		222.403
3546		-6.56583		210.838
3547		-121.069		137.004
3548		-187.685		19.1835
3549		-192.713		-116.626
3550		-134.619		-241.492
3551		-24.1456		-328.351
3552		117.042		-356.753
3553		259.521		-317.267
3554		371.317		-214.677
3555		424.791		-68.7162
3556		403.867		88.7634
3557		309.519		220.4
3558		161.369		292.534
3559		-5.85337		284.591
3560		-150.635		195.673
3561		-235.688		45.9134
3562		-238.351		-128.281
3563		-157.06		-283.931
3564		-11.6985		-383.231
3565		162.306		-403.641
3566		324.185		-343.191
3567		438.962		-219.538
3568		485.939		-63.4603
3569		462.115		90.6001
3570		380.073		213.611
3571		261.865		287.732
3572		131.709		307.531
3573		10.3386		277.274
3574		-87.3461		206.459
3575		-151.447		106.123
3576		-174.769		-12.3734
3577		-151.393		-136.059
3578		-77.78		-248.198
3579		43.5612		-327.696
3580		199.658		-351.969
3581		364.81		-303.461
3582		503.03		-177.825
3583		575.967		9.74563
3584		554.55		223.604
3585		430.411		414.07
3586		222.46		530.248
3587		-24.8113		535.473
3588		-251.815		420.022
3589		-400.292		206.244
3590		-430.348		-56.2466
3591		-332.283		-304.044
3592		-129.204		-477.664
3593		130.25		-537.559
3594		386.172		-473.358
3595		583.508		-303.986
3596		684.786		-69.7612
3597		676.115		179.788
3598		566.096		397.825
3599		379.908		548.404
3600		151.939		609.93
3601		-80.2924		575.077
3602		-280.041		449.459
3603		-414.064		250.809
3604		-455.943		8.74945
3605		-391.031		-236.4
3606		-222.254		-437.876
3607		25.8206		-550.849
3608		307.774		-543.707
3609		564.899		-408.823
3610		738.772		-168.354
3611		787.144		128.277
3612		696.787		415.712
3613		488.393		629.82
3614		211.3		725.123
3615		-70.4077		686.592
3616		-295.659		531.944
3617		-421.942		304.194
3618		-433.762		57.7782
3619		-342.229		-156.382
3620		-177.476		-301.918
3621		22.0222		-361.494
3622		218.902		-335.198
3623		382.501		-235.625
3624		490.528		-82.9336
3625		528.784		98.127
3626		491.317		279.411
3627		382.19		430.682
3628		217.904		523.091
3629		28.0467		535.436
3630		-148.306		461.519
3631		-271.082		315.25
3632		-310.599		130.109
3633		-257.692		-48.4152
3634		-128.103		-175.711
3635		41.4258		-221.804
3636		204.57		-180.65
3637		320.234		-71.1418
3638		365.066		70.6194
3639		338.896		204.553
3640		261.433		299.863
3641		162.316		343.128
3642		69.3167		338.623
3643		-0.175476		301.943
3644		-41.3424		250.861
3645		-58.1396		198.166
3646		-56.7511		149.516
3647		-40.5135		106.304
3648		-9.15459		70.6948
3649		37.6865		48.9536
3650		95.4364		50.4487
3651		151.897		82.5175
3652		189.48		144.174
3653		192.053		222.748
3654		153.149		296.287
3655		81.0126		341.5
3656		-2.87161		343.818
3657		-71.8761		304.516
3658		-105.527		240.933
3659		-98.5545		179.063
3660		-62.9961		141.76
3661		-21.9533		138.255
3662		2.18677		160.348
3663		-0.763031		187.462
3664		-23.5548		198.272
3665		-45.528		183.097
3666		-44.2488		150.556
3667		-9.08293		124.595
3668		50.2994		132.753
3669		105.32		191.042
3670		119.921		292.864
3671		67.1891		407.778
3672		-56.4105		491.484
3673		-225.979		503.08
3674		-395.013		422.208
3675		-511.481		258.622
3676		-536.46		50.1405
3677		-457.684		-149.939
3678		-292.947		-290.462
3679		-82.9317		-337.919
3680		122.598		-284.343
3681		279.123		-146.024
3682		357.093		44.4785
3683		345.018		248.373
3684		247.382		428.543
3685		80.7348		553.727
3686		-129.193		600.163
3687		-348.763		553.319
3688		-537.947		411.456
3689		-654.812		190.324
3690		-664.307		-74.0751
3691		-549.726		-328.404
3692		-322.423		-512.41
3693		-24.5545		-575.092
3694		278.347		-491.346
3695		514.014		-272.406
3696		624.078		34.8193
3697		581.232		360.145
3698		396.509		630.022
3699		114.283		787.636
3700		-202.391		806.1
3701		-489.826		690.975
3702		-698.31		473.153
3703		-799.077		196.874
3704		-783.635		-91.3041
3705		-659.048		-348.9
3706		-443.709		-539.241
3707		-166.229		-631.692
3708		133.409		-604.159
3709		404.164		-449.499
3710		589.709		-183.705
3711		641.011		149.184
3712		532.657		480.72
3713		276.37		732.333
3714		-75.4248		837.288
3715		-439.924		762.766
3716		-726.353		523.131
3717		-863.107		178.153
3718		-819.622		-184.191
3719		-614.695		-474.335
3720		-308.407		-627.342
3721		18.6086		-619.291
3722		290.025		-468.93
3723		453.539		-225.94
3724		489.434		47.7213
3725		407.538		295.299
3726		236.981		475.706
3727		15.1368		565.716
3728		-219.514		556.971
3729		-429.685		452.62
3730		-579.565		266.946
3731		-637.176		27.7419
3732		-581.116		-222.098
3733		-410.264		-428.237
3734		-151.563		-536.029
3735		139.858		-507.036
3736		391.412		-334.862
3737		532.969		-52.9061
3738		519.432		270.967
3739		347.259		552.668
3740		57.8798		717.208
3741		-274.017		721.978
3742		-563.326		569.393
3743		-740.13		304.565
3744		-769.018		-0.435089
3745		-656.047		-269.276
3746		-442.474		-442.686
3747		-189.248		-491.763
3748		41.2316		-420.63
3749		200.111		-260.016
3750		260.525		-55.9214
3751		219.386		142.3
3752		94.4314		291.715
3753		-81.297		362.707
3754		-266.299		343.32
3755		-418.542		241.226
3756		-504.227		82.5853
3757		-506.117		-93.2869
3758		-428.853		-243.608
3759		-298.426		-334.327
3760		-154.457		-350.887
3761		-36.8887		-303.008
3762		28.3194		-220.565
3763		38.5341		-141.254
3764		14.3133		-94.6262
3765		-10.8617		-89.3396
3766		-6.95303		-109.604
3767		37.3794		-122.975
3768		107.809		-96.4507
3769		169.342		-13.7594
3770		181.557		114.187
3771		117.504		250.826
3772		-22.1693		347.287
3773		-206.344		361.984
3774		-383.307		278.079
3775		-499.281		111.39
3776		-517.87		-94.4026
3777		-432.6		-282.917
3778		-268.055		-404.116
3779		-70.117		-429.696
3780		109.888		-359.549
3781		230.579		-218.262
3782		270.166		-44.6315
3783		228.334		120.715
3784		121.831		245.054
3785		-22.8388		308.434
3786		-176.257		304.173
3787		-310.808		237.029
3788		-403.527		121.024
3789		-438.313		-22.3984
3790		-408.422		-166.542
3791		-318.848		-283.102
3792		-187.158		-347.621
3793		-41.2092		-345.651
3794		86.6398		-277.41
3795		167.521		-158.728
3796		183.616		-17.4019
3797		132.584		114.019
3798		27.4138		206.493
3799		-107.857		241.01
3800		-244.557		211.618
3801		-355.56		124.913
3802		-419.66		-2.716
3803		-423.963		-148.46
3804		-365.105		-286.197
3805		-250.137		-389.552
3806		-97.0074		-435.726
3807		66.459		-410.437
3808		206.465		-313.04
3809		290.437		-159.614
3810		296.074		18.3349
3811		219.125		180.623
3812		76.3926		289.204
3813		-98.0791		319.446
3814		-262.865		267.471
3815		-381.512		150.47
3816		-432.545		-0.0776062
3817		-413.339		-149.224
3818		-336.982		-268.633
3819		-224.613		-341.877
3820		-97.6433		-363.697
3821		26.2399		-335.348
3822		132.15		-260.154
3823		204.38		-142.885
3824		224.356		6.31003
3825		173.773		166.255
3826		43.2801		302.383
3827		-156.934		371.862
3828		-390.917		336.755
3829		-600.608		180.92
3830		-720.879		-76.9402
3831		-701.769		-381.486
3832		-529.358		-653.491
3833		-235.933		-814.054
3834		106.17		-811.61
3835		406.01		-641.003
3836		583.124		-346.684
3837		593.154		-8.47676
3838		440.376		284.453
3839		173.078		461.155
3840		-135.082		487.731
3841		-409.281		371.658
3842		-593.657		152.376
3843		-660.942		-115.61
3844		-610.852		-378.967
3845		-461.582		-595.227
3846		-240.767		-734.793
3847		19.4389		-778.571
3848		282.7		-716.285
3849		507.607		-548.762
3850		650.248		-293.515
3851		672.8		10.7088
3852		556.439		305.755
3853		312.99		525.08
3854		-11.3797		612.005
3855		-344.456		538.738
3856		-607.053		318.073
3857		-736.424		2.00596
3858		-705.082		-333.099
3859		-527.738		-609.377
3860		-254.106		-769.587
3861		48.7187		-790.413
3862		316.621		-683.195
3863		503.725		-483.999
3864		588.165		-239.111
3865		569.048		7.27312
3866		459.207		219.133
3867		279.138		368.882
3868		55.0921		435.602
3869		-179.703		405.6
3870		-384.688		277.077
3871		-516.582		66.7405
3872		-540.063		-186.673
3873		-441.281		-426.753
3874		-237.784		-592.99
3875		21.3631		-639.87
3876		267.769		-553.935
3877		434.97		-360.902
3878		480.787		-118.607
3879		401.548		102.353
3880		232.074		242.82
3881		31.401		274.309
3882		-139.591		205.693
3883		-239.166		75.3711
3884		-255.985		-66.6394
3885		-207.151		-178.285
3886		-125.683		-238.402
3887		-44.4512		-248.65
3888		15.8137		-225.715
3889		49.9019		-189.371
3890		63.3336		-153.049
3891		63.8953		-121.092
3892		55.1735		-92.5184
3893		35.6663		-67.4317
3894		3.1464		-51.1105
3895		-39.4194		-52.7821
3896		-81.0056		-79.7484
3897		-105.361		-130.7
3898		-98.5456		-192.839
3899		-57.0749		-245.382
3900		8.21176		-268.324
3901		75.3303		-252.124
3902		120.371		-203.1
3903		128.35		-141.358
3904		100.191		-91.9348
3905		52.2112		-73.4022
3906		8.26502		-89.5842
3907		-11.5219		-128.428
3908		0.121643		-168.427
3909		34.9754		-189.203
3910		74.1024		-180.953
3911		97.2644		-148.344
3912		92.1562		-107.493
3913		59.195		-78.1882
3914		10.2865		-75.5111
3915		-36.856		-104.727
3916		-65.3704		-160.95
3917		-63.7269		-232.353
3918		-26.9285		-304.157
3919		44.3277		-361.091
3920		144.221		-388.046
3921		260.703		-370.657
3922		373.535		-298.106
3923		454.266		-168.918
3924		471.068		2.26578
3925		399.127		181.192
3926		233.696		318.085
3927		-0.0876617		360.755
3928		-246.819		273.644
3929		-433.003		55.6429
3930		-489.508		-251.588
3931		-376.753		-570.297
3932		-102.674		-807.923
3933		274.551		-886.232
3934		661.282		-767.719
3935		955.997		-469.258
3936		1079.78		-57.9127
3937		998.902		369.195
3938		732.257		713.127
3939		342.635		899.334
3940		-83.1185		893.766
3941		-456.97		705.801
3942		-708.273		380.291
3943		-794.381		-15.9133
3944		-703.799		-407.703
3945		-454.787		-723.068
3946		-92.0506		-902.359
3947		318.051		-907.07
3948		695.481		-728.586
3949		959.6		-394.794
3950		1046.96		29.6343
3951		929.765		453.042
3952		628.293		777.106
3953		210.7		923.156
3954		-222.38		856.009
3955		-565.144		596.185
3956		-737.1		214.936
3957		-705.971		-187.03
3958		-494.835		-509.75
3959		-171.485		-682.305
3960		175.096		-679.536
3961		461.699		-522.718
3962		631.648		-266.355
3963		663.641		21.7849
3964		568.701		279.15
3965		379.939		459.863
3966		141.242		538.304
3967		-101.022		507.782
3968		-302.862		378.314
3969		-426.544		175.609
3970		-446.194		-59.8853
3971		-355.332		-277.071
3972		-173.222		-423.965
3973		54.8902		-462.257
3974		267.173		-381.763
3975		403.36		-207.748
3976		425.717		4.20653
3977		333.936		185.984
3978		166.507		281.356
3979		-13.4438		266.983
3980		-142.684		160.597
3981		-182.419		12.2749
3982		-132.052		-117.548
3983		-26.1412		-183.463
3984		83.5871		-172.383
3985		152.362		-105.269
3986		161.136		-23.3663
3987		121.55		33.4973
3988		65.7902		45.5717
3989		27.5227		19.9042
3990		24.2177		-17.2246
3991		49.7738		-37.0785
3992		80.4634		-24.9504
3993		90.0154		12.3933
3994		65.0473		51.6856
3995		12.3909		67.0191
3996		-45.2242		44.4021
3997		-82.0288		-11.1186
3998		-82.8832		-79.3081
3999		-49.9433		-136.691
4000		1.09515		-169.157
4001		52.3125		-177.673
4002		95.0684		-173.861
4003		134.224		-168.537
4004		182.051		-160.802
4005		245.273		-135.354
4006		313.401		-71.0506
4007		356.662		43.0822
4008		336.951		193.41
4009		227.858		338.172
4010		33.9442		419.319
4011		-201.523		386.168
4012		-406.41		220.573
4013		-504.794		-48.6356
4014		-447.183		-349.984
4015		-232.671		-592.113
4016		87.0712		-696.054
4017		424.074		-623.709
4018		683.852		-390.981
4019		796.418		-60.9853
4020		736.558		278.589
4021		527.019		543.786
4022		226.036		677.285
4023		-93.327		658.939
4024		-362.958		503.516
4025		-532.45		250.525
4026		-573.838		-47.4293
4027		-481.437		-333.605
4028		-270.788		-553.267
4029		21.6666		-659.778
4030		340.099		-623.096
4031		615.83		-440.011
4032		781.199		-141.649
4033		788.742		207.719
4034		628.98		524.149
4035		338.285		727.717
4036		-8.96858		768.456
4037		-323.18		643.782
4038		-529.172		399.102
4039		-590.648		110.317
4040		-518.979		-144.765
4041		-362.785		-313.748
4042		-183.668		-383.88
4043		-29.8528		-377.732
4044		79.8788		-333.942
4045		155.227		-283.819
4046		218.6		-236.12
4047		284.339		-177.459
4048		345.053		-87.1078
4049		372.922		42.9583
4050		335.409		194.755
4051		216.649		326.047
4052		32.4169		387.23
4053		-170.286		344.99
4054		-329.921		200.427
4055		-395.59		-8.10208
4056		-348.33		-219.387
4057		-208.024		-374.092
4058		-22.8426		-437.681
4059		152.966		-410.599
4060		281.392		-321.626
4061		352.06		-209.162
4062		377.983		-101.244
4063		379.63		-5.13217
4064		367.478		88.528
4065		333.683		190.462
4066		258.027		296.329
4067		124.829		379.787
4068		-59.0972		400.504
4069		-256.614		324.047
4070		-408.68		143.56
4071		-456.596		-108.697
4072		-367.993		-367.241
4073		-153.964		-555.418
4074		131.403		-614.151
4075		409.455		-524.498
4076		605.22		-314.012
4077		672.99		-44.7239
4078		608.581		210.939
4079		444.546		394.98
4080		232.729		478.933
4081		23.8224		464.642
4082		-146.528		373.6
4083		-260.513		232.86
4084		-311.977		65.6893
4085		-298.098		-109.179
4086		-215.886		-271.964
4087		-66.3427		-396.388
4088		136.706		-450.697
4089		359.998		-407.22
4090		552.97		-256.677
4091		660.627		-19.4338
4092		642.956		253.674
4093		492.281		493.701
4094		240.024		635.264
4095		-51.1798		638.732

 
--------------------------------------


