Compute Correlation 
 
0		10.2529		9.05693
1		14.6035		5.79097
2		18.5798		5.9069
3		20.7234		8.02133
4		20.8323		10.5906
5		19.49		12.6853
6		17.2996		14.1182
7		14.3953		14.9778
8		10.5587		15.0099
9		5.82616		13.3823
10		1.09917		9.09849
11		-1.78194		1.866
12		-0.738093		-7.14349
13		5.34054		-15.2422
14		15.5386		-19.1321
15		26.71		-16.4657
16		34.4426		-7.3057
17		34.8997		5.33621
18		26.7196		16.3235
19		12.0284		20.3563
20		-4.03024		14.2436
21		-15.1462		-1.55933
22		-16.3078		-22.8955
23		-5.79067		-43.4039
24		14.205		-56.9152
25		38.5122		-59.6883
26		61.059		-51.5389
27		77.0686		-35.4689
28		84.452		-16.1211
29		83.9101		2.1185
30		77.9284		16.4841
31		69.3423		26.1629
32		60.2528		31.6906
33		51.7466		33.9753
34		44.3462		33.6177
35		38.6842		30.9073
36		35.8103		26.3813
37		36.8261		21.4402
38		42.0231		18.4483
39		50.0813		20.0528
40		57.9383		27.95
41		61.6116		41.7276
42		57.7328		58.4691
43		45.1138		73.4807
44		25.5634		81.9436
45		3.48228		80.8016
46		-15.666		70.0333
47		-27.3715		52.7158
48		-29.707		33.8377
49		-23.8783		18.393
50		-13.5122		9.59191
51		-3.0658		7.92896
52		3.89577		11.4136
53		5.82641		16.7284
54		3.34908		20.7011
55		-1.4663		21.4233
56		-6.22205		18.6179
57		-9.14318		13.2682
58		-9.48915		6.85981
59		-7.39886		0.690479
60		-3.42973		-4.44698
61		1.85689		-8.18171
62		8.03515		-10.2918
63		14.6841		-10.5174
64		21.1826		-8.6163
65		26.6596		-4.61326
66		30.2051		0.963429
67		31.2478		7.07022
68		29.8769		12.4353
69		26.8929		16.0252
70		23.5248		17.4477
71		20.9459		17.0731
72		19.8345		15.8103
73		20.2018		14.6686
74		21.5476		14.3479
75		23.2179		15.0683
76		24.7324		16.6923
77		25.8901		19.01
78		26.6184		21.9655
79		26.7111		25.6496
80		25.6813		30.0548
81		22.8907		34.7633
82		17.9359		38.8166
83		11.0828		40.9332
84		3.46595		40.0407
85		-3.14291		35.8832
86		-6.97119		29.3713
87		-7.02924		22.4354
88		-3.66928		17.3708
89		1.38094		15.9236
90		5.57874		18.5142
91		6.51474		23.9517
92		2.85938		29.7858
93		-5.08265		33.157
94		-15.4244		31.8031
95		-25.3097		24.8321
96		-31.8235		12.9967
97		-32.8541		-1.57256
98		-27.6355		-16.0147
99		-16.8574		-27.5097
100		-2.40115		-33.9374
101		13.155		-34.2935
102		27.113		-28.8348
103		37.2114		-18.9825
104		42.0962		-7.01562
105		41.6405		4.4236
106		37.0206		12.9608
107		30.4598		17.1393
108		24.6244		16.8912
109		21.7949		13.6208
110		23.0725		9.78343
111		27.9421		8.03792
112		34.4184		10.2558
113		39.7769		16.7826
114		41.6092		26.2844
115		38.7679		36.2747
116		31.789		44.1163
117		22.6023		48.0623
118		13.6674		47.8736
119		6.94066		44.7507
120		3.15612		40.6428
121		1.73269		37.3004
122		1.30383		35.5436
123		0.550104		35.091
124		-1.12197		34.9816
125		-3.40556		34.3085
126		-5.48096		32.8259
127		-6.70354		31.0768
128		-7.16236		29.975
129		-7.75418		30.0951
130		-9.69758		31.1045
131		-13.7412		31.7092
132		-19.5169		30.2029
133		-25.4372		25.3701
134		-29.2609		17.272
135		-29.0918		7.47475
136		-24.328		-1.45007
137		-16.0804		-6.95665
138		-6.8298		-7.61148
139		0.539131		-3.72387
140		3.88236		2.77191
141		2.60149		9.11304
142		-2.22957		12.7976
143		-8.41762		12.4706
144		-13.5698		8.24823
145		-15.9339		1.4241
146		-14.8146		-6.20327
147		-10.4824		-13.0026
148		-3.75934		-17.8809
149		4.4079		-20.2789
150		13.1489		-19.95
151		21.6092		-16.7803
152		28.7983		-10.8301
153		33.5841		-2.56996
154		34.9682		6.89598
155		32.5587		15.8748
156		26.9739		22.5161
157		19.876		25.507
158		13.4992		24.7028
159		9.80709		21.3344
160		9.65074		17.6066
161		12.3493		15.808
162		15.9404		17.3198
163		18.0237		21.9955
164		16.8195		28.2219
165		11.9438		33.6446
166		4.53416		36.2126
167		-3.31661		35.0397
168		-9.5224		30.6832
169		-12.8779		24.7423
170		-13.4305		19.0208
171		-12.2135		14.7056
172		-10.5411		11.9708
173		-9.27712		10.164
174		-8.47322		8.40844
175		-7.53573		6.24081
176		-5.77465		3.9103
177		-2.97527		2.1848
178		0.36317		1.80653
179		3.26759		2.94605
180		4.86414		5.00158
181		4.93394		6.88301
182		4.1034		7.62828
183		3.52957		6.99338
184		4.23697		5.65729
185		6.4764		4.893
186		9.48211		5.86001
187		11.7941		8.89893
188		12		13.2263
189		9.5096		17.222
190		4.94368		19.1809
191		-0.0857334		18.1471
192		-3.70219		14.3911
193		-4.62604		9.28148
194		-2.72455		4.61851
195		1.02712		1.785
196		5.13542		1.16095
197		8.39687		2.09965
198		10.4826		3.45463
199		11.9876		4.34763
200		13.931		4.74083
201		16.9995		5.4894
202		20.9639		7.83947
203		24.6107		12.6439
204		26.2448		19.726
205		24.5165		27.7485
206		19.1436		34.6777
207		11.1566		38.6247
208		2.53543		38.6503
209		-4.58357		35.1471
210		-8.74579		29.6297
211		-9.67569		24.0621
212		-8.23555		20.0615
213		-5.9222		18.3478
214		-4.18778		18.6464
215		-3.91397		20.0126
216		-5.24133		21.3463
217		-7.74389		21.8193
218		-10.7678		21.0442
219		-13.712		18.9908
220		-16.123		15.8002
221		-17.6317		11.6696
222		-17.8713		6.88258
223		-16.513		1.92134
224		-13.446		-2.49068
225		-8.99259		-5.53523
226		-3.97564		-6.6246
227		0.483187		-5.74774
228		3.40449		-3.61609
229		4.43257		-1.46263
230		4.092		-0.529174
231		3.63752		-1.46641
232		4.51823		-3.95319
233		7.6909		-6.75777
234		13.1197		-8.24798
235		19.725		-7.12136
236		25.824		-3.00102
237		29.852		3.39757
238		31.0108		10.6064
239		29.5271		17.069
240		26.4168		21.7824
241		22.9104		24.5995
242		19.8669		26.0656
243		17.4913		26.929
244		15.4826		27.6349
245		13.4823		28.1108
246		11.5179		27.963
247		10.1398		26.9518
248		10.1347		25.4302
249		11.9616		24.4399
250		15.2387		25.3406
251		18.6164		29.1252
252		20.1751		35.7727
253		18.2057		44.0031
254		12.0099		51.6121
255		2.32161		56.2707
256		-8.87189		56.4343
257		-19.0421		51.9449
258		-26.0409		44.0633
259		-28.8224		34.9415
260		-27.6766		26.8083
261		-23.9392		21.2391
262		-19.3846		18.7953
263		-15.6176		19.0933
264		-13.7064		21.1515
265		-14.112		23.7683
266		-16.7883		25.7576
267		-21.2715		26.0308
268		-26.6608		23.6616
269		-31.5623		18.0809
270		-34.183		9.4253
271		-32.7309		-1.12868
272		-26.0971		-11.3213
273		-14.5612		-18.2702
274		-0.130433		-19.4073
275		13.8006		-13.5692
276		23.4899		-1.73676
277		26.2448		13.0143
278		21.5801		26.4694
279		11.5717		34.8262
280		0.154046		36.1995
281		-8.40321		31.4004
282		-11.208		23.6012
283		-7.89128		17.0014
284		-0.674249		15.074
285		6.66232		19.1707
286		10.4191		28.091
287		8.47473		38.7602
288		0.984595		47.6391
289		-9.96153		52.1748
290		-21.4558		51.633
291		-31.0537		47.0113
292		-37.5958		40.2114
293		-41.2494		32.995
294		-42.8942		26.2952
295		-43.3112		20.187
296		-42.6898		14.4135
297		-40.7257		9.04151
298		-37.1917		4.77149
299		-32.5611		2.66419
300		-28.2199		3.42519
301		-26.0456		6.68909
302		-27.5156		10.7836
303		-32.8174		13.2055
304		-40.474		11.6429
305		-47.7537		5.05087
306		-51.7181		-5.77116
307		-50.4219		-18.4173
308		-43.6818		-29.8287
309		-33.0574		-37.4999
310		-21.0864		-40.3598
311		-10.192		-38.9376
312		-1.81609		-34.8146
313		3.83537		-29.7273
314		7.40925		-24.8307
315		9.71293		-20.4851
316		11.1781		-16.5826
317		11.8002		-13.0974
318		11.5372		-10.4237
319		10.832		-9.22147
320		10.8187		-9.83539
321		12.9573		-11.6722
322		18.2089		-13.0108
323		26.1983		-11.5117
324		34.9088		-5.2876
325		41.2198		5.97688
326		42.1588		20.4823
327		36.311		34.7432
328		24.6771		44.9031
329		10.4824		48.3749
330		-2.06149		45.0273
331		-9.5134		37.3164
332		-10.6654		29.255
333		-7.02065		24.6771
334		-2.06277		25.6012
335		0.327972		31.4429
336		-2.44355		39.407
337		-10.677		45.8169
338		-22.4465		47.7081
339		-34.6168		43.9408
340		-44.233		35.3802
341		-49.5956		24.1949
342		-50.5718		12.7466
343		-48.1445		2.68172
344		-43.5918		-5.36672
345		-37.827		-11.4562
346		-31.2474		-15.7405
347		-24.0733		-18.0672
348		-16.8381		-18.0507
349		-10.5986		-15.5545
350		-6.63273		-11.2119
351		-5.74845		-6.55886
352		-7.61829		-3.56571
353		-10.6034		-3.73447
354		-12.2865		-7.23034
355		-10.5312		-12.563
356		-4.5575		-17.0761
357		4.54078		-18.0747
358		14.1503		-14.0609
359		21.234		-5.45707
360		23.645		5.55886
361		21.0117		16.03
362		14.7685		23.517
363		7.34755		27.065
364		0.980506		27.3832
365		-3.26074		26.2021
366		-5.71194		25.211
367		-7.58859		25.1744
368		-10.0435		25.6956
369		-13.3808		25.7051
370		-16.8794		24.3377
371		-19.3086		21.6491
372		-19.8074		18.7267
373		-18.5864		17.1173
374		-17.0113		17.8959
375		-16.9845		20.9187
376		-19.9478		24.712
377		-26.0563		27.091
378		-33.9873		26.198
379		-41.5046		21.4071
380		-46.4852		13.6167
381		-47.8653		4.78365
382		-46.0195		-3.03651
383		-42.4049		-8.62081
384		-38.7041		-12
385		-35.9599		-14.1887
386		-34.1686		-16.4337
387		-32.5101		-19.4458
388		-30.0184		-23.054
389		-26.2504		-26.4472
390		-21.541		-28.8043
391		-16.7035		-29.882
392		-12.3913		-30.1657
393		-8.55992		-30.4741
394		-4.41265		-31.2606
395		1.07977		-32.0735
396		8.36611		-31.5703
397		16.707		-28.1654
398		24.1991		-20.9998
399		28.5197		-10.6857
400		28.0605		0.646588
401		22.8604		10.1213
402		14.8016		15.3808
403		6.89657		15.7128
404		1.96816		12.4485
405		1.36312		8.38896
406		4.34386		6.51525
407		8.47064		8.61058
408		10.7845		14.4715
409		9.1979		22.084
410		3.40743		28.646
411		-5.09432		31.8979
412		-13.8578		31.0892
413		-20.6897		27.134
414		-24.6043		21.9481
415		-26.0607		17.3845
416		-26.443		14.3537
417		-27.1435		12.569
418		-28.7895		10.9756
419		-31.0226		8.54428
420		-32.892		4.93279
421		-33.5647		0.640709
422		-32.891		-3.39252
423		-31.4835		-6.45639
424		-30.277		-8.5673
425		-29.8641		-10.4768
426		-30.0336		-13.1809
427		-29.8133		-17.232
428		-28.0111		-22.282
429		-23.9404		-27.1503
430		-17.8962		-30.3989
431		-11.0905		-31.0931
432		-5.06568		-29.3059
433		-0.918578		-26.0724
434		1.22396		-22.8154
435		2.17687		-20.5747
436		3.14052		-19.4861
437		4.94881		-18.809
438		7.57023		-17.4785
439		10.1594		-14.8429
440		11.6286		-11.136
441		11.3927		-7.38691
442		9.82797		-4.80493
443		8.14416		-3.99917
444		7.71333		-4.50726
445		9.2299		-4.94389
446		12.1969		-3.72509
447		15.0676		0.0197954
448		16.0047		5.86693
449		13.8623		12.2015
450		8.84823		16.9854
451		2.48352		18.7921
452		-3.14309		17.55
453		-6.4398		14.5807
454		-7.12451		11.8998
455		-6.34644		11.1483
456		-6.05113		12.7274
457		-7.93274		15.5957
458		-12.5368		17.8261
459		-18.9844		17.6068
460		-25.4399		14.1436
461		-30.0398		7.98973
462		-31.7614		0.66555
463		-30.7714		-6.17656
464		-28.1101		-11.5486
465		-24.9491		-15.445
466		-21.8915		-18.5442
467		-18.7295		-21.5292
468		-14.7801		-24.4771
469		-9.55494		-26.7131
470		-3.31672		-27.2241
471		2.85829		-25.3695
472		7.58318		-21.4312
473		9.94248		-16.6259
474		10.0726		-12.5254
475		9.15652		-10.1967
476		8.78579		-9.57383
477		10.0287		-9.46077
478		12.7455		-8.21566
479		15.5801		-4.75507
480		16.6848		0.695157
481		14.8051		6.5668
482		10.1138		10.7078
483		4.29313		11.5513
484		-0.237721		9.0548
485		-1.5701		4.86088
486		0.640473		1.54217
487		4.9077		1.29797
488		8.61747		4.79101
489		9.35521		10.7616
490		6.15932		16.6506
491		0.0246792		19.9193
492		-6.62598		19.3665
493		-11.2291		15.7375
494		-12.4384		11.2933
495		-10.8241		8.57051
496		-8.53713		8.99963
497		-8.12492		12.1281
498		-11.1399		15.861
499		-17.2934		17.5808
500		-24.601		15.5329
501		-30.4244		9.72802
502		-32.8301		1.88818
503		-31.5249		-5.50652
504		-27.8785		-10.5265
505		-24.0565		-12.7319
506		-21.7749		-13.2424
507		-21.3849		-13.9373
508		-21.7877		-16.2691
509		-21.1992		-20.3817
510		-18.3002		-25.0349
511		-13.0922		-28.3646
512		-6.95804		-29.0261
513		-1.88744		-27.0474
514		0.686617		-23.8858
515		0.766615		-21.6361
516		-0.135805		-21.8308
517		0.203084		-24.5116
518		3.48023		-28.111
519		9.87168		-30.2327
520		17.8431		-28.9172
521		24.8843		-23.7059
522		28.7781		-15.9184
523		28.7197		-7.99291
524		25.687		-2.24661
525		21.8744		0.274312
526		19.5114		0.243929
527		19.7146		-0.412706
528		21.9847		0.377416
529		24.5885		3.71791
530		25.5787		9.2153
531		23.8581		15.2966
532		19.7032		20.1494
533		14.4832		22.7239
534		9.78024		23.2251
535		6.44894		22.8358
536		4.17134		22.8669
537		1.7598		23.8583
538		-1.98368		25.1776
539		-7.37263		25.3656
540		-13.4515		23.0378
541		-18.374		17.8177
542		-20.3563		10.7491
543		-18.6782		3.92179
544		-14.1664		-0.514024
545		-8.87072		-1.41743
546		-5.08957		0.76797
547		-4.25885		4.24864
548		-6.29215		6.79957
549		-9.71204		6.87409
550		-12.4815		4.31877
551		-13.0729		0.334918
552		-11.2006		-3.25626
553		-7.84982		-5.01628
554		-4.63009		-4.60809
555		-2.84793		-2.86278
556		-2.82357		-1.20392
557		-3.8111		-0.792881
558		-4.52328		-1.89244
559		-3.92156		-3.79299
560		-1.80054		-5.30522
561		1.15972		-5.49655
562		3.87334		-4.22231
563		5.54628		-2.14325
564		6.15861		-0.238024
565		6.43864		0.877068
566		7.34715		1.39624
567		9.38778		2.25735
568		12.1668		4.5866
569		14.4824		8.97623
570		14.9127		15.0218
571		12.5792		21.403
572		7.65146		26.4802
573		1.30461		29.0846
574		-4.85532		29.0655
575		-9.58015		27.2968
576		-12.5503		25.147
577		-14.4223		23.7165
578		-16.3456		23.2678
579		-19.2379		23.1558
580		-23.2322		22.2729
581		-27.598		19.7383
582		-31.1597		15.4296
583		-32.9528		10.065
584		-32.7338		4.809
585		-31.0616		0.650949
586		-28.9268		-2.07466
587		-27.1711		-3.75857
588		-26.0503		-5.16183
589		-25.1934		-6.87427
590		-23.9616		-8.92867
591		-21.966		-10.8075
592		-19.4073		-11.8308
593		-17.015		-11.6746
594		-15.6132		-10.6849
595		-15.5765		-9.77189
596		-16.5173		-9.92768
597		-17.4144		-11.6434
598		-17.1319		-14.5781
599		-15.0367		-17.6899
600		-11.3526		-19.7716
601		-7.03725		-20.0871
602		-3.24359		-18.7387
603		-0.679913		-16.5445
604		0.751158		-14.4953
605		1.81159		-13.1153
606		3.36		-12.1179
607		5.69576		-10.5873
608		8.22539		-7.59996
609		9.6889		-2.93069
610		8.8592		2.59309
611		5.33496		7.3454
612		-0.0398364		9.67998
613		-5.41709		8.83494
614		-8.77763		5.46101
615		-8.94889		1.44489
616		-6.27055		-0.933656
617		-2.53156		-0.108539
618		-0.173494		3.96361
619		-1.13964		9.71648
620		-5.94162		14.6684
621		-13.4075		16.5578
622		-21.2275		14.3579
623		-27.0106		8.68157
624		-29.3175		1.40825
625		-28.1784		-5.23711
626		-24.8873		-9.66725
627		-21.2487		-11.4986
628		-18.7062		-11.478
629		-17.7999		-10.8976
630		-18.167		-10.8762
631		-18.9873		-11.9034
632		-19.5399		-13.8391
633		-19.5246		-16.2723
634		-18.9961		-18.9341
635		-18.0245		-21.8655
636		-16.3791		-25.2301
637		-13.5048		-28.9235
638		-8.86011		-32.2862
639		-2.42061		-34.1851
640		4.9913		-33.4971
641		11.8266		-29.7612
642		16.4036		-23.6135
643		17.7078		-16.6992
644		15.9687		-11.0286
645		12.6637		-8.05951
646		9.88785		-7.97504
647		9.36898		-9.55059
648		11.6195		-10.7163
649		15.6634		-9.55458
650		19.4911		-5.2369
651		21.0182		1.571
652		19.0638		9.03446
653		13.8609		15.0251
654		6.86248		18.0885
655		-0.020709		18.0147
656		-5.32715		15.7532
657		-8.62206		12.769
658		-10.4752		10.2253
659		-11.9096		8.4487
660		-13.6764		6.93989
661		-15.7831		4.87745
662		-17.5335		1.78085
663		-18.0276		-2.07366
664		-16.8036		-5.73105
665		-14.2295		-8.07832
666		-11.4036		-8.49732
667		-9.61704		-7.26419
668		-9.68191		-5.45978
669		-11.5058		-4.43811
670		-14.1482		-5.15073
671		-16.3185		-7.70052
672		-17.0279		-11.3594
673		-16.0336		-15.0165
674		-13.8449		-17.7819
675		-11.322		-19.4
676		-9.1301		-20.2507
677		-7.38118		-20.9757
678		-5.66473		-21.9834
679		-3.42498		-23.1518
680		-0.425255		-23.9147
681		3.00968		-23.6682
682		6.14225		-22.2318
683		8.28071		-20.0525
684		9.26194		-17.9944
685		9.63844		-16.8149
686		10.4148		-16.6351
687		12.4497		-16.7454
688		15.8576		-15.9063
689		19.7759		-13.0208
690		22.6769		-7.82078
691		23.1021		-1.17081
692		20.4445		5.21917
693		15.3485		9.5619
694		9.48722		10.8595
695		4.79894		9.41297
696		2.56233		6.69203
697		2.78532		4.61642
698		4.22612		4.60847
699		5.0367		6.90078
700		3.69613		10.4473
701		-0.243811		13.47
702		-5.97019		14.3452
703		-11.8472		12.3692
704		-16.2259		8.0258
705		-18.1927		2.65707
706		-17.8858		-2.24814
707		-16.2595		-5.74966
708		-14.4789		-7.78062
709		-13.3059		-8.97675
710		-12.8048		-10.1668
711		-12.4869		-11.8512
712		-11.7502		-13.9685
713		-10.3123		-16.0503
714		-8.36931		-17.6233
715		-6.40083		-18.5727
716		-4.77355		-19.2239
717		-3.42301		-20.0889
718		-1.8402		-21.447
719		0.606861		-23.0444
720		4.20811		-24.1324
721		8.60139		-23.8559
722		12.8391		-21.7784
723		15.8326		-18.2262
724		16.942		-14.2183
725		16.3695		-10.9828
726		15.1074		-9.30902
727		14.4352		-9.0963
728		15.2214		-9.37376
729		17.4149		-8.80709
730		20.021		-6.43566
731		21.599		-2.23929
732		21.0281		2.78575
733		18.1307		7.10147
734		13.8072		9.41089
735		9.59883		9.33118
736		6.90288		7.59158
737		6.26065		5.6442
738		7.0993		4.89351
739		8.06686		5.95767
740		7.77801		8.35775
741		5.56716		10.798
742		1.84456		11.8807
743		-2.13071		10.8657
744		-4.93049		8.06647
745		-5.71793		4.67708
746		-4.68083		2.13245
747		-2.91451		1.35413
748		-1.83133		2.28377
749		-2.42376		3.94079
750		-4.77324		4.95261
751		-8.04908		4.25731
752		-10.9682		1.60261
753		-12.4434		-2.40392
754		-12.065		-6.68156
755		-10.1782		-10.2536
756		-7.5575		-12.6841
757		-4.90461		-14.1501
758		-2.47643		-15.15
759		-0.0496931		-16.0619
760		2.78658		-16.8385
761		6.21919		-17.0266
762		9.95566		-16.0919
763		13.2991		-13.8328
764		15.5181		-10.6142
765		16.2891		-7.25283
766		15.9336		-4.60267
767		15.2858		-3.07306
768		15.2413		-2.36873
769		16.2339		-1.6228
770		17.9404		0.128368
771		19.3978		3.37989
772		19.4901		7.81824
773		17.5514		12.4068
774		13.7583		15.8679
775		9.09278		17.3134
776		4.88554		16.6902
777		2.17602		14.8029
778		1.22386		12.9035
779		1.42299		12.0639
780		1.65326		12.6627
781		0.873273		14.2436
782		-1.36129		15.804
783		-4.71676		16.339
784		-8.30949		15.3439
785		-11.194		13.018
786		-12.8344		10.0862
787		-13.311		7.3673
788		-13.1775		5.34598
789		-13.0807		3.97915
790		-13.3792		2.82152
791		-13.9775		1.36562
792		-14.4502		-0.622378
793		-14.3566		-2.9709
794		-13.5389		-5.24036
795		-12.2167		-7.02751
796		-10.8273		-8.23547
797		-9.71746		-9.13496
798		-8.88799		-10.1745
799		-7.96012		-11.6564
800		-6.39595		-13.481
801		-3.84869		-15.129
802		-0.432145		-15.9073
803		3.26134		-15.3283
804		6.42175		-13.4034
805		8.42431		-10.6737
806		9.1485		-7.94717
807		9.02783		-5.88185
808		8.79376		-4.6455
809		9.05124		-3.84746
810		9.92224		-2.78657
811		10.9607		-0.881801
812		11.3931		1.95403
813		10.5577		5.20969
814		8.29999		8.00593
815		5.1049		9.54136
816		1.88638		9.51397
817		-0.4578		8.28908
818		-1.48979		6.72105
819		-1.43891		5.72221
820		-1.06543		5.80721
821		-1.25776		6.85027
822		-2.57898		8.17512
823		-4.99842		8.91843
824		-7.93754		8.46636
825		-10.5878		6.73485
826		-12.3173		4.15966
827		-12.9477		1.42399
828		-12.7668		-0.910185
829		-12.2947		-2.66167
830		-11.9541		-4.05019
831		-11.8359		-5.48879
832		-11.6841		-7.28677
833		-11.0897		-9.4416
834		-9.76376		-11.6346
835		-7.72367		-13.419
836		-5.28516		-14.4766
837		-2.87641		-14.7846
838		-0.794913		-14.5948
839		0.940278		-14.2465
840		2.55109		-13.9333
841		4.30384		-13.5748
842		6.27924		-12.8763
843		8.25816		-11.5447
844		9.80515		-9.52875
845		10.5117		-7.13081
846		10.2609		-4.90601
847		9.35192		-3.39024
848		8.3961		-2.80197
849		8.02223		-2.88939
850		8.54253		-3.02209
851		9.76071		-2.4957
852		11.0359		-0.898006
853		11.5822		1.65474
854		10.8579		4.5406
855		8.84623		6.9105
856		6.0833		8.08666
857		3.41697		7.8824
858		1.61604		6.68561
859		1.02328		5.26857
860		1.41861		4.42359
861		2.14918		4.60591
862		2.45025		5.75286
863		1.79251		7.35229
864		0.0909181		8.70737
865		-2.30853		9.25456
866		-4.83237		8.78045
867		-6.95315		7.44946
868		-8.39384		5.65766
869		-9.17739		3.81108
870		-9.52588		2.14956
871		-9.68851		0.694109
872		-9.80115		-0.681191
873		-9.84434		-2.11793
874		-9.70053		-3.66797
875		-9.25553		-5.26818
876		-8.47324		-6.79249
877		-7.40245		-8.13128
878		-6.12494		-9.23892
879		-4.69335		-10.1202
880		-3.10977		-10.7738
881		-1.36337		-11.1416
882		0.499819		-11.112
883		2.32985		-10.5859
884		3.89418		-9.56788
885		4.97119		-8.22275
886		5.4707		-6.84675
887		5.51064		-5.75247
888		5.39459		-5.11847
889		5.48559		-4.88395
890		6.03052		-4.75263
891		7.02263		-4.31731
892		8.17707		-3.25236
893		9.04096		-1.48199
894		9.19135		0.760537
895		8.42852		3.01666
896		6.87161		4.79276
897		4.91011		5.7682
898		3.03422		5.92383
899		1.62471		5.53229
900		0.800007		5.0188
901		0.388501		4.76082
902		0.0325775		4.92081
903		-0.629869		5.38614
904		-1.79296		5.83655
905		-3.3959		5.90076
906		-5.154		5.32651
907		-6.68514		4.08893
908		-7.66996		2.39553
909		-7.97515		0.594663
910		-7.69258		-0.966198
911		-7.08656		-2.0704
912		-6.479		-2.70069
913		-6.12269		-3.02662
914		-6.11044		-3.32365
915		-6.34902		-3.85961
916		-6.60095		-4.79042
917		-6.57507		-6.09886
918		-6.03416		-7.5937
919		-4.8853		-8.96744
920		-3.225		-9.89479
921		-1.32382		-10.1423
922		0.447921		-9.65475
923		1.73397		-8.58948
924		2.31068		-7.28072
925		2.17028		-6.14103
926		1.53581		-5.52739
927		0.796051		-5.61732
928		0.377784		-6.34126
929		0.598212		-7.39999
930		1.55165		-8.36567
931		3.07465		-8.83172
932		4.80494		-8.55641
933		6.31305		-7.54517
934		7.2564		-6.04045
935		7.49669		-4.42401
936		7.13632		-3.07127
937		6.46274		-2.21537
938		5.82627		-1.8728
939		5.50169		-1.85599
940		5.58812		-1.86286
941		5.98282		-1.60373
942		6.43364		-0.914427
943		6.64398		0.186336
944		6.38603		1.51227
945		5.57907		2.7849
946		4.30728		3.73491
947		2.77723		4.18894
948		1.23816		4.11162
949		-0.100315		3.59353
950		-1.12208		2.79761
951		-1.81433		1.89129
952		-2.23754		0.993403
953		-2.4756		0.154212
954		-2.59152		-0.629536
955		-2.60801		-1.37925
956		-2.51734		-2.10059
957		-2.30996		-2.76954
958		-2.00218		-3.3446
959		-1.64492		-3.79591
960		-1.30705		-4.13272
961		-1.04153		-4.41107
962		-0.85349		-4.71413
963		-0.689503		-5.11344
964		-0.456802		-5.63088
965		-0.0647306		-6.22243
966		0.5323		-6.79416
967		1.31315		-7.24351
968		2.2019		-7.50445
969		3.10718		-7.57216
970		3.96683		-7.49347
971		4.77214		-7.32911
972		5.55719		-7.11054
973		6.35942		-6.81909
974		7.17687		-6.40214
975		7.95136		-5.81883
976		8.59382		-5.08683
977		9.04215		-4.29673
978		9.31814		-3.57586
979		9.54447		-3.01321
980		9.89942		-2.58418
981		10.5211		-2.12249
982		11.406		-1.36841
983		12.3583		-0.0836892
984		13.0297		1.81566
985		13.0449		4.17543
986		12.1637		6.61924
987		10.4042		8.67031
988		8.06283		9.93188
989		5.61334		10.2457
990		3.525		9.7537
991		2.08059		8.82977
992		1.27867		7.91291
993		0.864507		7.31786
994		0.472303		7.11247
995		-0.192131		7.11618
996		-1.21647		7.01412
997		-2.45618		6.52495
998		-3.62242		5.53762
999		-4.43117		4.15267
1000		-4.73435		2.61651
1001		-4.56896		1.19223
1002		-4.10832		0.039722
1003		-3.55231		-0.834031
1004		-3.02226		-1.5371
1005		-2.51703		-2.1993
1006		-1.94645		-2.88303
1007		-1.21267		-3.54942
1008		-0.284271		-4.09288
1009		0.782073		-4.41462
1010		1.88099		-4.48336
1011		2.92746		-4.34345
1012		3.90515		-4.06709
1013		4.85888		-3.68658
1014		5.83418		-3.15695
1015		6.80564		-2.38137
1016		7.64752		-1.28935
1017		8.17694		0.0811324
1018		8.25385		1.55599
1019		7.88067		2.88327
1020		7.23525		3.85629
1021		6.603		4.43594
1022		6.23164		4.79634
1023		6.18267		5.2537
1024		6.26601		6.10179
1025		6.10698		7.43508
1026		5.32473		9.05688
1027		3.73739		10.5324
1028		1.48602		11.3727
1029		-0.994375		11.2632
1030		-3.15202		10.2208
1031		-4.5599		8.59715
1032		-5.10167		6.92025
1033		-5.00745		5.65285
1034		-4.72233		4.98933
1035		-4.67671		4.79219
1036		-5.07792		4.69622
1037		-5.82881		4.32
1038		-6.6093		3.4701
1039		-7.06938		2.23106
1040		-7.02464		0.899601
1041		-6.54862		-0.192755
1042		-5.91735		-0.865844
1043		-5.44437		-1.1829
1044		-5.3034		-1.40238
1045		-5.43791		-1.82399
1046		-5.60314		-2.62082
1047		-5.50872		-3.7525
1048		-4.97456		-5.00275
1049		-4.00965		-6.11051
1050		-2.77443		-6.91022
1051		-1.45872		-7.39643
1052		-0.158051		-7.67803
1053		1.17098		-7.8582
1054		2.64784		-7.92365
1055		4.33975		-7.72096
1056		6.15503		-7.04268
1057		7.83576		-5.77345
1058		9.06753		-4.00286
1059		9.64854		-2.02459
1060		9.61624		-0.207104
1061		9.24601		1.19904
1062		8.90682		2.20586
1063		8.84569		3.09075
1064		9.02226		4.24054
1065		9.09715		5.91231
1066		8.59666		8.04256
1067		7.17629		10.2198
1068		4.8425		11.8516
1069		2.00555		12.4489
1070		-0.67836		11.8815
1071		-2.60365		10.4647
1072		-3.5		8.82264
1073		-3.55501		7.59309
1074		-3.30771		7.12372
1075		-3.3664		7.31789
1076		-4.09821		7.70932
1077		-5.45216		7.72337
1078		-7.00505		6.98432
1079		-8.1993		5.50582
1080		-8.64025		3.66847
1081		-8.29241		2.00518
1082		-7.47463		0.918457
1083		-6.6675		0.485175
1084		-6.24832		0.449822
1085		-6.30368		0.397879
1086		-6.61821		0.000918865
1087		-6.83344		-0.809944
1088		-6.67301		-1.83676
1089		-6.09691		-2.76621
1090		-5.29602		-3.37792
1091		-4.53839		-3.67685
1092		-3.97094		-3.86668
1093		-3.50785		-4.18266
1094		-2.88363		-4.69236
1095		-1.84509		-5.19828
1096		-0.364903		-5.31772
1097		1.26316		-4.70695
1098		2.52429		-3.30233
1099		2.94022		-1.42808
1100		2.34612		0.311831
1101		1.02424		1.31848
1102		-0.398342		1.31229
1103		-1.2512		0.500497
1104		-1.16774		-0.507712
1105		-0.288749		-1.00832
1106		0.797926		-0.575459
1107		1.36144		0.700348
1108		0.920187		2.24452
1109		-0.487925		3.29335
1110		-2.30757		3.30004
1111		-3.7471		2.23511
1112		-4.1936		0.616332
1113		-3.54137		-0.753469
1114		-2.25597		-1.2053
1115		-1.13609		-0.557678
1116		-0.897184		0.783942
1117		-1.79684		2.03607
1118		-3.50016		2.44418
1119		-5.25536		1.67254
1120		-6.28443		-0.028038
1121		-6.18162		-1.95963
1122		-5.11087		-3.34556
1123		-3.70389		-3.73054
1124		-2.71968		-3.20387
1125		-2.64941		-2.33565
1126		-3.47232		-1.86982
1127		-4.68069		-2.34219
1128		-5.5468		-3.82181
1129		-5.48103		-5.89848
1130		-4.29402		-7.90319
1131		-2.24069		-9.22925
1132		0.151641		-9.58179
1133		2.35563		-9.03912
1134		4.062		-7.92308
1135		5.23751		-6.57928
1136		6.02056		-5.20501
1137		6.54653		-3.81619
1138		6.82547		-2.34912
1139		6.74811		-0.807775
1140		6.20525		0.65532
1141		5.22841		1.78669
1142		4.0448		2.38036
1143		2.99513		2.42781
1144		2.35427		2.16227
1145		2.16368		1.95224
1146		2.18729		2.09433
1147		2.03403		2.62497
1148		1.38935		3.26985
1149		0.22679		3.57612
1150		-1.12855		3.16606
1151		-2.13464		1.97484
1152		-2.30375		0.334995
1153		-1.46735		-1.15017
1154		0.111593		-1.88587
1155		1.8455		-1.5725
1156		3.09592		-0.346973
1157		3.47028		1.29695
1158		2.98496		2.7646
1159		2.0121		3.65294
1160		1.0471		3.92268
1161		0.430505		3.86305
1162		0.179028		3.87976
1163		0.0141759		4.23376
1164		-0.437873		4.88212
1165		-1.39808		5.50831
1166		-2.78514		5.71792
1167		-4.2506		5.27978
1168		-5.37448		4.26868
1169		-5.90308		3.02624
1170		-5.88764		1.96462
1171		-5.64195		1.33086
1172		-5.54532		1.07213
1173		-5.80885		0.881902
1174		-6.34481		0.399293
1175		-6.81812		-0.557607
1176		-6.85028		-1.86451
1177		-6.25494		-3.14794
1178		-5.16396		-3.9953
1179		-3.966		-4.19478
1180		-3.09044		-3.86235
1181		-2.76237		-3.37728
1182		-2.87406		-3.16053
1183		-3.05232		-3.42467
1184		-2.88639		-4.04383
1185		-2.18421		-4.62513
1186		-1.10472		-4.74491
1187		-0.0818911		-4.21451
1188		0.422546		-3.21765
1189		0.198543		-2.23152
1190		-0.564609		-1.76747
1191		-1.35602		-2.074
1192		-1.61289		-2.97301
1193		-1.03691		-3.93004
1194		0.220449		-4.32996
1195		1.61355		-3.81192
1196		2.47736		-2.47973
1197		2.37717		-0.86797
1198		1.34465		0.323295
1199		-0.128426		0.585842
1200		-1.33698		-0.137825
1201		-1.71762		-1.43075
1202		-1.12308		-2.62171
1203		0.126037		-3.127
1204		1.43075		-2.72933
1205		2.23235		-1.65025
1206		2.28344		-0.390193
1207		1.72951		0.561704
1208		0.971267		0.979904
1209		0.402669		0.980107
1210		0.183583		0.892851
1211		0.177339		1.02333
1212		0.0785637		1.45013
1213		-0.358695		1.98527
1214		-1.1417		2.31505
1215		-2.02488		2.22772
1216		-2.6732		1.77842
1217		-2.90182		1.27807
1218		-2.8378		1.10053
1219		-2.88912		1.41779
1220		-3.51918		2.02665
1221		-4.94521		2.38788
1222		-6.93592		1.88017
1223		-8.84014		0.144407
1224		-9.85561		-2.66931
1225		-9.41132		-5.89854
1226		-7.46609		-8.63017
1227		-4.56061		-10.105
1228		-1.58586		-10.0619
1229		0.620882		-8.84542
1230		1.64997		-7.22035
1231		1.67618		-5.98959
1232		1.32543		-5.61086
1233		1.32896		-6.00361
1234		2.14819		-6.63308
1235		3.75997		-6.81288
1236		5.69859		-6.05852
1237		7.31221		-4.30972
1238		8.08377		-1.92145
1239		7.84593		0.54637
1240		6.79272		2.60758
1241		5.30991		4.04111
1242		3.74347		4.9051
1243		2.24643		5.39442
1244		0.782879		5.65171
1245		-0.735885		5.65883
1246		-2.28925		5.275
1247		-3.67747		4.38858
1248		-4.5989		3.07391
1249		-4.83156		1.63917
1250		-4.40471		0.517844
1251		-3.64489		0.0550556
1252		-3.05218		0.310601
1253		-3.06327		0.998492
1254		-3.82939		1.60872
1255		-5.13423		1.65286
1256		-6.50136		0.902278
1257		-7.43415		-0.510517
1258		-7.65697		-2.18037
1259		-7.22667		-3.65422
1260		-6.45932		-4.66284
1261		-5.72312		-5.23006
1262		-5.22414		-5.60489
1263		-4.91103		-6.06751
1264		-4.54997		-6.73371
1265		-3.91642		-7.4812
1266		-2.97708		-8.04387
1267		-1.94079		-8.21462
1268		-1.13633		-8.0256
1269		-0.784465		-7.78182
1270		-0.803748		-7.90868
1271		-0.781054		-8.68798
1272		-0.148108		-10.0327
1273		1.51482		-11.4426
1274		4.20906		-12.1889
1275		7.43717		-11.6505
1276		10.3732		-9.63266
1277		12.2121		-6.49866
1278		12.5278		-3.03841
1279		11.4603		-0.131887
1280		9.63918		1.62651
1281		7.8859		2.1592
1282		6.8489		1.88697
1283		6.75155		1.48705
1284		7.36437		1.56537
1285		8.18818		2.4133
1286		8.72656		3.95722
1287		8.69286		5.89446
1288		8.05283		7.90605
1289		6.91234		9.80796
1290		5.3532		11.5567
1291		3.34353		13.1296
1292		0.789954		14.3847
1293		-2.30465		15.0232
1294		-5.69513		14.7046
1295		-8.88358		13.2643
1296		-11.2904		10.8938
1297		-12.536		8.15221
1298		-12.6768		5.75982
1299		-12.2414		4.2567
1300		-12.0117		3.70379
1301		-12.6345		3.60279
1302		-14.2588		3.10747
1303		-16.3998		1.44356
1304		-18.1234		-1.66895
1305		-18.4803		-5.81498
1306		-16.9793		-10.0253
1307		-13.8548		-13.2049
1308		-9.98409		-14.6407
1309		-6.48481		-14.3311
1310		-4.19292		-12.9665
1311		-3.28544		-11.5683
1312		-3.24017		-10.9709
1313		-3.15013		-11.4136
1314		-2.22551		-12.4508
1315		-0.220174		-13.2224
1316		2.43861		-12.9358
1317		4.87985		-11.3054
1318		6.2519		-8.71828
1319		6.17251		-6.04454
1320		4.93143		-4.19665
1321		3.34516		-3.67133
1322		2.34677		-4.3098
1323		2.52784		-5.3926
1324		3.86628		-6.00797
1325		5.76782		-5.49609
1326		7.38233		-3.74272
1327		8.01819		-1.1868
1328		7.44118		1.43827
1329		5.91991		3.47577
1330		4.02263		4.63192
1331		2.29719		5.04371
1332		1.01181		5.12271
1333		0.0808687		5.28756
1334		-0.815233		5.74145
1335		-2.01276		6.40451
1336		-3.68589		7.00784
1337		-5.79765		7.26248
1338		-8.17878		6.98659
1339		-10.651		6.12043
1340		-13.0936		4.64652
1341		-15.404		2.50233
1342		-17.3908		-0.421645
1343		-18.6999		-4.16904
1344		-18.8661		-8.55241
1345		-17.5061		-13.057
1346		-14.5669		-16.9169
1347		-10.4818		-19.3747
1348		-6.10923		-20.0198
1349		-2.43822		-19.0287
1350		-0.174752		-17.1572
1351		0.590018		-15.448
1352		0.44748		-14.7693
1353		0.414197		-15.4026
1354		1.45353		-16.891
1355		4.00209		-18.2398
1356		7.73694		-18.3849
1357		11.7066		-16.7056
1358		14.7676		-13.3293
1359		16.1147		-9.07499
1360		15.6413		-5.06574
1361		13.9568		-2.20443
1362		12.0588		-0.774594
1363		10.8341		-0.359211
1364		10.6409		-0.10434
1365		11.1772		0.820061
1366		11.6828		2.80303
1367		11.3528		5.62463
1368		9.7392		8.60288
1369		6.93917		10.9549
1370		3.49395		12.1685
1371		0.0819998		12.1925
1372		-2.80983		11.3674
1373		-5.05836		10.168
1374		-6.84581		8.92443
1375		-8.43634		7.68692
1376		-9.94468		6.29773
1377		-11.2472		4.60333
1378		-12.0885		2.65375
1379		-12.3072		0.747356
1380		-12.0266		-0.720426
1381		-11.6684		-1.51736
1382		-11.7587		-1.77833
1383		-12.6227		-2.00913
1384		-14.1493		-2.85898
1385		-15.7781		-4.7706
1386		-16.7445		-7.70193
1387		-16.4692		-11.0889
1388		-14.881		-14.0936
1389		-12.4892		-16.022
1390		-10.1444		-16.6912
1391		-8.60175		-16.5397
1392		-8.11482		-16.4074
1393		-8.28379		-17.0865
1394		-8.25285		-18.8808
1395		-7.16376		-21.4116
1396		-4.62938		-23.7869
1397		-0.970689		-25.0552
1398		2.91898		-24.7076
1399		6.02155		-22.9601
1400		7.72262		-20.6559
1401		8.1392		-18.8303
1402		8.06649		-18.1599
1403		8.56168		-18.5874
1404		10.3768		-19.3236
1405		13.5343		-19.233
1406		17.2687		-17.4082
1407		20.3661		-13.6386
1408		21.727		-8.53646
1409		20.8659		-3.25946
1410		18.0983		1.01697
1411		14.3335		3.60349
1412		10.6021		4.52384
1413		7.57619		4.36827
1414		5.33261		3.87949
1415		3.46575		3.51403
1416		1.4584		3.22254
1417		-0.918242		2.55791
1418		-3.41158		1.0294
1419		-5.41027		-1.51799
1420		-6.30405		-4.73019
1421		-5.863		-7.88424
1422		-4.4058		-10.2642
1423		-2.64849		-11.5531
1424		-1.31199		-12.0078
1425		-0.712118		-12.3026
1426		-0.573714		-13.1212
1427		-0.188907		-14.7254
1428		1.15604		-16.753
1429		3.72068		-18.3771
1430		7.08308		-18.7547
1431		10.2919		-17.5254
1432		12.3357		-15.079
1433		12.6872		-12.4245
1434		11.6232		-10.7116
1435		10.1354		-10.6442
1436		9.45931		-12.0992
1437		10.4586		-14.1604
1438		13.1865		-15.5611
1439		16.8562		-15.3103
1440		20.2403		-13.1769
1441		22.289		-9.779
1442		22.6427		-6.23442
1443		21.7701		-3.56383
1444		20.6669		-2.16572
1445		20.286		-1.64175
1446		21.0099		-1.05696
1447		22.4504		0.516794
1448		23.6754		3.47699
1449		23.7269		7.47234
1450		22.1377		11.6021
1451		19.1589		14.911
1452		15.5804		16.894
1453		12.2535		17.7258
1454		9.59813		18.0867
1455		7.37954		18.6927
1456		4.88807		19.8053
1457		1.419		21.0133
1458		-3.22456		21.4226
1459		-8.5037		20.1583
1460		-13.3373		16.8967
1461		-16.6251		12.1213
1462		-17.8159		6.94252
1463		-17.2039		2.56607
1464		-15.7771		-0.305298
1465		-14.6939		-1.80761
1466		-14.6685		-2.80027
1467		-15.6046		-4.35955
1468		-16.6802		-7.16092
1469		-16.8354		-11.0944
1470		-15.3875		-15.3283
1471		-12.4255		-18.7846
1472		-8.75554		-20.7524
1473		-5.42921		-21.2869
1474		-3.1241		-21.1556
1475		-1.74101		-21.356
1476		-0.463938		-22.4792
1477		1.73398		-24.2951
1478		5.41917		-25.8187
1479		10.2532		-25.8508
1480		15.0571		-23.703
1481		18.387		-19.6945
1482		19.3278		-15.1109
1483		18.0661		-11.6029
1484		15.8984		-10.3196
1485		14.625		-11.2396
1486		15.6151		-13.0847
1487		19.0304		-13.9036
1488		23.6317		-12.0575
1489		27.3057		-7.10851
1490		28.0728		-0.143987
1491		25.0771		6.6536
1492		19.055		10.9946
1493		12.0403		11.543
1494		6.44649		8.52471
1495		3.98548		3.58974
1496		4.95111		-0.985181
1497		8.20137		-3.34007
1498		11.8067		-2.80134
1499		14.0006		-0.0237856
1500		13.9389		3.50776
1501		11.912		6.3022
1502		8.96778		7.5555
1503		6.21903		7.37048
1504		4.25206		6.45142
1505		2.95429		5.51988
1506		1.80486		4.83529
1507		0.391464		4.10723
1508		-1.20867		2.82321
1509		-2.44307		0.746658
1510		-2.68916		-1.77138
1511		-1.78179		-3.90836
1512		-0.294029		-4.88067
1513		0.666337		-4.54626
1514		0.0888128		-3.701
1515		-2.21967		-3.81683
1516		-5.2683		-6.28744
1517		-7.15477		-11.5569
1518		-5.91908		-18.6246
1519		-0.579004		-25.2629
1520		8.19855		-28.9183
1521		18.1887		-27.8906
1522		26.4838		-22.2001
1523		30.7603		-13.6779
1524		30.3233		-5.19362
1525		26.3991		0.625649
1526		21.5213		2.56282
1527		18.308		1.29145
1528		18.2374		-1.05766
1529		21.0205		-2.00913
1530		24.8615		0.0362864
1531		27.4325		5.08126
1532		27.0425		11.6418
1533		23.4015		17.5794
1534		17.6234		21.184
1535		11.529		21.9345
1536		6.66769		20.5733
1537		3.59857		18.5191
1538		1.79084		16.9947
1539		0.137457		16.3759
1540		-2.26205		16.1051
1541		-5.52269		15.1721
1542		-8.92537		12.8382
1543		-11.3977		9.15472
1544		-12.2102		4.9685
1545		-11.4561		1.42265
1546		-10.02		-0.735284
1547		-9.05445		-1.61281
1548		-9.27991		-2.11559
1549		-10.5312		-3.40036
1550		-11.8315		-6.1591
1551		-11.9612		-10.1622
1552		-10.194		-14.3415
1553		-6.76562		-17.3788
1554		-2.78997		-18.4647
1555		0.344038		-17.7874
1556		1.75486		-16.4551
1557		1.57937		-15.8868
1558		0.910617		-17.0104
1559		1.18819		-19.7292
1560		3.38489		-22.9679
1561		7.45602		-25.2767
1562		12.3719		-25.6513
1563		16.7189		-24.0929
1564		19.5247		-21.5822
1565		20.8254		-19.4725
1566		21.6376		-18.6525
1567		23.3374		-18.9665
1568		26.7974		-19.2429
1569		31.7813		-17.9339
1570		36.9608		-14.0132
1571		40.5666		-7.62128
1572		41.3194		-0.0761764
1573		39.1186		6.7722
1574		35.0916		11.4941
1575		30.9651		13.8038
1576		28.1072		14.6421
1577		26.782		15.5666
1578		26.0457		17.7907
1579		24.35		21.4238
1580		20.514		25.3545
1581		14.5068		27.8583
1582		7.58125		27.5961
1583		1.66025		24.4348
1584		-1.69359		19.6129
1585		-2.15087		15.1357
1586		-0.832179		12.7177
1587		0.269064		12.8557
1588		-0.648674		14.5492
1589		-4.22477		15.8278
1590		-9.59304		14.7995
1591		-14.8479		10.6403
1592		-18.0499		3.98489
1593		-18.2036		-3.47923
1594		-15.6629		-9.96211
1595		-11.7595		-14.5055
1596		-7.90002		-17.3617
1597		-4.68531		-19.6108
1598		-1.59232		-22.2647
1599		2.58112		-25.4187
1600		8.76852		-27.997
1601		16.7644		-28.2887
1602		24.9953		-25.002
1603		31.1401		-18.2222
1604		33.3115		-9.67922
1605		31.1537		-2.08855
1606		26.211		2.14154
1607		21.295		2.16307
1608		19.1229		-0.796436
1609		20.9238		-3.98456
1610		25.759		-4.50039
1611		30.9482		-0.798394
1612		33.4121		6.46922
1613		31.2461		14.7271
1614		24.7128		20.7387
1615		16.1364		22.2064
1616		8.76431		18.886
1617		5.19595		12.6555
1618		6.19073		6.53824
1619		10.4419		3.22108
1620		15.3725		3.84997
1621		18.4719		7.69426
1622		18.4357		12.7732
1623		15.5348		17.0146
1624		11.1078		19.2607
1625		6.57049		19.58
1626		2.5853		18.7917
1627		-1.11258		17.5884
1628		-5.17084		15.8715
1629		-9.7614		12.7608
1630		-14.022		7.29355
1631		-16.2381		-0.627824
1632		-14.7445		-9.68591
1633		-9.04798		-17.4417
1634		-0.476562		-21.4279
1635		8.13081		-20.4949
1636		13.6528		-15.6446
1637		14.2504		-9.80616
1638		10.4357		-6.55948
1639		5.02129		-8.39909
1640		1.89353		-15.4235
1641		4.18437		-25.1558
1642		12.7568		-33.6294
1643		25.7804		-37.2112
1644		39.6123		-34.243
1645		50.5214		-25.6775
1646		56.3591		-14.4169
1647		57.3268		-3.7497
1648		55.4958		4.25809
1649		53.4104		9.56724
1650		52.5892		13.7845
1651		52.7608		18.8837
1652		52.2315		25.8059
1653		49.1242		33.7632
1654		42.7351		40.6468
1655		34.1888		44.2969
1656		25.9821		43.886
1657		20.6497		40.5897
1658		19.3013		37.119
1659		20.872		36.3284
1660		22.5467		39.6515
1661		21.1686		46.2296
1662		14.8908		53.2336
1663		4.18672		57.2306
1664		-8.32623		55.8793
1665		-19.1507		49.06
1666		-25.5825		38.8587
1667		-26.9089		28.4514
1668		-24.528		20.5205
1669		-20.9932		16.062
1670		-18.5642		14.191
1671		-18.0915		12.9707
1672		-18.8256		10.7203
1673		-19.1879		7.01073
1674		-17.9755		2.77948
1675		-15.2368		-0.462379
1676		-12.2695		-1.80408
1677		-10.7347		-1.73174
1678		-11.4312		-2.00991
1679		-13.5061		-4.66151
1680		-14.6469		-10.6183
1681		-12.2362		-18.8527
1682		-4.86869		-26.5689
1683		6.62538		-30.449
1684		19.2817		-28.3382
1685		29.2608		-20.4681
1686		33.6565		-9.52425
1687		31.9187		0.535665
1688		26.1334		6.3342
1689		19.9946		6.65044
1690		16.9962		2.91027
1691		18.7774		-1.64628
1692		24.4658		-3.65896
1693		31.318		-1.29831
1694		36.2612		4.98077
1695		37.4764		12.9278
1696		35.1745		19.8905
1697		31.1934		24.2973
1698		27.7119		26.3988
1699		25.8576		27.882
1700		25.024		30.6277
1701		23.2864		35.3626
1702		18.6644		41.0146
1703		10.4894		45.1676
1704		0.0655775		45.3794
1705		-9.79162		40.6237
1706		-16.1231		32.0303
1707		-17.3662		22.4747
1708		-14.2208		15.2012
1709		-9.35093		12.1961
1710		-6.05441		13.1753
1711		-6.58703		15.7244
1712		-11.0082		16.522
1713		-17.1316		13.0108
1714		-21.581		4.66711
1715		-21.3864		-6.74701
1716		-15.3121		-18.0153
1717		-4.29442		-25.9021
1718		9.13164		-28.446
1719		22.0199		-25.5147
1720		32.1528		-18.4728
1721		38.5921		-9.29024
1722		41.5		0.334819
1723		41.5183		9.37589
1724		39.2063		17.3052
1725		34.9127		23.6378
1726		29.1039		27.6476
1727		22.8188		28.5607
1728		17.7912		26.1632
1729		15.9795		21.4204
1730		18.6323		16.6073
1731		25.3811		14.6808
1732		33.935		18.0642
1733		40.6977		27.4035
1734		42.1449		40.9637
1735		36.3621		55.0658
1736		23.9983		65.4603
1737		8.13412		69.0406
1738		-6.91629		65.1087
1739		-17.3313		55.6017
1740		-21.2421		44.1953
1741		-19.283		34.7345
1742		-14.0503		29.7387
1743		-8.81537		29.638
1744		-6.15669		32.9894
1745		-7.13466		37.4261
1746		-11.2821		40.776
1747		-17.2375		41.7959
1748		-23.5538		40.2693
1749		-29.2232		36.6057
1750		-33.7213		31.3323
1751		-36.7182		24.8459
1752		-37.8057		17.5376
1753		-36.5311		10.1
1754		-32.7649		3.66709
1755		-27.1381		-0.455836
1756		-21.1653		-1.42422
1757		-16.8212		0.499907
1758		-15.6704		3.73296
1759		-17.9751		5.8457
1760		-22.304		4.60846
1761		-25.956		-0.875967
1762		-26.0911		-9.55233
1763		-21.0583		-18.6918
1764		-11.2557		-25.0062
1765		0.938855		-26.088
1766		12.1645		-21.4752
1767		19.5262		-12.814
1768		21.784		-3.05018
1769		19.7147		4.92334
1770		15.5168		9.475
1771		11.6266		10.7154
1772		9.59385		10.0825
1773		9.58728		9.34852
1774		10.7083		9.65156
1775		11.8265		11.0874
1776		12.3707		13.0263
1777		12.5793		14.8692
1778		13.0784		16.693
1779		14.1007		19.3183
1780		14.9059		23.7071
1781		13.8647		30.0485
1782		9.26951		37.1322
1783		0.465577		42.4998
1784		-11.3603		43.4294
1785		-23.275		38.3116
1786		-31.6649		27.6862
1787		-33.814		14.3239
1788		-29.2122		2.20725
1789		-19.8925		-5.15115
1790		-9.5753		-6.23792
1791		-2.00468		-2.14658
1792		0.706493		4.05002
1793		-1.09609		8.84504
1794		-5.00191		9.97438
1795		-7.91243		7.38228
1796		-7.6624		3.01969
1797		-4.04498		-0.361311
1798		1.25693		-0.735788
1799		5.73206		2.1655
1800		7.46927		6.84587
1801		6.15839		10.9964
1802		3.13748		12.8359
1803		0.509789		12.0694
1804		-0.128117		9.94164
1805		1.39734		8.38715
1806		3.79949		8.79499
1807		5.18442		11.1189
1808		4.29224		13.8603
1809		1.39868		14.9517
1810		-1.66514		13.0484
1811		-2.42507		8.49875
1812		0.864627		3.42225
1813		8.12876		0.809289
1814		17.2589		3.08443
1815		24.921		10.8671
1816		27.9907		22.5619
1817		24.9058		34.9795
1818		16.2886		44.6626
1819		4.57917		49.2582
1820		-7.07213		48.2961
1821		-16.0667		43.0801
1822		-21.1756		35.8646
1823		-22.6125		28.8212
1824		-21.4862		23.3248
1825		-19.0568		19.8318
1826		-16.2478		18.2406
1827		-13.6254		18.3636
1828		-11.714		20.13
1829		-11.2902		23.3842
1830		-13.3255		27.4609
1831		-18.5018		30.9209
1832		-26.5543		31.7721
1833		-35.8782		28.2088
1834		-43.7585		19.5618
1835		-47.2619		6.94826
1836		-44.4485		-6.80097
1837		-35.3381		-18.0228
1838		-22.1256		-23.5838
1839		-8.48362		-22.1258
1840		1.77876		-14.626
1841		6.11872		-4.01593
1842		4.12244		5.96017
1843		-2.5074		12.1291
1844		-10.7605		12.9254
1845		-17.5033		8.70228
1846		-20.5105		1.30713
1847		-18.9706		-6.76882
1848		-13.4027		-13.2346
1849		-5.19589		-16.5216
1850		3.90807		-15.9145
1851		12.1674		-11.445
1852		18.0087		-3.76497
1853		20.1524		5.89046
1854		17.8475		15.7177
1855		11.2255		23.5239
1856		1.59289		27.2076
1857		-8.60719		25.4804
1858		-16.3418		18.5504
1859		-18.9674		8.38648
1860		-15.2899		-1.69855
1861		-6.22125		-8.10782
1862		5.34034		-8.29236
1863		15.4548		-1.79558
1864		20.574		9.47198
1865		18.8797		21.8909
1866		10.9617		31.4752
1867		-0.446762		35.3446
1868		-11.5444		32.7279
1869		-18.8807		25.1196
1870		-20.5394		15.5937
1871		-16.6608		7.62134
1872		-9.19793		3.88997
1873		-1.11385		5.54222
1874		4.60251		12.0067
1875		5.75575		21.3376
1876		1.4164		30.8319
1877		-7.95663		37.6983
1878		-20.6532		39.6516
1879		-34.0328		35.4
1880		-45.0166		25.0099
1881		-50.7559		10.0703
1882		-49.4104		-6.47997
1883		-40.8336		-20.9692
1884		-26.8682		-30.0013
1885		-11.0027		-31.5817
1886		2.64055		-25.9231
1887		10.7		-15.5239
1888		11.8236		-4.3622
1889		7.21503		3.56252
1890		0.175058		5.77548
1891		-5.23569		2.29584
1892		-5.86909		-4.41998
1893		-0.77398		-10.5617
1894		8.47459		-12.6048
1895		18.5347		-8.77578
1896		25.7771		0.301142
1897		27.7936		12.0259
1898		24.2579		23.0576
1899		16.8026		30.7415
1900		8.06332		34.0636
1901		0.422712		33.7452
1902		-4.92129		31.5463
1903		-8.16596		29.2218
1904		-10.4032		27.6946
1905		-12.7782		26.8247
1906		-15.8043		25.7913
1907		-19.175		23.7713
1908		-22.0897		20.4834
1909		-23.813		16.3029
1910		-24.0861		11.9532
1911		-23.153		8.04051
1912		-21.4407		4.77396
1913		-19.1693		2.05614
1914		-16.2121		-0.144136
1915		-12.3443		-1.44271
1916		-7.73468		-1.03184
1917		-3.32666		1.8796
1918		-0.765908		7.37978
1919		-1.77736		14.3392
1920		-7.23802		20.4608
1921		-16.4311		23.0121
1922		-26.945		19.9733
1923		-35.3845		11.0601
1924		-38.6418		-1.91879
1925		-35.1568		-15.6077
1926		-25.5644		-26.348
1927		-12.4133		-31.5548
1928		0.904237		-30.5916
1929		11.4854		-24.7652
1930		17.8795		-16.5133
1931		20.274		-8.25457
1932		19.9289		-1.49991
1933		18.2735		3.37556
1934		16.2193		6.71022
1935		14.0508		8.87053
1936		11.8591		9.81519
1937		10.123		9.22406
1938		9.93289		7.10522
1939		12.5779		4.43297
1940		18.6422		3.27928
1941		27.1402		6.15721
1942		35.3056		14.7694
1943		39.3674		28.7785
1944		36.1119		45.3313
1945		24.5423		59.7677
1946		6.7766		67.3669
1947		-12.3911		65.4057
1948		-27.2234		54.5613
1949		-33.3722		38.9188
1950		-29.7687		24.4697
1951		-19.1799		16.7033
1952		-7.13227		18.3432
1953		0.347391		28.2355
1954		-0.820395		41.8735
1955		-11.193		53.2955
1956		-27.7415		57.4872
1957		-45.2307		52.2447
1958		-58.3478		38.7624
1959		-63.6212		20.8392
1960		-60.3709		3.20779
1961		-50.46		-10.1953
1962		-37.1759		-17.3112
1963		-23.8903		-18.105
1964		-13.0983		-13.975
1965		-6.10227		-6.91053
1966		-3.21263		1.14339
1967		-4.10422		8.52725
1968		-8.01313		13.8473
1969		-13.7049		15.9853
1970		-19.4102		14.3416
1971		-23.0162		9.25475
1972		-22.6551		2.29802
1973		-17.5299		-3.89063
1974		-8.56456		-6.3855
1975		1.56595		-3.13844
1976		9.2157		5.98042
1977		11.1391		18.822
1978		5.87728		31.5658
1979		-5.49766		40.1232
1980		-19.6827		41.75
1981		-32.4046		36.14
1982		-40.0916		25.4903
1983		-41.2016		13.5145
1984		-36.6175		3.87878
1985		-28.9824		-1.20093
1986		-21.3577		-1.57013
1987		-15.894		1.25442
1988		-13.1513		5.18017
1989		-12.3301		8.71101
1990		-12.1848		11.5779
1991		-12.049		14.541
1992		-12.3777		18.5447
1993		-14.5063		23.7544
1994		-19.7764		29.0543
1995		-28.5287		32.3213
1996		-39.5394		31.3563
1997		-50.2399		24.9987
1998		-57.6488		13.845
1999		-59.5747		0.193886
2000		-55.5194		-12.7708
2001		-46.8647		-22.1786
2002		-36.2831		-26.5054
2003		-26.6727		-26.0058
2004		-20.107		-22.4138
2005		-17.2288		-18.1215
2006		-17.2676		-15.242
2007		-18.5596		-14.9464
2008		-19.2629		-17.2688
2009		-17.9496		-21.3297
2010		-13.9019		-25.765
2011		-7.12607		-29.1328
2012		1.78046		-30.1818
2013		11.7736		-27.9952
2014		21.4763		-22.1036
2015		29.3169		-12.6232
2016		33.7757		-0.386589
2017		33.7552		13.0536
2018		28.9752		25.6582
2019		20.2104		35.383
2020		9.20826		40.7755
2021		-1.75078		41.4571
2022		-10.523		38.274
2023		-15.7524		33.0303
2024		-17.2518		27.8969
2025		-15.9783		24.7218
2026		-13.6401		24.5001
2027		-12.1127		27.1668
2028		-12.8862		31.7307
2029		-16.7039		36.6368
2030		-23.4431		40.206
2031		-32.1934		41.0304
2032		-41.4642		38.2785
2033		-49.4803		31.9069
2034		-54.5612		22.7597
2035		-55.5679		12.4988
2036		-52.3321		3.28476
2037		-45.9003		-2.80157
2038		-38.41		-4.47903
2039		-32.5087		-1.86445
2040		-30.4339		3.35616
2041		-33.0808		8.37517
2042		-39.4792		10.2633
2043		-46.9977		7.1676
2044		-52.2963		-0.811562
2045		-52.6871		-11.5101
2046		-47.3213		-21.4911
2047		-37.6411		-27.4538
2048		-26.8321		-27.6526
2049		-18.4767		-22.6721
2050		-14.9973		-15.1691
2051		-16.6101		-8.67346
2052		-21.2865		-5.9912
2053		-25.7468		-7.95545
2054		-27.0172		-13.1134
2055		-23.8073		-18.4866
2056		-17.0597		-21.0254
2057		-9.43084		-19.0476
2058		-3.98539		-12.9799
2059		-2.75685		-5.07501
2060		-5.86379		1.70899
2061		-11.5682		5.09012
2062		-17.1836		4.43452
2063		-20.338		0.897279
2064		-19.9685		-3.25271
2065		-16.6184		-5.71646
2066		-11.9987		-5.10114
2067		-8.13796		-1.30459
2068		-6.59859		4.71477
2069		-8.10626		11.5198
2070		-12.6442		17.7352
2071		-19.7801		22.2758
2072		-28.901		24.2638
2073		-39.173		22.8769
2074		-49.3098		17.4157
2075		-57.4487		7.69572
2076		-61.43		-5.41923
2077		-59.5413		-19.7358
2078		-51.4476		-32.0594
2079		-38.7972		-39.1938
2080		-25.0401		-39.2708
2081		-14.3387		-32.7804
2082		-9.93247		-22.7056
2083		-12.6728		-13.5358
2084		-20.4667		-9.47832
2085		-28.9956		-12.6348
2086		-33.4775		-21.9981
2087		-30.7173		-33.7883
2088		-20.5063		-43.026
2089		-5.7147		-45.645
2090		8.96692		-40.1766
2091		19.039		-28.2436
2092		22.0082		-13.6776
2093		18.1823		-0.743038
2094		10.1475		7.64569
2095		1.29078		10.8694
2096		-5.81894		10.3422
2097		-10.3691		8.30888
2098		-13.1517		6.44026
2099		-15.5289		5.01522
2100		-18.1968		3.10806
2101		-20.5126		-0.395605
2102		-20.8026		-5.60959
2103		-17.4889		-11.0455
2104		-10.3808		-14.0323
2105		-1.34369		-12.0098
2106		6.12873		-4.03457
2107		8.33334		8.33266
2108		3.10878		21.3075
2109		-8.95602		30.2965
2110		-24.4989		31.8277
2111		-38.6222		25.0962
2112		-46.8541		12.3918
2113		-46.9508		-1.79549
2114		-39.7435		-12.5799
2115		-28.6961		-16.5787
2116		-18.4399		-13.0949
2117		-12.9802		-4.15211
2118		-14.342		6.50531
2119		-22.137		14.9
2120		-34.056		18.1294
2121		-46.902		15.0319
2122		-57.6319		6.12999
2123		-64.0236		-6.88882
2124		-64.8865		-21.7788
2125		-59.9916		-36.1681
2126		-49.9672		-47.7963
2127		-36.2819		-54.7198
2128		-21.2225		-55.6497
2129		-7.65329		-50.4165
2130		1.58985		-40.3415
2131		4.58621		-28.1964
2132		1.15589		-17.5585
2133		-6.81603		-11.6676
2134		-15.8457		-12.2051
2135		-22.0404		-18.5514
2136		-22.5645		-27.9285
2137		-16.7444		-36.4441
2138		-6.29419		-40.616
2139		5.45691		-38.7046
2140		14.9816		-31.2538
2141		19.9501		-20.6197
2142		19.9603		-9.76383
2143		16.3107		-0.934888
2144		11.0116		5.10674
2145		5.61532		8.98257
2146		0.50701		11.8517
2147		-4.98326		14.3672
2148		-11.7581		16.0637
2149		-19.9371		15.5509
2150		-28.2819		11.4217
2151		-34.4573		3.36165
2152		-36.0608		-7.19191
2153		-31.9124		-17.2811
2154		-22.9173		-23.5234
2155		-12.0041		-23.5819
2156		-3.0894		-17.2973
2157		0.484953		-6.91209
2158		-2.6709		3.7537
2159		-11.4339		10.8119
2160		-22.6643		11.8229
2161		-32.5066		6.65778
2162		-37.8898		-2.62344
2163		-37.5813		-12.7436
2164		-32.4047		-20.5344
2165		-24.6488		-24.024
2166		-17.0439		-22.889
2167		-11.8019		-18.219
2168		-10.0858		-11.8577
2169		-11.9881		-5.70713
2170		-16.8397		-1.28587
2171		-23.5656		0.396555
2172		-30.8963		-1.21161
2173		-37.4235		-6.23012
2174		-41.6531		-14.244
2175		-42.2157		-24.1451
2176		-38.2727		-34.1115
2177		-29.9676		-41.8976
2178		-18.6629		-45.441
2179		-6.74562		-43.5858
2180		3.01641		-36.5985
2181		8.35468		-26.2028
2182		8.25499		-15.0679
2183		3.2638		-5.94083
2184		-4.77553		-0.782028
2185		-13.4158		-0.249291
2186		-20.4074		-3.69293
2187		-24.2796		-9.57522
2188		-24.5329		-16.0521
2189		-21.4959		-21.4418
2190		-16.052		-24.4467
2191		-9.44032		-24.188
2192		-3.19438		-20.2317
2193		0.89607		-12.7456
2194		0.995453		-2.76444
2195		-4.28174		7.64317
2196		-15.1899		15.5739
2197		-30.3002		17.9921
2198		-46.4574		12.7997
2199		-59.4684		-0.132654
2200		-65.4109		-18.4871
2201		-62.1045		-37.9228
2202		-50.1188		-53.3823
2203		-32.8128		-60.8371
2204		-15.2923		-58.7752
2205		-2.64182		-48.7959
2206		1.87014		-35.0293
2207		-2.11371		-22.6069
2208		-12.0704		-15.8102
2209		-23.6923		-16.6452
2210		-32.5429		-24.3733
2211		-35.5724		-36.0883
2212		-31.9275		-47.9837
2213		-22.8542		-56.7176
2214		-10.9068		-60.3367
2215		1.07678		-58.5139
2216		10.7808		-52.2045
2217		16.7704		-43.0546
2218		18.461		-32.8989
2219		15.9366		-23.5068
2220		9.84423		-16.5045
2221		1.42424		-13.2757
2222		-7.45896		-14.6952
2223		-14.4972		-20.73
2224		-17.4468		-30.1322
2225		-14.8608		-40.4938
2226		-6.74073		-48.8018
2227		5.24638		-52.3674
2228		18.179		-49.77
2229		28.82		-41.3877
2230		34.7073		-29.2487
2231		34.9254		-16.2499
2232		30.228		-5.09527
2233		22.4984		2.56687
2234		13.8526		6.44469
2235		5.84373		7.28142
2236		-0.869533		6.17141
2237		-6.31352		3.93479
2238		-10.6798		0.889467
2239		-13.887		-2.91302
2240		-15.5314		-7.22206
2241		-15.2614		-11.2756
2242		-13.3122		-13.9284
2243		-10.7979		-14.2211
2244		-9.46686		-12.0822
2245		-10.9429		-8.71009
2246		-15.805		-6.30882
2247		-23.0241		-7.19262
2248		-30.1428		-12.6466
2249		-34.2217		-22.1262
2250		-33.154		-33.263
2251		-26.7142		-42.7608
2252		-16.7882		-47.8105
2253		-6.61537		-47.3532
2254		0.632885		-42.5667
2255		3.26977		-36.3096
2256		1.81543		-31.774
2257		-1.32805		-30.9921
2258		-3.08815		-33.9202
2259		-1.22239		-38.5325
2260		4.623		-41.8573
2261		12.7928		-41.4255
2262		20.4597		-36.4157
2263		24.9674		-27.9602
2264		25.0002		-18.5165
2265		21.0283		-10.676
2266		14.875		-6.03625
2267		8.702		-4.68305
2268		3.9823		-5.47294
2269		0.983195		-6.88023
2270		-1.03158		-7.89682
2271		-3.07432		-8.49231
2272		-5.6438		-9.42327
2273		-8.33628		-11.5579
2274		-10.0634		-15.1451
2275		-9.72762		-19.466
2276		-6.95088		-23.0712
2277		-2.43467		-24.4667
2278		2.25117		-22.8672
2279		5.33255		-18.6062
2280		5.58686		-12.9983
2281		2.79957		-7.75339
2282		-2.28358		-4.27438
2283		-8.42624		-3.2056
2284		-14.49		-4.42538
2285		-19.8077		-7.4074
2286		-24.1714		-11.6715
2287		-27.5192		-17.0224
2288		-29.5909		-23.4377
2289		-29.8311		-30.7154
2290		-27.6467		-38.158
2291		-22.8761		-44.5694
2292		-16.1654		-48.648
2293		-8.96202		-49.6043
2294		-3.04471		-47.6627
2295		0.220924		-44.1281
2296		0.526713		-40.9194
2297		-1.18744		-39.7597
2298		-3.12749		-41.4198
2299		-3.44656		-45.3996
2300		-1.05381		-50.2145
2301		3.9781		-54.1331
2302		10.6026		-55.9743
2303		17.4587		-55.5419
2304		23.6171		-53.4811
2305		28.9891		-50.6649
2306		34.1643		-47.4856
2307		39.7744		-43.4862
2308		45.7602		-37.5796
2309		50.9939		-28.7722
2310		53.5338		-17.0084
2311		51.451		-3.65353
2312		43.8432		8.70681
2313		31.5225		17.1345
2314		16.9922		19.5086
2315		3.6641		15.461
2316		-5.3693		6.63404
2317		-8.47834		-3.8775
2318		-6.06284		-12.665
2319		-0.317461		-17.2378
2320		5.67269		-16.8436
2321		9.09928		-12.5781
2322		8.382		-6.81042
2323		3.56845		-2.22304
2324		-3.88559		-0.877044
2325		-11.7713		-3.6334
2326		-17.9055		-10.0586
2327		-20.7514		-18.7353
2328		-19.7344		-27.7806
2329		-15.2544		-35.3715
2330		-8.48445		-40.1577
2331		-1.05228		-41.5234
2332		5.33622		-39.7015
2333		9.29799		-35.7317
2334		10.1469		-31.2358
2335		8.14367		-28.0034
2336		4.50212		-27.4532
2337		1.07579		-30.1292
2338		-0.229113		-35.4364
2339		1.86989		-41.7681
2340		7.53298		-47.0305
2341		15.7039		-49.384
2342		24.4856		-47.9052
2343		31.839		-42.8838
2344		36.3048		-35.6346
2345		37.4355		-27.9245
2346		35.7731		-21.2958
2347		32.4349		-16.6015
2348		28.5575		-13.9353
2349		24.9012		-12.9199
2350		21.7941		-13.1223
2351		19.3789		-14.3146
2352		17.9362		-16.4177
2353		18.0084		-19.1827
2354		20.176		-21.8586
2355		24.5702		-23.1373
2356		30.4082		-21.5285
2357		35.8873		-16.0607
2358		38.6204		-6.97599
2359		36.5152		3.97696
2360		28.7344		13.8991
2361		16.2733		19.6864
2362		1.82946		19.2003
2363		-11.0516		12.1538
2364		-19.2276		0.302936
2365		-21.0851		-13.1673
2366		-17.0643		-24.81
2367		-9.37632		-32.144
2368		-1.06475		-34.4383
2369		5.16435		-32.7673
2370		7.85523		-29.3867
2371		7.13011		-26.757
2372		4.39191		-26.6481
2373		1.62792		-29.6525
2374		0.660885		-35.2029
2375		2.63424		-41.9583
2376		7.8412		-48.3122
2377		15.8268		-52.8069
2378		25.6056		-54.371
2379		35.869		-52.4264
2380		45.1599		-46.952
2381		52.0713		-38.5436
2382		55.5226		-28.414
2383		55.0837		-18.2322
2384		51.2101		-9.74446
2385		45.2214		-4.25271
2386		38.9379		-2.15132
2387		34.059		-2.76196
2388		31.533		-4.60066
2389		31.2186		-6.00672
2390		32.0264		-5.86247
2391		32.5026		-4.05663
2392		31.5771		-1.45029
2393		29.0997		0.64894
2394		25.8806		1.23784
2395		23.2049		0.195806
2396		22.0777		-1.62788
2397		22.6086		-2.8783
2398		23.8856		-2.46977
2399		24.4275		-0.24941
2400		22.9907		2.8278
2401		19.2964		5.13509
2402		14.2727		5.21219
2403		9.65358		2.56742
2404		7.11851		-1.99346
2405		7.41468		-6.70997
2406		9.92514		-9.72784
2407		12.926		-10.0454
2408		14.4196		-8.05855
2409		13.1303		-5.41661
2410		9.16282		-4.25472
2411		3.99681		-6.18268
2412		-0.171884		-11.5288
2413		-1.4062		-19.1957
2414		1.15915		-27.1683
2415		7.03843		-33.391
2416		14.7313		-36.5713
2417		22.447		-36.5447
2418		28.8217		-34.0938
2419		33.291		-30.4027
2420		36.0064		-26.4891
2421		37.4502		-22.9108
2422		38.0435		-19.8363
2423		37.9979		-17.3323
2424		37.4627		-15.6001
2425		36.8026		-14.952
2426		36.7416		-15.5206
2427		38.1895		-16.9013
2428		41.7824		-18.0114
2429		47.378		-17.3478
2430		53.8283		-13.591
2431		59.2289		-6.27522
2432		61.5935		3.83371
2433		59.6548		14.8914
2434		53.3968		24.6234
2435		44.0475		31.1708
2436		33.5356		33.7201
2437		23.6988		32.6216
2438		15.6529		28.9739
2439		9.63098		23.9451
2440		5.32272		18.2305
2441		2.45442		11.9535
2442		1.21096		5.03214
2443		2.20366		-2.25696
2444		5.97385		-8.92783
2445		12.3304		-13.4494
2446		19.9656		-14.4215
2447		26.6784		-11.4292
2448		30.208		-5.5775
2449		29.3156		0.676608
2450		24.5559		4.43199
2451		18.2805		3.62207
2452		13.7708		-1.94401
2453		13.8448		-10.3214
2454		19.5726		-18.1386
2455		29.7205		-21.9933
2456		41.2109		-19.9033
2457		50.4004		-12.1423
2458		54.588		-1.07828
2459		53.0609		9.88876
2460		47.2242		17.7706
2461		39.8103		21.1407
2462		33.6008		20.4925
2463		30.2896		17.7194
2464		29.9955		15.0591
2465		31.5663		14.0676
2466		33.41		15.1097
2467		34.3559		17.5363
2468		34.0966		20.3374
2469		33.0432		22.834
2470		31.7722		25.0034
2471		30.463		27.2861
2472		28.6945		30.0476
2473		25.7322		33.0746
2474		21.1245		35.4559
2475		15.2303		35.9656
2476		9.32469		33.76
2477		5.16269		29.0001
2478		4.18551		23.0301
2479		6.7657		17.9678
2480		11.8818		15.8713
2481		17.4041		17.8665
2482		20.8705		23.6436
2483		20.398		31.5401
2484		15.3322		39.1467
2485		6.38883		44.1362
2486		-4.69976		44.9537
2487		-15.8033		41.1259
2488		-24.9771		33.1666
2489		-30.8033		22.2465
2490		-32.469		9.85468
2491		-29.7089		-2.40767
2492		-22.7759		-12.9143
2493		-12.5065		-20.1123
2494		-0.401572		-22.759
2495		11.4479		-20.3007
2496		20.7216		-13.2423
2497		25.4925		-3.26932
2498		24.9007		7.05338
2499		19.5698		14.9938
2500		11.52		18.5423
2501		3.53946		17.1154
2502		-1.76809		11.7558
2503		-2.87795		4.72054
2504		0.188916		-1.37892
2505		6.00695		-4.521
2506		12.4018		-3.91429
2507		17.3081		-0.101739
2508		19.4576		5.44759
2509		18.6449		11.0137
2510		15.5434		15.2416
2511		11.2513		17.4576
2512		6.83441		17.636
2513		3.06688		16.1475
2514		0.413497		13.4977
2515		-0.856697		10.206
2516		-0.590252		6.83607
2517		1.19653		4.06288
2518		4.16127		2.63021
2519		7.51931		3.13194
2520		10.1219		5.69087
2521		10.7836		9.71538
2522		8.75999		13.9165
2523		4.16018		16.6549
2524		-1.92502		16.5172
2525		-7.68472		12.8905
2526		-11.1642		6.28241
2527		-10.9347		-1.7603
2528		-6.59501		-9.10605
2529		1.07687		-13.6864
2530		10.3465		-14.0968
2531		19.0047		-9.96287
2532		24.924		-2.00577
2533		26.5354		8.14694
2534		23.15		18.3038
2535		15.12		26.1237
2536		3.84977		29.5646
2537		-8.36282		27.3461
2538		-18.7022		19.3674
2539		-24.4462		6.95243
2540		-23.7261		-7.24533
2541		-16.2198		-19.7836
2542		-3.4853		-27.363
2543		11.2973		-27.8894
2544		24.205		-21.2713
2545		31.8269		-9.58287
2546		32.4394		3.55818
2547		26.6156		14.2229
2548		16.9849		19.5532
2549		7.20943		18.7342
2550		0.589716		13.1541
2551		-1.11661		5.69674
2552		1.82048		-0.500874
2553		7.47691		-3.27064
2554		13.2734		-2.0918
2555		17.0973		2.0117
2556		18.0311		7.20958
2557		16.4103		11.8051
2558		13.2936		14.8922
2559		9.72131		16.4484
2560		6.20271		16.9172
2561		2.69678		16.6171
2562		-0.967416		15.3864
2563		-4.55768		12.7028
2564		-7.19046		8.20793
2565		-7.59445		2.29539
2566		-4.79709		-3.65112
2567		1.13501		-7.60537
2568		8.75073		-7.74087
2569		15.5383		-3.37436
2570		18.8496		4.48397
2571		17.0281		13.3055
2572		10.2081		19.9268
2573		0.389525		21.7721
2574		-9.26886		17.8696
2575		-15.6255		9.21546
2576		-16.6823		-1.65046
2577		-12.1909		-11.6245
2578		-3.54592		-18.1145
2579		6.88891		-19.7615
2580		16.6407		-16.5874
2581		23.7831		-9.65377
2582		27.1884		-0.530534
2583		26.4377		9.11727
2584		21.6322		17.6844
2585		13.3331		23.6135
2586		2.68915		25.444
2587		-8.41121		22.1033
2588		-17.4304		13.4176
2589		-21.6949		0.590534
2590		-19.2652		-13.7001
2591		-9.8274		-25.8238
2592		4.84568		-32.2757
2593		21.1944		-30.9333
2594		34.9361		-21.9474
2595		42.5214		-7.82496
2596		42.3874		7.40155
2597		35.4664		19.6101
2598		24.727		26.0347
2599		13.9578		26.1202
2600		6.33407		21.4601
2601		3.38035		14.9162
2602		4.71639		9.37268
2603		8.58838		6.69953
2604		12.8274		7.33057
2605		15.7325		10.5199
2606		16.4959		15.0022
2607		15.0898		19.6311
2608		11.8391		23.669
2609		7.0395		26.6655
2610		0.892505		28.1402
2611		-6.23046		27.3989
2612		-13.4333		23.7062
2613		-19.1865		16.7813
2614		-21.6771		7.32758
2615		-19.5476		-2.78205
2616		-12.6893		-10.9021
2617		-2.64567		-14.5284
2618		7.66961		-12.3605
2619		14.921		-5.01295
2620		16.6031		5.00584
2621		12.0596		14.1034
2622		2.81142		18.8929
2623		-7.96054		17.428
2624		-16.5597		9.87729
2625		-20.0617		-1.61275
2626		-17.2329		-13.7553
2627		-8.76566		-23.2707
2628		3.16316		-27.8744
2629		15.7332		-26.7747
2630		26.3373		-20.6127
2631		33.1579		-11.0143
2632		35.3696		-0.0310359
2633		33.0619		10.3115
2634		27.0567		18.291
2635		18.7406		22.6568
2636		9.91138		22.7928
2637		2.54912		18.9007
2638		-1.56346		12.1166
2639		-1.33663		4.40856
2640		3.18592		-1.84266
2641		10.6725		-4.52508
2642		18.7917		-2.51432
2643		24.9122		3.87329
2644		26.9779		12.923
2645		24.2095		22.0856
2646		17.3376		28.8517
2647		8.27538		31.5832
2648		-0.615178		29.9671
2649		-7.33619		24.943
2650		-10.8118		18.1968
2651		-11.0101		11.4947
2652		-8.67251		6.16165
2653		-4.86874		2.88183
2654		-0.630946		1.79993
2655		3.18794		2.74625
2656		5.86408		5.38232
2657		6.72519		9.17183
2658		5.21618		13.2473
2659		1.15687		16.358
2660		-4.9309		17.0666
2661		-11.6587		14.2193
2662		-16.9693		7.51951
2663		-18.7283		-2.08409
2664		-15.5175		-12.4522
2665		-7.29388		-20.8252
2666		4.41112		-24.7327
2667		16.8905		-22.8824
2668		27.1322		-15.6508
2669		32.8189		-4.96324
2670		33.0553		6.385
2671		28.5517		15.677
2672		21.2365		21.108
2673		13.5083		22.2049
2674		7.46037		19.7432
2675		4.35884		15.2914
2676		4.49532		10.6346
2677		7.3452		7.31271
2678		11.859		6.37507
2679		16.7292		8.31648
2680		20.5759		13.0805
2681		22.1025		20.0499
2682		20.3057		28.0398
2683		14.7633		35.3907
2684		5.91094		40.2597
2685		-4.85618		41.1088
2686		-15.403		37.2491
2687		-23.4079		29.2065
2688		-27.0879		18.701
2689		-25.8144		8.17948
2690		-20.3482		0.0489607
2691		-12.5739		-4.09227
2692		-4.8377		-3.91401
2693		0.833091		-0.329873
2694		3.30655		4.96194
2695		2.51392		10.1341
2696		-0.78708		13.7822
2697		-5.46137		15.1683
2698		-10.3984		14.1415
2699		-14.6907		10.896
2700		-17.5871		5.78486
2701		-18.3776		-0.676051
2702		-16.4079		-7.65211
2703		-11.3186		-13.8679
2704		-3.42342		-17.7277
2705		6.01695		-17.7617
2706		14.8761		-13.2682
2707		20.7067		-4.85273
2708		21.6063		5.46503
2709		17.0563		14.7372
2710		8.32921		20.0568
2711		-1.78128		19.6435
2712		-9.86597		13.5835
2713		-13.1006		3.88588
2714		-10.2564		-6.19477
2715		-2.11042		-13.2977
2716		8.89095		-15.0949
2717		19.5415		-10.9863
2718		26.9581		-2.12643
2719		29.4089		9.14372
2720		26.6252		20.1505
2721		19.5911		28.6598
2722		10.0245		33.3134
2723		-0.1667		33.689
2724		-9.25444		30.1217
2725		-15.8541		23.4857
2726		-18.9903		15.0561
2727		-18.197		6.42965
2728		-13.6956		-0.616402
2729		-6.55434		-4.44022
2730		1.34876		-4.01179
2731		7.69116		0.618206
2732		10.374		8.10978
2733		8.27524		16.078
2734		1.76347		21.7932
2735		-7.29647		23.1101
2736		-16.114		19.2576
2737		-21.9251		11.1444
2738		-22.9491		1.03729
2739		-18.9613		-8.26008
2740		-11.2636		-14.3836
2741		-2.10294		-16.1409
2742		6.17802		-13.7349
2743		11.8892		-8.45947
2744		14.3641		-2.07655
2745		13.89		3.81082
2746		11.3408		8.14001
2747		7.76247		10.4489
2748		4.10956		10.7217
2749		1.18509		9.21032
2750		-0.317591		6.37409
2751		0.170471		2.94045
2752		2.9291		-0.0398741
2753		7.68525		-1.3041
2754		13.4259		0.275507
2755		18.4811		5.20259
2756		20.9559		12.9561
2757		19.3993		21.9245
2758		13.4385		29.7943
2759		4.07453		34.2946
2760		-6.53964		34.013
2761		-15.7858		28.9331
2762		-21.4636		20.4554
2763		-22.5054		10.8903
2764		-19.2403		2.64586
2765		-13.1314		-2.54272
2766		-6.14807		-4.04128
2767		-0.075911		-2.28245
2768		3.94875		1.62913
2769		5.54436		6.42617
2770		4.89019		11.0546
2771		2.42745		14.7932
2772		-1.34434		17.1654
2773		-5.88717		17.8059
2774		-10.5229		16.4411
2775		-14.3681		13.0341
2776		-16.4449		7.99826
2777		-15.9869		2.30431
2778		-12.8138		-2.66409
2779		-7.56509		-5.51769
2780		-1.62268		-5.38289
2781		3.30411		-2.29709
2782		5.78226		2.72828
2783		5.19105		8.03681
2784		1.95163		11.923
2785		-2.6506		13.243
2786		-6.9655		11.7864
2787		-9.57554		8.2708
2788		-9.74268		4.00165
2789		-7.55075		0.375084
2790		-3.74429		-1.55613
2791		0.605065		-1.30554
2792		4.43137		1.05461
2793		6.88726		5.04148
2794		7.42182		9.92777
2795		5.79124		14.8526
2796		2.08255		18.8907
2797		-3.22792		21.151
2798		-9.24053		20.9616
2799		-14.7217		18.1194
2800		-18.3764		13.0948
2801		-19.2577		7.04565
2802		-17.1612		1.55487
2803		-12.8063		-1.8648
2804		-7.67474		-2.32068
2805		-3.52442		0.095397
2806		-1.7569		4.30872
2807		-2.90415		8.65388
2808		-6.45864		11.5007
2809		-11.1182		11.8464
2810		-15.3271		9.62309
2811		-17.8642		5.6087
2812		-18.2214		1.01792
2813		-16.6375		-3.01044
2814		-13.8241		-5.78718
2815		-10.5692		-7.16427
2816		-7.43141		-7.36264
2817		-4.65989		-6.68857
2818		-2.32634		-5.32725
2819		-0.532832		-3.32687
2820		0.471365		-0.751944
2821		0.356992		2.12813
2822		-1.07059		4.77189
2823		-3.65157		6.49918
2824		-6.80464		6.77338
2825		-9.68721		5.47786
2826		-11.5225		3.01992
2827		-11.9282		0.183471
2828		-11.0686		-2.20817
2829		-9.54327		-3.64848
2830		-8.0675		-4.13652
2831		-7.11629		-4.10205
2832		-6.72091		-4.11507
2833		-6.52136		-4.54658
2834		-6.03274		-5.36975
2835		-4.96433		-6.20695
2836		-3.40443		-6.58426
2837		-1.76668		-6.23582
2838		-0.53564		-5.27373
2839		0.0308928		-4.12124
2840		0.0594106		-3.24962
2841		-0.0224781		-2.87889
2842		0.234129		-2.82839
2843		0.98899		-2.61798
2844		1.96366		-1.77239
2845		2.55839		-0.155066
2846		2.1859		1.86986
2847		0.641154		3.56027
2848		-1.70669		4.15665
2849		-4.02498		3.29406
2850		-5.39156		1.23934
2851		-5.24419		-1.1868
2852		-3.66865		-2.97565
2853		-1.36936		-3.40031
2854		0.665996		-2.34697
2855		1.63314		-0.337177
2856		1.26541		1.76323
2857		-0.103771		3.18602
2858		-1.78867		3.61352
2859		-3.15866		3.25883
2860		-3.97162		2.64526
2861		-4.44848		2.22641
2862		-5.05554		2.07564
2863		-6.13109		1.83011
2864		-7.58311		0.926023
2865		-8.8468		-1.00899
2866		-9.14279		-3.83609
2867		-7.90436		-6.85357
2868		-5.13937		-9.06358
2869		-1.52053		-9.63053
2870		1.86035		-8.29486
2871		3.95883		-5.52352
2872		4.23082		-2.31556
2873		2.84563		0.238649
2874		0.559563		1.42029
2875		-1.67123		1.13789
2876		-3.12949		-0.136154
2877		-3.60333		-1.68896
2878		-3.36162		-2.95917
2879		-2.8831		-3.78402
2880		-2.51409		-4.3831
2881		-2.25568		-5.11516
2882		-1.79435		-6.1704
2883		-0.742223		-7.38831
2884		1.06777		-8.30882
2885		3.41458		-8.42299
2886		5.75247		-7.47164
2887		7.47052		-5.61378
2888		8.19842		-3.36411
2889		7.98237		-1.33459
2890		7.23144		0.071897
2891		6.46825		0.840898
2892		6.03031		1.29964
2893		5.89533		1.87667
2894		5.72926		2.81292
2895		5.12503		3.99592
2896		3.88777		5.01607
2897		2.19459		5.41246
2898		0.52981		4.9638
2899		-0.57241		3.85083
2900		-0.832223		2.58879
2901		-0.398453		1.76044
2902		0.212649		1.69593
2903		0.387545		2.27994
2904		-0.250944		2.99758
2905		-1.62966		3.19869
2906		-3.24896		2.43825
2907		-4.43121		0.708899
2908		-4.65787		-1.55799
2909		-3.81241		-3.71752
2910		-2.20231		-5.23364
2911		-0.358968		-5.92014
2912		1.26299		-5.97275
2913		2.51306		-5.78685
2914		3.57309		-5.6769
2915		4.77908		-5.66691
2916		6.34971		-5.47564
2917		8.18821		-4.70382
2918		9.88031		-3.11131
2919		10.8957		-0.817354
2920		10.8809		1.69988
2921		9.87384		3.81374
2922		8.31509		5.05752
2923		6.8392		5.36011
2924		5.95829		5.07627
2925		5.80848		4.79165
2926		6.09756		5.00734
2927		6.28123		5.87501
2928		5.8704		7.12463
2929		4.70173		8.22046
2930		3.02686		8.65612
2931		1.37772		8.22657
2932		0.287459		7.13246
2933		0.0217988		5.8684
2934		0.462576		4.96546
2935		1.19566		4.73347
2936		1.74094		5.13958
2937		1.78899		5.87576
2938		1.31549		6.5589
2939		0.524126		6.93739
2940		-0.328623		6.9847
2941		-1.10736		6.83678
2942		-1.85996		6.62847
2943		-2.73313		6.34508
2944		-3.80185		5.79288
2945		-4.9301		4.7155
2946		-5.76397		2.98804
2947		-5.87836		0.766908
2948		-5.00216		-1.5078
2949		-3.19287		-3.27639
2950		-0.852682		-4.11052
2951		1.43497		-3.91544
2952		3.16759		-2.96964
2953		4.14483		-1.77619
2954		4.52961		-0.805123
2955		4.71867		-0.267583
2956		5.09868		-0.0439906
2957		5.82802		0.199803
2958		6.76725		0.782114
2959		7.59352		1.79969
2960		8.02602		3.06969
2961		8.02269		4.25464
2962		7.82438		5.09526
2963		7.81157		5.60902
2964		8.25108		6.12636
2965		9.08105		7.12825
2966		9.86865		8.96445
2967		9.98275		11.6071
2968		8.90303		14.5841
2969		6.50595		17.1434
2970		3.17266		18.5773
2971		-0.345952		18.5434
2972		-3.24507		17.2211
2973		-5.00636		15.2236
2974		-5.59532		13.3131
2975		-5.42545		12.0669
2976		-5.12152		11.6573
2977		-5.21422		11.8445
2978		-5.92353		12.1622
2979		-7.12775		12.1778
2980		-8.50646		11.6837
2981		-9.75276		10.728
2982		-10.7232		9.4948
2983		-11.4453		8.13222
2984		-11.9977		6.64824
2985		-12.3595		4.94237
2986		-12.3436		2.94936
2987		-11.6715		0.793294
2988		-10.1578		-1.16242
2989		-7.89076		-2.42397
2990		-5.29208		-2.59249
2991		-2.99691		-1.58651
2992		-1.60104		0.267627
2993		-1.40053		2.33971
2994		-2.26116		3.95138
2995		-3.68858		4.65578
2996		-5.06219		4.39897
2997		-5.90818		3.48579
2998		-6.06921		2.38049
2999		-5.691		1.46163
3000		-5.05264		0.870057
3001		-4.35622		0.527448
3002		-3.61008		0.29701
3003		-2.67789		0.170392
3004		-1.45882		0.347854
3005		-0.0762906		1.1444
3006		1.06192		2.76542
3007		1.39906		5.08574
3008		0.509534		7.58089
3009		-1.6239		9.48377
3010		-4.50139		10.1144
3011		-7.25348		9.22345
3012		-8.99895		7.16474
3013		-9.24778		4.7885
3014		-8.14815		3.0861
3015		-6.44495		2.74807
3016		-5.15915		3.84737
3017		-5.13647		5.80219
3018		-6.67931		7.63454
3019		-9.4313		8.39707
3020		-12.556		7.56296
3021		-15.107		5.20337
3022		-16.4025		1.89199
3023		-16.2332		-1.58557
3024		-14.8347		-4.55381
3025		-12.6808		-6.6442
3026		-10.2411		-7.8
3027		-7.83513		-8.13723
3028		-5.64114		-7.78464
3029		-3.80581		-6.81728
3030		-2.54218		-5.31956
3031		-2.11539		-3.51429
3032		-2.69985		-1.83908
3033		-4.18984		-0.875559
3034		-6.09659		-1.12809
3035		-7.63286		-2.75241
3036		-7.98556		-5.38681
3037		-6.66401		-8.20324
3038		-3.75237		-10.1873
3039		0.0716496		-10.5328
3040		3.77784		-8.96836
3041		6.37925		-5.85828
3042		7.29781		-2.03277
3043		6.53223		1.56458
3044		4.56485		4.23512
3045		2.07866		5.72071
3046		-0.352998		6.16421
3047		-2.44287		5.89338
3048		-4.16117		5.17688
3049		-5.55591		4.10219
3050		-6.56375		2.6383
3051		-6.95192		0.824016
3052		-6.44355		-1.06182
3053		-4.95623		-2.48708
3054		-2.79875		-2.85638
3055		-0.678607		-1.82217
3056		0.528393		0.454221
3057		0.158214		3.25629
3058		-1.89816		5.54272
3059		-5.07488		6.36989
3060		-8.31852		5.31078
3061		-10.5126		2.66401
3062		-10.945		-0.657173
3063		-9.59974		-3.50926
3064		-7.13704		-4.99537
3065		-4.5824		-4.81253
3066		-2.88216		-3.31815
3067		-2.53895		-1.30847
3068		-3.48421		0.359227
3069		-5.214		1.10613
3070		-7.08157		0.782038
3071		-8.57616		-0.408642
3072		-9.45199		-2.1165
3073		-9.67705		-4.04463
3074		-9.2825		-6.01856
3075		-8.24495		-7.91223
3076		-6.4971		-9.51554
3077		-4.06438		-10.471
3078		-1.22692		-10.3628
3079		1.42815		-8.93715
3080		3.14608		-6.33472
3081		3.3047		-3.18115
3082		1.73672		-0.443271
3083		-1.10061		0.919613
3084		-4.22296		0.360967
3085		-6.46763		-1.98626
3086		-6.94744		-5.32074
3087		-5.40386		-8.46944
3088		-2.29822		-10.3388
3089		1.39364		-10.3164
3090		4.57623		-8.4498
3091		6.42966		-5.34602
3092		6.63384		-1.87138
3093		5.35283		1.18204
3094		3.03895		3.30664
3095		0.197712		4.30002
3096		-2.7519		4.14697
3097		-5.47096		2.88606
3098		-7.60444		0.573596
3099		-8.71478		-2.6264
3100		-8.34439		-6.30097
3101		-6.2157		-9.72573
3102		-2.47085		-11.9817
3103		2.20144		-12.2502
3104		6.66875		-10.1693
3105		9.69216		-6.07187
3106		10.3731		-0.96343
3107		8.51165		3.78627
3108		4.70394		6.92216
3109		0.124106		7.74762
3110		-3.91641		6.34031
3111		-6.43642		3.45537
3112		-7.07961		0.178216
3113		-6.1304		-2.50022
3114		-4.28398		-3.99542
3115		-2.31364		-4.21606
3116		-0.803779		-3.43884
3117		-0.0515032		-2.08703
3118		-0.128708		-0.553422
3119		-1.006		0.85074
3120		-2.62286		1.83949
3121		-4.8484		2.0845
3122		-7.37348		1.23764
3123		-9.64244		-0.923733
3124		-10.9264		-4.29516
3125		-10.5587		-8.31902
3126		-8.24376		-12.0504
3127		-4.28169		-14.4382
3128		0.433789		-14.7214
3129		4.68197		-12.7612
3130		7.3509		-9.13991
3131		7.85126		-4.96318
3132		6.31913		-1.44548
3133		3.51766		0.533845
3134		0.494743		0.7051
3135		-1.83128		-0.595125
3136		-2.96304		-2.67076
3137		-2.87784		-4.80475
3138		-1.86426		-6.50892
3139		-0.275989		-7.57716
3140		1.63486		-7.96203
3141		3.71274		-7.60152
3142		5.75434		-6.3459
3143		7.35883		-4.05902
3144		7.92156		-0.841666
3145		6.83599		2.7769
3146		3.83111		5.84298
3147		-0.736304		7.24654
3148		-5.82619		6.17007
3149		-9.98513		2.51286
3150		-11.8639		-2.93511
3151		-10.7629		-8.69144
3152		-6.95044		-13.0964
3153		-1.59225		-14.9282
3154		3.68616		-13.8461
3155		7.4094		-10.4658
3156		8.76069		-6.05025
3157		7.77521		-1.97804
3158		5.16765		0.753486
3159		1.92241		1.77487
3160		-1.12418		1.27225
3161		-3.50741		-0.302037
3162		-5.09462		-2.53438
3163		-5.87208		-5.19003
3164		-5.74222		-8.13305
3165		-4.4907		-11.1208
3166		-1.95937		-13.6538
3167		1.68727		-15.0314
3168		5.79613		-14.6325
3169		9.31679		-12.2887
3170		11.166		-8.5298
3171		10.7159		-4.52494
3172		8.16069		-1.68867
3173		4.55087		-1.10502
3174		1.43806		-3.03401
3175		0.267023		-6.74445
3176		1.78443		-10.7687
3177		5.7334		-13.4732
3178		10.9674		-13.6887
3179		15.918		-11.1227
3180		19.19		-6.3915
3181		20.0177		-0.697536
3182		18.407		4.66174
3183		14.9605		8.71304
3184		10.533		10.9896
3185		5.92199		11.4618
3186		1.73036		10.3375
3187		-1.5918		7.90117
3188		-3.64298		4.4964
3189		-4.04981		0.628027
3190		-2.60371		-2.94487
3191		0.503617		-5.27241
3192		4.50805		-5.48956
3193		8.1324		-3.21501
3194		9.93811		1.128
3195		8.86563		6.275
3196		4.72916		10.4565
3197		-1.58421		12.0109
3198		-8.34277		10.0242
3199		-13.56		4.71044
3200		-15.7038		-2.64586
3201		-14.2207		-10.1655
3202		-9.65873		-16.0542
3203		-3.36097		-19.1878
3204		3.09686		-19.3678
3205		8.45378		-17.1822
3206		12.0621		-13.604
3207		13.8585		-9.56076
3208		14.106		-5.68782
3209		13.1102		-2.33994
3210		11.0911		0.228379
3211		8.26444		1.69585
3212		5.03496		1.67787
3213		2.11948		-0.0700083
3214		0.452005		-3.36845
3215		0.859		-7.44978
3216		3.64758		-11.0689
3217		8.33265		-12.9014
3218		13.6843		-12.071
3219		18.1238		-8.55742
3220		20.3149		-3.26853
3221		19.685		2.27966
3222		16.6356		6.54443
3223		12.3454		8.53679
3224		8.26788		8.14409
3225		5.56165		6.06889
3226		4.71093		3.44717
3227		5.47807		1.35451
3228		7.15571		0.437479
3229		8.9443		0.812158
3230		10.2473		2.21346
3231		10.7585		4.24822
3232		10.3611		6.57525
3233		8.97145		8.91466
3234		6.48305		10.9237
3235		2.87913		12.0798
3236		-1.55155		11.7177
3237		-6.05923		9.2717
3238		-9.49829		4.62847
3239		-10.6614		-1.60563
3240		-8.77195		-8.11211
3241		-3.90695		-13.2106
3242		2.87599		-15.4428
3243		9.81253		-14.1454
3244		15.0205		-9.74985
3245		17.1625		-3.66186
3246		15.9021		2.23423
3247		11.9677		6.23198
3248		6.82513		7.34297
3249		2.12821		5.51759
3250		-0.800279		1.50748
3251		-1.26285		-3.50383
3252		0.799962		-8.29609
3253		4.98593		-11.8663
3254		10.6347		-13.4966
3255		16.9356		-12.7175
3256		22.9284		-9.29858
3257		27.4983		-3.34845
3258		29.4924		4.51372
3259		28.0147		13.0545
3260		22.8231		20.547
3261		14.6332		25.1778
3262		5.12552		25.6385
3263		-3.43961		21.6687
3264		-8.91109		14.2855
3265		-9.98197		5.54883
3266		-6.6624		-2.08667
3267		-0.277278		-6.58945
3268		7.01947		-7.00731
3269		13.01		-3.70227
3270		16.1376		1.90612
3271		15.9094		7.94254
3272		12.8609		12.7412
3273		8.16978		15.3025
3274		3.1497		15.404
3275		-1.14099		13.4148
3276		-4.04724		9.98797
3277		-5.25524		5.82374
3278		-4.66304		1.5955
3279		-2.33085		-2.00647
3280		1.43944		-4.2485
3281		5.97459		-4.46474
3282		10.2037		-2.3179
3283		12.8554		1.91202
3284		12.8696		7.202
3285		9.86763		11.9679
3286		4.44531		14.5501
3287		-1.89684		13.8302
3288		-7.212		9.70754
3289		-9.78863		3.20397
3290		-8.76907		-3.87297
3291		-4.43753		-9.57415
3292		1.93928		-12.4833
3293		8.6285		-12.1383
3294		14.058		-9.04875
3295		17.2802		-4.35514
3296		18.1083		0.665303
3297		16.9406		5.00236
3298		14.4384		8.07313
3299		11.2613		9.64682
3300		7.98302		9.67485
3301		5.16406		8.19691
3302		3.4386		5.40706
3303		3.4643		1.82121
3304		5.68095		-1.61869
3305		9.97741		-3.6649
3306		15.4727		-3.14883
3307		20.604		0.499946
3308		23.5758		6.85219
3309		23.0272		14.4361
3310		18.6314		21.1444
3311		11.3348		24.9644
3312		3.09053		24.7301
3313		-3.82402		20.5654
3314		-7.61933		13.8179
3315		-7.58588		6.52029
3316		-4.22611		0.629652
3317		1.09127		-2.6148
3318		6.75097		-2.95667
3319		11.4751		-0.954354
3320		14.6192		2.46206
3321		16.1083		6.43892
3322		16.142		10.4249
3323		14.9021		14.1108
3324		12.4605		17.2033
3325		8.92525		19.2494
3326		4.69467		19.6826
3327		0.597015		18.1051
3328		-2.24662		14.6467
3329		-2.83405		10.1598
3330		-0.783328		6.07122
3331		3.34955		3.89376
3332		8.14484		4.5969
3333		11.8045		8.13825
3334		12.8534		13.4025
3335		10.7387		18.6032
3336		6.04715		21.9755
3337		0.244725		22.446
3338		-4.92884		19.9814
3339		-8.11735		15.4844
3340		-8.76219		10.3302
3341		-7.12273		5.80131
3342		-3.96434		2.69426
3343		-0.134552		1.24767
3344		3.72887		1.34367
3345		7.23109		2.78801
3346		10.0492		5.45615
3347		11.7456		9.20875
3348		11.7618		13.657
3349		9.65907		17.9832
3350		5.49391		21.0149
3351		0.0871582		21.6085
3352		-5.03901		19.1995
3353		-8.12236		14.236
3354		-7.86466		8.22584
3355		-4.0608		3.29441
3356		2.16966		1.3972
3357		8.70391		3.52048
3358		13.1858		9.23732
3359		13.9187		16.8339
3360		10.4916		23.9575
3361		3.87173		28.4969
3362		-4.04901		29.3065
3363		-11.2157		26.4797
3364		-16.1219		21.1067
3365		-18.172		14.6981
3366		-17.6005		8.58913
3367		-15.0848		3.60273
3368		-11.3211		0.0687308
3369		-6.80844		-1.91443
3370		-1.91964		-2.21498
3371		2.85568		-0.611565
3372		6.72772		3.00035
3373		8.67852		8.27589
3374		7.82384		14.207
3375		3.90374		19.2328
3376		-2.3722		21.7068
3377		-9.35987		20.5473
3378		-14.9534		15.767
3379		-17.3302		8.60728
3380		-15.6514		1.17336
3381		-10.4059		-4.29796
3382		-3.24127		-6.23408
3383		3.64253		-4.25495
3384		8.27112		0.767335
3385		9.52604		7.10448
3386		7.40063		12.8183
3387		2.84284		16.3759
3388		-2.67618		17.0135
3389		-7.64534		14.7814
3390		-10.8643		10.3534
3391		-11.5961		4.75843
3392		-9.57584		-0.837109
3393		-4.97868		-5.26305
3394		1.58279		-7.45125
3395		9.05258		-6.59048
3396		16.0022		-2.35102
3397		20.8612		4.89431
3398		22.3059		13.9881
3399		19.6945		23.1595
3400		13.3634		30.4575
3401		4.62509		34.3216
3402		-4.57773		34.073
3403		-12.2512		30.1239
3404		-16.9446		23.8159
3405		-18.1339		16.9571
3406		-16.2669		11.2534
3407		-12.4977		7.85369
3408		-8.26178		7.14952
3409		-4.87749		8.83446
3410		-3.29993		12.1166
3411		-4.03622		15.9463
3412		-7.14442		19.178
3413		-12.2253		20.6845
3414		-18.3841		19.5016
3415		-24.2349		15.0706
3416		-28.0655		7.5443
3417		-28.236		-1.98175
3418		-23.7486		-11.5027
3419		-14.7865		-18.5193
3420		-2.95047		-20.7833
3421		9.0046		-17.1347
3422		17.9346		-8.08379
3423		21.3388		4.15327
3424		18.2708		16.2558
3425		9.74769		24.8556
3426		-1.53472		27.6614
3427		-12.0922		24.2155
3428		-18.8073		15.9975
3429		-19.9108		5.85384
3430		-15.4387		-2.99346
3431		-7.05099		-7.96415
3432		2.64406		-7.80281
3433		10.9483		-2.74785
3434		15.7925		5.76433
3435		16.1238		15.6486
3436		11.9485		24.7313
3437		4.15196		31.1651
3438		-5.75636		33.6754
3439		-15.8924		31.7035
3440		-24.2564		25.5109
3441		-29.0602		16.2349
3442		-29.1369		5.8065
3443		-24.347		-3.37094
3444		-15.8015		-8.99388
3445		-5.72846		-9.55141
3446		3.07537		-4.8862
3447		8.0779		3.637
3448		7.83686		13.4874
3449		2.48589		21.7619
3450		-6.33202		26.1264
3451		-16.0665		25.5368
3452		-24.1479		20.4597
3453		-28.7947		12.5386
3454		-29.43		3.89324
3455		-26.5968		-3.61727
3456		-21.4997		-8.861
3457		-15.4538		-11.4974
3458		-9.51331		-11.7277
3459		-4.39984		-9.96614
3460		-0.6495		-6.6618
3461		1.23469		-2.35448
3462		0.821045		2.14135
3463		-1.97949		5.65012
3464		-6.56296		6.83593
3465		-11.4714		4.70503
3466		-14.6404		-0.79302
3467		-14.0735		-8.39781
3468		-8.70712		-15.6858
3469		0.927874		-19.7924
3470		12.6146		-18.4765
3471		23.0622		-11.0872
3472		29.0353		1.01286
3473		28.5534		14.8011
3474		21.6552		26.6195
3475		10.3973		33.4618
3476		-1.9109		33.9971
3477		-11.9059		28.925
3478		-17.2995		20.56
3479		-17.5014		11.8764
3480		-13.5512		5.44895
3481		-7.48902		2.71827
3482		-1.51514		3.80544
3483		2.68532		7.82411
3484		4.22813		13.4285
3485		2.9385		19.2912
3486		-0.921611		24.3246
3487		-6.87002		27.6589
3488		-14.2348		28.5445
3489		-22.0442		26.3685
3490		-28.9523		20.8644
3491		-33.378		12.4247
3492		-33.9116		2.30366
3493		-29.8591		-7.49022
3494		-21.6711		-14.6724
3495		-11.0104		-17.3927
3496		-0.360418		-14.8953
3497		7.71146		-7.83812
3498		11.3549		1.88027
3499		9.98659		11.7252
3500		4.38801		19.316
3501		-3.64971		23.0952
3502		-11.9505		22.6527
3503		-18.5846		18.6516
3504		-22.2947		12.4698
3505		-22.6412		5.7549
3506		-19.9282		0.0537491
3507		-15.0349		-3.42387
3508		-9.24277		-3.94862
3509		-4.06258		-1.39173
3510		-1.00151		3.66224
3511		-1.2178		9.88319
3512		-5.10496		15.3654
3513		-11.9599		18.0742
3514		-19.9426		16.509
3515		-26.4677		10.3636
3516		-28.993		0.885441
3517		-25.9602		-9.30135
3518		-17.5158		-16.9446
3519		-5.67287		-19.2613
3520		6.22179		-14.9751
3521		14.5628		-4.87012
3522		16.7094		8.38858
3523		11.8839		21.1186
3524		1.40042		29.8373
3525		-11.8439		32.3625
3526		-24.3821		28.3942
3527		-33.2809		19.4094
3528		-36.9217		7.99024
3529		-35.2318		-3.08593
3530		-29.3879		-11.6262
3531		-21.2246		-16.4287
3532		-12.6392		-17.283
3533		-5.20466		-14.7115
3534		-0.0350165		-9.66492
3535		2.19964		-3.31943
3536		1.25623		3.0081
3537		-2.61496		7.9284
3538		-8.55991		10.1521
3539		-15.1001		8.80644
3540		-20.3359		3.80549
3541		-22.4066		-3.91107
3542		-20.0861		-12.4499
3543		-13.2862		-19.4076
3544		-3.23068		-22.5753
3545		7.8165		-20.6545
3546		17.2018		-13.7055
3547		22.6811		-3.14718
3548		23.073		8.69158
3549		18.5381		19.2903
3550		10.4144		26.6547
3551		0.716487		29.7892
3552		-8.48816		28.8061
3553		-15.6023		24.7021
3554		-19.7846		18.9498
3555		-20.9792		13.0684
3556		-19.7628		8.29764
3557		-17.1112		5.41001
3558		-14.1562		4.63921
3559		-11.9594		5.68896
3560		-11.299		7.80969
3561		-12.4809		9.95938
3562		-15.2215		11.0609
3563		-18.6722		10.3242
3564		-21.6324		7.54233
3565		-22.9267		3.23736
3566		-21.8351		-1.4405
3567		-18.4084		-5.06612
3568		-13.5232		-6.43779
3569		-8.62339		-5.03206
3570		-5.23019		-1.22577
3571		-4.40713		3.81583
3572		-6.39453		8.54641
3573		-10.5572		11.5766
3574		-15.6545		12.1252
3575		-20.3056		10.2132
3576		-23.4505		6.54788
3577		-24.6262		2.18152
3578		-23.9805		-1.88627
3579		-22.0663		-4.99494
3580		-19.5499		-6.90688
3581		-16.979		-7.70712
3582		-14.6978		-7.62082
3583		-12.8992		-6.86915
3584		-11.7348		-5.63611
3585		-11.3788		-4.13812
3586		-11.9878		-2.71998
3587		-13.5684		-1.88351
3588		-15.8341		-2.19279
3589		-18.1468		-4.07123
3590		-19.6086		-7.57099
3591		-19.3018		-12.2221
3592		-16.6023		-17.0459
3593		-11.4574		-20.7569
3594		-4.51913		-22.1067
3595		2.92925		-20.2709
3596		9.25266		-15.1588
3597		12.8867		-7.54315
3598		12.7925		1.04848
3599		8.81432		8.67785
3600		1.82175		13.5039
3601		-6.43729		14.3251
3602		-13.769		10.993
3603		-18.1571		4.5462
3604		-18.3985		-3.02158
3605		-14.5379		-9.33126
3606		-7.92155		-12.3705
3607		-0.808475		-11.1803
3608		4.36587		-6.21967
3609		5.82938		0.756153
3610		3.10859		7.29047
3611		-2.79258		11.0936
3612		-9.75621		10.8618
3613		-15.3258		6.7296
3614		-17.5933		0.179276
3615		-15.8503		-6.54744
3616		-10.7549		-11.2873
3617		-3.97772		-12.6978
3618		2.49334		-10.6151
3619		7.07348		-5.92359
3620		9.02956		-0.0497901
3621		8.50857		5.64981
3622		6.20683		10.3228
3623		2.90192		13.7135
3624		-0.89399		15.9415
3625		-4.99976		17.1535
3626		-9.36534		17.2828
3627		-13.7761		16.0625
3628		-17.6813		13.2776
3629		-20.2858		9.08457
3630		-20.8829		4.18111
3631		-19.252		-0.31935
3632		-15.8874		-3.28441
3633		-11.9004		-4.04807
3634		-8.60446		-2.73342
3635		-6.96649		-0.229001
3636		-7.19014		2.19537
3637		-8.64441		3.4621
3638		-10.1836		3.17508
3639		-10.7109		1.78593
3640		-9.71504		0.354378
3641		-7.52251		0.0188018
3642		-5.14578		1.43268
3643		-3.8062		4.43578
3644		-4.36273		8.11045
3645		-6.91516		11.1865
3646		-10.7578		12.5968
3647		-14.6884		11.9263
3648		-17.5165		9.56277
3649		-18.5367		6.50629
3650		-17.7736		3.94656
3651		-15.9228		2.80524
3652		-14.0514		3.42586
3653		-13.2071		5.50323
3654		-14.0895		8.23207
3655		-16.8757		10.5781
3656		-21.2106		11.5621
3657		-26.314		10.4855
3658		-31.1518		7.07608
3659		-34.6371		1.56158
3660		-35.8552		-5.33104
3661		-34.2957		-12.4726
3662		-30.0454		-18.5509
3663		-23.8595		-22.4022
3664		-17.0325		-23.3761
3665		-11.0518		-21.5999
3666		-7.11819		-18.0019
3667		-5.70594		-14.0297
3668		-6.36159		-11.129
3669		-7.86531		-10.1727
3670		-8.72979		-11.089
3671		-7.84975		-12.8745
3672		-5.02361		-14.0225
3673		-1.10072		-13.2074
3674		2.34023		-9.9321
3675		3.66787		-4.84593
3676		1.94813		0.432304
3677		-2.56072		3.93309
3678		-8.39618		4.14851
3679		-13.3858		0.697562
3680		-15.4541		-5.4376
3681		-13.4171		-12.2066
3682		-7.44759		-17.1987
3683		0.962642		-18.4821
3684		9.51261		-15.2536
3685		15.8622		-8.06899
3686		18.3687		1.39735
3687		16.5373		10.9408
3688		11.0616		18.5259
3689		3.49231		22.853
3690		-4.31089		23.6299
3691		-10.7401		21.5073
3692		-14.842		17.7512
3693		-16.4701		13.7929
3694		-16.1861		10.8057
3695		-14.9782		9.42224
3696		-13.9053		9.64959
3697		-13.7755		10.9766
3698		-14.9485		12.6177
3699		-17.3055		13.8032
3700		-20.3774		14.0197
3701		-23.5732		13.1225
3702		-26.4112		11.2909
3703		-28.6606		8.86115
3704		-30.3374		6.12279
3705		-31.5692		3.18222
3706		-32.4094		-0.0350494
3707		-32.7111		-3.64439
3708		-32.1467		-7.60418
3709		-30.3799		-11.5819
3710		-27.3059		-14.984
3711		-23.2242		-17.1659
3712		-18.8214		-17.7338
3713		-14.9354		-16.7806
3714		-12.1912		-14.9085
3715		-10.6877		-12.9881
3716		-9.91252		-11.7397
3717		-8.96865		-11.334
3718		-7.03692		-11.2263
3719		-3.86841		-10.3424
3720		-0.0575886		-7.5701
3721		3.06787		-2.34648
3722		3.93048		4.93503
3723		1.36637		12.9092
3724		-4.82381		19.6545
3725		-13.6914		23.3792
3726		-23.418		23.0862
3727		-31.9424		18.9327
3728		-37.6685		12.1371
3729		-39.9583		4.48952
3730		-39.2233		-2.30781
3731		-36.6147		-7.18658
3732		-33.4854		-9.93767
3733		-30.8759		-11.0703
3734		-29.2318		-11.4256
3735		-28.4236		-11.7518
3736		-27.9972		-12.4302
3737		-27.4921		-13.4322
3738		-26.6722		-14.4701
3739		-25.5905		-15.221
3740		-24.5081		-15.5081
3741		-23.7448		-15.3734
3742		-23.5439		-15.0536
3743		-23.9884		-14.9018
3744		-24.9648		-15.2988
3745		-26.1561		-16.5599
3746		-27.0675		-18.8288
3747		-27.1134		-21.9649
3748		-25.7923		-25.4726
3749		-22.9237		-28.552
3750		-18.852		-30.3234
3751		-14.478		-30.1973
3752		-11.0177		-28.2446
3753		-9.50922		-25.3635
3754		-10.2476		-23.0738
3755		-12.4256		-22.9288
3756		-14.2322		-25.7417
3757		-13.4803		-30.9764
3758		-8.57319		-36.6505
3759		0.594496		-39.9103
3760		12.2507		-38.1298
3761		23.1453		-30.1023
3762		29.6675		-16.7857
3763		29.2617		-1.20633
3764		21.5428		12.5226
3765		8.59569		20.7089
3766		-5.71696		21.496
3767		-17.1804		15.5774
3768		-22.7981		5.90184
3769		-21.8525		-3.5006
3770		-16.036		-9.06109
3771		-8.64975		-8.9355
3772		-3.26725		-3.50065
3773		-2.45458		5.03334
3774		-7.04808		13.6194
3775		-16.178		19.4808
3776		-27.8693		20.8696
3777		-39.8286		17.2698
3778		-50.0386		9.14858
3779		-56.9877		-2.44668
3780		-59.6294		-16.1589
3781		-57.3164		-30.3672
3782		-49.9145		-43.1412
3783		-38.1009		-52.3548
3784		-23.6298		-56.1224
3785		-9.26109		-53.4901
3786		1.82874		-45.0687
3787		7.05004		-33.2138
3788		5.43099		-21.5046
3789		-1.82248		-13.6035
3790		-11.5863		-11.9189
3791		-19.8858		-16.6515
3792		-23.368		-25.6812
3793		-20.5561		-35.3867
3794		-12.3404		-42.0576
3795		-1.50842		-43.2891
3796		8.44638		-38.7648
3797		14.6768		-30.1417
3798		15.9073		-20.1795
3799		12.5966		-11.587
3800		6.40107		-6.12947
3801		-0.677717		-4.32941
3802		-6.993		-5.7387
3803		-11.5138		-9.46586
3804		-13.6798		-14.5714
3805		-13.1374		-20.1219
3806		-9.6854		-24.9919
3807		-3.55331		-27.7271
3808		4.16488		-26.7761
3809		11.3122		-21.1532
3810		15.0499		-11.2513
3811		12.8595		0.697363
3812		3.80482		10.9528
3813		-10.5803		15.4719
3814		-26.3542		11.5854
3815		-38.3651		-0.596476
3816		-42.2092		-17.7898
3817		-36.1338		-34.4911
3818		-21.9992		-45
3819		-4.77636		-45.6911
3820		9.29011		-36.54
3821		15.1052		-21.2036
3822		10.6929		-5.59268
3823		-2.12924		4.44402
3824		-18.6222		5.31661
3825		-33.0994		-3.14914
3826		-41.0915		-18.0068
3827		-40.7725		-34.6712
3828		-33.1336		-48.8178
3829		-21.0129		-57.825
3830		-7.60161		-61.2092
3831		4.79938		-60.056
3832		15.2416		-55.9356
3833		23.7645		-49.9697
3834		30.6047		-42.5214
3835		35.5521		-33.5562
3836		37.861		-23.3149
3837		36.7357		-12.7865
3838		32.0422		-3.62112
3839		24.7532		2.50407
3840		16.7986		4.70944
3841		10.3452		3.43798
3842		6.87113		0.352277
3843		6.53066		-2.37426
3844		8.14633		-3.01299
3845		9.82516		-0.991879
3846		9.86205		2.9833
3847		7.4576		7.41552
3848		2.90861		10.8053
3849		-2.75931		12.3006
3850		-8.44073		11.8876
3851		-13.4772		10.0936
3852		-17.7757		7.46303
3853		-21.5119		4.17519
3854		-24.6785		0.0528831
3855		-26.8309		-5.06766
3856		-27.2416		-10.8851
3857		-25.3976		-16.4515
3858		-21.524		-20.4527
3859		-16.7651		-21.8486
3860		-12.8317		-20.5178
3861		-11.2412		-17.5048
3862		-12.5392		-14.6616
3863		-15.9468		-13.8172
3864		-19.6659		-15.8897
3865		-21.7233		-20.4181
3866		-20.9244		-25.7831
3867		-17.4153		-30.0151
3868		-12.5522		-31.7658
3869		-8.15539		-30.9231
3870		-5.563		-28.5504
3871		-5.0069		-26.2035
3872		-5.64514		-25.0309
3873		-6.20757		-25.1791
3874		-5.85557		-25.8439
3875		-4.73137		-25.925
3876		-3.85234		-24.884
3877		-4.39241		-23.2672
3878		-6.76724		-22.5375
3879		-10.0827		-24.2577
3880		-12.3274		-29.0575
3881		-11.2826		-35.9757
3882		-5.70447		-42.6017
3883		3.84536		-46.0177
3884		14.9966		-44.1078
3885		24.4467		-36.5825
3886		29.3132		-25.1948
3887		28.3092		-13.0323
3888		22.1794		-3.2359
3889		13.2219		2.22458
3890		4.18108		3.14608
3891		-2.90802		0.836269
3892		-7.36632		-2.7706
3893		-9.76856		-6.10698
3894		-11.2673		-8.56053
3895		-12.8005		-10.4275
3896		-14.6403		-12.384
3897		-16.4756		-14.8848
3898		-17.8698		-17.887
3899		-18.709		-21.038
3900		-19.2945		-24.135
3901		-20.0005		-27.4706
3902		-20.7444		-31.7509
3903		-20.6824		-37.5648
3904		-18.436		-44.7172
3905		-12.8248		-51.8911
3906		-3.72468		-56.961
3907		7.48136		-57.9071
3908		18.2241		-53.8876
3909		25.7862		-45.8608
3910		28.5676		-36.3338
3911		26.8955		-28.2724
3912		22.8844		-23.6951
3913		19.3485		-22.7008
3914		18.3028		-23.4994
3915		19.8682		-23.4879
3916		22.2213		-20.8282
3917		22.6876		-15.6533
3918		19.4314		-10.1798
3919		12.8106		-7.56379
3920		5.58028		-10.0415
3921		1.70161		-17.3435
3922		4.26987		-26.3114
3923		13.6063		-32.0674
3924		26.5626		-30.2819
3925		37.5316		-19.4613
3926		40.8097		-2.08758
3927		33.2431		16.0531
3928		15.891		28.1466
3929		-6.1333		29.232
3930		-25.626		18.3704
3931		-36.1945		-0.894503
3932		-34.7943		-21.9763
3933		-22.8011		-37.9041
3934		-5.22675		-43.9897
3935		11.4515		-39.3693
3936		21.7998		-26.8808
3937		23.1889		-11.5356
3938		16.1957		1.5659
3939		3.73775		8.913
3940		-10.4138		9.26033
3941		-22.9523		3.29821
3942		-31.6812		-7.20138
3943		-35.4791		-20.1569
3944		-33.9671		-33.5116
3945		-27.332		-45.1959
3946		-16.4967		-53.0909
3947		-3.43798		-55.3536
3948		8.78959		-51.1557
3949		16.6766		-41.4795
3950		17.4934		-29.4001
3951		10.6429		-19.4314
3952		-1.59492		-15.9783
3953		-14.4832		-21.4759
3954		-22.4387		-35.088
3955		-21.237		-52.6824
3956		-9.84174		-68.2404
3957		9.01481		-76.1664
3958		29.8221		-73.4951
3959		46.4401		-61.0109
3960		54.4487		-42.7975
3961		52.6619		-24.4717
3962		43.2037		-10.9577
3963		30.2454		-4.81288
3964		18.1234		-5.77045
3965		9.76606		-11.5146
3966		6.08794		-19.1071
3967		6.42376		-26.2477
3968		9.52197		-31.7766
3969		14.39		-35.3528
3970		20.4932		-36.7476
3971		27.3021		-35.387
3972		33.6503		-30.5527
3973		37.5201		-22.1584
3974		36.6151		-11.5665
3975		29.5548		-1.77893
3976		17.0586		3.36213
3977		2.35441		0.761202
3978		-9.62566		-10.2825
3979		-14.0774		-27.2508
3980		-8.41001		-44.9686
3981		6.4133		-57.4525
3982		25.993		-60.2848
3983		44.1079		-52.441
3984		55.1448		-36.7162
3985		56.2632		-18.5463
3986		48.3356		-3.76626
3987		35.2976		3.66515
3988		22.2849		2.97764
3989		13.4725		-3.56039
3990		10.594		-12.0398
3991		12.7132		-18.7894
3992		17.1767		-21.8311
3993		21.1306		-21.3223
3994		22.8094		-18.9595
3995		22.0392		-16.8242
3996		19.8839		-16.338
3997		17.8079		-17.8143
3998		16.9049		-20.6793
3999		17.5868		-24.0555
4000		19.771		-27.2572
4001		23.2833		-29.9024
4002		28.0979		-31.6647
4003		34.2071		-31.9604
4004		41.2221		-29.9133
4005		48.0424		-24.7357
4006		52.9358		-16.3467
4007		54.13		-5.82847
4008		50.6705		4.65622
4009		43.0776		12.5768
4010		33.3702		16.0972
4011		24.3386		14.9545
4012		18.3568		10.659
4013		16.3117		5.84582
4014		17.2049		3.05094
4015		18.6635		3.50455
4016		18.1271		6.55006
4017		14.1284		9.98772
4018		7.02921		11.1717
4019		-1.1461		8.30833
4020		-7.67345		1.31119
4021		-10.3875		-8.1868
4022		-8.6089		-17.6246
4023		-3.3164		-24.6679
4024		3.44821		-28.1406
4025		9.5711		-28.3108
4026		13.7202		-26.4828
4027		15.6672		-24.2082
4028		16.0174		-22.5851
4029		15.6188		-21.9937
4030		15.06		-22.3133
4031		14.5478		-23.3654
4032		14.1707		-25.218
4033		14.2819		-28.1139
4034		15.656		-32.0712
4035		19.2199		-36.4539
4036		25.4586		-39.8746
4037		33.8446		-40.61
4038		42.6867		-37.3959
4039		49.5984		-30.2035
4040		52.4415		-20.5467
4041		50.3142		-11.0813
4042		44.0834		-4.61441
4043		36.1622		-2.96027
4044		29.5994		-6.17698
4045		26.8903		-12.5396
4046		29.0425		-19.2494
4047		35.2908		-23.5329
4048		43.5277		-23.6304
4049		51.1829		-19.2773
4050		56.1196		-11.5662
4051		57.191		-2.37757
4052		54.3375		6.2817
4053		48.3535		12.7539
4054		40.5676		15.939
4055		32.6095		15.3482
4056		26.2565		11.1706
4057		23.2175		4.41073
4058		24.7167		-3.02664
4059		30.9193		-8.53793
4060		40.455		-9.46273
4061		50.4014		-4.07136
4062		56.9621		7.48122
4063		56.7434		22.7445
4064		48.1707		37.466
4065		32.3921		46.9582
4066		13.1568		47.8487
4067		-4.41276		39.4621
4068		-15.702		24.1663
4069		-18.3303		6.46663
4070		-12.9403		-8.78667
4071		-2.69074		-18.2697
4072		8.28895		-21.282
4073		16.7235		-19.5955
4074		21.4162		-16.2015
4075		23.3218		-13.6493
4076		24.5268		-12.8459
4077		26.761		-12.9078
4078		30.2904		-12.071
4079		33.8012		-9.07815
4080		35.3149		-4.21494
4081		33.5855		0.633163
4082		29.1469		2.96891
4083		24.3578		1.18171
4084		22.344		-4.29231
4085		25.3579		-10.8444
4086		33.427		-14.7539
4087		44.0437		-12.9465
4088		53.1229		-4.56519
4089		56.794		8.45852
4090		53.1527		22.1467
4091		43.1149		32.1781
4092		29.9711		35.7212
4093		17.8959		32.5212
4094		10.1703		24.7698
4095		7.97332		15.9121

 
--------------------------------------


