Compute Correlation 
 
0		-16.6274		14.7383
1		-14.2108		2.29898
2		-6.19839		-7.40588
3		5.86537		-12.0119
4		19.3129		-9.78552
5		30.548		-0.34662
6		35.828		14.6917
7		32.5131		31.6572
8		20.2888		45.6284
9		1.72715		51.9899
10		-18.2402		48.1644
11		-33.8805		34.7568
12		-40.6829		15.5365
13		-37.0106		-3.82422
14		-24.6723		-17.7677
15		-8.177		-22.7954
16		6.98565		-18.5539
17		16.293		-7.68572
18		17.5819		5.37902
19		11.423		16.0858
20		0.508396		21.1712
21		-11.5133		19.3599
22		-21.1873		11.2821
23		-25.9905		-1.10238
24		-24.5791		-15.169
25		-16.739		-28.1126
26		-3.30026		-37.2359
27		13.8656		-40.2186
28		31.8711		-35.5413
29		47.0959		-23.0518
30		55.8929		-4.4313
31		55.6336		16.7907
32		45.7352		35.9028
33		28.1908		48.2824
34		7.25638		50.8629
35		-11.7099		43.2198
36		-23.8746		27.8059
37		-26.416		9.20737
38		-19.3156		-7.30005
39		-5.19911		-17.3388
40		11.6326		-18.5915
41		26.5463		-11.2038
42		35.7956		2.56579
43		37.2775		19.1671
44		30.7548		34.6918
45		17.6794		45.6617
46		0.810513		49.6006
47		-16.2666		45.4393
48		-29.7345		33.7943
49		-36.2989		17.0508
50		-34.0534		-0.9188
51		-23.2244		-15.5311
52		-6.45172		-22.7061
53		11.6804		-20.1919
54		25.8803		-8.49502
55		31.8147		9.04285
56		27.6007		27.1844
57		14.506		40.4856
58		-3.47059		45.1121
59		-21.0064		40.0696
60		-33.2896		27.3692
61		-37.5506		11.1064
62		-33.7141		-4.11115
63		-24.0148		-14.7078
64		-11.8677		-19.0613
65		-0.565788		-17.5539
66		7.64781		-11.9221
67		11.8632		-4.34899
68		12.2324		3.24529
69		9.4776		9.48319
70		4.52877		13.4487
71		-1.55668		14.5137
72		-7.49102		12.3292
73		-11.7233		7.05138
74		-12.6841		-0.360619
75		-9.31059		-8.05641
76		-1.62548		-13.6179
77		8.96176		-14.7708
78		19.865		-10.2174
79		28.0341		-0.216668
80		30.9039		13.3673
81		27.1943		27.5808
82		17.2574		39.2364
83		2.89217		45.7573
84		-13.2104		45.7214
85		-28.1147		39.0108
86		-39.1585		26.6764
87		-44.2859		10.7027
88		-42.2937		-6.2092
89		-33.1079		-20.8887
90		-18.0865		-30.1211
91		-0.160601		-31.3573
92		16.4576		-23.6139
93		27.1734		-8.22522
94		28.3938		10.994
95		18.9511		28.4901
96		0.945597		38.5617
97		-20.4992		37.3207
98		-38.6676		24.2663
99		-47.4503		2.76803
100		-43.5052		-20.8498
101		-27.5205		-39.3617
102		-4.0531		-47.0781
103		20.0113		-41.7404
104		37.7799		-25.1729
105		44.5675		-2.50307
106		39.2174		19.6696
107		24.1477		35.415
108		4.26341		41.1548
109		-14.7394		36.4008
110		-28.035		23.4805
111		-32.8053		6.53725
112		-28.6564		-9.75195
113		-17.389		-21.351
114		-2.33418		-25.7044
115		12.5268		-22.1696
116		23.4962		-12.0436
117		28.0166		1.80385
118		25.2965		15.6626
119		16.5245		25.976
120		4.52793		30.363
121		-7.1056		28.3343
122		-15.2048		21.4
123		-18.0639		12.462
124		-15.932		4.68923
125		-10.7161		0.331453
126		-5.02797		-0.00874138
127		-1.02224		2.67155
128		0.413685		6.53963
129		-0.261649		9.98232
130		-1.88494		12.3779
131		-3.54333		14.1732
132		-5.26175		16.2543
133		-7.99361		19.013
134		-12.8959		21.7105
135		-20.3102		22.5879
136		-29.0859		19.7437
137		-36.7341		12.3313
138		-40.4487		1.3835
139		-38.5206		-10.2835
140		-31.3952		-19.1617
141		-21.7422		-22.6626
142		-13.3975		-20.4402
143		-9.62844		-14.7119
144		-11.5614		-9.34227
145		-17.566		-8.08813
146		-23.9323		-12.8364
147		-26.5322		-22.6908
148		-22.6722		-34.3396
149		-12.2622		-43.5048
150		2.21189		-46.7562
151		16.8205		-42.8374
152		27.8161		-32.9521
153		32.9671		-20.0071
154		32.0531		-7.31138
155		26.4652		2.58715
156		18.3044		8.43563
157		9.54773		10.1196
158		1.67122		8.14321
159		-4.25426		3.20398
160		-7.30553		-3.86561
161		-6.66704		-11.8667
162		-1.96536		-19.06
163		6.21668		-23.396
164		16.0731		-23.2154
165		24.9185		-18.1056
166		30.1558		-9.37954
167		30.4507		0.244054
168		26.4636		7.75885
169		20.6347		11.2946
170		16.0007		11.087
171		14.584		9.39055
172		16.2136		9.267
173		18.4839		12.8139
174		17.9866		19.7771
175		12.2483		27.3627
176		1.36066		31.4695
177		-11.6271		28.7957
178		-21.8763		18.7538
179		-24.9955		4.15418
180		-19.2497		-9.7903
181		-6.60745		-17.7288
182		7.95673		-16.6219
183		18.6089		-7.1678
184		21.2193		6.50417
185		15.104		18.7102
186		3.13332		24.7222
187		-9.76854		22.6875
188		-18.9138		14.0877
189		-21.7729		2.64349
190		-18.6438		-7.64117
191		-11.9022		-14.234
192		-4.4108		-16.7804
193		1.95424		-16.5647
194		6.88528		-15.2309
195		11.1545		-13.6199
196		15.525		-11.4171
197		19.8538		-7.734
198		22.9965		-2.1445
199		23.5735		4.58447
200		21.0724		10.6234
201		16.5213		14.0616
202		12.2007		14.1563
203		10.4584		12.0431
204		12.2704		10.3712
205		16.4156		11.95
206		19.8352		18.1047
207		19.0967		27.6724
208		12.2326		37.2699
209		-0.0350323		42.7844
210		-14.3841		41.3572
211		-26.3047		32.8314
212		-32.1316		19.9001
213		-30.658		6.87899
214		-23.5241		-2.24911
215		-14.2372		-5.49856
216		-6.41152		-3.4337
217		-2.19624		1.57387
218		-1.69493		6.85437
219		-3.57025		10.8012
220		-6.33562		13.3254
221		-9.46587		15.2332
222		-13.6155		17.0274
223		-19.821		17.9872
224		-28.2252		16.2023
225		-37.1984		9.64039
226		-43.5363		-2.34637
227		-43.7853		-18.0049
228		-36.0531		-33.3749
229		-21.3035		-43.7574
230		-3.34527		-45.7885
231		12.602		-39.0596
232		22.1111		-26.4092
233		23.4287		-12.6903
234		18.0914		-2.61057
235		9.98862		1.27073
236		3.3914		-0.594356
237		0.983071		-5.38382
238		2.87968		-9.61988
239		7.05232		-10.9892
240		10.796		-9.31281
241		12.3554		-6.23601
242		11.8022		-3.94142
243		10.7492		-3.70452
244		11.1729		-5.13492
245		14.1119		-6.48785
246		19.0215		-5.77599
247		24.1239		-1.95537
248		27.4694		4.54009
249		28.0035		12.1995
250		25.9639		19.4545
251		22.3838		25.612
252		18.0721		31.062
253		12.7999		36.6008
254		5.31668		42.3098
255		-5.69981		46.7776
256		-20.2823		47.3043
257		-36.2735		41.1643
258		-49.5881		27.3272
259		-55.7232		7.66099
260		-51.8682		-13.1843
261		-38.5402		-29.3615
262		-19.8167		-36.2308
263		-1.90715		-32.443
264		9.34934		-20.649
265		10.9026		-6.43757
266		3.68587		4.02537
267		-7.95353		6.54885
268		-18.263		0.48716
269		-22.5357		-11.3211
270		-18.8663		-24.0746
271		-8.5101		-33.1446
272		5.11126		-35.789
273		18.0717		-31.7603
274		27.3849		-22.7829
275		31.6366		-11.4416
276		30.7837		-0.200781
277		25.573		9.00332
278		17.1453		14.6529
279		7.08957		15.467
280		-2.25922		10.6051
281		-7.79593		0.353216
282		-6.32922		-13.1056
283		4.05432		-25.5052
284		22.5298		-31.3983
285		44.8513		-26.0796
286		64.1058		-7.80529
287		72.9008		20.7728
288		66.2068		52.8287
289		43.6194		79.398
290		9.94602		92.5052
291		-26.2559		88.0827
292		-55.6269		67.4235
293		-71.1912		36.5699
294		-70.457		3.98291
295		-55.6686		-22.411
296		-32.3447		-37.5265
297		-6.98832		-39.9589
298		14.9099		-31.3451
299		29.8176		-14.9376
300		36.0075		5.68066
301		32.8821		27.1356
302		20.5342		46.0864
303		-0.0312557		58.9095
304		-26.2069		61.9213
305		-53.3049		52.421
306		-75.0053		30.1886
307		-84.9682		-1.41583
308		-79.1263		-35.6062
309		-57.6286		-63.8847
310		-25.3956		-78.8172
311		9.19076		-76.7398
312		37.0618		-59.1815
313		51.5789		-32.3232
314		50.685		-4.7073
315		37.2386		15.8022
316		17.5299		24.524
317		-1.22007		20.9956
318		-13.2323		8.36887
319		-15.5208		-8.25172
320		-7.98016		-23.5966
321		7.37311		-33.4073
322		27.2986		-34.8203
323		47.8636		-26.3193
324		64.6095		-7.80111
325		72.8001		18.9799
326		68.2539		49.8492
327		48.8574		78.1975
328		16.2303		96.1271
329		-23.4249		96.8247
330		-60.1628		77.439
331		-83.024		41.1865
332		-83.8939		-2.54171
333		-60.9884		-40.5721
334		-20.376		-60.2287
335		25.368		-53.9399
336		61.095		-22.3088
337		74.1902		25.6726
338		58.9014		75.4328
339		18.2504		111.587
340		-37.1017		122.838
341		-92.4385		105.258
342		-133.551		62.9581
343		-150.632		6.25961
344		-140.376		-51.6383
345		-106.005		-98.1922
346		-55.7495		-124.215
347		-0.585611		-125.33
348		48.0364		-102.299
349		80.1798		-60.6082
350		89.1049		-9.52633
351		72.6724		39.3493
352		34.2573		74.1896
353		-17.2826		85.5772
354		-69.0378		69.1899
355		-106.947		27.6419
356		-119.595		-29.415
357		-101.776		-87.3689
358		-56.5015		-130.539
359		5.41648		-146.732
360		68.2733		-130.942
361		115.964		-86.9008
362		136.586		-25.9549
363		125.659		36.2804
364		87.0552		84.3265
365		31.5625		106.897
366		-26.231		99.5101
367		-71.6879		65.186
368		-93.5228		13.3724
369		-86.2184		-42.3893
370		-51.1802		-87.4712
371		3.42338		-109.341
372		64.1263		-100.486
373		114.869		-60.5974
374		140.676		2.57593
375		131.677		74.2526
376		86.4293		135.728
377		13.3847		169.13
378		-70.3873		162.651
379		-143.274		114.621
380		-185.06		34.9077
381		-182.964		-57.1539
382		-135.787		-137.886
383		-54.6961		-185.969
384		39.7133		-188.586
385		123.165		-145.078
386		174.44		-67.0082
387		181.04		25.2193
388		142.203		108.02
389		68.6414		160.797
390		-20.6178		170.944
391		-103.194		136.562
392		-158.768		66.5027
393		-173.734		-22.0012
394		-144.201		-107.434
395		-76.8504		-168.949
396		12.5001		-191.221
397		102.439		-168.201
398		170.992		-104.889
399		201.113		-16.4979
400		185.258		75.0843
401		127.72		146.835
402		43.8136		180.77
403		-44.0755		168.973
404		-112.597		115.908
405		-143.919		37.2019
406		-130.644		-44.7808
407		-77.6712		-107.231
408		-0.549489		-133.148
409		79.0474		-115.731
410		139.268		-59.808
411		163.728		19.8489
412		145.427		102.601
413		88.1785		167.175
414		5.47183		196.769
415		-82.7683		182.981
416		-154.776		127.866
417		-192.011		43.7624
418		-183.761		-49.1555
419		-130.274		-127.33
420		-43.5524		-169.517
421		54.7889		-162.525
422		138.466		-105.451
423		183.32		-10.9765
424		174.198		97.0555
425		109.862		189.521
426		4.20313		239.876
427		-116.867		231.738
428		-222.162		163.857
429		-283.658		50.8877
430		-284.143		-80.3291
431		-221.858		-197.829
432		-110.903		-272.861
433		22.5091		-287.167
434		146.743		-237.353
435		232.491		-135.477
436		259.706		-5.97289
437		222.219		120.164
438		129.188		212.567
439		3.15432		248.563
440		-124.931		218.693
441		-222.823		129.441
442		-264.844		2.35765
443		-238.695		-130.614
444		-149.368		-234.872
445		-18.7238		-282.216
446		119.624		-258.833
447		229.109		-169.731
448		280.376		-37.9838
449		259.768		101.358
450		173.452		211.08
451		45.7288		262.424
452		-88.0273		243.242
453		-191.611		161.164
454		-238.24		40.9354
455		-217.733		-83.0971
456		-138.67		-176.874
457		-25.221		-215.913
458		90.0622		-191.464
459		175.231		-112.129
460		207.248		-0.944553
461		177.628		111.001
462		94.3098		192.653
463		-20.4862		220.875
464		-135.801		186.398
465		-219.705		96.5138
466		-247.597		-26.2251
467		-209.106		-149.288
468		-111.701		-238.446
469		20.3009		-267.159
470		151.545		-224.532
471		245.089		-119.38
472		272.987		21.2154
473		224.858		158.872
474		111.648		254.602
475		-36.8442		280.126
476		-180.133		226.289
477		-278.48		105.937
478		-304.123		-49.6246
479		-248.918		-199.449
480		-126.275		-304.263
481		32.926		-336.924
482		188.908		-289.16
483		303.46		-173.043
484		349.418		-17.2415
485		316.909		140.582
486		215.159		263.123
487		69.772		322.286
488		-83.6592		305.648
489		-208.122		219.212
490		-274.071		85.9009
491		-266.655		-59.99
492		-189.541		-181.242
493		-64.1728		-247.169
494		75.6372		-241.685
495		192.615		-167.694
496		256.119		-46.3433
497		250.534		88.8814
498		179.413		201.634
499		64.032		262.961
500		-63.1809		259.197
501		-168.271		195.148
502		-225.379		91.7368
503		-223.453		-20.8675
504		-168.238		-112.286
505		-79.3719		-160.27
506		16.1047		-156.032
507		91.5759		-105.407
508		127.764		-26.0697
509		117.066		57.9615
510		64.6079		122.838
511		-13.8093		150.788
512		-96.0926		134.216
513		-159.483		77.2899
514		-186.235		-5.22332
515		-168.145		-91.6332
516		-108.875		-158.826
517		-23.312		-188.383
518		66.1231		-171.761
519		135.487		-113.005
520		166.067		-27.9547
521		149.872		60.0589
522		92.0621		126.887
523		9.45075		154.575
524		-74.5288		136.485
525		-136.739		78.8915
526		-160.894		-1.32472
527		-141.727		-81.9702
528		-85.6659		-141.941
529		-8.19401		-166.706
530		70.9125		-151.402
531		132.818		-101.062
532		163.891		-28.4515
533		158.178		49.49
534		117.989		115.536
535		52.8843		155.643
536		-22.4846		161.599
537		-91.3377		132.625
538		-138.218		75.7145
539		-152.478		4.44127
540		-131.088		-63.8517
541		-79.8804		-112.165
542		-12.5466		-128.349
543		52.7311		-108.673
544		98.2438		-59.1858
545		111.854		5.84211
546		90.5273		68.0439
547		41.0528		110.376
548		-22.2819		122.007
549		-82.2104		101.077
550		-123.574		54.5373
551		-137.285		-4.58857
552		-122.06		-61.3453
553		-83.7475		-102.9
554		-32.9279		-121.34
555		18.1611		-114.759
556		58.4239		-86.8209
557		79.9355		-45.3877
558		79.1432		-0.715206
559		57.3726		36.5045
560		20.6803		57.1987
561		-21.1013		55.9585
562		-56.3071		32.7036
563		-74.277		-6.65989
564		-68.4939		-51.1868
565		-39.0014		-87.6009
566		6.96911		-104.193
567		56.7285		-94.6715
568		95.8992		-60.5031
569		113.005		-10.7227
570		103.212		40.8858
571		69.8074		80.2559
572		22.8679		97.4986
573		-24.2797		89.7291
574		-59.3975		61.3481
575		-74.8423		21.9314
576		-69.1274		-17.2149
577		-46.3357		-46.4205
578		-14.0436		-59.8302
579		19.1779		-56.0008
580		45.7668		-37.2499
581		60.2986		-8.45698
582		59.9051		24.0829
583		44.3959		53.5597
584		16.3509		73.495
585		-18.9179		78.8133
586		-53.9183		67.1567
587		-80.3692		40.037
588		-91.3509		3.16174
589		-83.5925		-34.5931
590		-58.9519		-63.5535
591		-24.2831		-76.2723
592		10.5106		-70.0738
593		35.6434		-48.0442
594		44.6541		-17.9896
595		36.4056		10.2699
596		15.1388		28.1969
597		-11.3315		31.1493
598		-34.4365		19.4034
599		-47.5312		-2.58109
600		-47.5009		-28.0919
601		-34.9683		-50.3676
602		-13.4069		-64.2616
603		12.1928		-67.0179
604		36.5227		-58.3053
605		54.7919		-39.9062
606		63.3208		-15.3657
607		60.1333		10.3921
608		45.6068		31.7205
609		22.9178		43.396
610		-2.1788		42.1566
611		-22.5628		28.1276
612		-31.8362		5.41065
613		-26.6235		-18.7091
614		-8.12349		-35.9258
615		17.8952		-39.7596
616		42.8517		-27.971
617		58.2837		-3.50049
618		58.8035		26.5216
619		43.8854		53.316
620		17.7954		69.4986
621		-12.2059		71.3977
622		-38.5323		59.8044
623		-55.6734		39.0603
624		-61.4504		15.1004
625		-56.8795		-6.58966
626		-45.0483		-22.303
627		-29.7404		-30.4415
628		-14.4438		-31.1076
629		-1.95949		-25.4939
630		5.61036		-15.5027
631		6.89709		-3.66399
632		1.57217		6.92829
633		-9.18825		13.0242
634		-22.4912		12.0979
635		-34.1824		3.41975
636		-40.0567		-11.2501
637		-37.4362		-27.8772
638		-26.3965		-41.4081
639		-9.97151		-47.6403
640		6.89572		-44.8915
641		19.2628		-34.6676
642		24.1108		-20.9782
643		21.3944		-8.60678
644		13.7565		-1.15685
645		5.11423		0.20911
646		-1.13148		-3.1933
647		-3.37017		-8.64372
648		-1.98367		-13.5296
649		1.46424		-16.4614
650		5.44844		-17.4582
651		9.34204		-17.2503
652		13.4306		-16.2679
653		18.1561		-14.0376
654		23.1635		-9.42128
655		26.86		-1.57401
656		26.8906		8.98971
657		21.365		19.9574
658		10.1732		27.8202
659		-4.40438		29.3331
660		-18.2483		23.1307
661		-26.9621		10.6411
662		-27.7304		-4.23521
663		-20.5739		-16.5957
664		-8.38565		-22.4832
665		4.25818		-20.404
666		12.926		-11.7471
667		14.9377		-0.00157928
668		10.0732		10.7513
669		0.214272		17.3085
670		-11.7163		18.1515
671		-22.8771		13.4046
672		-31.1705		4.23412
673		-35.3091		-7.79509
674		-34.5563		-21.0154
675		-28.5688		-33.5764
676		-17.6005		-43.3047
677		-2.9568		-47.9035
678		12.7202		-45.6574
679		25.781		-36.3919
680		32.6383		-22.1294
681		31.229		-6.89304
682		22.1646		4.50257
683		8.88624		8.28103
684		-3.43289		3.34356
685		-9.86988		-8.10662
686		-7.7566		-21.3456
687		2.23096		-31.0301
688		16.4257		-33.3694
689		29.7993		-27.5684
690		38.0875		-15.9045
691		39.4108		-2.47445
692		34.6839		8.71071
693		26.7437		15.3313
694		18.7624		17.3451
695		12.8108		16.4144
696		9.26298		14.6418
697		7.20568		13.3881
698		5.44847		12.8009
699		3.44555		12.2002
700		1.57218		10.947
701		0.651745		9.16075
702		1.11395		7.79358
703		2.3924		8.00969
704		3.00939		10.2791
705		1.35338		13.7957
706		-3.29701		16.6492
707		-10.1333		16.7262
708		-16.995		12.8627
709		-21.3326		5.59029
710		-21.4586		-2.97741
711		-17.4098		-10.0932
712		-10.9433		-13.6679
713		-4.66789		-13.2162
714		-0.787357		-9.96792
715		-0.131432		-6.11863
716		-1.96766		-3.67241
717		-4.63071		-3.52534
718		-6.54577		-5.26669
719		-7.02789		-7.73165
720		-6.41288		-9.8971
721		-5.50704		-11.5308
722		-4.76977		-13.1875
723		-3.80289		-15.5769
724		-1.52154		-18.7413
725		3.06036		-21.6262
726		9.91066		-22.4013
727		17.5371		-19.4312
728		23.3916		-12.3678
729		25.0027		-2.7058
730		21.2721		6.60094
731		13.2227		12.3584
732		3.74313		12.603
733		-3.60574		7.5717
734		-6.15361		-0.343658
735		-3.28033		-7.65193
736		3.39084		-11.3017
737		10.826		-9.94466
738		15.979		-4.33694
739		17.0411		3.23888
740		13.9636		10.1419
741		8.10808		14.4871
742		1.34564		15.6699
743		-4.82586		14.1597
744		-9.68374		10.8437
745		-13.0956		6.41761
746		-15.0262		1.20668
747		-15.1815		-4.54601
748		-13.0976		-10.2298
749		-8.63175		-14.6868
750		-2.48959		-16.5515
751		3.66038		-14.9901
752		7.70781		-10.3976
753		8.07542		-4.55896
754		4.63149		-0.0426674
755		-1.0202		0.952114
756		-6.1342		-2.28183
757		-8.07576		-8.49682
758		-5.61105		-14.9981
759		0.453385		-18.9152
760		7.64971		-18.5982
761		13.0744		-14.4062
762		14.8252		-8.46835
763		12.8938		-3.54509
764		9.05045		-1.60638
765		5.81008		-2.88732
766		5.06337		-5.911
767		7.12832		-8.42554
768		10.7217		-8.7002
769		13.8222		-6.44292
770		14.8947		-2.84003
771		13.7584		0.265488
772		11.6058		1.54509
773		10.1884		1.00254
774		10.6693		-0.0430241
775		12.8385		0.207466
776		15.1628		2.88013
777		15.6526		7.64713
778		13.0417		12.7897
779		7.59166		16.0853
780		1.04532		16.0166
781		-4.25483		12.6126
782		-6.58607		7.44151
783		-5.7142		2.76398
784		-2.93067		0.334808
785		-0.258484		0.532955
786		0.697273		2.29762
787		-0.412964		3.87327
788		-2.62459		3.89751
789		-4.37715		2.18048
790		-4.54871		-0.274979
791		-3.16791		-1.99834
792		-1.37135		-2.05606
793		-0.640106		-0.704718
794		-1.7934		0.722919
795		-4.3728		0.643036
796		-6.82182		-1.74127
797		-7.38335		-5.83465
798		-5.19203		-9.87833
799		-0.895859		-11.9197
800		3.60111		-10.973
801		6.17219		-7.68059
802		5.7046		-4.04864
803		2.81872		-2.3632
804		-0.378677		-3.87556
805		-1.41257		-8.00793
806		1.17183		-12.5577
807		6.92641		-14.8245
808		13.6348		-13.0594
809		18.416		-7.43951
810		19.2065		-0.0257759
811		15.8158		6.2817
812		9.98428		9.22051
813		4.42652		8.27245
814		1.39853		4.81097
815		1.58075		1.24141
816		3.87011		-0.357978
817		6.15301		0.673889
818		6.58082		3.34935
819		4.60686		5.74244
820		1.20967		6.18769
821		-1.78312		4.25371
822		-2.83308		0.935653
823		-1.60093		-2.01101
824		0.904194		-3.1661
825		3.00095		-2.29696
826		3.40625		-0.456867
827		2.03858		0.717453
828		0.0621452		0.069643
829		-0.855873		-2.30917
830		0.378323		-5.08823
831		3.53659		-6.48943
832		7.11938		-5.39364
833		9.1988		-2.09029
834		8.56669		1.8001
835		5.50253		4.21337
836		1.68608		3.83471
837		-0.722448		0.896156
838		-0.316986		-2.906
839		2.72249		-5.35122
840		6.69827		-4.96429
841		9.34481		-1.88224
842		9.12679		2.19346
843		6.1406		4.94839
844		2.09242		4.77593
845		-0.646492		1.71243
846		-0.375343		-2.55312
847		2.97039		-5.60664
848		7.77407		-5.64733
849		11.6373		-2.47504
850		12.706		2.43237
851		10.6625		6.78469
852		6.82295		8.77863
853		3.30022		8.07557
854		1.73599		5.89748
855		2.35194		4.20063
856		3.87713		4.42891
857		4.3885		6.59475
858		2.55935		9.24159
859		-1.43536		10.3199
860		-5.91146		8.4642
861		-8.59418		3.91085
862		-7.94145		-1.50303
863		-4.10043		-5.28983
864		1.07522		-5.68274
865		4.98323		-2.64399
866		5.67664		2.07694
867		2.92021		5.88277
868		-1.70186		6.7405
869		-5.68897		4.26885
870		-7.0212		-0.111965
871		-5.25444		-4.04216
872		-1.69476		-5.59071
873		1.43145		-4.33834
874		2.3155		-1.55577
875		0.626677		0.610977
876		-2.32235		0.457306
877		-4.39282		-2.24266
878		-3.93017		-6.09196
879		-0.785904		-8.90516
880		3.56065		-9.02702
881		6.86236		-6.35044
882		7.44434		-2.42004
883		5.23078		0.457756
884		1.8375		0.587616
885		-0.349033		-2.06536
886		0.412685		-5.78299
887		4.13092		-8.04252
888		8.97076		-6.98275
889		12.2195		-2.54871
890		11.803		3.35829
891		7.50067		7.84087
892		1.16032		8.55997
893		-4.22629		5.02183
894		-6.08929		-1.1229
895		-3.62508		-6.93753
896		1.81737		-9.73986
897		7.50678		-8.47319
898		10.8094		-4.16301
899		10.5466		0.761471
900		7.48829		3.86328
901		3.74836		4.0042
902		1.47598		1.83332
903		1.62375		-0.778353
904		3.50174		-1.97762
905		5.34509		-1.08345
906		5.51913		1.03242
907		3.61453		2.55142
908		0.760757		1.91842
909		-1.03899		-1.08925
910		-0.156551		-5.09737
911		3.58128		-7.85942
912		8.64617		-7.56168
913		12.5744		-3.94394
914		13.3273		1.43835
915		10.4668		5.99277
916		5.45952		7.48764
917		0.915271		5.28007
918		-0.821159		0.672588
919		1.06748		-3.80872
920		5.46607		-5.80636
921		10.0015		-4.40345
922		12.4001		-0.558977
923		11.7455		3.52553
924		8.92068		5.72342
925		5.99872		5.21118
926		4.95729		2.89674
927		6.48325		0.812139
928		9.57109		0.844185
929		12.1464		3.56426
930		12.3379		7.85612
931		9.63673		11.5673
932		5.24337		12.8008
933		1.38384		11.0785
934		-0.014904		7.67368
935		1.48997		4.89452
936		4.52468		4.71537
937		6.6435		7.55202
938		5.74685		11.909
939		1.36516		15.1367
940		-4.9419		14.8964
941		-10.3275		10.5157
942		-12.1515		3.46175
943		-9.40395		-3.35007
944		-3.26894		-7.04249
945		3.48143		-6.24342
946		7.92132		-1.73458
947		8.437		4.05197
948		5.428		8.37733
949		0.895679		9.6092
950		-2.79383		7.92369
951		-4.23139		4.94642
952		-3.61215		2.6052
953		-2.37219		1.91207
954		-2.08573		2.40809
955		-3.3281		2.58651
956		-5.21915		1.01109
957		-5.94005		-2.57831
958		-3.9204		-6.87944
959		1.02781		-9.63881
960		7.34239		-8.93539
961		12.384		-4.39196
962		13.8116		2.41859
963		10.8927		8.6568
964		4.99142		11.6497
965		-1.0742		10.2914
966		-4.47414		5.62787
967		-3.82383		0.293396
968		0.14381		-2.89555
969		5.05151		-2.41071
970		8.21553		1.25887
971		8.08907		5.99933
972		5.00984		9.33039
973		0.862053		9.7936
974		-2.11054		7.68203
975		-2.62646		4.72247
976		-1.05172		2.93658
977		0.931747		3.37943
978		1.44844		5.51026
979		-0.347898		7.56339
980		-3.69553		7.68702
981		-6.64636		5.158
982		-7.2461		0.931231
983		-4.77306		-2.82661
984		-0.289234		-3.96892
985		3.84857		-1.6563
986		5.26478		3.05849
987		2.90927		7.71006
988		-2.30031		9.71598
989		-7.91554		7.76814
990		-11.2383		2.53904
991		-10.731		-3.69032
992		-6.77255		-8.26249
993		-1.35497		-9.53535
994		3.07923		-7.65508
995		4.97499		-4.3016
996		4.41387		-1.59483
997		2.87075		-0.828919
998		2.16386		-1.7817
999		3.25508		-2.99026
1000		5.63365		-2.7991
1001		7.65814		-0.523838
1002		7.64784		2.99658
1003		5.05558		5.82088
1004		0.989809		6.07367
1005		-2.27201		3.17384
1006		-2.53977		-1.62587
1007		0.971912		-5.75455
1008		7.03847		-6.65182
1009		12.9199		-3.18503
1010		15.7232		3.64596
1011		13.9014		11.132
1012		8.06861		16.1982
1013		0.682187		16.9439
1014		-5.23026		13.5488
1015		-7.59824		8.06996
1016		-6.2625		3.2731
1017		-2.86685		1.16972
1018		0.197568		2.06849
1019		1.15754		4.63143
1020		-0.249504		6.83642
1021		-2.83215		7.23695
1022		-4.85588		5.76549
1023		-5.21526		3.62724
1024		-4.13926		2.38966
1025		-3.00131		2.85798
1026		-3.35993		4.45148
1027		-5.83088		5.48768
1028		-9.50596		4.22583
1029		-12.3153		0.0486641
1030		-12.1666		-5.94652
1031		-8.21705		-11.3483
1032		-1.526		-13.6488
1033		5.32899		-11.6168
1034		9.5066		-6.04851
1035		9.35622		0.547764
1036		5.27621		5.1865
1037		-0.497555		5.8968
1038		-5.05444		2.66601
1039		-6.28143		-2.66086
1040		-3.84564		-7.43819
1041		0.819717		-9.62035
1042		5.46238		-8.72545
1043		8.30789		-5.85929
1044		8.95319		-2.85134
1045		8.37001		-1.06242
1046		8.07283		-0.590738
1047		9.00058		-0.338894
1048		10.8186		1.12739
1049		12.0812		4.48145
1050		11.1638		8.99902
1051		7.39772		12.8071
1052		1.69988		13.9086
1053		-3.72332		11.3956
1054		-6.47897		6.12722
1055		-5.29128		0.438988
1056		-0.762596		-2.99591
1057		4.86073		-2.54177
1058		8.81195		1.54975
1059		9.20765		7.28862
1060		5.96325		12.0099
1061		0.729553		13.757
1062		-4.08748		12.2201
1063		-6.64978		8.73302
1064		-6.60312		5.37145
1065		-5.0914		3.70872
1066		-3.90791		3.95722
1067		-4.32185		4.97868
1068		-6.29185		5.12015
1069		-8.53176		3.34303
1070		-9.37301		-0.0550556
1071		-7.88566		-3.57422
1072		-4.56014		-5.43026
1073		-1.11035		-4.70458
1074		0.514575		-2.01963
1075		-0.66008		0.700214
1076		-3.92808		1.28664
1077		-7.15062		-1.38333
1078		-7.86625		-6.61347
1079		-4.66431		-12.104
1080		1.94662		-15.0781
1081		9.67782		-13.7225
1082		15.5543		-8.15818
1083		17.3815		-0.411648
1084		14.8		6.59485
1085		9.37498		10.48
1086		3.70844		10.4945
1087		0.0890374		7.70742
1088		-0.573682		4.24787
1089		1.01793		2.08032
1090		3.20338		2.02275
1091		4.45514		3.5316
1092		4.2377		5.30178
1093		3.14565		6.24911
1094		2.29367		6.23748
1095		2.39316		6.10014
1096		3.1342		6.96041
1097		3.29235		9.30491
1098		1.51809		12.4271
1099		-2.67338		14.6419
1100		-8.34648		14.1987
1101		-13.422		10.3755
1102		-15.6951		4.09305
1103		-14.0488		-2.365
1104		-9.16703		-6.43186
1105		-3.30936		-6.5729
1106		0.773994		-3.11282
1107		1.21808		1.89565
1108		-2.03065		5.70661
1109		-7.23715		6.26417
1110		-11.8239		3.18849
1111		-13.7084		-2.15181
1112		-12.2984		-7.4826
1113		-8.62198		-10.8783
1114		-4.57594		-11.7148
1115		-1.76926		-10.8086
1116		-0.649446		-9.72071
1117		-0.402634		-9.68591
1118		0.357729		-10.8313
1119		2.57235		-12.1514
1120		6.0361		-12.235
1121		9.46071		-10.275
1122		11.272		-6.71866
1123		10.655		-3.12583
1124		8.19242		-1.28715
1125		5.67051		-2.1131
1126		5.11783		-4.96691
1127		7.61183		-7.8765
1128		12.5514		-8.55439
1129		17.8489		-5.67314
1130		20.9773		0.327427
1131		20.311		7.37946
1132		16.0161		12.8248
1133		9.98531		14.792
1134		4.84252		13.1565
1135		2.56402		9.5541
1136		3.47548		6.44986
1137		6.16989		5.7881
1138		8.3693		7.97753
1139		8.22513		11.7637
1140		5.31689		15.0289
1141		0.7985		16.0357
1142		-3.35865		14.3898
1143		-5.55746		11.1793
1144		-5.49356		8.2361
1145		-4.26721		6.97953
1146		-3.63846		7.53811
1147		-4.88116		8.67288
1148		-7.92672		8.54846
1149		-11.316		5.89383
1150		-13.0008		0.863161
1151		-11.5362		-4.9218
1152		-6.97069		-9.19091
1153		-0.911146		-10.2475
1154		4.28633		-7.89862
1155		6.7478		-3.56524
1156		6.04338		0.488204
1157		3.34723		2.36373
1158		0.725626		1.49795
1159		-0.0226212		-1.14145
1160		1.69231		-3.70723
1161		5.04608		-4.56326
1162		8.40636		-3.16873
1163		10.3515		-0.256946
1164		10.4758		2.75472
1165		9.50671		4.72554
1166		8.6913		5.51072
1167		8.86271		5.98868
1168		9.79403		7.38207
1169		10.273		10.3053
1170		8.88224		14.1577
1171		5.02098		17.2883
1172		-0.475697		17.8943
1173		-5.55431		15.1536
1174		-7.94808		9.91402
1175		-6.44129		4.47953
1176		-1.67524		1.53749
1177		4.00028		2.77258
1178		7.60872		7.92059
1179		7.01545		14.8013
1180		2.0065		20.3452
1181		-5.60259		22.0867
1182		-12.887		19.3375
1183		-17.2661		13.4323
1184		-17.717		6.94243
1185		-15.1215		2.31167
1186		-11.611		0.663897
1187		-9.31875		1.40409
1188		-9.25453		2.7722
1189		-10.9067		2.97478
1190		-12.7374		1.21856
1191		-13.2205		-1.93351
1192		-11.7811		-5.04202
1193		-9.08665		-6.76923
1194		-6.54772		-6.7392
1195		-5.36522		-5.75876
1196		-5.72389		-5.2776
1197		-6.63206		-6.43096
1198		-6.50839		-9.25859
1199		-4.16228		-12.5842
1200		0.425483		-14.6407
1201		5.99764		-14.0774
1202		10.6648		-10.7531
1203		12.9272		-5.8452
1204		12.4778		-1.20773
1205		10.3205		1.64487
1206		8.14323		2.33376
1207		7.3253		1.73189
1208		8.17066		1.34891
1209		9.81569		2.369
1210		10.8505		4.92927
1211		10.26		8.07557
1212		8.09654		10.4166
1213		5.45949		11.0666
1214		3.78016		10.2812
1215		3.84592		9.36719
1216		5.17521		9.88509
1217		6.16541		12.6059
1218		4.98069		16.8586
1219		0.692276		20.7054
1220		-5.99902		21.9092
1221		-12.9204		19.1828
1222		-17.439		13.0177
1223		-17.8086		5.59506
1224		-14.1208		-0.218624
1225		-8.32609		-2.27866
1226		-3.29241		-0.22341
1227		-1.39416		4.37588
1228		-3.37885		8.84813
1229		-8.09844		10.7786
1230		-13.2119		9.15789
1231		-16.4379		4.7333
1232		-16.6594		-0.56916
1233		-14.3016		-4.76685
1234		-10.8472		-6.82774
1235		-7.84418		-7.01404
1236		-6.0289		-6.43597
1237		-5.07372		-6.1623
1238		-4.05737		-6.47953
1239		-2.30315		-6.76886
1240		-0.0070653		-6.06038
1241		1.77979		-3.88334
1242		1.83189		-0.829614
1243		-0.327306		1.586
1244		-3.86451		1.74904
1245		-6.85474		-1.0122
1246		-7.23352		-5.80713
1247		-3.97873		-10.42
1248		2.1634		-12.3517
1249		8.87393		-10.1317
1250		13.3364		-4.17395
1251		13.6435		3.33003
1252		9.77557		9.46128
1253		3.60683		12.0225
1254		-2.07551		10.6066
1255		-5.00866		6.71052
1256		-4.56584		2.84441
1257		-1.94699		1.14652
1258		0.625987		2.27576
1259		1.22546		5.18587
1260		-0.71407		7.87107
1261		-4.17594		8.61843
1262		-7.28518		7.02142
1263		-8.52113		4.16392
1264		-7.68302		1.88069
1265		-6.02531		1.54957
1266		-5.47567		3.14904
1267		-7.39567		5.16187
1268		-11.625		5.40836
1269		-16.3945		2.34102
1270		-19.1948		-3.95051
1271		-18.1266		-11.622
1272		-12.9742		-17.9407
1273		-5.38733		-20.6666
1274		1.9399		-19.1843
1275		6.63628		-14.7598
1276		7.80773		-9.794
1277		6.34896		-6.51299
1278		4.27296		-5.83961
1279		3.48092		-7.0713
1280		4.70221		-8.50346
1281		7.21144		-8.58555
1282		9.45286		-6.89503
1283		10.1556		-4.34131
1284		9.23122		-2.48939
1285		7.88159		-2.43633
1286		7.83084		-3.95587
1287		10.141		-5.47774
1288		14.3495		-4.96701
1289		18.5024		-1.21235
1290		20.1399		5.24919
1291		17.7134		12.1696
1292		11.6203		16.6514
1293		4.22069		16.6924
1294		-1.25014		12.363
1295		-2.32872		5.92922
1296		1.35193		0.799629
1297		7.79449		-0.175572
1298		13.5982		3.844
1299		15.6533		11.2632
1300		12.6743		18.8761
1301		5.76981		23.4929
1302		-2.22678		23.496
1303		-8.26694		19.5131
1304		-10.604		13.8975
1305		-9.51433		9.36033
1306		-6.89239		7.5446
1307		-5.02544		8.31615
1308		-5.28811		10.103
1309		-7.49632		11.0044
1310		-10.236		9.96989
1311		-11.8972		7.34938
1312		-11.7432		4.52716
1313		-10.3529		2.91516
1314		-9.18365		2.9622
1315		-9.54756		3.81063
1316		-11.6597		3.82171
1317		-14.3706		1.64838
1318		-15.7769		-2.81294
1319		-14.3603		-8.19917
1320		-9.96758		-12.3596
1321		-4.01871		-13.5604
1322		1.21742		-11.5044
1323		3.88103		-7.54274
1324		3.5787		-3.92224
1325		1.60164		-2.48588
1326		0.148412		-3.58519
1327		0.985424		-5.86082
1328		4.3285		-7.05223
1329		8.62432		-5.389
1330		11.401		-0.754702
1331		10.7295		5.08366
1332		6.45874		9.36489
1333		0.483428		9.87767
1334		-4.16469		6.29428
1335		-4.94073		0.513481
1336		-1.23735		-4.23228
1337		5.16072		-5.0594
1338		10.9089		-1.00263
1339		12.8058		6.39173
1340		9.46298		13.7919
1341		2.04728		17.7531
1342		-6.30114		16.4501
1343		-12.0564		10.5569
1344		-13.0484		2.82927
1345		-9.44415		-3.35031
1346		-3.49163		-5.66148
1347		1.77178		-3.87597
1348		4.10092		0.266498
1349		3.05845		4.18067
1350		-0.0259323		5.87057
1351		-3.02773		4.87181
1352		-4.29861		2.23482
1353		-3.48844		-0.335697
1354		-1.49274		-1.59328
1355		0.348228		-1.4214
1356		1.22814		-0.690886
1357		1.38494		-0.45993
1358		1.82493		-1.08712
1359		3.46257		-1.87282
1360		6.26874		-1.49657
1361		9.0323		1.00655
1362		9.96456		5.36307
1363		7.83451		9.88956
1364		2.94981		12.2423
1365		-2.66882		10.7304
1366		-6.13289		5.44949
1367		-5.16399		-1.46716
1368		0.591503		-6.71869
1369		9.17267		-7.43355
1370		17.1225		-2.6584
1371		21.1355		6.0802
1372		19.6796		15.4799
1373		13.7271		22.088
1374		6.19814		23.9945
1375		0.415719		21.6984
1376		-1.59662		17.6993
1377		-0.0656376		15.063
1378		2.81536		15.7591
1379		4.20527		19.6737
1380		2.20954		24.8029
1381		-3.13467		28.467
1382		-9.99624		28.8244
1383		-15.878		25.8268
1384		-19.0487		21.1054
1385		-19.4484		16.905
1386		-18.5684		14.7268
1387		-18.4196		14.4829
1388		-20.2289		14.6462
1389		-23.6513		13.2806
1390		-26.962		9.31682
1391		-28.1065		3.30267
1392		-25.9787		-2.82518
1393		-21.1597		-6.82067
1394		-15.6715		-7.42429
1395		-11.8789		-5.11277
1396		-11.1744		-1.85742
1397		-13.2092		-0.0258179
1398		-16.1153		-1.06043
1399		-17.5872		-4.69637
1400		-16.1906		-9.16268
1401		-12.1432		-12.2372
1402		-7.12345		-12.5297
1403		-3.23933		-10.2406
1404		-1.77847		-6.96301
1405		-2.48497		-4.65984
1406		-3.78807		-4.44265
1407		-3.83767		-5.89119
1408		-1.71536		-7.3306
1409		1.92215		-6.90721
1410		5.17778		-3.81668
1411		6.05324		1.06885
1412		3.72688		5.5872
1413		-0.803493		7.50142
1414		-5.13667		5.85604
1415		-6.75621		1.6735
1416		-4.48309		-2.45647
1417		0.738558		-3.71655
1418		6.20341		-0.612583
1419		8.79857		6.12617
1420		6.63362		13.8164
1421		0.0630569		19.1401
1422		-8.45737		19.814
1423		-15.6041		15.7186
1424		-18.8424		8.8937
1425		-17.6219		2.43086
1426		-13.499		-1.11434
1427		-9.17372		-0.930272
1428		-7.01629		1.83796
1429		-7.90302		4.91396
1430		-10.9646		6.22589
1431		-14.3034		4.9785
1432		-16.1902		1.88949
1433		-16.0146		-1.46403
1434		-14.4568		-3.7232
1435		-12.8472		-4.56471
1436		-12.1733		-4.77231
1437		-12.3854		-5.56115
1438		-12.4457		-7.62386
1439		-11.0789		-10.5354
1440		-7.73143		-12.9227
1441		-3.10409		-13.3156
1442		1.12476		-11.1512
1443		3.26055		-7.28053
1444		2.67019		-3.60849
1445		0.297649		-2.02269
1446		-1.75424		-3.22388
1447		-1.39548		-6.17169
1448		2.17702		-8.53273
1449		7.85997		-7.93967
1450		13.092		-3.37487
1451		15.1791		4.12182
1452		12.7853		11.8713
1453		6.74273		16.9205
1454		-0.308796		17.626
1455		-5.29909		14.5733
1456		-6.38699		10.2922
1457		-3.98555		7.8915
1458		-0.567547		9.34135
1459		0.668278		14.3444
1460		-2.44235		20.4271
1461		-9.79808		24.2194
1462		-19.0034		23.2368
1463		-26.5619		17.2082
1464		-29.6472		8.2401
1465		-27.5048		-0.253313
1466		-21.755		-5.26184
1467		-15.4754		-5.61146
1468		-11.6027		-2.38209
1469		-11.5306		1.84712
1470		-14.6272		4.44162
1471		-18.8479		4.01871
1472		-22.0091		0.927958
1473		-22.9496		-3.27253
1474		-21.9365		-6.93471
1475		-20.1603		-9.31259
1476		-18.7223		-10.8335
1477		-17.8036		-12.5354
1478		-16.5608		-15.0886
1479		-13.814		-18.0815
1480		-9.07169		-20.0825
1481		-3.19759		-19.495
1482		1.77888		-15.7001
1483		3.69017		-9.76032
1484		1.54192		-4.16768
1485		-3.67293		-1.67494
1486		-9.20486		-3.80292
1487		-11.797		-9.86036
1488		-9.3352		-17.0763
1489		-2.01438		-21.8509
1490		7.63745		-21.5066
1491		15.9337		-15.6244
1492		19.8087		-6.24842
1493		18.2734		3.15351
1494		12.7908		9.42467
1495		6.39677		11.2299
1496		2.0653		9.56106
1497		1.20601		7.0139
1498		3.0809		6.27957
1499		5.39845		8.69792
1500		5.69196		13.6463
1501		2.68134		19.04
1502		-3.12903		22.5906
1503		-9.89407		23.0672
1504		-15.5857		20.8459
1505		-19.1472		17.4837
1506		-20.9659		14.632
1507		-22.4224		12.9812
1508		-24.8346		11.8817
1509		-28.4741		9.85683
1510		-32.2769		5.67445
1511		-34.4379		-0.698685
1512		-33.5369		-7.86982
1513		-29.508		-13.6924
1514		-23.8438		-16.4626
1515		-18.8705		-15.9362
1516		-16.4859		-13.5461
1517		-17.0819		-11.6564
1518		-19.2905		-12.2514
1519		-20.7255		-15.8023
1520		-19.3205		-20.9643
1521		-14.5111		-25.2983
1522		-7.58522		-26.62
1523		-0.992144		-24.2196
1524		3.0082		-19.2566
1525		3.59291		-14.1006
1526		1.81205		-10.984
1527		-0.0408535		-10.7277
1528		0.224617		-12.2639
1529		3.38822		-13.2335
1530		8.28806		-11.3345
1531		12.3719		-5.67324
1532		13.035		2.62893
1533		9.01678		10.9086
1534		1.10116		16.2553
1535		-8.2407		16.9279
1536		-16.0516		13.1455
1537		-20.2726		6.86724
1538		-20.5856		0.733779
1539		-18.32		-3.2207
1540		-15.5578		-4.39681
1541		-13.9967		-3.61502
1542		-14.2057		-2.36989
1543		-15.6333		-1.86315
1544		-17.2543		-2.3991
1545		-18.383		-3.45469
1546		-19.117		-4.29681
1547		-20.154		-4.68595
1548		-22.1389		-5.17308
1549		-25.01		-6.77891
1550		-27.8143		-10.259
1551		-29.16		-15.4436
1552		-28.0584		-21.1178
1553		-24.6345		-25.5827
1554		-20.2264		-27.6101
1555		-16.7488		-27.2291
1556		-15.636		-25.847
1557		-16.9638		-25.5716
1558		-19.2772		-28.0748
1559		-20.2697		-33.6225
1560		-17.9671		-40.8307
1561		-11.7721		-47.3104
1562		-2.78105		-50.86
1563		6.8072		-50.5474
1564		14.8582		-47.0758
1565		20.379		-42.2361
1566		23.888		-37.7732
1567		26.8705		-34.3388
1568		30.646		-31.158
1569		35.3352		-26.6271
1570		39.5717		-19.5062
1571		41.1887		-9.998
1572		38.536		-0.0333481
1573		31.6885		7.49322
1574		22.8145		10.1967
1575		15.4009		7.61311
1576		12.6476		1.75688
1577		15.8192		-3.55516
1578		23.409		-4.35695
1579		31.5856		1.60946
1580		35.7613		13.7325
1581		32.5612		28.6337
1582		21.2869		41.4911
1583		4.22374		47.9637
1584		-14.2905		45.8496
1585		-29.5552		35.7877
1586		-38.1786		20.8052
1587		-39.0598		5.03914
1588		-33.4062		-7.73337
1589		-23.972		-15.1612
1590		-13.9851		-16.6919
1591		-6.22651		-13.3283
1592		-2.49795		-7.07428
1593		-3.44961		-0.362221
1594		-8.59764		4.41118
1595		-16.4112		5.29374
1596		-24.5025		1.22042
1597		-30.0593		-7.54213
1598		-30.5978		-19.1587
1599		-24.8989		-30.4751
1600		-13.7512		-37.8904
1601		-0.0557747		-38.6701
1602		11.9622		-32.1985
1603		18.2773		-20.5501
1604		16.7495		-7.9738
1605		8.20594		0.645105
1606		-3.65727		1.76292
1607		-13.6268		-5.26608
1608		-17.0549		-17.7907
1609		-11.7748		-30.8554
1610		1.00352		-39.1796
1611		17.2168		-39.2544
1612		31.6312		-30.6415
1613		39.9083		-15.9446
1614		40.1378		0.446898
1615		33.2262		14.191
1616		22.1047		22.5503
1617		10.264		25.0367
1618		0.369426		23.0145
1619		-6.44324		18.6403
1620		-10.4161		13.7741
1621		-12.4488		9.39263
1622		-13.3331		5.66974
1623		-13.385		2.49015
1624		-12.5989		-0.045269
1625		-11.1011		-1.48301
1626		-9.50928		-1.31912
1627		-8.89984		0.497999
1628		-10.3635		3.23619
1629		-14.4089		5.48101
1630		-20.5817		5.65559
1631		-27.5422		2.68336
1632		-33.5678		-3.57112
1633		-37.2015		-12.3089
1634		-37.6974		-22.2084
1635		-35.0599		-31.9688
1636		-29.7363		-40.6614
1637		-22.2341		-47.7263
1638		-12.9541		-52.7087
1639		-2.35172		-55.0177
1640		8.72579		-53.9801
1641		18.8473		-49.2468
1642		26.2272		-41.3283
1643		29.3956		-31.8726
1644		28.0146		-23.3711
1645		23.3676		-18.284
1646		18.1413		-17.9316
1647		15.4594		-21.7148
1648		17.5414		-27.1315
1649		24.6148		-30.6981
1650		34.6474		-29.4181
1651		44.0964		-22.1329
1652		49.3744		-10.1046
1653		48.3695		3.46489
1654		41.3167		14.765
1655		30.635		20.9394
1656		19.8402		21.1652
1657		12.0782		16.7966
1658		8.96247		10.5888
1659		10.1938		5.44914
1660		14.0231		3.33244
1661		18.2048		4.74659
1662		20.9131		8.96318
1663		21.209		14.6627
1664		18.9641		20.5768
1665		14.4694		25.7942
1666		8.08701		29.6786
1667		0.193721		31.6181
1668		-8.5969		30.9201
1669		-17.1864		27.0269
1670		-24.0191		19.9644
1671		-27.5189		10.7177
1672		-26.7838		1.20512
1673		-22.1684		-6.27141
1674		-15.3819		-9.91205
1675		-8.95532		-9.22039
1676		-5.27192		-5.29545
1677		-5.60653		-0.428577
1678		-9.6378		2.82438
1679		-15.6607		2.65341
1680		-21.3664		-1.38956
1681		-24.7761		-8.42216
1682		-24.867		-16.8119
1683		-21.64		-24.9296
1684		-15.7137		-31.6523
1685		-7.79124		-36.3948
1686		1.61678		-38.773
1687		12.0446		-38.2437
1688		22.6476		-34.0752
1689		31.8804		-25.7723
1690		37.6409		-13.738
1691		37.9708		0.267794
1692		32.0434		13.2835
1693		20.9105		22.0213
1694		7.5234		24.1571
1695		-4.13896		19.4401
1696		-10.5409		10.0377
1697		-10.0262		-0.140823
1698		-3.55148		-6.91249
1699		5.64947		-7.45461
1700		13.3385		-1.38792
1701		15.9209		9.15326
1702		11.7521		20.4498
1703		1.5806		28.665
1704		-11.9637		31.1893
1705		-25.4968		27.3353
1706		-36.0638		18.2188
1707		-41.8975		6.05478
1708		-42.5737		-6.69388
1709		-38.7136		-17.9312
1710		-31.5559		-26.1673
1711		-22.6629		-30.5098
1712		-13.81		-30.6472
1713		-6.89468		-26.9735
1714		-3.65536		-20.7853
1715		-5.13534		-14.3039
1716		-11.0759		-10.2813
1717		-19.6005		-11.1596
1718		-27.5116		-18.0533
1719		-31.2582		-30.0324
1720		-28.2643		-44.1408
1721		-18.0548		-56.2813
1722		-2.629		-62.6833
1723		14.1605		-61.3428
1724		28.007		-52.7998
1725		35.7349		-39.8941
1726		36.3876		-26.6151
1727		31.3705		-16.5737
1728		23.6577		-11.7724
1729		16.4937		-12.1671
1730		12.2159		-16.1018
1731		11.6867		-21.2788
1732		14.4639		-25.7233
1733		19.4488		-28.2965
1734		25.5547		-28.6299
1735		32.0191		-26.7004
1736		38.2691		-22.4413
1737		43.5634		-15.6991
1738		46.7804		-6.56767
1739		46.6136		4.15963
1740		42.1567		14.7998
1741		33.5649		23.1066
1742		22.3736		27.063
1743		11.1926		25.7872
1744		2.82003		20.0792
1745		-0.854874		12.2774
1746		0.350819		5.42727
1747		4.80423		2.11009
1748		9.69693		3.45341
1749		12.1414		8.75175
1750		10.2315		15.8265
1751		3.62962		21.9073
1752		-6.49695		24.6075
1753		-18.0475		22.5874
1754		-28.7263		15.7182
1755		-36.6095		4.83362
1756		-40.3864		-8.67107
1757		-39.3488		-23.1442
1758		-33.33		-36.8031
1759		-22.7597		-47.7864
1760		-8.82663		-54.3233
1761		6.42665		-55.13
1762		20.306		-49.9467
1763		30.0684		-39.9485
1764		33.7915		-27.7257
1765		31.1668		-16.687
1766		23.822		-10.0112
1767		14.9427		-9.53311
1768		8.26228		-15.028
1769		6.78927		-24.2246
1770		11.7704		-33.5676
1771		22.2948		-39.4338
1772		35.6677		-39.3249
1773		48.3621		-32.5994
1774		57.1535		-20.5296
1775		60.0219		-5.75673
1776		56.5685		8.57628
1777		47.9217		19.6822
1778		36.282		25.7413
1779		24.3186		26.1883
1780		14.5763		21.7147
1781		8.9695		14.0628
1782		8.3891		5.65605
1783		12.4677		-0.920611
1784		19.5885		-3.54963
1785		27.2266		-1.19473
1786		32.6231		5.70718
1787		33.6373		15.2828
1788		29.4836		24.7693
1789		21.0348		31.4358
1790		10.513		33.542
1791		0.646684		30.934
1792		-6.36701		25.0009
1793		-9.64622		18.0021
1794		-9.80722		12.0713
1795		-8.48325		8.35825
1796		-7.43937		6.7037
1797		-7.73535		5.96245
1798		-9.34661		4.76134
1799		-11.3947		2.26271
1800		-12.8055		-1.4767
1801		-12.987		-5.71615
1802		-12.1229		-9.64472
1803		-10.9173		-12.9991
1804		-9.95335		-16.2831
1805		-9.07591		-20.4224
1806		-7.2107		-26.0255
1807		-2.80248		-32.679
1808		5.30211		-38.7242
1809		16.9763		-41.7299
1810		30.4332		-39.5068
1811		42.6157		-31.2044
1812		50.2521		-17.95
1813		51.1351		-2.68623
1814		45.06		10.7699
1815		34.0035		19.0622
1816		21.4686		20.472
1817		11.2813		15.4697
1818		6.33091		6.46911
1819		7.72353		-3.05415
1820		14.5916		-9.69363
1821		24.5217		-11.0806
1822		34.3517		-6.42381
1823		41.0354		3.43408
1824		42.3505		16.3389
1825		37.3518		29.3682
1826		26.5609		39.4734
1827		11.8946		44.1469
1828		-3.68762		42.0402
1829		-16.83		33.4073
1830		-24.648		20.1942
1831		-25.609		5.63479
1832		-20.109		-6.6423
1833		-10.4567		-13.7637
1834		-0.160439		-14.6087
1835		7.29086		-10.2244
1836		9.70057		-3.42503
1837		6.95894		2.31923
1838		0.997231		4.26359
1839		-5.10128		1.45179
1840		-8.44969		-5.00684
1841		-7.56356		-12.5602
1842		-2.88813		-18.4347
1843		3.56686		-20.8786
1844		9.27469		-19.8583
1845		12.3988		-16.916
1846		12.5879		-14.31
1847		11.0173		-13.8917
1848		9.71802		-16.2649
1849		10.5702		-20.5968
1850		14.4644		-25.1026
1851		20.9984		-27.9041
1852		28.781		-27.8204
1853		36.1151		-24.7423
1854		41.6883		-19.4925
1855		44.9643		-13.3379
1856		46.174		-7.44786
1857		46.0231		-2.54742
1858		45.3378		1.154
1859		44.8229		3.84699
1860		44.9717		5.97509
1861		46.0418		8.15263
1862		47.9913		11.1219
1863		50.3587		15.6433
1864		52.1867		22.2392
1865		52.147		30.8436
1866		48.9408		40.5414
1867		41.8779		49.621
1868		31.3672		56.0432
1869		19.018		58.2041
1870		7.19757		55.6617
1871		-1.8384		49.4434
1872		-6.86688		41.7109
1873		-8.21626		34.8741
1874		-7.58673		30.5441
1875		-7.21515		28.8363
1876		-8.77097		28.3894
1877		-12.5302		27.1133
1878		-17.252		23.3012
1879		-20.8288		16.5433
1880		-21.3794		7.96771
1881		-18.2168		-0.312343
1882		-12.1867		-6.25486
1883		-5.205		-8.88741
1884		0.75322		-8.72005
1885		4.66423		-7.35886
1886		6.92258		-6.53685
1887		9.0129		-7.09204
1888		12.5643		-8.45099
1889		18.2983		-8.90552
1890		25.4386		-6.54739
1891		31.9104		-0.377029
1892		35.2451		8.98842
1893		33.7461		19.3755
1894		27.3478		27.8612
1895		17.766		31.9419
1896		7.89068		30.5261
1897		0.726572		24.3323
1898		-1.64343		15.5771
1899		1.33395		7.16429
1900		8.65928		1.75753
1901		18.2271		1.08331
1902		27.4742		5.62635
1903		33.981		14.6706
1904		35.9132		26.5353
1905		32.3241		38.8871
1906		23.3758		49.1121
1907		10.4634		54.803
1908		-3.87746		54.373
1909		-16.4239		47.6676
1910		-24.1098		36.3111
1911		-25.0671		23.5065
1912		-19.4727		13.1831
1913		-9.77305		8.68317
1914		-0.0502472		11.4598
1915		5.3431		20.3482
1916		3.39552		31.7948
1917		-6.35784		41.0379
1918		-21.5583		43.8094
1919		-37.814		37.8805
1920		-50.2404		23.8355
1921		-55.1226		4.79558
1922		-51.0542		-14.734
1923		-39.1779		-30.3755
1924		-22.5605		-39.1488
1925		-5.0772		-40.0966
1926		9.71029		-34.1957
1927		19.3197		-23.7868
1928		22.6632		-11.8566
1929		20.0324		-1.41775
1930		12.9417		4.96226
1931		3.91352		5.57112
1932		-3.85931		-0.0296192
1933		-7.10397		-10.6515
1934		-3.33494		-23.4206
1935		8.20322		-34.2581
1936		25.9148		-38.9554
1937		45.9587		-34.583
1938		63.2414		-20.6991
1939		73.0528		0.21579
1940		72.7371		23.4093
1941		62.6862		43.4339
1942		46.1863		56.043
1943		28.1442		59.6133
1944		13.2369		55.4901
1945		4.29105		47.1482
1946		1.57094		38.6032
1947		3.19924		32.8356
1948		6.38276		30.9262
1949		8.76197		32.1875
1950		9.21982		35.054
1951		7.85087		38.1314
1952		5.28626		40.8012
1953		1.91372		43.1127
1954		-2.46585		45.1612
1955		-8.33049		46.4691
1956		-15.7139		45.8724
1957		-23.6041		42.0758
1958		-29.961		34.5866
1959		-32.4894		24.4377
1960		-29.8225		14.172
1961		-22.4675		6.94808
1962		-12.9235		5.13901
1963		-4.79536		9.13035
1964		-1.27068		16.977
1965		-3.7025		25.1557
1966		-11.0153		30.0796
1967		-20.241		29.6305
1968		-27.9046		23.9535
1969		-31.5417		15.1501
1970		-30.5848		6.09313
1971		-26.2224		-0.962075
1972		-20.4113		-5.22428
1973		-14.6746		-7.2743
1974		-9.39937		-8.19486
1975		-4.01211		-8.53361
1976		2.14242		-7.78653
1977		8.83364		-4.75123
1978		14.5737		1.45555
1979		17.1731		10.3665
1980		14.9803		19.8294
1981		8.10398		26.7091
1982		-1.15272		28.3617
1983		-9.02549		24.1229
1984		-11.9326		15.9665
1985		-8.23457		7.87944
1986		0.809974		4.16925
1987		11.4349		7.50217
1988		18.9646		17.6479
1989		19.8501		31.5637
1990		13.1467		44.7686
1991		0.731351		53.3023
1992		-13.7801		55.2857
1993		-26.7867		51.3472
1994		-36.1875		43.8082
1995		-41.8623		35.185
1996		-45.0088		26.8948
1997		-46.8456		18.8785
1998		-47.5296		10.2792
1999		-45.9713		0.681552
2000		-40.676		-8.92329
2001		-31.0985		-16.1259
2002		-18.6577		-18.1569
2003		-6.70514		-13.4833
2004		0.689259		-3.04524
2005		0.597738		9.63486
2006		-7.20236		19.6661
2007		-19.8098		22.821
2008		-32.2192		17.4235
2009		-39.3505		5.16811
2010		-38.1525		-9.53797
2011		-28.8111		-21.402
2012		-14.5416		-26.383
2013		-0.135803		-23.175
2014		10.0035		-13.4407
2015		13.4378		-0.829771
2016		10.2605		10.6354
2017		2.58853		18.0173
2018		-6.58847		20.187
2019		-14.5595		17.6959
2020		-19.562		12.1095
2021		-20.867		5.29186
2022		-18.526		-1.01179
2023		-13.1368		-5.26823
2024		-5.82872		-6.1659
2025		1.63109		-2.81836
2026		6.91019		4.77352
2027		7.6227		15.2419
2028		2.25362		25.7697
2029		-8.88136		32.7149
2030		-23.1997		32.8883
2031		-36.3574		25.0064
2032		-43.6856		10.62
2033		-42.0423		-6.04778
2034		-31.2701		-19.4489
2035		-14.5422		-24.7631
2036		2.64711		-19.7967
2037		14.4712		-5.88865
2038		16.9037		12.5788
2039		9.09539		29.8386
2040		-6.54082		40.8259
2041		-25.4703		42.8052
2042		-42.8041		35.9303
2043		-54.8889		22.667
2044		-60.1107		6.52388
2045		-58.7658		-9.23501
2046		-52.3141		-22.3522
2047		-42.5514		-31.6614
2048		-31.1309		-36.7349
2049		-19.5329		-37.5166
2050		-9.24944		-34.2523
2051		-1.82539		-27.7226
2052		1.46417		-19.498
2053		0.204791		-11.8591
2054		-4.65804		-7.21063
2055		-10.8163		-7.15669
2056		-15.2707		-11.6837
2057		-15.4771		-18.9299
2058		-10.4596		-25.7691
2059		-1.33506		-29.0273
2060		9.05606		-26.7993
2061		17.283		-19.254
2062		20.7141		-8.54726
2063		18.5261		2.10864
2064		11.8956		9.76551
2065		3.33977		12.8337
2066		-4.41671		11.4851
2067		-9.48869		7.26937
2068		-11.3347		2.23627
2069		-10.5906		-1.95057
2070		-8.45339		-4.49642
2071		-6.0233		-5.42681
2072		-3.94585		-5.18645
2073		-2.45064		-4.2212
2074		-1.61813		-2.81049
2075		-1.58788		-1.18877
2076		-2.51132		0.232897
2077		-4.27968		0.812434
2078		-6.26346		-0.0668299
2079		-7.34245		-2.52881
2080		-6.34229		-5.82781
2081		-2.72102		-8.38099
2082		2.86683		-8.33125
2083		8.51095		-4.44903
2084		11.6481		3.06276
2085		10.1335		12.3188
2086		3.30237		20.2789
2087		-7.51186		23.8932
2088		-19.3059		21.3752
2089		-28.4905		13.0154
2090		-32.2674		1.14616
2091		-29.6915		-10.741
2092		-21.9574		-19.328
2093		-11.8204		-22.6646
2094		-2.45302		-20.7273
2095		3.72947		-15.1719
2096		5.78487		-8.47964
2097		4.27742		-2.94468
2098		0.742817		0.0530926
2099		-3.06797		0.254987
2100		-5.79446		-1.73734
2101		-6.71464		-4.93217
2102		-5.66299		-8.34259
2103		-2.8109		-11.1545
2104		1.4866		-12.7057
2105		6.69599		-12.4347
2106		12.0366		-9.94066
2107		16.4941		-5.17035
2108		19.0211		1.39256
2109		18.8911		8.71109
2110		16.0297		15.4478
2111		11.1191		20.421
2112		5.36747		23.052
2113		0.0235863		23.5673
2114		-4.1339		22.8302
2115		-7.06883		21.8765
2116		-9.38119		21.3949
2117		-11.8859		21.4229
2118		-15.1137		21.4146
2119		-19.0103		20.6235
2120		-22.9907		18.5701
2121		-26.2981		15.3218
2122		-28.4426		11.4312
2123		-29.4504		7.58387
2124		-29.7777		4.18254
2125		-29.9455		1.13107
2126		-30.1305		-2.03804
2127		-29.976		-5.76154
2128		-28.7684		-10.012
2129		-25.8999		-14.1115
2130		-21.3642		-16.9414
2131		-15.9858		-17.4729
2132		-11.2191		-15.3517
2133		-8.57857		-11.2218
2134		-8.96647		-6.59441
2135		-12.2276		-3.30067
2136		-17.1521		-2.776
2137		-21.9251		-5.50687
2138		-24.8079		-10.8813
2139		-24.7393		-17.4799
2140		-21.6134		-23.638
2141		-16.165		-28.007
2142		-9.58676		-29.8873
2143		-3.09815		-29.2577
2144		2.34867		-26.5851
2145		6.16239		-22.5813
2146		8.07548		-18.0398
2147		8.09974		-13.7766
2148		6.55191		-10.596
2149		4.12155		-9.17839
2150		1.86876		-9.85548
2151		1.04043		-12.3528
2152		2.68904		-15.6615
2153		7.21325		-18.1823
2154		14.0288		-18.1697
2155		21.5611		-14.3461
2156		27.6252		-6.44557
2157		30.0847		4.54777
2158		27.5509		16.5858
2159		19.8629		27.1102
2160		8.18126		33.7735
2161		-5.31312		35.0818
2162		-17.9881		30.7697
2163		-27.4067		21.8392
2164		-31.8835		10.3024
2165		-30.8526		-1.27613
2166		-25.0093		-10.3394
2167		-16.2059		-14.9221
2168		-7.08983		-14.1726
2169		-0.488138		-8.69023
2170		1.38048		-0.530065
2171		-2.32756		7.24173
2172		-10.6159		11.4226
2173		-20.7473		9.76638
2174		-29.0054		1.91339
2175		-31.9458		-10.2545
2176		-27.7073		-23.0795
2177		-16.8483		-32.3391
2178		-2.3039		-34.7838
2179		11.5936		-29.3881
2180		20.6807		-17.7764
2181		22.4833		-3.61617
2182		17.0579		8.78143
2183		6.81016		16.0566
2184		-4.59313		16.9176
2185		-13.704		12.3365
2186		-18.4985		4.82205
2187		-18.8157		-2.81226
2188		-15.9393		-8.56691
2189		-11.6515		-11.7655
2190		-7.31135		-12.8162
2191		-3.42793		-12.4924
2192		0.125891		-11.2261
2193		3.49646		-8.84701
2194		6.28871		-4.89738
2195		7.4674		0.715856
2196		5.8283		7.18667
2197		0.785696		12.7928
2198		-6.99751		15.4982
2199		-15.5567		13.9056
2200		-22.2684		8.06185
2201		-24.9248		-0.342975
2202		-22.7249		-8.54153
2203		-16.684		-13.7866
2204		-9.24882		-14.4703
2205		-3.297		-10.7445
2206		-0.994577		-4.3742
2207		-3.03076		2.06302
2208		-8.53076		6.21843
2209		-15.598		6.77151
2210		-22.1471		3.68251
2211		-26.6073		-2.09557
2212		-28.2249		-9.17771
2213		-26.9614		-16.2393
2214		-23.2058		-22.2323
2215		-17.5647		-26.3518
2216		-10.856		-27.9561
2217		-4.21512		-26.6483
2218		0.916018		-22.5614
2219		3.10383		-16.6691
2220		1.51904		-10.8279
2221		-3.45463		-7.34376
2222		-9.98338		-8.1136
2223		-15.1883		-13.6864
2224		-16.1539		-22.7248
2225		-11.1563		-32.2298
2226		-0.54561		-38.5452
2227		13.181		-38.7611
2228		26.2189		-31.8998
2229		34.8725		-19.3301
2230		36.9216		-4.21168
2231		32.3265		9.7712
2232		22.9861		19.7882
2233		11.7275		24.7238
2234		1.06751		25.1786
2235		-7.63842		22.7164
2236		-14.2947		18.842
2237		-19.4764		14.2866
2238		-23.5896		8.96349
2239		-26.3285		2.54197
2240		-26.7771		-4.77843
2241		-24.0978		-11.8309
2242		-18.3834		-16.7225
2243		-11.1213		-17.6932
2244		-4.9076		-14.1544
2245		-2.45392		-7.31868
2246		-5.33486		-0.0106704
2247		-13.0985		4.34375
2248		-23.2195		3.12777
2249		-31.9765		-4.30198
2250		-35.8904		-16.2421
2251		-33.0962		-29.2398
2252		-24.0568		-39.3958
2253		-11.3433		-43.8043
2254		1.37388		-41.5365
2255		10.6564		-33.8191
2256		14.4073		-23.4299
2257		12.3795		-13.6466
2258		6.00769		-7.19655
2259		-2.23929		-5.56214
2260		-9.66674		-8.77048
2261		-14.0501		-15.5914
2262		-14.0885		-23.9671
2263		-9.61612		-31.5225
2264		-1.61442		-36.0834
2265		7.96226		-36.1803
2266		16.5826		-31.4862
2267		21.7689		-23.0635
2268		21.8683		-13.2535
2269		16.7339		-5.10423
2270		8.00947		-1.41548
2271		-1.20507		-3.68887
2272		-7.30806		-11.4026
2273		-7.4797		-21.971
2274		-0.808319		-31.5021
2275		11.2206		-36.1253
2276		25.1183		-33.3922
2277		36.5494		-23.1928
2278		41.8057		-7.82102
2279		39.0221		8.82084
2280		28.6853		22.5342
2281		13.3046		30.1222
2282		-3.53568		30.202
2283		-18.3084		23.3174
2284		-28.4257		11.4539
2285		-32.6367		-2.72634
2286		-30.961		-16.5876
2287		-24.3689		-27.9601
2288		-14.441		-35.3196
2289		-3.12531		-37.8451
2290		7.4473		-35.4948
2291		15.2178		-29.1164
2292		18.6047		-20.4771
2293		16.9982		-12.0419
2294		11.137		-6.42074
2295		3.12065		-5.58426
2296		-4.07488		-10.1259
2297		-7.49033		-18.8985
2298		-5.18621		-29.2404
2299		3.0334		-37.7676
2300		15.4754		-41.4641
2301		29.0611		-38.6685
2302		40.2898		-29.6018
2303		46.308		-16.2719
2304		45.7224		-1.83271
2305		38.9284		10.3448
2306		27.9227		17.5844
2307		15.7256		18.5623
2308		5.60522		13.6018
2309		0.278795		4.5944
2310		1.22432		-5.41034
2311		8.21065		-12.8969
2312		19.1684		-14.7798
2313		30.5222		-9.35239
2314		38.036		2.96607
2315		38.0585		19.3933
2316		28.8448		35.2955
2317		11.4792		45.4583
2318		-10.0517		45.8079
2319		-29.8386		35.0028
2320		-41.8836		15.2489
2321		-42.192		-8.0964
2322		-30.3373		-28.1216
2323		-9.84217		-38.6508
2324		12.8533		-36.3943
2325		30.5038		-22.1325
2326		37.4792		-0.470439
2327		31.5902		21.7437
2328		14.6667		37.716
2329		-8.25842		42.8522
2330		-30.7584		35.9982
2331		-47.0812		19.4332
2332		-53.7299		-2.21813
2333		-50.1046		-23.6136
2334		-38.1771		-40.2268
2335		-21.5272		-49.3233
2336		-4.20207		-50.2427
2337		10.228		-44.1323
2338		19.2626		-33.4067
2339		21.7557		-21.1538
2340		18.005		-10.5683
2341		9.69767		-4.38427
2342		-0.34182		-4.28902
2343		-8.69528		-10.4066
2344		-12.1962		-21.0586
2345		-8.90408		-33.0203
2346		1.12703		-42.3483
2347		15.6481		-45.6003
2348		30.7752		-41.0394
2349		42.1997		-29.338
2350		46.6342		-13.452
2351		42.941		2.33894
2352		32.4929		13.8774
2353		18.6289		18.499
2354		5.44267		15.8088
2355		-3.59847		7.60766
2356		-6.67213		-2.92283
2357		-3.93216		-12.3843
2358		2.85382		-18.1972
2359		11.089		-19.1712
2360		18.1778		-15.5373
2361		22.1152		-8.60256
2362		21.7525		-0.291871
2363		16.8404		7.23399
2364		8.01327		11.8536
2365		-3.20637		11.7565
2366		-14.4522		5.82057
2367		-22.7738		-5.91559
2368		-25.2356		-21.8699
2369		-19.8031		-38.9003
2370		-6.23844		-52.8603
2371		13.3946		-59.7026
2372		34.9537		-56.8185
2373		53.2442		-44.1122
2374		63.5773		-24.3297
2375		63.3197		-2.41772
2376		52.8438		15.9328
2377		35.486		26.0614
2378		16.5073		25.7888
2379		1.42808		16.0262
2380		-5.65387		0.354174
2381		-3.1834		-16.2222
2382		7.62519		-28.8514
2383		23.4284		-34.1874
2384		39.9324		-31.1113
2385		53.1504		-20.7049
2386		60.3407		-5.63304
2387		60.4311		10.7446
2388		53.9547		25.2183
2389		42.667		35.3316
2390		29.0438		39.7013
2391		15.7889		38.1145
2392		5.39178		31.4813
2393		-0.277191		21.675
2394		-0.332199		11.2375
2395		4.86475		2.91748
2396		13.6537		-0.933979
2397		23.3429		1.00428
2398		30.8112		8.55527
2399		33.3346		19.9347
2400		29.4115		32.1107
2401		19.3103		41.5897
2402		5.12322		45.4239
2403		-9.7446		42.1337
2404		-21.5321		32.2351
2405		-27.2465		18.173
2406		-25.6023		3.64838
2407		-17.4635		-7.47632
2408		-5.62801		-12.3596
2409		6.00142		-10.0778
2410		13.6129		-1.94099
2411		14.6771		8.88663
2412		8.75402		18.3553
2413		-2.34698		22.7878
2414		-15.1114		20.0275
2415		-25.3948		10.112
2416		-29.6833		-4.73786
2417		-26.1391		-20.7976
2418		-15.1087		-33.9531
2419		1.03889		-40.885
2420		18.6554		-39.9554
2421		33.8685		-31.5542
2422		43.6105		-17.8524
2423		46.3263		-2.10163
2424		42.2084		12.2667
2425		32.9687		22.4725
2426		21.2821		26.9519
2427		10.0924		25.5748
2428		1.95307		19.5344
2429		-1.48157		10.9895
2430		0.245964		2.55505
2431		6.33356		-3.27052
2432		14.8983		-4.65656
2433		23.3846		-0.87709
2434		29.149		7.46746
2435		30.1155		18.5267
2436		25.343		29.5991
2437		15.3397		37.7854
2438		2.01042		40.738
2439		-11.7742		37.2997
2440		-22.8786		27.8449
2441		-28.6823		14.2287
2442		-27.729		-0.634552
2443		-20.0911		-13.4415
2444		-7.38288		-21.248
2445		7.55582		-22.1355
2446		21.2288		-15.6779
2447		30.2113		-3.13488
2448		31.9304		12.6802
2449		25.3694		27.8851
2450		11.5291		38.3512
2451		-6.54014		40.7557
2452		-24.2773		33.6279
2453		-36.7169		18.0557
2454		-39.9424		-2.28073
2455		-32.4601		-21.9268
2456		-15.9724		-35.2132
2457		4.85078		-38.1201
2458		23.6875		-29.7983
2459		34.6256		-13.1161
2460		34.2766		6.09781
2461		23.1384		20.9658
2462		5.61469		25.9987
2463		-11.4173		19.1631
2464		-21.0294		2.76616
2465		-18.7816		-17.2354
2466		-4.42139		-33.2945
2467		17.9128		-38.961
2468		41.0745		-31.2082
2469		57.3737		-11.5488
2470		61.2227		14.4478
2471		51.0269		39.029
2472		29.6923		54.8329
2473		3.63715		57.2654
2474		-19.2929		45.9113
2475		-32.2801		24.5898
2476		-31.5851		0.119308
2477		-17.6137		-19.7579
2478		5.24408		-28.6519
2479		29.8914		-23.3669
2480		48.5346		-4.83755
2481		54.8882		22.0638
2482		46.0052		49.8015
2483		23.2456		70.2276
2484		-7.91852		76.9012
2485		-39.289		67.0487
2486		-62.2147		42.5729
2487		-70.1487		9.72273
2488		-60.7243		-22.5902
2489		-36.6462		-45.4054
2490		-5.02007		-52.4766
2491		24.7566		-42.2791
2492		43.9111		-18.5521
2493		47.066		10.8601
2494		33.9243		36.5168
2495		9.29053		50.4016
2496		-18.5691		48.4352
2497		-40.6471		31.6511
2498		-50.0578		5.68645
2499		-44.1018		-21.1661
2500		-24.9148		-40.6375
2501		1.40611		-47.0025
2502		26.8139		-38.6812
2503		43.7714		-18.5272
2504		47.4207		7.16725
2505		36.8945		30.5691
2506		15.4944		44.543
2507		-10.2442		44.6495
2508		-32.3326		30.4277
2509		-43.5293		5.65435
2510		-39.4369		-22.5192
2511		-19.9571		-45.4117
2512		10.3465		-55.244
2513		43.2104		-47.5435
2514		68.845		-22.8036
2515		78.8078		13.21
2516		68.75		50.7785
2517		40.1267		78.9354
2518		0.195259		88.8138
2519		-39.8563		76.5816
2520		-68.1751		44.9546
2521		-75.9079		2.69411
2522		-60.0759		-37.8419
2523		-24.6961		-64.3655
2524		20.2458		-68.3879
2525		61.6631		-47.8368
2526		87.1822		-7.75726
2527		88.7374		41.086
2528		64.8958		85.2479
2529		21.2833		112.368
2530		-30.9504		114.593
2531		-78.1575		90.7488
2532		-107.88		46.7012
2533		-112.233		-6.14944
2534		-90.1214		-53.8761
2535		-47.6763		-83.7797
2536		3.25345		-87.9357
2537		48.2625		-65.5636
2538		74.4278		-23.4846
2539		74.1263		25.6041
2540		47.4825		66.6916
2541		2.59495		86.9013
2542		-46.6841		79.4947
2543		-84.8617		46.1293
2544		-99.5813		-3.45193
2545		-85.5367		-54.3052
2546		-46.216		-90.8761
2547		7.12943		-101.822
2548		58.9623		-83.4955
2549		94.2299		-40.9787
2550		102.871		13.5979
2551		82.6512		64.8131
2552		39.5545		98.5178
2553		-14.2288		105.781
2554		-63.9229		85.1262
2555		-96.2455		42.5962
2556		-102.812		-10.1478
2557		-82.0863		-59.0094
2558		-39.5609		-91.0412
2559		13.7067		-97.6043
2560		63.8034		-76.4712
2561		97.3288		-32.4682
2562		104.745		23.5037
2563		82.9819		76.9645
2564		36.6001		113.437
2565		-22.9483		122.34
2566		-80.0321		100.161
2567		-118.989		51.9052
2568		-128.641		-9.83945
2569		-105.795		-68.1883
2570		-56.5465		-106.765
2571		5.22289		-114.597
2572		61.8027		-89.5207
2573		96.8856		-38.9491
2574		100.415		22.3024
2575		71.5011		76.4279
2576		18.5321		107.861
2577		-43.4627		107.676
2578		-97.2525		75.8848
2579		-128.231		21.0881
2580		-128.229		-42.1972
2581		-97.3793		-97.6015
2582		-43.7319		-131.17
2583		19.0497		-134.769
2584		75.2138		-107.935
2585		110.805		-57.8585
2586		117.082		2.37811
2587		92.7495		56.9656
2588		44.5058		91.2828
2589		-14.3682		95.7393
2590		-67.216		68.5923
2591		-98.3847		16.8754
2592		-97.6922		-45.054
2593		-63.6794		-99.2063
2594		-4.52507		-129.01
2595		63.8845		-124.27
2596		122.342		-84.4646
2597		153.909		-19.2156
2598		148.977		54.3274
2599		108.172		116.436
2600		42.1701		150.534
2601		-31.473		147.91
2602		-93.4249		110.003
2603		-127.981		47.6812
2604		-127.177		-22.079
2605		-92.5418		-80.9674
2606		-34.2344		-114.14
2607		31.9448		-113.791
2608		88.7096		-80.7497
2609		121.522		-23.9432
2610		121.975		41.9664
2611		89.6861		100.14
2612		32.3798		135.56
2613		-35.8545		138.666
2614		-97.8458		107.846
2615		-137.538		50.1303
2616		-144.175		-20.2371
2617		-115.382		-85.2278
2618		-58.1948		-127.719
2619		12.4828		-136.233
2620		77.7379		-108.343
2621		119.849		-51.6166
2622		127.318		18.3073
2623		98.2069		82.0361
2624		40.7305		121.877
2625		-29.0692		126.795
2626		-91.8507		95.4184
2627		-130.326		36.2764
2628		-133.898		-34.6822
2629		-101.347		-98.478
2630		-40.9673		-138.121
2631		31.717		-142.952
2632		97.976		-111.278
2633		140.593		-50.7697
2634		148.189		23.3987
2635		118.179		92.2382
2636		57.6688		137.653
2637		-18.0127		147.129
2638		-88.9601		117.253
2639		-135.772		55.0862
2640		-144.852		-23.2081
2641		-112.477		-96.3516
2642		-46.3421		-143.663
2643		36.0977		-150.951
2644		112.222		-114.832
2645		160.561		-44.0447
2646		166.983		42.7544
2647		128.835		122.18
2648		55.7624		172.726
2649		-33.0566		180.808
2650		-114.366		144.429
2651		-167.295		73.4773
2652		-178.915		-13.2964
2653		-147.389		-93.5601
2654		-82.0057		-147.36
2655		-0.341866		-162.125
2656		76.4979		-135.526
2657		129.248		-75.6689
2658		145.148		1.22487
2659		120.911		74.9665
2660		63.3911		126.382
2661		-12.1225		142.026
2662		-85.6516		117.57
2663		-137.507		59.0515
2664		-153.373		-18.4387
2665		-128.223		-94.471
2666		-67.9393		-148.586
2667		11.9664		-165.854
2668		90.3729		-141.133
2669		146.3		-80.7087
2670		164.779		-0.709488
2671		141.104		77.3313
2672		82.1627		132.513
2673		4.43751		150.41
2674		-70.7124		127.003
2675		-123.049		69.5805
2676		-138.964		-5.54233
2677		-114.966		-77.7077
2678		-58.282		-127.575
2679		15.4036		-142.182
2680		86.3139		-118.108
2681		135.794		-62.0778
2682		151.044		11.0171
2683		128.258		82.0508
2684		73.4815		132.563
2685		1.03045		149.448
2686		-70.1466		128.329
2687		-121.328		74.7712
2688		-138.927		2.96975
2689		-118.191		-67.869
2690		-64.6455		-118.598
2691		7.21921		-135.342
2692		77.7874		-113.394
2693		127.679		-58.6244
2694		143.129		14.0664
2695		119.813		84.8763
2696		63.9959		134.601
2697		-9.31453		149.904
2698		-80.6113		126.836
2699		-131.235		71.6628
2700		-148.28		-1.08999
2701		-127.747		-72.6916
2702		-75.2376		-125.122
2703		-4.20149		-145.534
2704		67.619		-129.211
2705		122.572		-80.4446
2706		147.262		-11.3138
2707		135.619		61.2522
2708		90.295		119.437
2709		22.1054		148.702
2710		-52.3695		141.285
2711		-114.604		98.2538
2712		-148.582		29.5588
2713		-144.878		-48.0903
2714		-103.311		-115.168
2715		-33.3676		-154.222
2716		47.8986		-154.475
2717		120.066		-114.856
2718		164.604		-44.5404
2719		169.775		39.246
2720		133.784		115.621
2721		65.3255		165.454
2722		-18.6648		176.311
2723		-97.3814		145.605
2724		-151.465		81.1672
2725		-167.851		-0.846889
2726		-142.941		-80.0917
2727		-83.3672		-137.122
2728		-4.23492		-158.165
2729		74.6658		-138.452
2730		133.756		-83.3265
2731		158.499		-6.90203
2732		143.02		71.4474
2733		91.6089		131.934
2734		17.6826		159.381
2735		-59.6099		147.15
2736		-120.34		98.9183
2737		-149.04		27.7457
2738		-138.819		-47.3841
2739		-93.1884		-106.665
2740		-25.0447		-134.814
2741		46.9237		-125.157
2742		103.393		-81.3031
2743		129.656		-15.9689
2744		119.493		52.6762
2745		76.6277		106.048
2746		13.4539		130.142
2747		-52.5146		119.139
2748		-103.422		76.72
2749		-125.78		14.8625
2750		-113.909		-49.4719
2751		-71.2973		-98.8422
2752		-9.60924		-119.879
2753		54.3776		-106.767
2754		103.138		-62.808
2755		123.011		0.325197
2756		107.906		65.5285
2757		61.1304		114.711
2758		-5.22309		133.657
2759		-73.2807		116.033
2760		-124.096		65.3976
2761		-142.835		-5.44096
2762		-123.013		-77.6519
2763		-68.5463		-131.4
2764		7.04116		-151.279
2765		84.0867		-130.645
2766		142.015		-73.5977
2767		164.867		5.94333
2768		145.62		87.8248
2769		88.1262		150.91
2770		6.19892		178.579
2771		-79.8816		163.041
2772		-148.496		107.379
2773		-182.14		24.8512
2774		-171.864		-64.3507
2775		-119.603		-138.078
2776		-37.847		-177.744
2777		53.3257		-173.04
2778		131.174		-124.685
2779		176.017		-44.4526
2780		176.322		47.6372
2781		131.826		128.335
2782		53.7679		177.159
2783		-37.9301		181.793
2784		-119.855		141.374
2785		-171.297		66.7227
2786		-179.719		-22.5946
2787		-143.98		-103.573
2788		-74.4038		-155.926
2789		10.2479		-167.367
2790		87.9763		-136.571
2791		139.406		-73.1036
2792		152.682		5.52136
2793		126.169		78.6883
2794		68.3849		128.063
2795		-4.61448		142.103
2796		-73.5815		118.642
2797		-120.992		65.0565
2798		-135.34		-3.89329
2799		-113.838		-69.9365
2800		-62.9559		-115.94
2801		3.32565		-130.239
2802		67.1334		-109.622
2803		111.366		-60.2005
2804		124.259		4.14185
2805		102.641		65.4131
2806		52.9352		106.417
2807		-10.4843		115.574
2808		-69.2431		90.2839
2809		-106.149		37.7873
2810		-110.129		-26.7977
2811		-79.4494		-84.7427
2812		-22.2503		-119.039
2813		45.7532		-119.216
2814		105.704		-84.2609
2815		140.84		-22.8254
2816		141.033		49.2216
2817		105.416		113.127
2818		42.4782		152.207
2819		-32.2399		156.112
2820		-100.154		123.366
2821		-144.279		61.6603
2822		-153.399		-14.0604
2823		-124.821		-85.2161
2824		-65.1169		-134.076
2825		11.3137		-148.103
2826		85.6069		-123.155
2827		138.996		-64.7568
2828		157.54		12.9977
2829		135.831		90.7668
2830		78.6419		148.798
2831		-0.0464039		172.066
2832		-80.5302		154.325
2833		-142.507		99.8771
2834		-170.45		22.5081
2835		-157.71		-58.1872
2836		-108.181		-122.04
2837		-35.0679		-153.617
2838		42.8068		-146.119
2839		106.068		-102.831
2840		139.759		-35.8648
2841		136.914		37.305
2842		99.8968		98.4704
2843		39.3371		133.209
2844		-28.876		134.208
2845		-87.6851		102.683
2846		-123.013		47.7192
2847		-127.03		-16.2079
2848		-99.8492		-72.8862
2849		-49.3134		-108.351
2850		11.0677		-114.287
2851		65.5626		-90.0504
2852		100.245		-42.7784
2853		106.599		14.4965
2854		83.7531		66.3089
2855		38.6801		98.9185
2856		-15.7406		104.033
2857		-64.3071		81.0387
2858		-93.7201		37.0823
2859		-96.2417		-15.0215
2860		-71.743		-60.4398
2861		-27.5898		-86.4579
2862		23.5372		-85.9222
2863		67.2044		-59.0649
2864		91.1398		-13.2876
2865		88.4477		38.933
2866		59.3364		83.3822
2867		11.0035		107.796
2868		-44.2145		104.992
2869		-91.9374		74.7333
2870		-119.35		23.8939
2871		-118.487		-35.1035
2872		-88.4275		-87.2729
2873		-35.804		-118.817
2874		26.5863		-120.766
2875		82.8621		-91.5563
2876		118.136		-37.7858
2877		122.547		27.1991
2878		94.1228		86.6438
2879		39.5704		124.814
2880		-27.3159		131.295
2881		-89.2699		103.906
2882		-130.18		49.3659
2883		-139.407		-18.5067
2884		-114.553		-82.5207
2885		-61.9556		-126.673
2886		5.17522		-140.249
2887		70.3244		-120.378
2888		117.919		-72.4558
2889		137.109		-8.48498
2890		124.178		56.1036
2891		83.122		106.259
2892		24.3968		130.825
2893		-37.751		124.99
2894		-88.7096		91.2016
2895		-116.911		38.4134
2896		-116.483		-20.1509
2897		-88.5618		-70.201
2898		-40.9341		-99.8437
2899		13.9345		-102.483
2900		62.0612		-78.4191
2901		91.5153		-34.7017
2902		95.4659		16.7834
2903		73.8711		62.4979
2904		33.3345		90.8478
2905		-14.8254		95.1921
2906		-57.7268		75.4363
2907		-84.3866		37.81
2908		-88.5313		-7.03387
2909		-70.0273		-46.9951
2910		-34.6407		-71.7211
2911		7.69642		-75.1798
2912		45.5666		-57.0102
2913		68.9771		-22.4158
2914		71.8013		19.2782
2915		53.2241		56.9999
2916		17.9065		80.6745
2917		-25.1451		83.7254
2918		-64.7654		64.7675
2919		-90.3997		28.081
2920		-94.8247		-17.314
2921		-76.1349		-59.8333
2922		-38.4312		-88.2779
2923		9.0624		-94.8108
2924		54.3013		-77.1455
2925		85.5677		-39.2885
2926		94.5988		9.42249
2927		78.8061		56.7505
2928		41.9521		90.7754
2929		-6.88519		102.983
2930		-55.7256		90.3814
2931		-92.7624		56.1061
2932		-109.254		8.46398
2933		-101.51		-41.2434
2934		-71.5737		-81.4767
2935		-26.5477		-103.112
2936		23.1603		-101.421
2937		66.2299		-77.0108
2938		92.9439		-35.6146
2939		97.3362		13.2087
2940		78.55		58.2016
2941		41.0994		88.9625
2942		-6.08749		98.3972
2943		-51.7196		84.4923
2944		-84.8733		50.9138
2945		-97.7463		6.17953
2946		-87.692		-38.474
2947		-57.9224		-72.0097
2948		-16.6251		-86.497
2949		25.2893		-79.1681
2950		57.1667		-53.0249
2951		71.4439		-15.838
2952		65.5298		22.1252
2953		42.2458		50.9413
2954		8.79204		63.6167
2955		-25.3677		57.7353
2956		-51.0562		35.8221
2957		-61.6851		4.44667
2958		-54.7802		-27.5948
2959		-32.451		-51.5246
2960		-0.78046		-60.7341
2961		31.6836		-52.3938
2962		56.0073		-28.1991
2963		65.0944		5.9238
2964		55.5713		41.1443
2965		28.8645		67.8632
2966		-8.88236		78.2055
2967		-48.1567		68.251
2968		-78.4533		39.3584
2969		-91.104		-1.88746
2970		-81.773		-45.2076
2971		-51.8587		-79.2962
2972		-8.3242		-94.8928
2973		38.0491		-87.3683
2974		75.5069		-58.0565
2975		94.4453		-13.9443
2976		89.9224		34.1676
2977		62.883		74.4783
2978		19.8243		97.1757
2979		-28.9251		96.8136
2980		-71.7911		73.5225
2981		-98.7268		32.8431
2982		-103.521		-15.6869
2983		-85.1561		-60.8059
2984		-47.9758		-92.1322
2985		-0.644304		-102.539
2986		45.8616		-89.7899
2987		80.8119		-57.0768
2988		96.2696		-12.2819
2989		89.0172		33.9
2990		61.3553		70.5802
2991		20.5142		89.3888
2992		-23.2175		86.5649
2993		-59.172		63.8358
2994		-79.0551		27.828
2995		-79.0033		-11.82
2996		-60.3827		-45.0865
2997		-29.1532		-64.1741
2998		5.94761		-65.3742
2999		35.8199		-49.7319
3000		53.3231		-22.4362
3001		54.907		8.78172
3002		41.2202		35.7364
3003		16.6615		51.8055
3004		-11.907		53.4245
3005		-36.9217		40.785
3006		-51.9514		17.6535
3007		-53.2241		-9.6098
3008		-40.538		-33.6187
3009		-17.3497		-47.7954
3010		10.0246		-48.0719
3011		33.9692		-34.0372
3012		47.5534		-9.18978
3013		46.4429		19.849
3014		30.1981		45.0239
3015		2.54528		59.0127
3016		-29.5118		57.2686
3017		-57.5202		39.3366
3018		-73.8337		9.05256
3019		-73.6482		-26.4306
3020		-56.2531		-58.4914
3021		-25.1879		-79.2257
3022		12.6747		-83.3781
3023		48.8153		-69.5528
3024		75.0627		-40.4749
3025		85.4256		-2.3213
3026		77.3936		36.6654
3027		52.4837		67.9641
3028		15.9548		84.6146
3029		-24.2568		82.7643
3030		-59.2102		62.613
3031		-80.939		28.5157
3032		-84.3284		-11.8607
3033		-68.4305		-49.2212
3034		-36.8304		-74.8268
3035		3.11767		-82.6452
3036		42.0528		-70.8794
3037		70.9271		-42.4222
3038		83.2481		-4.08368
3039		76.6157		35.1907
3040		53.1461		66.5908
3041		18.7227		83.5555
3042		-18.6377		83.1759
3043		-50.7945		66.5935
3044		-71.3237		38.414
3045		-76.78		5.40735
3046		-67.1878		-25.1149
3047		-45.7771		-46.8721
3048		-18.1119		-55.8549
3049		9.18166		-51.0574
3050		29.8636		-34.606
3051		39.4607		-11.2489
3052		36.3114		12.7441
3053		22.006		31.1003
3054		1.03197		39.1611
3055		-20.3829		35.1692
3056		-35.9893		20.8117
3057		-41.3283		0.778614
3058		-35.0731		-18.6038
3059		-19.4427		-31.2788
3060		0.480022		-33.3062
3061		18.3201		-24.0524
3062		28.3606		-6.34226
3063		27.2409		14.4435
3064		14.8892		31.9968
3065		-5.53971		40.8941
3066		-28.6131		38.054
3067		-48.1018		23.4811
3068		-58.5518		0.194327
3069		-56.5697		-26.5337
3070		-41.5956		-50.3793
3071		-16.0778		-65.3443
3072		14.9375		-67.0754
3073		44.7442		-53.9195
3074		66.3342		-27.5181
3075		73.978		7.24849
3076		64.7204		43.0819
3077		39.3915		71.801
3078		2.76473		86.309
3079		-37.327		82.4957
3080		-71.7995		60.5026
3081		-92.6021		24.9046
3082		-94.8272		-16.3279
3083		-78.0055		-53.8227
3084		-46.1976		-79.1774
3085		-6.88178		-87.0144
3086		30.9876		-76.1573
3087		59.1562		-49.68
3088		71.8907		-13.9393
3089		67.0498		23.0378
3090		46.2788		53.3487
3091		14.4359		70.7984
3092		-21.5238		72.0264
3093		-53.9647		57.0656
3094		-76.0746		29.299
3095		-83.2512		-5.19156
3096		-74.1365		-38.8439
3097		-51.0393		-64.254
3098		-19.5323		-75.9292
3099		12.8133		-71.7154
3100		38.3298		-53.4389
3101		51.2981		-26.4705
3102		49.5122		1.75324
3103		34.835		23.8486
3104		12.533		34.5829
3105		-10.4033		32.274
3106		-27.3872		19.0536
3107		-34.108		-0.0364573
3108		-29.5712		-18.7407
3109		-16.0667		-31.4745
3110		1.79402		-34.8016
3111		18.5507		-28.1349
3112		29.3828		-13.6046
3113		31.2337		4.7094
3114		23.3931		21.8699
3115		7.54536		33.2221
3116		-12.624		35.3985
3117		-32.1697		27.0849
3118		-45.9042		9.45519
3119		-49.5879		-13.8498
3120		-41.0983		-37.3146
3121		-21.2702		-54.7309
3122		5.92864		-60.7843
3123		34.1019		-52.6453
3124		55.9547		-31.0503
3125		65.2785		-0.430832
3126		58.7867		32.0616
3127		37.1908		58.4109
3128		5.13221		71.9121
3129		-30.0233		68.988
3130		-60.1346		50.0923
3131		-78.3607		19.4836
3132		-80.7611		-15.9733
3133		-67.047		-48.5396
3134		-40.4179		-71.359
3135		-6.6798		-79.8343
3136		27.0476		-72.4233
3137		53.7442		-50.8272
3138		67.8211		-19.6333
3139		66.2233		14.5191
3140		49.1552		44.1861
3141		20.2427		62.6559
3142		-14.0375		65.5243
3143		-45.6983		51.9243
3144		-67.1472		24.9847
3145		-73.1878		-8.76265
3146		-62.5052		-40.9982
3147		-38.1041		-63.8459
3148		-6.48194		-72.0439
3149		24.2418		-64.3468
3150		46.6377		-43.7032
3151		55.9639		-16.1845
3152		51.2316		10.9195
3153		35.089		31.166
3154		12.7041		40.5332
3155		-9.86716		38.1111
3156		-27.2651		25.879
3157		-35.9499		7.83426
3158		-34.7096		-11.1484
3159		-24.625		-26.4083
3160		-8.65895		-34.3803
3161		8.98896		-33.2278
3162		23.703		-23.2214
3163		31.4142		-6.80056
3164		29.6064		11.7984
3165		18.1372		27.4233
3166		-0.434875		35.3132
3167		-21.2739		32.5232
3168		-38.47		19.002
3169		-46.7452		-2.12466
3170		-43.1232		-25.278
3171		-27.9697		-44.0017
3172		-4.99742		-52.8901
3173		19.7936		-49.214
3174		39.8759		-33.6944
3175		50.0469		-10.2052
3176		47.775		15.4235
3177		33.6821		37.0365
3178		11.1444		49.6814
3179		-14.7198		50.6365
3180		-38.2924		39.7931
3181		-54.6048		19.4714
3182		-60.2238		-6.14677
3183		-53.8349		-31.8106
3184		-36.5222		-52.1362
3185		-11.6993		-62.6367
3186		15.401		-60.7378
3187		38.7307		-46.5575
3188		52.8201		-23.1527
3189		54.2459		4.00103
3190		42.7056		28.3033
3191		21.2679		43.7998
3192		-4.39585		46.8821
3193		-27.6179		37.3257
3194		-42.6603		18.2808
3195		-46.3024		-4.78381
3196		-38.5617		-25.7888
3197		-22.3667		-39.7829
3198		-2.40542		-44.1309
3199		16.3515		-38.8448
3200		29.9177		-26.1172
3201		36.0051		-9.3951
3202		34.1376		7.59079
3203		25.3592		21.5521
3204		11.8008		30.0582
3205		-3.72177		31.7486
3206		-18.076		26.4844
3207		-28.2548		15.4699
3208		-31.9666		1.23115
3209		-28.2993		-12.7305
3210		-18.2125		-22.6985
3211		-4.55825		-25.7948
3212		8.54398		-20.985
3213		16.8875		-9.61234
3214		17.5413		4.83937
3215		9.88495		17.758
3216		-4.10533		24.8616
3217		-20.4546		23.5739
3218		-34.4476		13.8136
3219		-42.0752		-2.05699
3220		-41.1558		-20.042
3221		-31.8004		-35.7214
3222		-16.1807		-45.417
3223		2.18619		-46.9822
3224		19.3234		-40.1036
3225		31.5945		-26.2006
3226		36.3176		-8.08504
3227		32.2106		10.5056
3228		19.7026		25.4902
3229		1.06456		33.1799
3230		-19.782		31.1389
3231		-37.9192		18.9948
3232		-48.551		-1.10918
3233		-48.3523		-24.7215
3234		-36.6148		-46.0653
3235		-15.7162		-59.601
3236		9.3689		-61.6845
3237		32.4426		-51.7225
3238		47.9026		-32.3741
3239		52.3649		-8.7045
3240		45.5223		13.395
3241		29.9803		28.931
3242		10.2216		35.0726
3243		-8.83558		31.5933
3244		-23.1402		20.4885
3245		-30.2828		5.08057
3246		-29.6523		-10.9665
3247		-22.149		-24.394
3248		-9.73668		-32.76
3249		4.95788		-34.6146
3250		18.967		-29.6088
3251		29.333		-18.6143
3252		33.6039		-3.77162
3253		30.4555		11.715
3254		20.242		24.176
3255		5.17885		30.4154
3256		-11.0616		28.7144
3257		-24.3293		19.4973
3258		-31.2575		5.3285
3259		-30.3378		-9.83652
3260		-22.3826		-21.9017
3261		-10.1844		-27.9165
3262		2.47874		-26.9119
3263		12.0832		-20.0088
3264		16.3712		-9.83426
3265		14.8076		0.445458
3266		8.43169		8.06673
3267		-0.698567		11.2756
3268		-10.1621		9.51017
3269		-17.695		3.27323
3270		-21.5052		-6.10859
3271		-20.4644		-16.7064
3272		-14.2925		-26.1995
3273		-3.75968		-32.1827
3274		9.20844		-32.6599
3275		21.7116		-26.6711
3276		30.4625		-14.8332
3277		32.708		0.503391
3278		27.1907		15.6863
3279		14.7511		26.7456
3280		-1.74143		30.6234
3281		-18.1814		26.1834
3282		-30.4781		14.5888
3283		-35.7921		-1.10533
3284		-33.2912		-16.9715
3285		-24.1795		-29.4142
3286		-11.0788		-36.0969
3287		2.9028		-36.3027
3288		15.0042		-30.7296
3289		23.2747		-20.9665
3290		26.6402		-8.97492
3291		24.7598		3.21537
3292		17.9158		13.5986
3293		7.06395		20.2547
3294		-6.03408		21.5804
3295		-18.8224		16.7475
3296		-28.3222		6.225
3297		-31.8944		-7.94533
3298		-28.1701		-22.4024
3299		-17.7478		-33.3132
3300		-3.28059		-37.5792
3301		11.1991		-33.9448
3302		21.5297		-23.5344
3303		24.7876		-9.5587
3304		20.2413		3.7249
3305		9.53097		12.3983
3306		-3.9624		14.0886
3307		-16.2696		8.57204
3308		-24.0462		-2.36733
3309		-25.4274		-15.6665
3310		-20.3182		-27.9525
3311		-10.1609		-36.4015
3312		2.60413		-39.2804
3313		15.152		-36.1478
3314		24.818		-27.8111
3315		29.5489		-16.1404
3316		28.2882		-3.76866
3317		21.2799		6.36062
3318		10.1907		11.621
3319		-2.09746		10.4238
3320		-12.1079		2.81853
3321		-16.7161		-9.29737
3322		-14.1493		-22.5484
3323		-4.65988		-33.0033
3324		9.42801		-37.3751
3325		24.3766		-34.0673
3326		36.179		-23.6687
3327		41.7674		-8.71337
3328		39.8447		7.17308
3329		31.0734		20.3831
3330		17.6451		28.2667
3331		2.49591		29.6097
3332		-11.4759		24.6058
3333		-21.93		14.5014
3334		-27.285		1.17697
3335		-26.7332		-13.1488
3336		-20.2528		-26.0864
3337		-8.71645		-35.2519
3338		5.98581		-38.6099
3339		21.0112		-35.0116
3340		33.0042		-24.756
3341		38.9243		-9.87644
3342		37.0328		6.12089
3343		27.6441		19.1241
3344		13.2617		25.6603
3345		-2.06013		24.0669
3346		-13.9611		15.1107
3347		-19.1826		1.77654
3348		-16.6053		-11.7197
3349		-7.53054		-21.3193
3350		4.86639		-24.3867
3351		16.6568		-20.4108
3352		24.4033		-10.9544
3353		26.0919		1.02551
3354		21.5031		12.1597
3355		12.0266		19.5841
3356		0.112514		21.5482
3357		-11.3939		17.6501
3358		-19.8537		8.7748
3359		-23.307		-3.14916
3360		-20.8236		-15.5074
3361		-12.7334		-25.4653
3362		-0.680302		-30.545
3363		12.6005		-29.2491
3364		23.838		-21.5705
3365		30.0494		-9.17334
3366		29.4114		4.90839
3367		21.8762		17.0431
3368		9.2705		24.0307
3369		-5.19847		24.0397
3370		-17.8754		17.1162
3371		-25.6949		5.09479
3372		-26.9635		-9.02059
3373		-21.6557		-21.9385
3374		-11.2108		-30.8972
3375		1.99064		-34.1794
3376		15.2186		-31.2714
3377		25.8697		-22.7713
3378		31.7888		-10.2089
3379		31.5175		4.1298
3380		24.5648		17.4074
3381		11.6999		26.5885
3382		-4.87402		29.028
3383		-21.6781		23.2349
3384		-34.5939		9.56782
3385		-39.9205		-9.47018
3386		-35.5562		-29.599
3387		-21.8616		-45.8106
3388		-1.80879		-53.82
3389		19.7366		-51.4208
3390		37.4096		-39.2356
3391		46.9462		-20.5608
3392		46.4247		-0.34865
3393		36.7275		16.3003
3394		21.1094		25.6023
3395		4.09064		26.0344
3396		-9.89718		18.52
3397		-17.6651		5.90919
3398		-17.9229		-7.97284
3399		-11.3637		-19.3677
3400		-0.284794		-25.4449
3401		12.0676		-24.8461
3402		22.2591		-17.8906
3403		27.4184		-6.46828
3404		25.8924		6.35819
3405		17.7036		17.0205
3406		4.67485		22.3099
3407		-9.89649		20.2735
3408		-22.03		10.8844
3409		-28.1653		-3.78126
3410		-26.2569		-20.0058
3411		-16.4787		-33.4567
3412		-1.25482		-40.4724
3413		15.4335		-39.1707
3414		29.2375		-29.9903
3415		36.7103		-15.4895
3416		36.2234		0.490575
3417		28.2614		13.9626
3418		15.0861		21.8274
3419		-0.014039		22.5098
3420		-13.5753		16.107
3421		-22.6615		4.15619
3422		-25.3163		-10.7861
3423		-20.809		-25.6053
3424		-9.7558		-37.0934
3425		5.85986		-42.4633
3426		22.8486		-39.9444
3427		37.2867		-29.3739
3428		45.3486		-12.5679
3429		44.3691		6.78774
3430		33.8115		23.8756
3431		15.7356		34.0153
3432		-5.52739		34.0953
3433		-24.5039		23.654
3434		-36.1847		5.16143
3435		-37.5537		-16.6599
3436		-28.4795		-36.2662
3437		-11.652		-48.9606
3438		8.3816		-52.2042
3439		26.6832		-46.1357
3440		39.3376		-33.2073
3441		44.3468		-17.1806
3442		41.8011		-1.93118
3443		33.4336		9.51228
3444		21.8632		15.456
3445		9.85794		15.5659
3446		-0.18361		10.6096
3447		-6.51141		2.1221
3448		-8.16242		-7.89171
3449		-5.05808		-17.2325
3450		1.93104		-23.8373
3451		11.0447		-26.2019
3452		19.929		-23.8141
3453		26.1946		-17.422
3454		28.1138		-8.95262
3455		25.2081		-1.01973
3456		18.4733		3.86109
3457		10.1122		4.07533
3458		2.84863		-0.574964
3459		-0.920259		-8.83633
3460		0.179703		-18.4404
3461		6.18696		-26.8129
3462		15.9231		-31.7738
3463		27.415		-32.0051
3464		38.4071		-27.2109
3465		46.7913		-18.0414
3466		50.9001		-5.9169
3467		49.7178		7.15853
3468		43.0873		18.8075
3469		31.9166		26.6037
3470		18.2701		28.5782
3471		5.17221		23.8483
3472		-3.99501		13.1603
3473		-6.43488		-0.948044
3474		-0.943775		-14.5811
3475		11.4202		-23.5126
3476		27.359		-24.5259
3477		42.1607		-16.5901
3478		51.1189		-1.39564
3479		51.0646		17.0165
3480		41.4488		33.4499
3481		24.5732		43.1657
3482		4.8828		43.3438
3483		-12.4089		33.8948
3484		-22.8683		17.3844
3485		-24.0486		-1.83293
3486		-16.0174		-18.9188
3487		-1.13488		-29.8491
3488		16.7368		-32.343
3489		33.2886		-26.2443
3490		44.7828		-13.3708
3491		48.8277		3.03709
3492		44.8087		19.095
3493		33.9526		31.1299
3494		19.0322		36.479
3495		3.74469		34.0999
3496		-8.15218		24.8516
3497		-13.7818		11.3308
3498		-11.9304		-2.76236
3499		-3.41808		-13.6104
3500		9.10132		-18.3526
3501		21.8967		-15.9137
3502		31.2559		-7.30336
3503		34.573		4.72139
3504		31.0716		16.5171
3505		21.9473		24.6419
3506		9.92202		26.8129
3507		-1.5971		22.4542
3508		-9.45751		12.7261
3509		-11.5281		0.108189
3510		-7.12848		-12.278
3511		2.90656		-21.4022
3512		16.4662		-24.9638
3513		30.6155		-21.8564
3514		42.1854		-12.4186
3515		48.4359		1.56625
3516		47.7025		17.1619
3517		39.8878		30.8775
3518		26.6264		39.4959
3519		10.9974		40.9453
3520		-3.22028		34.9423
3521		-12.5746		23.1565
3522		-14.9338		8.78217
3523		-10.1006		-4.38295
3524		0.181049		-13.0517
3525		12.8306		-15.3687
3526		24.4163		-11.3263
3527		32.1567		-2.57043
3528		34.5932		8.27226
3529		31.7596		18.4448
3530		24.8881		25.7709
3531		15.8669		29.0287
3532		6.6991		27.9727
3533		-0.86854		23.1379
3534		-5.52233		15.597
3535		-6.45262		6.77477
3536		-3.42306		-1.69014
3537		3.13079		-8.12345
3538		12.0454		-11.1028
3539		21.5382		-9.82932
3540		29.5578		-4.44674
3541		34.3237		3.871
3542		34.8757		13.1764
3543		31.3973		21.3093
3544		25.151		26.5654
3545		18.0296		28.2059
3546		11.9031		26.5997
3547		8.03218		22.9592
3548		6.77878		18.8124
3549		7.68685		15.4598
3550		9.83132		13.639
3551		12.2262		13.4813
3552		14.1012		14.689
3553		14.9777		16.7622
3554		14.6128		19.1338
3555		12.9519		21.1825
3556		10.1868		22.2172
3557		6.89143		21.5701
3558		4.09255		18.8603
3559		3.11303		14.3452
3560		5.13053		9.14706
3561		10.5816		5.13841
3562		18.6907		4.40343
3563		27.4214		8.42091
3564		33.9871		17.3067
3565		35.7981		29.4941
3566		31.479		42.0738
3567		21.5073		51.727
3568		8.16042		55.8963
3569		-5.24542		53.7075
3570		-15.5231		46.2493
3571		-20.7025		36.0992
3572		-20.597		26.3174
3573		-16.653		19.351
3574		-11.2112		16.2999
3575		-6.55041		16.7944
3576		-4.13287		19.4401
3577		-4.32002		22.5434
3578		-6.57222		24.7589
3579		-9.92461		25.4082
3580		-13.4522		24.4299
3581		-16.5177		22.1115
3582		-18.7676		18.8213
3583		-19.9952		14.8909
3584		-20.0352		10.6543
3585		-18.7853		6.5359
3586		-16.3262		3.05162
3587		-13.017		0.675559
3588		-9.45229		-0.361823
3589		-6.26101		-0.204506
3590		-3.84591		0.680422
3591		-2.22315		1.73481
3592		-1.07334		2.59806
3593		0.0113077		3.2775
3594		1.22676		4.08604
3595		2.3932		5.37425
3596		3.04272		7.21648
3597		2.72175		9.25315
3598		1.33208		10.8063
3599		-0.704167		11.2223
3600		-2.57526		10.2492
3601		-3.45248		8.22387
3602		-2.89942		5.94333
3603		-1.08026		4.28255
3604		1.35802		3.7747
3605		3.66168		4.39932
3606		5.3763		5.70264
3607		6.53167		7.16994
3608		7.48713		8.60764
3609		8.53477		10.2754
3610		9.52685		12.6577
3611		9.80105		15.9979
3612		8.51017		19.893
3613		5.20545		23.2521
3614		0.331148		24.7293
3615		-4.7148		23.457
3616		-8.08793		19.6879
3617		-8.38644		14.943
3618		-5.4842		11.4886
3619		-0.838221		11.3181
3620		2.9706		15.1116
3621		3.32079		21.7075
3622		-1.22252		28.4063
3623		-10.1267		32.0238
3624		-20.9559		30.2355
3625		-30.2796		22.5933
3626		-35.0197		10.7474
3627		-33.6236		-2.21374
3628		-26.5542		-12.9754
3629		-15.9343		-19.1931
3630		-4.58605		-20.1593
3631		5.03664		-16.7284
3632		11.5457		-10.6635
3633		14.7237		-3.81821
3634		15.1498		2.43615
3635		13.6828		7.34784
3636		11.1304		10.5885
3637		8.22985		12.0098
3638		5.80701		11.6071
3639		4.83682		9.73356
3640		6.20292		7.36421
3641		10.1905		6.10386
3642		15.9971		7.74679
3643		21.6356		13.4777
3644		24.4522		23.0824
3645		22.1519		34.6307
3646		13.9021		44.923
3647		0.960013		50.6192
3648		-13.5559		49.5941
3649		-25.7374		41.899
3650		-32.3638		29.8509
3651		-32.1307		17.1761
3652		-26.0798		7.58307
3653		-17.0609		3.40679
3654		-8.516		4.91199
3655		-3.17458		10.4976
3656		-2.23735		17.6015
3657		-5.32839		23.7964
3658		-11.0823		27.5469
3659		-17.9385		28.3596
3660		-24.6874		26.4267
3661		-30.5474		22.1324
3662		-34.8892		15.8023
3663		-36.9531		7.84482
3664		-35.8875		-0.884109
3665		-31.1863		-8.85998
3666		-23.2823		-14.1264
3667		-13.8716		-15.0185
3668		-5.62558		-11.0583
3669		-1.27261		-3.51687
3670		-2.41264		4.76278
3671		-8.64631		10.3336
3672		-17.5085		10.5293
3673		-25.3255		4.63084
3674		-28.653		-5.75421
3675		-25.6465		-17.3058
3676		-16.7377		-26.3223
3677		-4.32931		-30.1468
3678		8.29972		-28.0443
3679		18.3176		-21.1822
3680		24.2677		-11.8297
3681		26.2342		-2.25628
3682		25.3009		6.09628
3683		22.7145		12.8186
3684		19.2584		18.1482
3685		15.1422		22.354
3686		10.3655		25.3341
3687		5.21225		26.6807
3688		0.477852		26.1293
3689		-2.77593		24.0475
3690		-3.81388		21.5768
3691		-2.79373		20.2577
3692		-0.916058		21.2988
3693		0.00147057		24.8963
3694		-1.65803		30.0114
3695		-6.53048		34.7705
3696		-13.956		37.2976
3697		-22.3039		36.5393
3698		-29.7532		32.6447
3699		-35.0897		26.7194
3700		-38.0858		20.1328
3701		-39.2893		13.8097
3702		-39.404		7.92733
3703		-38.6925		2.17026
3704		-36.804		-3.6613
3705		-33.1547		-9.13203
3706		-27.6142		-13.1407
3707		-21.0229		-14.4748
3708		-15.1264		-12.6574
3709		-11.8446		-8.55877
3710		-12.2138		-4.31583
3711		-15.597		-2.47031
3712		-19.6806		-4.69473
3713		-21.3869		-10.7666
3714		-18.3257		-18.3883
3715		-10.0757		-24.0478
3716		1.38514		-24.5698
3717		12.3793		-18.6258
3718		19.0704		-7.45098
3719		19.1219		5.60044
3720		12.6827		16.4583
3721		2.24733		22.0208
3722		-8.49807		21.3235
3723		-16.242		15.6876
3724		-19.2645		7.87303
3725		-17.7802		0.749477
3726		-13.3761		-3.81379
3727		-7.9781		-5.34075
3728		-2.96684		-4.37031
3729		1.10869		-1.68702
3730		4.18658		2.28725
3731		6.07912		7.55984
3732		6.10016		14.1054
3733		3.25556		21.2602
3734		-3.07583		27.4729
3735		-12.4021		30.7029
3736		-22.8487		29.3454
3737		-31.6522		23.1944
3738		-36.2758		13.8622
3739		-35.6104		4.32542
3740		-30.6243		-2.27192
3741		-24.0682		-4.00589
3742		-19.3255		-1.06587
3743		-18.9399		4.30223
3744		-23.5253		8.78113
3745		-31.5629		9.41235
3746		-40.136		4.78537
3747		-46.1905		-4.54033
3748		-47.6896		-16.4869
3749		-44.1532		-28.4504
3750		-36.4502		-38.2778
3751		-26.1144		-44.7762
3752		-14.6555		-47.6363
3753		-3.23642		-47.0126
3754		7.22007		-43.1604
3755		15.7515		-36.4141
3756		21.2665		-27.4843
3757		22.8566		-17.7631
3758		20.3903		-9.26676
3759		14.9986		-4.04814
3760		9.02741		-3.27793
3761		5.29301		-6.48253
3762		5.89009		-11.4426
3763		11.1274		-14.9562
3764		19.188		-14.2023
3765		26.7877		-8.07013
3766		30.5932		2.23189
3767		28.7354		13.6465
3768		21.6646		22.6305
3769		11.9054		26.7532
3770		2.82746		25.7347
3771		-2.9412		21.4137
3772		-4.65232		16.6893
3773		-3.56709		14.016
3774		-2.06154		14.2474
3775		-2.2337		16.4128
3776		-4.78481		18.4902
3777		-8.76591		18.695
3778		-12.2817		16.5401
3779		-13.7074		13.0819
3780		-12.7011		10.2412
3781		-10.4309		9.62088
3782		-8.89864		11.5171
3783		-9.76424		14.7009
3784		-13.3563		17.0951
3785		-18.4445		16.956
3786		-22.9089		13.8809
3787		-24.93		9.06325
3788		-24.0261		4.6434
3789		-21.3521		2.51583
3790		-19.091		3.25491
3791		-19.2711		5.7517
3792		-22.6559		7.75465
3793		-28.2999		7.01154
3794		-33.9843		2.39421
3795		-37.2675		-5.57532
3796		-36.5727		-15.0266
3797		-31.7588		-23.641
3798		-23.9478		-29.6223
3799		-14.8126		-32.2293
3800		-5.80417		-31.6715
3801		2.233		-28.5671
3802		8.90925		-23.4069
3803		13.8284		-16.413
3804		16.2522		-7.87226
3805		15.2355		1.34038
3806		10.2427		9.51257
3807		1.88095		14.4527
3808		-7.77684		14.4138
3809		-15.644		9.13799
3810		-18.7875		0.406317
3811		-15.8047		-8.34218
3812		-7.69894		-13.2886
3813		2.27625		-11.8782
3814		9.84286		-4.04562
3815		11.4827		7.61492
3816		5.95424		18.8714
3817		-5.18092		25.6208
3818		-18.2715		25.5806
3819		-29.1783		19.1254
3820		-34.9926		8.91854
3821		-35.0801		-1.4189
3822		-31.0248		-8.91604
3823		-25.6115		-12.3717
3824		-21.4296		-12.5287
3825		-19.7989		-11.3531
3826		-20.4711		-10.9001
3827		-22.1071		-12.3794
3828		-23.1422		-15.8318
3829		-22.5197		-20.4374
3830		-19.9486		-25.1318
3831		-15.6833		-29.1006
3832		-10.1142		-31.8917
3833		-3.52477		-33.1892
3834		3.80466		-32.5383
3835		11.2618		-29.3328
3836		17.6552		-23.1739
3837		21.3588		-14.4102
3838		20.9088		-4.4832
3839		15.8007		4.24928
3840		7.04317		9.26216
3841		-2.90672		8.89227
3842		-10.9021		3.14934
3843		-14.2615		-6.12506
3844		-11.7934		-15.873
3845		-4.21249		-22.9435
3846		6.2307		-25.2033
3847		16.6884		-22.1418
3848		24.7449		-14.756
3849		29.0626		-4.88072
3850		29.4285		5.61459
3851		26.3354		15.3418
3852		20.4667		23.4398
3853		12.4402		29.2913
3854		2.93029		32.2511
3855		-7.0148		31.6878
3856		-15.8149		27.3853
3857		-21.6333		20.0504
3858		-23.0744		11.5247
3859		-19.9748		4.41229
3860		-13.8113		1.16054
3861		-7.39102		2.98435
3862		-3.84606		9.18371
3863		-5.35217		17.2631
3864		-12.179		23.873
3865		-22.553		26.1674
3866		-33.4184		22.9408
3867		-41.7318		15.009
3868		-45.6616		4.68525
3869		-45.1357		-5.34553
3870		-41.5359		-13.1615
3871		-36.7894		-18.2006
3872		-32.3928		-21.0999
3873		-28.8812		-22.9858
3874		-25.948		-24.6979
3875		-23.0218		-26.4084
3876		-19.8527		-27.8026
3877		-16.7006		-28.6103
3878		-14.0113		-29.0516
3879		-11.8381		-29.8257
3880		-9.4628		-31.5867
3881		-5.57931		-34.2251
3882		0.952229		-36.4606
3883		10.1625		-36.1288
3884		20.4218		-31.1545
3885		28.7161		-20.7716
3886		31.7633		-6.33311
3887		27.5015		8.80925
3888		16.2242		20.4215
3889		0.753274		25.048
3890		-14.5044		21.452
3891		-25.2194		11.1488
3892		-28.7621		-2.21908
3893		-25.0556		-14.3532
3894		-16.3258		-21.9119
3895		-5.96094		-23.5363
3896		2.89365		-19.9096
3897		8.32994		-12.9864
3898		9.88269		-4.92146
3899		8.0425		2.70097
3900		3.53662		9.01112
3901		-3.10669		13.4769
3902		-11.4604		15.4367
3903		-20.7275		13.9973
3904		-29.3472		8.46933
3905		-35.1166		-0.899364
3906		-35.9486		-12.4053
3907		-30.9491		-23.0564
3908		-21.2154		-29.5361
3909		-9.81515		-29.5989
3910		-0.792593		-23.2204
3911		2.42761		-12.8672
3912		-1.49057		-2.65691
3913		-11.1716		3.26492
3914		-23.0779		2.39345
3915		-32.984		-5.19674
3916		-37.6754		-17.0585
3917		-36.0822		-29.5708
3918		-29.371		-39.5026
3919		-20.0609		-45.1774
3920		-10.7063		-46.7427
3921		-2.85102		-45.5479
3922		3.26561		-43.097
3923		8.22985		-40.21
3924		12.6138		-36.8332
3925		16.3497		-32.5113
3926		18.7078		-27.1314
3927		18.8645		-21.403
3928		16.6667		-16.7242
3929		13.0692		-14.4769
3930		9.91343		-15.1622
3931		9.11033		-17.9076
3932		11.6519		-20.6785
3933		16.9981		-21.1372
3934		23.1899		-17.7198
3935		27.6513		-10.3823
3936		28.2752		-0.64274
3937		24.2541		9.07269
3938		16.2794		16.4164
3939		6.0888		19.9366
3940		-4.3235		19.3691
3941		-13.3884		15.3725
3942		-20.2264		8.9842
3943		-24.4866		1.1761
3944		-26.0195		-7.24875
3945		-24.7102		-15.4651
3946		-20.6358		-22.4154
3947		-14.4225		-26.8823
3948		-7.47362		-27.9376
3949		-1.75934		-25.5594
3950		0.887078		-21.0053
3951		-0.323595		-16.5872
3952		-4.53028		-14.7979
3953		-9.34897		-17.1363
3954		-11.8156		-23.2272
3955		-9.77232		-30.765
3956		-3.02624		-36.4275
3957		6.34978		-37.4012
3958		14.8123		-32.797
3959		18.9258		-24.2331
3960		16.989		-15.2416
3961		9.91241		-9.73416
3962		0.895412		-10.2396
3963		-5.9611		-16.7558
3964		-7.45092		-26.7615
3965		-2.61585		-36.366
3966		6.9616		-42.0234
3967		18.0115		-41.9902
3968		27.1079		-36.8672
3969		32.1153		-29.048
3970		32.8874		-21.4349
3971		30.9741		-16.1012
3972		28.5968		-13.537
3973		27.4797		-12.7583
3974		28.1212		-12.1002
3975		29.7945		-10.2021
3976		31.1597		-6.66216
3977		31.0764		-2.08875
3978		29.1686		2.37485
3979		25.8953		5.71326
3980		22.1825		7.5118
3981		18.8948		8.03185
3982		16.4548		7.93521
3983		14.7724		7.88511
3984		13.4346		8.2652
3985		11.9704		9.12591
3986		10.0152		10.2955
3987		7.32307		11.502
3988		3.71886		12.3923
3989		-0.877531		12.4652
3990		-6.29559		11.0483
3991		-11.9149		7.45194
3992		-16.6065		1.31314
3993		-18.9648		-7.02517
3994		-17.8177		-16.347
3995		-12.8024		-24.7946
3996		-4.69514		-30.4796
3997		4.73958		-32.2221
3998		13.3739		-30.0495
3999		19.545		-25.1712
4000		22.6757		-19.4094
4001		23.3627		-14.3629
4002		22.8839		-10.7383
4003		22.3995		-8.20661
4004		22.2959		-5.85267
4005		22.0524		-2.94687
4006		20.7098		0.425888
4007		17.6679		3.27649
4008		13.325		4.25115
4009		9.14107		2.5168
4010		7.01817		-1.51979
4011		8.28803		-6.11489
4012		12.8493		-8.84608
4013		18.9547		-7.743
4014		23.8275		-2.32626
4015		24.8516		5.99327
4016		20.768		14.3926
4017		12.294		19.7879
4018		1.86526		20.1158
4019		-7.36286		15.149
4020		-12.7661		6.49802
4021		-13.1797		-3.13906
4022		-9.13388		-11.0657
4023		-2.39964		-15.4971
4024		4.82977		-15.9383
4025		10.6852		-12.9994
4026		14.0002		-7.9028
4027		14.3007		-2.01966
4028		11.6141		3.35488
4029		6.34897		7.02075
4030		-0.652399		7.88993
4031		-8.00804		5.19079
4032		-13.8817		-1.13906
4033		-16.4268		-10.1005
4034		-14.5083		-19.6433
4035		-8.36366		-27.2265
4036		0.222076		-30.8007
4037		8.47081		-29.7765
4038		13.7575		-25.4438
4039		14.841		-20.5168
4040		12.539		-17.9156
4041		9.42531		-19.3373
4042		8.6121		-24.3437
4043		12.1817		-30.4895
4044		20.0692		-34.4926
4045		30.0112		-33.8925
4046		38.6426		-28.3429
4047		43.2099		-19.8349
4048		43.0141		-11.6889
4049		39.7998		-6.80534
4050		36.842		-6.0835
4051		37.1695		-7.86422
4052		41.8421		-8.73489
4053		49.2026		-5.32379
4054		55.5387		3.82551
4055		56.8631		17.2765
4056		50.9332		31.154
4057		38.4939		40.8398
4058		23.1106		43.0898
4059		9.66328		37.5424
4060		2.23316		26.9009
4061		2.38694		15.7348
4062		8.63214		8.51064
4063		17.2169		7.78933
4064		23.805		13.3754
4065		25.1999		22.6841
4066		20.3727		31.9981
4067		10.4854		37.9286
4068		-1.88095		38.4359
4069		-13.7619		33.1127
4070		-22.601		22.876
4071		-26.5871		9.46085
4072		-24.6787		-4.93399
4073		-16.6256		-17.7771
4074		-3.19064		-26.3264
4075		13.5222		-28.0412
4076		29.9876		-21.3908
4077		41.797		-6.80817
4078		44.9017		12.7398
4079		37.2054		32.0797
4080		19.8076		45.2164
4081		-2.8013		47.3943
4082		-23.9031		37.021
4083		-36.7639		16.5732
4084		-37.0502		-8.02016
4085		-24.4415		-29.3616
4086		-2.74293		-41.1582
4087		21.5432		-40.3356
4088		41.5617		-27.8635
4089		52.3765		-8.05382
4090		52.2901		13.2374
4091		42.8356		30.6563
4092		27.6816		40.8199
4093		11.1126		42.7762
4094		-3.21748		37.5646
4095		-12.8734		27.3615

 
--------------------------------------


