-2.5587	0
-0.179679	2.25989
1.41472	0.209801
0.0907259	-0.239558
0.83473	0.073079
0.232754	-1.33013
-1.04053	-0.432358
-0.67641	0.188419
-0.767536	0.835568
0.749695	1.48789
1.91665	-0.405131
0.0487662	-2.13462
-2.12896	-0.462058
-0.806012	1.76727
0.997875	1.10441
1.29478	-0.0291341
0.738107	-1.23412
-0.861695	-0.982059
-0.676411	0.315683
-0.148405	0.0551791
-0.607171	0.354295
0.313574	1.16243
1.56644	-0.15952
-0.00374374	-1.76697
-1.67975	-0.136197
-0.288547	1.28181
0.693421	0.431854
0.46747	-0.147335
0.123984	-0.308485
-0.00691588	-0.00469055
0.426345	-0.230777
-0.199991	-0.898131
-1.08989	-0.107768
-0.481794	0.868235
0.410339	0.678238
0.618264	-0.0440571
0.0666843	-0.397904
-0.143636	-0.055756
-0.160677	-0.0908238
-0.298736	0.434466
0.69383	0.465611
0.579807	-0.734998
-0.546111	-0.65678
-0.703144	0.293616
0.14374	0.679689
0.560345	-0.13563
-0.211951	-0.427616
-0.439998	0.319867
0.44441	0.658718
0.937596	-0.553253
-0.563434	-1.0359
-0.845237	0.423193
0.2364	0.482586
0.161856	-0.243712
-0.603428	0.00533491
0.0856866	1.18098
1.61342	-0.226718
-0.486687	-1.62591
-1.26713	0.745797
0.795164	0.810238
0.45895	-0.546471
-0.157412	-0.208806
0.0183164	-0.088472
-0.0507961	-0.196588
-0.217871	-0.138333
-0.230751	0.0561522
-0.166368	0.121579
-0.0751624	0.298015
0.29826	0.180718
0.12597	-0.228339
-0.132825	0.0292351
0.194242	-0.0134548
-0.226829	-0.330577
-0.463733	0.424707
0.463969	0.645206
0.890279	-0.28524
-0.00196351	-1.12745
-1.22228	-0.177552
-0.131792	1.08617
0.766643	-0.0616558
-0.193636	-0.40786
-0.12036	0.114671
-0.122667	-0.086278
-0.240963	0.305751
0.257661	0.322771
0.271007	-0.00444352
0.250767	-0.0746418
0.178954	-0.320696
-0.196871	-0.357005
-0.380772	0.0273213
-0.0417908	0.280153
0.160887	-0.0111352
-0.0877438	-0.109702
-0.116767	0.0568212
-0.144537	0.101419
0.0382558	0.427223
0.543794	-0.0452978
-0.289405	-0.240871
0.489827	0.763784
1.19036	-1.31472
-1.79329	-1.21301
-0.722437	1.75562
1.41708	-0.0250148
-0.622801	-1.09878
-0.887406	0.83462
0.713779	0.626504
0.202922	-0.477911
-0.33819	0.261942
0.543544	0.427741
0.778043	-0.57091
-0.486118	-1.26734
-1.6153	0.468409
0.563052	1.53828
0.989436	-0.694744
-0.792397	-0.238722
0.329468	0.849317
0.871727	-0.51927
-0.430755	-0.819045
-0.630807	0.294209
0.238756	0.311566
-0.0317113	-0.227346
-0.168469	0.254356
0.281897	0.0385797
-0.104064	-0.15327
0.0375703	0.182166
0.151474	-0.226878
-0.398041	-0.0151197
0.177268	0.531353
0.576461	-0.341315
-0.394111	-0.50025
-0.349433	0.298462
0.076384	0.23318
0.227445	0.211878
0.487675	-0.303723
-0.359679	-0.661496
-0.660401	0.313012
0.158717	0.480177
0.199971	0.0531693
0.271435	0.0839462
0.337505	-0.463936
-0.59776	-0.573686
-0.75894	0.625977
0.516005	0.785337
0.580333	-0.297958
-0.0746384	-0.225912
0.0849197	-0.0376723
0.00344317	-0.22571
-0.237816	-0.134053
-0.243736	0.237616
0.2588	0.268774
0.222195	-0.227617
-0.0801406	-0.140286
-0.0271712	-0.146405
-0.355005	-0.125791
-0.279503	0.485517
0.539561	0.346124
0.271516	-0.52824
-0.436454	-0.102397
0.0550082	0.252546
0.0144508	-0.139346
-0.16981	0.191243
0.278896	0.174262
0.123198	-0.219462
-0.0671429	0.0205716
0.195451	-0.0567965
-0.0237881	-0.241954
-0.0539987	-0.22042
-0.603092	-0.282465
-0.541837	0.949977
1.08822	0.564582
0.395025	-0.962388
-0.675937	-0.2095
-0.132497	0.414967
0.303491	0.143828
0.146445	-0.310083
-0.295966	-0.0840259
0.0191956	0.164868
-0.0344074	-0.103552
-0.128358	0.160017
0.126203	0.0883475
0.00375472	0.0129309
0.127892	0.0935215
0.174037	-0.14125
-0.076052	-0.224522
-0.252253	-0.00685361
-0.085804	0.275533
0.307244	0.177186
0.275728	-0.341606
-0.352673	-0.32771
-0.280805	0.311097
0.212541	0.155352
0.0492991	-0.0920362
-0.0036012	-0.0576253
-0.18169	-0.01977
0.013227	0.323296
0.376317	-0.0682703
-0.116858	-0.325698
-0.251032	0.153727
0.192027	0.231728
0.259103	-0.243836
-0.297277	-0.253753
-0.16733	0.308692
0.228807	0.0505875
0.00755501	-0.0528324
0.152132	-0.085686
-0.223756	-0.279665
-0.256562	0.31201
0.293851	0.0943345
-0.120004	-0.200545
-0.0976785	0.280076
0.319772	0.0228166
-0.0144535	-0.241003
-0.0994846	-0.00312763
-0.0943613	-0.0358772
-0.119358	0.224675
0.290494	0.138774
0.104653	-0.205038
-0.0116681	-0.0364254
0.0473505	-0.118866
-0.0392327	-0.136406
-0.225599	-0.220448
-0.463556	0.295426
0.30201	0.4993
0.302272	-0.212166
-0.0633838	-0.00953338
0.216098	-0.0312287
0.0279378	-0.30575
-0.289174	-0.223544
-0.424862	0.222794
0.137959	0.506728
0.455828	-0.0470568
0.0336266	-0.352782
-0.268109	-0.089141
-0.128053	0.201119
0.118687	0.178892
0.25341	-0.024541
0.0309217	-0.319863
-0.324661	-0.00310057
0.0987946	0.241993
0.0952434	-0.214806
-0.276521	0.0706989
0.227031	0.251965
0.167024	-0.363304
-0.46051	-0.0904597
-0.0841314	0.478174
0.378114	0.148082
0.208455	-0.164735
0.0936703	-0.168581
0.0144289	-0.285352
-0.317601	-0.2917
-0.551669	0.188282
0.00221796	0.687892
0.65651	0.107225
0.096965	-0.49501
-0.300684	-0.0526617
-0.0946342	0.179969
0.189944	0.248811
0.426464	-0.305872
-0.443024	-0.527496
-0.536618	0.522495
0.527394	0.505573
0.467389	-0.497785
-0.471207	-0.403583
-0.294552	0.434901
0.346263	0.167277
0.0702095	-0.200357
-0.0623526	-0.0155883
0.026312	0.0166994
0.082426	-0.0730292
-0.0927939	-0.190044
-0.248462	0.0397058
-0.0793556	0.226859
0.162216	0.190716
0.21539	-0.0951753
-0.020762	-0.13979
-0.0210694	-0.084901
-0.199583	-0.0704316
-0.103931	0.239534
0.125545	0.0886002
0.0426328	0.131666
0.415209	0.0215475
0.0874602	-0.576978
-0.539431	-0.131191
-0.140848	0.339546
0.0885903	0.134768
0.148638	0.10706
0.202008	-0.198586
-0.257354	-0.220259
-0.228699	0.270031
0.198762	0.292175
0.423242	-0.0580269
0.0937871	-0.556454
-0.584566	-0.203721
-0.26859	0.447827
0.199282	0.325963
0.398451	0.0289871
0.137368	-0.455848
-0.444029	-0.138978
-0.129565	0.348329
0.213372	0.184115
0.285682	-0.0955302
-0.010667	-0.346682
-0.292485	-0.0576069
-0.109176	0.134271
-0.0248142	0.113953
0.0579582	0.062162
-0.0578116	0.0155116
0.0363928	0.235209
0.310623	0.0152607
0.0786439	-0.213699
-0.0342793	-0.0718996
0.0212187	-0.0718112
-0.0478957	-0.13496
-0.191153	-0.0105527
0.0283162	0.173092
0.12435	-0.184636
-0.348553	-0.0859714
-0.0530299	0.394542
0.293272	-0.00349322
-0.0877513	-0.119732
0.0179173	0.167866
0.211316	-0.0485195
0.0307745	-0.216278
-0.200481	-0.155808
-0.227767	0.169254
0.110117	0.178429
0.0324654	-0.021463
0.0660754	0.0968702
0.0958437	-0.109728
-0.0971695	0.049433
0.238586	0.0630419
0.0610536	-0.346278
-0.327613	-0.122781
-0.242419	0.238449
0.162703	0.391311
0.53723	-0.13194
-0.115277	-0.651621
-0.710104	0.0713579
-0.00488013	0.696107
0.608716	0.0836029
0.13377	-0.471507
-0.335878	-0.150493
-0.156265	0.263977
0.28446	0.179378
0.225855	-0.352318
-0.367373	-0.269806
-0.277917	0.258118
0.0547483	0.246156
0.201633	0.131852
0.20761	-0.160918
-0.102734	-0.16402
-0.0555468	0.00772984
-0.0765483	-0.0620655
-0.151792	0.0469191
-0.146929	0.178044
0.114352	0.412107
0.563208	0.0196108
0.158306	-0.482362
-0.224176	-0.250546
-0.303215	-0.0421778
-0.183552	0.341587
0.341834	0.189577
0.132548	-0.245572
-0.0549816	-0.0770094
-0.0406214	-0.121184
-0.155197	0.0185787
0.0120037	0.0347725
-0.112953	-0.0220902
-0.0327475	0.140036
0.0112713	0.0183421
-0.0277051	0.178121
0.296964	0.0811765
0.112118	-0.280361
-0.159656	-0.120324
-0.13627	0.0214868
-0.0587004	0.178781
0.216491	0.0652503
0.0428298	-0.188265
-0.0749778	-0.04346
-0.0608364	-0.054919
-0.0903194	0.0216513
-0.139753	-0.0204735
-0.215315	0.389395
0.588773	0.370588
0.406012	-0.603855
-0.430766	-0.339393
-0.253069	0.208226
0.0937298	0.221347
0.263292	-0.121417
-0.182517	-0.340698
-0.387966	0.143855
-0.0217504	0.356797
0.252152	0.223309
0.352967	-0.12836
-0.0408296	-0.37832
-0.333813	-0.00104045
-0.0276205	0.249413
0.120089	0.0581315
0.0695918	0.0518168
0.213094	-0.0260194
0.0674677	-0.28654
-0.243637	-0.152524
-0.165098	0.137004
0.054344	0.0935779
-0.0103467	-0.0443721
-0.0872974	0.0758479
0.0691595	0.125983
0.116293	-0.0144539
0.0306625	-0.053299
0.0343857	-0.0169525
0.0704651	-0.104866
-0.122559	-0.208122
-0.340839	0.0733643
-0.0248632	0.39672
0.323693	0.123758
0.165944	-0.139239
0.0553101	-0.122032
-0.0174092	-0.136489
-0.0603682	-0.078968
-0.101944	-0.094271
-0.195408	0.0361495
-0.0777845	0.175194
0.0761527	0.176868
0.214736	0.0114196
0.0375663	-0.177611
-0.0804757	-0.0102517
0.0515243	-0.0388837
-0.126205	-0.145112
-0.252925	0.131518
0.0450113	0.310528
0.244106	0.0811056
0.157904	-0.054734
0.148672	-0.124961
0.000319641	-0.223192
-0.112849	-0.141096
-0.232021	-0.099214
-0.259149	0.267898
0.280715	0.268226
0.152536	-0.283557
-0.258923	-0.0214222
0.0360244	0.202986
0.15443	-0.017412
0.0154024	-0.155858
-0.1948	-0.010684
0.0238323	0.208442
0.153028	-0.0355118
0.0188561	-0.0508118
0.0420713	-0.129075
-0.230702	-0.100191
-0.146679	0.248932
0.158565	0.215594
0.313661	-0.0105813
0.107716	-0.415824
-0.479794	-0.149886
-0.147496	0.46326
0.349895	0.166992
0.237527	-0.176192
-0.021838	-0.33071
-0.400979	-0.0489838
-0.0424538	0.423298
0.390672	0.0214351
0.0329548	-0.303608
-0.182337	-0.0572521
-0.0341796	0.0719045
0.00610478	-0.0657167
-0.202396	0.0310975
0.080773	0.293798
0.275069	-0.138913
-0.138339	-0.136248
0.0799641	0.0241797
-0.162864	-0.30179
-0.45261	0.302873
0.301757	0.474405
0.35428	-0.171389
-0.00836366	-0.140617
0.0747243	-0.0927033
-0.106349	-0.207537
-0.228457	0.0817036
0.100517	0.167216
0.077007	-0.220151
-0.431563	0.00204615
0.0526283	0.658601
0.804461	-0.0709931
-0.0584592	-0.813201
-0.697514	0.0188592
-0.0408116	0.514891
0.322015	0.104816
0.143652	-0.149523
-0.00838948	-0.12901
-0.0706203	-0.0940315
-0.150621	0.0338961
0.0949337	0.162589
0.14354	-0.259017
-0.43181	-0.11312
-0.0880064	0.492458
0.404505	0.077573
0.0823583	-0.249961
-0.151537	-0.0933869
-0.0970061	0.164626
0.240627	0.0852531
0.0586548	-0.27827
-0.200104	-0.0133153
0.0696604	-0.00480339
-0.280425	-0.206393
-0.373683	0.530431
0.665736	0.50119
0.519336	-0.660377
-0.574479	-0.423245
-0.283055	0.507193
0.50709	0.182786
0.147249	-0.527421
-0.480809	-0.129899
-0.0705314	0.34053
0.17768	-0.037869
-0.138462	-0.0933693
-0.123407	0.162282
0.0884678	0.216844
0.296413	0.0438114
0.174911	-0.321705
-0.296066	-0.268071
-0.315249	0.237704
0.162891	0.315083
0.262748	-0.0875616
-0.0236772	-0.166582
-0.0647023	-0.030706
-0.085385	0.0119323
0.0418885	0.136537
0.161693	-0.136339
-0.228625	-0.145801
-0.107698	0.243452
0.149876	0.090123
0.120324	0.0113139
0.153802	-0.183127
-0.232292	-0.210218
-0.1797	0.225858
0.15318	0.11649
0.0761786	-0.0351733
0.096383	-0.0736521
-0.0837904	-0.218898
-0.320792	0.0704689
0.015014	0.390122
0.412622	0.0695498
0.141815	-0.38695
-0.334025	-0.154726
-0.0878661	0.27914
0.226483	-0.0349914
-0.158669	-0.164103
-0.0949358	0.227987
0.214474	0.0448055
0.0275873	-0.128724
-0.0204844	-0.0169496
0.0244709	-0.0368153
0.0172395	-0.0890265
-0.119666	-0.184106
-0.384449	0.0721487
-0.0316615	0.491318
0.414872	0.124011
0.154281	-0.185678
0.0419327	-0.119637
-0.0458811	-0.100313
0.0410958	-0.0350486
-0.0834582	-0.228861
-0.250742	0.0531371
-0.0806775	0.027859
-0.313144	0.292908
0.516759	0.554982
0.568034	-0.678284
-0.719601	-0.384902
-0.137089	0.606612
0.350155	-0.0496091
-0.111655	-0.0367845
0.187102	0.0520781
-0.0740313	-0.209636
-0.0599662	0.182036
0.191762	-0.0891028
-0.0537131	-0.0631925
0.181041	-0.203649
-0.540855	-0.453089
-0.627143	0.758524
0.759842	0.60563
0.394593	-0.605525
-0.437167	-0.117027
0.0716235	0.361723
0.394892	-0.100301
-0.0204158	-0.478421
-0.528229	-0.0654684
-0.0999251	0.48239
0.342246	0.0952752
0.084091	-0.18595
-0.122064	-0.0716663
-0.0449317	0.198431
0.348541	0.0135329
0.0188208	-0.443022
-0.4068	-0.0855517
-0.165342	0.283917
0.18486	0.148665
-0.0403557	-0.177831
-0.236884	0.352148
0.628655	0.284998
0.269849	-0.728231
-0.635744	-0.195831
-0.0998257	0.449583
0.277437	0.0116193
-0.0638848	-0.164162
-0.108818	0.137623
0.216753	0.108234
0.155323	-0.2939
-0.355123	-0.213693
-0.233732	0.39671
0.426872	0.205344
0.172583	-0.443832
-0.417054	-0.178253
-0.204983	0.305956
0.108471	0.191837
0.109863	0.112572
0.261986	-0.00171661
0.0664558	-0.278198
-0.170941	-0.084053
-0.108543	0.00430465
-0.14715	0.193079
0.313908	0.229817
0.222855	-0.385451
-0.348837	-0.142475
-0.0369552	0.23269
0.118603	-0.0385648
-0.0563169	-0.0568372
-0.0310211	0.0277677
-0.016827	0.00131193
-0.0411411	0.0523836
0.0594363	0.0755391
0.0911264	-0.0161349
0.0863102	-0.10153
-0.118372	-0.212539
-0.283249	0.129818
0.115155	0.227123
0.0412363	-0.0697504
-0.00645857	0.199585
0.391682	-0.0570002
-0.0986436	-0.464268
-0.411328	0.0899261
0.0174325	0.28581
0.167048	0.0863293
0.15411	-0.115881
-0.141507	-0.145905
-0.0951204	0.2054
0.257002	0.0737107
0.103919	-0.26291
-0.206381	-0.116304
-0.0119974	0.0811117
-0.0912549	-0.224552
-0.475682	0.241634
0.281705	0.563578
0.393488	-0.175833
0.0170784	-0.0446195
0.276979	-0.188121
-0.270671	-0.392158
-0.280992	0.287552
0.312035	0.0824515
-0.0294577	-0.390858
-0.502889	-0.0232871
-0.191355	0.580085
0.564138	0.368074
0.477013	-0.454611
-0.314309	-0.503419
-0.468214	0.223889
0.217383	0.393747
0.297425	-0.255011
-0.260565	-0.202517
-0.132588	0.185612
0.0368739	0.0844996
0.0180245	0.147944
0.331028	0.104962
0.261437	-0.475915
-0.541223	-0.362323
-0.327881	0.503767
0.394958	0.171659
-0.0026953	-0.293864
-0.262982	0.0940716
0.0865165	0.289369
0.298481	-0.0380737
-0.00304345	-0.227486
-0.0790314	-0.017145
-0.0479011	-0.0936968
-0.238608	0.0870854
0.09372	0.331036
0.360902	-0.031772
0.0831829	-0.319045
-0.210285	-0.186107
-0.211064	0.0720806
-0.0369217	0.14005
0.0133926	0.0755552
0.0463556	0.0976823
0.130934	0.0159356
0.0740531	-0.0646646
0.0699104	-0.101099
-0.0735017	-0.204705
-0.276333	-0.0264238
-0.183546	0.263208
0.185291	0.329619
0.373062	-0.0758919
0.0319239	-0.271559
-0.0791583	-0.0958874
-0.0772924	-0.0911651
-0.162809	-0.00500768
-0.0478848	0.153084
0.133879	-0.0610518
-0.317213	-0.145305
-0.163839	0.56869
0.640501	0.153523
0.122808	-0.49105
-0.239658	-0.109411
-0.119276	0.0547609
0.0302481	0.108444
0.0308771	-0.145789
-0.297138	0.119907
0.330198	0.353291
0.233152	-0.598756
-0.910274	0.022338
0.258974	1.17881
1.26588	-0.332581
-0.2442	-1.0949
-0.741933	0.137223
0.148279	0.385456
0.159162	-0.274004
-0.395328	-0.0637442
-0.0157926	0.413768
0.33679	-0.0453606
-0.111586	-0.23494
-0.151841	0.141895
0.114128	0.0798296
0.00703326	-0.0408089
0.0452681	0.0453502
0.0422733	-0.11291
-0.151709	0.0264386
0.139394	0.178009
0.214347	-0.263605
-0.364069	-0.25572
-0.263936	0.400837
0.345168	0.207481
0.10487	-0.216098
-0.0885707	-0.0149105
0.0223014	0.0407753
0.0832814	-0.0268168
-0.0530942	-0.146011
-0.140397	0.12662
0.215979	0.0339672
-0.131584	-0.270084
-0.274834	0.283156
0.369943	0.26486
0.279109	-0.383319
-0.339357	-0.30859
-0.291396	0.251828
0.12507	0.166028
-0.0588766	0.0283561
0.170402	0.283634
0.379719	-0.249996
-0.24101	-0.291419
-0.0764347	0.166041
0.0770174	-0.166544
-0.404955	-0.012452
0.0231521	0.678959
0.989887	-0.0422053
-0.0487361	-1.21689
-1.19457	0.0369093
0.00764646	0.885162
0.44593	0.0266026
0.0579956	-0.105777
0.0165827	-0.0936622
-0.136314	0.0308514
0.128399	0.15637
0.104113	-0.202378
-0.251013	0.0321009
0.186647	0.288745
0.296936	-0.259921
-0.212055	-0.238659
-0.113269	0.101849
0.0235991	-0.0204606
-0.0894857	-0.0185407
-0.0613325	0.0732576
0.0111191	0.114251
0.158746	0.0596282
0.150434	-0.171315
-0.110803	-0.283427
-0.415709	-0.0328542
-0.188624	0.435654
0.259517	0.242313
0.14193	0.0664586
0.368565	0.0477511
0.204133	-0.462202
-0.288924	-0.246547
-0.17036	-0.0350924
-0.296123	0.0103688
-0.188228	0.324626
0.0954214	0.359156
0.419706	0.274567
0.607121	-0.326441
-0.121151	-0.758783
-0.684943	-0.103189
-0.27676	0.445487
0.148088	0.371403
0.364728	0.12182
0.310842	-0.242685
-0.0516741	-0.355129
-0.186288	-0.10923
-0.189748	-0.181622
-0.605354	0.243065
0.335595	0.900534
0.961293	-0.444737
-0.502044	-0.777064
-0.413606	0.481994
0.358766	0.0568073
-0.0411194	-0.0519181
0.401393	-0.134771
-0.192611	-0.667474
-0.469783	-0.123905
-0.0378716	0.339419
1.66007	-2.13562
-7.23862	-5.33496
-10.2369	13.5252
17.305	13.4701
12.7157	-15.9657
-10.3988	-8.37964
-3.21473	4.18001
0.395266	-0.149908
-1.12364	0.537727
0.184252	0.814431
0.395033	0.033837
-0.0764499	-0.17381
0.0362458	0.0542173
-0.282802	-0.256283
-0.293012	0.677782
0.850668	0.0922631
-0.151044	-0.766182
-0.553577	0.234782
0.160054	0.351536
0.24641	-0.0784065
-0.114487	-0.250755
-0.299709	0.271024
0.454495	0.312786
0.281234	-0.553586
-0.511789	-0.271408
-0.334957	0.357836
0.176939	0.435022
0.466366	-0.0480211
0.00189823	-0.340065
-0.0597227	0.000974882
0.0092482	-0.263842
-0.478885	0.00674398
0.0423258	0.504425
0.393264	-0.0807706
-0.129498	-0.277365
-0.244961	0.21745
0.346161	0.275193
0.288003	-0.458887
-0.479231	-0.239314
-0.157801	0.378563
0.193836	0.100639
0.0909067	0.0115097
0.183209	-0.102706
-0.0995383	-0.27855
-0.266523	0.0768615
0.0610605	0.146939
-0.0392949	-0.0695919
-0.0836975	0.231582
0.379141	0.0698999
0.0249853	-0.449986
-0.430026	0.0125849
0.00307236	0.331435
0.194985	0.0456897
0.0775694	-0.0647016
0.0434104	-0.0455601
0.0227795	-0.136344
-0.207412	-0.0226541
0.142268	0.221904
0.15295	-0.44933
-0.735615	-0.0260557
0.087564	0.812979
0.624458	-0.129821
-0.106228	-0.286972
0.0225493	0.0753677
0.0888762	-0.213248
-0.310131	-0.142444
-0.184734	0.36443
0.373213	0.172315
0.113835	-0.300758
-0.154871	-0.0596416
-0.0510264	0.0103848
-0.050211	0.0848763
0.128104	0.00780165
-0.0857635	-0.156549
-0.167876	0.161556
0.190323	0.159024
0.110429	-0.196113
-0.226092	-0.00931814
0.11508	0.305967
0.415556	-0.196808
-0.183547	-0.504021
-0.530944	0.0801071
-0.0573479	0.491005
0.396621	0.162296
0.194016	-0.248079
-0.0427754	-0.152554
-0.0774886	-0.18015
-0.329001	0.0287198
0.0484424	0.325737
0.190384	-0.129367
-0.221482	-0.0405642
0.010557	0.271212
0.252807	0.0437349
0.108713	-0.171619
-0.0564755	-0.0931749
-0.00597708	-0.046804
-0.0948789	-0.0508996
0.0122392	0.0780461
0.0243854	-0.164153
-0.247018	0.0411893
0.131736	0.100033
-0.283085	-0.268129
-0.414672	0.71494
0.953742	0.475091
0.37583	-0.901832
-0.669343	-0.147291
0.0906756	0.445175
0.323382	-0.221289
-0.207418	-0.265782
-0.206288	0.10027
0.00177675	0.142525
0.110007	-0.0117041
-0.168232	-0.104668
-0.0762571	0.406729
0.585575	-0.000920236
-0.0847467	-0.584516
-0.397815	0.110708
0.0649666	0.134229
-0.0726925	0.00520492
0.045469	0.154915
0.129292	-0.0402295
-0.00495463	-0.0566752
0.00596799	-0.0484299
-0.126466	-0.0308159
-0.02452	0.239122
0.377183	0.0176279
0.0375312	-0.503571
-0.564934	-0.0795124
-0.10374	0.518588
0.360985	0.0674797
-0.0339822	-0.138753
0.069069	0.155286
0.229382	-0.190715
-0.200939	-0.213491
-0.118386	0.134172
0.0585455	0.00143135
-0.0713599	-0.0262651
-0.0408154	0.0693926
0.0169525	0.0700286
0.0866036	0.0286798
0.0264641	-0.0889537
-0.0863772	0.0129662
0.0414442	0.0819861
0.081356	-0.028287
-0.000876106	-0.103949
-0.162668	0.0212367
0.11515	0.230892
0.252225	-0.230189
-0.276519	-0.198638
-0.11027	0.213081
0.0857906	0.0622967
0.0912741	0.0240202
0.0816656	-0.160269
-0.193401	-0.122727
-0.20158	0.138153
0.00209396	0.328597
0.457573	0.152607
0.24623	-0.52243
-0.481957	-0.231722
-0.128077	0.342106
0.150058	0.00461888
-0.0784247	0.0324203
0.158025	0.116931
0.147207	-0.202715
-0.154029	-0.188208
-0.214102	0.00966326
-0.195862	0.192646
0.141232	0.37242
0.413753	-0.12655
-0.199254	-0.279474
-0.0379834	0.333333
0.43925	-0.179233
-0.266759	-0.441075
-0.340058	0.198851
0.026349	0.203655
0.0977326	0.152444
0.233074	-0.0337187
0.022101	-0.16517
5.16847e-05	-0.0984169
-0.18459	-0.13812
-0.154417	0.241139
0.234645	0.0620695
-0.0516129	-0.160686
-0.041649	0.125308
0.168147	-0.0879862
-0.194491	-0.209513
-0.241647	0.254296
0.262884	0.237297
0.20593	-0.23766
-0.205601	-0.19577
-0.231667	0.179722
0.146453	0.275099
0.264912	-0.0822713
0.0124675	-0.188122
-0.0912528	-0.0993505
-0.12874	0.0223774
-0.0184765	0.0842148
-0.00112322	0.0607232
0.108764	0.0732191
0.0997852	-0.128071
-0.0907341	-0.0854374
-0.051584	0.0196609
-0.0278013	0.00997437
-0.040956	0.0176988
-0.0320796	0.0980368
0.140269	0.0831704
0.122666	-0.141913
-0.101579	-0.166701
-0.225672	0.0527669
0.0364264	0.281747
0.304768	-0.061079
-0.0969006	-0.281453
-0.224916	0.112185
0.106738	0.162945
0.121084	-0.101067
-0.101468	-0.108165
-0.109486	0.0938035
0.0738505	0.100029
0.0747444	-0.0646828
-0.0879716	-0.0603817
-0.08199	0.124616
0.121283	0.117791
0.107788	-0.0429842
0.0841174	-0.0213438
0.0944087	-0.182967
-0.179277	-0.150627
-0.100234	0.0581819
-0.114065	-0.0248213
-0.153005	0.224994
0.195178	0.229912
0.235001	-0.0423409
0.13534	-0.171634
-0.067731	-0.248948
-0.289478	-0.0215392
-0.0421671	0.304837
0.320877	-0.0118321
-0.0880483	-0.309457
-0.238576	0.121471
0.0875327	0.130364
0.0479154	-0.00904743
0.0763482	-0.0289341
-0.0488885	-0.143287
-0.180419	0.0522309
0.00883691	0.183967
0.158216	0.0639846
0.124206	-0.117312
-0.0818226	-0.139971
-0.107253	0.0733418
0.106486	0.0464094
-0.0111871	-0.173288
-0.232518	0.0360915
0.00971137	0.229833
0.145095	0.0691677
0.179734	-0.0180122
0.0859114	-0.28214
-0.333968	-0.136683
-0.156767	0.313804
0.234459	0.176147
0.188576	-0.13493
-0.0583475	-0.168599
-0.123149	0.0315983
0.0556708	0.10064
0.135867	-0.107746
-0.153776	-0.197302
-0.207241	0.16625
0.135433	0.119782
-0.0257884	-0.066519
0.0294013	0.131001
0.117253	-0.135981
-0.224263	0.0118409
0.170217	0.254891
0.200427	-0.246732
-0.18208	-0.0723434
0.0751814	0.0162952
-0.131788	-0.174225
-0.184564	0.150394
0.0252412	0.116681
0.0224119	0.145612
0.233841	0.035333
0.012431	-0.188833
-0.0723878	0.0988707
0.26445	-0.00587409
0.0183618	-0.415539
-0.47476	-0.128476
-0.262008	0.3973
0.201417	0.362039
0.399385	0.0409016
0.250142	-0.371401
-0.300085	-0.383172
-0.44029	0.225686
0.181704	0.441961
0.407811	-0.16799
-0.15757	-0.352913
-0.288084	0.135127
0.116318	0.214002
0.121942	-0.115715
-0.10431	-0.0128915
0.0831601	0.0241534
-0.141125	-0.119227
-0.0740638	0.321852
0.407512	-0.0170818
-0.0828539	-0.343097
-0.177357	0.074671
0.00801678	0.0172673
-0.0582102	0.0553258
0.0663791	0.0426714
-0.0185264	-0.0300446
0.0106356	0.0737618
0.0921447	-0.0244121
-0.0186753	-0.0677471
-0.0173718	0.0174866
0.0250768	-0.0254559
-0.0297989	-0.0236318
-0.00603586	-0.00566748
-0.0441905	-0.00269231
0.0342965	0.037867
-0.0297874	-0.126889
-0.243157	0.126282
0.194973	0.327391
0.327988	-0.197235
-0.133512	-0.219628
-0.0205955	0.0317678
-0.0762934	-0.203369
-0.367867	0.168109
0.229004	0.423159
0.38581	-0.247771
-0.217704	-0.315259
-0.260819	0.143127
0.045343	0.233288
0.217413	0.0410187
0.085877	-0.194606
-0.151677	-0.0858066
-0.0680696	0.086191
0.0190181	0.0653215
0.0804773	0.00536479
-0.0498693	-0.0787108
-0.0214933	0.174164
0.306899	-0.0868228
-0.189691	-0.379847
-0.362242	0.224772
0.185872	0.268089
0.13221	-0.13461
-0.140723	0.0105349
0.127473	0.208428
0.270721	-0.186376
-0.165732	-0.262809
-0.193229	0.0718639
-0.0557021	0.130713
0.124303	0.161376
0.204825	-0.151775
-0.15073	-0.183437
-0.126006	0.0868336
-0.0161694	0.0620916
-0.0019547	0.0991789
0.105914	0.0728131
0.137397	-0.014155
0.139328	-0.151246
-0.0732512	-0.260729
-0.25819	-0.0832391
-0.239655	0.126066
-0.0387263	0.301736
0.228623	0.126565
0.11871	-0.0625414
0.102334	-0.0823375
-0.0678962	-0.183279
-0.158497	0.0450967
-0.0405862	0.0721391
-0.00506809	0.172917
0.263613	0.0303517
0.0162956	-0.24997
-0.168298	-0.00836072
-0.034276	0.115845
0.152397	0.0749576
0.0844433	-0.252671
-0.345822	-0.0359711
0.0518826	0.382224
0.359699	-0.129696
-0.153721	-0.302227
-0.228781	0.113663
0.0363795	0.142598
0.0420294	0.0323856
0.0580764	0.0631369
0.146086	-0.0430475
-0.0281425	-0.174858
-0.135342	0.0611241
0.150525	0.0485948
-0.0342757	-0.245253
-0.267842	0.0628838
0.0261485	0.181963
0.0335384	0.0332932
0.0497634	0.0814537
0.100151	0.00697197
0.0966589	-0.0472806
-0.00479348	-0.135682
-0.0674956	0.0282993
0.0970781	-0.087088
-0.244232	-0.143658
-0.122147	0.318746
0.278409	0.0425017
-0.0527068	-0.153811
-0.00723625	0.13061
0.183678	-0.11146
-0.191156	-0.212223
-0.202104	0.248449
0.288336	0.127294
-0.0195168	-0.278308
-0.172972	0.197168
0.325114	-0.0290377
-0.260695	-0.336106
-0.227383	0.430297
0.490495	0.0584614
-0.100786	-0.462275
-0.401053	0.214697
0.279596	0.354172
0.346694	-0.299146
-0.281304	-0.381019
-0.429529	0.253138
0.251475	0.437318
0.357445	-0.281253
-0.291637	-0.194589
-0.00789031	0.213644
0.0317232	-0.133542
-0.196075	0.18479
0.327673	0.190048
0.150557	-0.333399
-0.229707	-0.115542
-0.10647	0.107186
0.0444361	0.113336
0.102622	-0.0530732
-0.087143	-0.0545041
0.00781569	0.0995635
0.0837257	-0.0382532
-0.0191715	-0.0604494
-0.0384916	-0.0194804
-0.0351833	0.0084098
-0.0212404	0.0115361
-0.0472743	0.00568232
-0.0893727	0.142116
0.271436	0.220953
0.27514	-0.397369
-0.447657	-0.164374
0.0807093	0.37611
0.219087	-0.327882
-0.454112	-0.0766636
-0.0303915	0.438006
0.352655	0.0794706
0.151373	-0.285804
-0.269714	-0.164935
-0.0862746	0.269216
0.220978	-0.0563782
-0.193886	-0.0921606
0.0803258	0.255125
0.206789	-0.206225
-0.213389	-0.074639
0.0710085	0.113507
-0.00789263	-0.160658
-0.168904	0.0710721
0.066552	0.120446
0.056763	-0.040794
-0.0350918	0.000970066
0.0555939	0.0547679
0.0899139	-0.106571
-0.132155	-0.139765
-0.203307	0.111559
0.0644931	0.258957
0.273195	-0.0528669
-0.126564	-0.233015
-0.160686	0.266138
0.390363	0.0916663
0.0432227	-0.426033
-0.363365	-0.0104042
0.0105041	0.239338
0.0831282	-0.00573683
0.0390379	0.0980136
0.278402	-0.105568
-0.137562	-0.390079
-0.370387	0.0825333
-0.0542257	0.233893
0.0738621	0.201912
0.279835	0.0214265
0.044144	-0.267224
-0.218822	-0.0488806
-0.0720807	0.20892
0.257156	0.0932815
0.0801646	-0.309298
-0.294138	-0.0480899
-0.0503635	0.200724
0.0943143	0.110343
0.182618	-0.0492377
-0.0686111	-0.19351
-0.115909	0.0818723
0.0259249	-0.00130355
-0.0734947	0.0828522
0.168093	0.0460453
-0.0689557	-0.176546
-0.124637	0.204082
0.282283	0.0628093
0.0149855	-0.268697
-0.194199	0.0314779
0.0855498	0.127479
0.113385	-0.121092
-0.0899998	-0.134483
-0.135426	-0.0377856
-0.240715	0.0817173
-0.0134369	0.438307
0.522585	0.116794
0.211166	-0.426709
-0.18784	-0.293013
-0.347894	-0.063444
-0.201143	0.352186
0.304029	0.206552
0.170995	-0.234995
-0.177696	-0.19215
-0.271908	0.130827
0.0722111	0.320993
0.258977	-0.00455844
0.0301991	-0.100833
0.0550617	0.00627981
0.0979988	-0.115574
-0.065265	-0.17765
-0.181794	-0.0395579
-0.131759	0.0999262
-0.0269307	0.180032
0.185901	0.145979
0.228575	-0.157994
-0.105254	-0.277759
-0.313134	0.0486602
0.0177761	0.349956
0.385151	-0.0235739
-0.0439408	-0.39827
-0.368398	0.0504261
0.0463243	0.294344
0.19897	-0.0610172
-0.0999258	-0.113356
-0.0577045	0.11613
0.0525705	0.0354128
0.0366042	0.0852946
0.214525	-0.0401168
-0.0186168	-0.245055
-0.164226	-0.0425162
-0.125693	0.0458509
-0.0233877	0.191712
0.220642	0.0216048
-0.00132279	-0.23547
-0.270486	-0.0167252
-0.0911167	0.316729
0.316706	0.185817
0.254919	-0.225405
-0.0684549	-0.280757
-0.273811	-0.0745342
-0.144651	0.245291
0.189689	0.15171
0.146833	-0.0978421
0.0171379	-0.159285
-0.169763	-0.115872
-0.161564	0.141111
0.0641649	0.152525
0.119785	0.0302623
0.0998854	-0.0891411
-0.0526304	-0.127279
-0.129211	-0.0109159
-0.0870274	0.132884
0.145197	0.114828
0.0451498	-0.148016
-0.124706	0.0896265
0.183521	0.0869675
0.0688093	-0.15307
-0.0238388	-0.0928325
-0.147286	-0.0926712
-0.112058	0.197601
0.214283	0.0574995
0.0238268	-0.187277
-0.124601	-0.073803
-0.181448	0.0518803
0.0105595	0.268206
0.27462	-0.0343899
-0.109729	-0.195131
-0.066626	0.164692
0.118515	-0.0571608
-0.129153	0.0439235
0.246858	0.132281
0.0904783	-0.379672
-0.386077	-0.049686
-0.0434509	0.306763
0.240089	0.0803735
0.158331	-0.256214
-0.336441	-0.269105
-0.378334	0.387737
0.321911	0.421971
0.354051	-0.134181
0.0861202	-0.203411
-0.062107	-0.221798
-0.213056	0.00444029
0.0276541	0.0919199
-0.0536701	-0.0813058
-0.138042	0.147731
0.172396	0.209614
0.294054	-0.165056
-0.176145	-0.336836
-0.26903	0.222312
0.272352	0.0812267
-0.154896	-0.277527
-0.217712	0.340879
0.420174	0.118625
0.0252564	-0.396632
-0.303532	0.0374371
0.0762463	0.170559
0.0202245	-0.109329
-0.143339	0.117242
0.198776	0.17169
0.187188	-0.184818
-0.0647027	-0.18857
-0.174779	-0.129497
-0.331889	0.138219
0.0680556	0.470806
0.50216	0.0378475
0.162937	-0.431229
-0.309059	-0.273819
-0.335556	0.201347
0.147106	0.330982
0.269062	-0.137377
-0.131721	-0.175915
-0.0778313	0.0969797
0.0330156	-0.00773847
-0.0692559	0.034005
0.0771319	0.0976203
0.092723	-0.086516
-0.0692552	-0.0743557
-0.0801523	0.0396324
0.010033	0.141864
0.254095	0.0146135
0.0383577	-0.364684
-0.404227	-0.0698496
-0.113486	0.337407
0.192549	0.162504
0.199827	-0.0406272
0.0572175	-0.206425
-0.171441	-0.084613
-0.0611936	0.0973313
-0.00237173	0.0118416
-0.0488448	0.107436
0.190779	0.109072
0.15165	-0.218256
-0.162942	-0.161637
-0.140761	0.0348662
-0.103201	0.11004
0.0952596	0.16693
0.116503	-0.106422
-0.127559	0.00368145
0.0988235	0.126649
0.079845	-0.103955
-0.0321056	0.00972625
0.11461	-0.0524218
-0.0970868	-0.202077
-0.250942	0.0920548
0.0523936	0.257269
0.233776	0.00516285
0.0572996	-0.203806
-0.18395	-0.0641922
0.00674339	0.164301
0.112548	-0.137182
-0.252639	-0.00891238
0.123488	0.279293
0.210634	-0.231391
-0.274447	-0.113538
-0.0672964	0.2485
0.17059	0.0964966
0.156503	-0.0611217
0.0474703	-0.17624
-0.119326	-0.101868
-0.0589202	0.0170935
-0.0544928	-0.0624049
-0.174351	0.0429479
-0.0246057	0.183987
0.0698687	0.0596676
0.000354618	0.10214
0.232103	0.117976
0.191844	-0.254392
-0.171243	-0.15519
-0.0479398	0.0418983
-0.0572808	-0.0285807
-0.0189191	0.0793302
0.0318733	-0.0361706
-0.0575093	0.0374244
0.08011	0.021246
-0.0198705	-0.0738695
-0.0224676	0.00677991
-0.0513766	-0.0514671
-0.106845	0.0873866
0.0580691	0.0943902
-0.0105224	-0.00164154
-0.00252448	0.179158
0.340994	0.100593
0.242607	-0.428697
-0.413884	-0.326171
-0.289467	0.309922
0.155924	0.158542
0.0148539	-0.000332315
0.115304	0.0745093
0.0966052	-0.172611
-0.181677	-0.079547
-0.0566461	0.170065
0.165908	0.0442197
0.0401209	-0.184739
-0.220227	-0.0325755
-0.0151629	0.244026
0.225819	0.00383661
0.0367113	-0.164374
-0.0955242	-0.141465
-0.294348	0.0604002
0.0661305	0.421067
0.453075	-0.0849573
-0.0917436	-0.386372
-0.279098	0.0932616
0.115416	0.191169
0.134012	-0.166949
-0.224001	-0.0813676
-0.0161709	0.252753
0.244265	-0.0500358
-0.104533	-0.224382
-0.228692	0.160914
0.240293	0.266488
0.306542	-0.327461
-0.366955	-0.298668
-0.217049	0.319213
0.215926	0.0914751
-0.00593659	-0.142839
-0.158677	0.0187658
-0.0391613	0.235191
0.283788	0.0930679
0.0817748	-0.241871
-0.130503	-0.0219685
0.0101315	0.0271898
-0.0138217	0.0403251
0.153578	0.00901519
0.0146954	-0.261327
-0.311575	-0.059624
-0.119523	0.301117
0.25685	0.152798
0.141296	-0.202992
-0.151458	-0.0893784
-0.00548613	0.115018
0.115164	-0.0914586
-0.157319	-0.165005
-0.243368	0.144763
0.0486841	0.298531
0.290542	0.0873528
0.215486	-0.227404
-0.149809	-0.316075
-0.378195	0.084421
0.0261069	0.37299
0.27567	0.0354317
0.0903023	-0.11243
0.0382523	-0.116891
-0.102485	-0.106381
-0.0920945	0.0488629
-0.0282354	0.0629362
0.0872502	0.0945991
0.106423	-0.167654
-0.240443	-0.0435282
0.0656149	0.241909
0.17071	-0.163758
-0.214414	-0.0801483
-0.0174807	0.228678
0.241528	-0.0148373
-0.041143	-0.262965
-0.257327	0.0744307
0.102199	0.18061
0.0415471	-0.100437
-0.0604649	0.0885718
0.140656	0.0109375
0.00703664	-0.112508
-0.055162	-0.078967
-0.191738	0.0112026
-0.00851175	0.273567
0.281551	0.00473118
-0.010571	-0.222205
-0.122084	-0.00276424
-0.0835635	0.015342
-0.0472398	0.210344
0.308849	0.0291114
-0.039906	-0.329249
-0.281731	0.0881628
0.0935483	0.195555
0.0967963	-0.102238
-0.139001	-0.0380311
-0.0838751	0.15685
0.110126	0.229722
0.382353	-0.0263944
0.0339176	-0.453629
-0.432018	-0.0458909
-0.0164452	0.348256
0.23732	-0.036657
-0.0728758	-0.155003
-0.146992	0.0573694
0.0280904	0.167556
0.121855	-0.0551516
-0.109963	-0.0210361
0.0267625	0.090133
0.0125876	-0.0196512
-0.0893403	-0.0253083
-0.15593	0.253625
0.348991	0.241367
0.215372	-0.322951
-0.33704	-0.225975
-0.310447	0.41295
0.309158	0.267784
0.0977969	-0.013045
0.0707107	-0.150983
-0.444589	0.156294
0.120967	0.380857
-0.171046	0.374185
0.447259	0.221233
-0.686515	0.294128
0.312311	0.981007
-0.444429	1.38326
1.80081	0.728041
-3.25604	2.28342
4.08549	4.60842
-15.4526	14.9762
67.9133	70.0956
144.45	-140.092
-191.053	-197.237
-193.051	186.393
129.29	134.679
60.5577	-57.5307
-9.34407	-10.1262
5.83299	-5.33223
-1.95292	-2.76681
1.17013	-1.82691
-1.04413	-0.608079
0.789534	-0.546824
-0.43876	-0.482956
0.262785	-0.144646
0.0526982	-0.106663
0.372145	-0.442829
-0.281121	-0.343767
-0.0528024	-0.0869148
-0.126032	-0.0157854
0.000648886	-0.0155318
-0.00378878	0.182284
0.419823	-0.0728727
0.00203612	-0.455876
-0.349567	-0.145488
-0.167978	0.268493
0.177492	0.0914047
0.0278162	0.0137602
0.221387	0.0429271
0.172539	-0.315559
-0.321619	-0.275141
-0.22862	0.334197
0.356858	0.0501822
-0.145844	-0.360207
-0.391873	0.28355
0.331776	0.498174
0.607822	-0.264406
-0.113148	-0.60649
-0.484776	-0.00201029
0.0113492	0.329351
0.206594	-0.103898
-0.152055	-0.127376
-0.0914338	0.108072
0.0263241	0.0925869
0.0953073	0.027028
0.027616	-0.0658347
-0.0232658	0.0261527
0.123373	0.0192217
0.0699905	-0.223669
-0.267696	-0.13575
-0.15917	0.221147
0.103883	0.106767
-0.00810283	0.0166703
0.0593935	0.118445
0.139772	0.0128728
0.143472	-0.0472746
0.0873663	-0.208053
-0.122757	-0.159904
-0.132134	-0.0725788
-0.252193	0.0539312
-0.000965007	0.317953
0.265832	0.000779077
-0.0339476	-0.159476
-0.0659742	0.0612206
0.0543869	0.0138639
-0.0121699	-0.0201407
0.0161263	0.0459628
0.0994393	-0.0421113
-0.0642867	-0.141641
-0.123102	0.0766374
0.0440003	0.0249292
-0.115819	0.0592796
0.197677	0.227734
0.256392	-0.283468
-0.247785	-0.207794
-0.147276	0.100657
-0.0756128	0.14454
0.208686	0.185957
0.183659	-0.281842
-0.302673	-0.0913436
0.0298423	0.267855
0.222738	-0.136094
-0.229682	-0.202504
-0.199722	0.331869
0.4323	0.187443
0.155976	-0.475687
-0.405788	-0.118187
-0.0863583	0.22449
0.00758052	0.0535278
0.0011045	0.142006
0.16784	0.0739193
0.141631	-0.0989787
-0.0201419	-0.158807
-0.114348	0.00119695
0.0503869	0.0501056
0.0245795	-0.124623
-0.170922	-0.0552524
-0.107776	0.157007
0.0808834	0.1456
0.178079	0.0290746
0.123379	-0.246974
-0.36753	-0.156493
-0.115054	0.494429
0.55214	0.0244146
-0.0722814	-0.496537
-0.345559	0.143049
0.182622	0.157016
-0.0122855	-0.207159
-0.233543	0.124939
0.158831	0.259274
0.262535	-0.109912
-0.00928523	-0.225208
-0.155338	-0.0763516
-0.0854828	0.0838424
0.0393941	0.0166193
-0.0611536	-0.0278004
-0.0320645	0.0646278
-0.0260588	0.0269027
-0.00516917	0.142475
0.183426	0.0636511
0.130024	-0.102949
0.0498402	-0.178501
-0.189637	-0.174833
-0.204195	0.15661
0.0842639	0.145598
0.0529672	0.0112767
0.101214	0.0326982
0.108535	-0.148803
-0.124878	-0.185205
-0.25206	0.0273242
-0.109536	0.275399
0.231525	0.227539
0.277933	-0.138807
-0.0537004	-0.25325
-0.188407	0.0292175
0.070063	0.127191
0.0875148	-0.126161
-0.135173	-0.0601859
-0.0346109	0.0795977
0.00625321	0.0146185
0.00765336	0.0144571
-0.0420158	-0.00867197
-0.00287659	0.11974
0.122443	-0.0175467
-0.0431025	-0.000859208
0.193108	0.0518506
0.0250239	-0.343639
-0.369236	0.0335124
0.0869589	0.286023
0.176091	-0.083217
0.00069353	-0.1025
-0.063287	-0.126907
-0.219945	0.0214826
-0.0388461	0.231836
0.182472	0.0962598
0.121685	-0.130795
-0.11097	-0.11014
-0.0815989	0.10587
0.0802928	0.0596187
0.0537863	-0.0249446
0.0405984	-0.0578962
-0.0586155	-0.0970601
-0.140527	0.0456448
0.0180223	0.168439
0.168165	0.0153039
0.0394506	-0.132599
-0.0803029	-0.039583
-0.00793652	0.0449137
0.0417577	-0.0488824
-0.107706	-0.0564617
-0.0721655	0.138573
0.123012	0.0952278
0.137722	-0.0654327
0.0127035	-0.178922
-0.168586	-0.087265
-0.138557	0.0846265
-0.0240442	0.150488
0.114771	0.075502
0.041056	-0.0425707
0.0324877	0.0210926
0.0274848	-0.0711926
-0.0529386	0.0450996
0.144702	-0.0134866
-0.0960751	-0.202722
-0.189231	0.152413
0.146136	0.11594
0.0128859	-0.0691753
0.0436976	0.0810669
0.121607	-0.131454
-0.151916	-0.0827157
0.0121488	0.114767
0.067114	-0.0940179
-0.0974164	-0.0472335
-0.0564972	0.0116207
-0.112813	0.0734805
0.0830939	0.204632
0.222492	-0.0828001
-0.0664238	-0.177505
-0.115608	0.0188374
-0.0623604	0.0768282
0.0647982	0.14531
0.179185	-0.0514765
-0.0114061	-0.140157
-0.0582273	-0.047378
-0.0858199	-0.00991377
-0.0344053	0.0693723
0.00641346	0.0315479
0.0301492	0.0460827
0.0218146	-0.0311539
-0.0116062	0.097748
0.259593	-0.0357602
-0.08055	-0.377035
-0.397622	0.0786946
0.0153001	0.335111
0.238381	0.0776152
0.142047	-0.141363
-0.0523991	-0.133567
-0.0514178	-0.0189153
-0.0504369	-0.059503
-0.136528	0.034299
-0.000462852	0.137928
0.0633615	0.0129476
-0.00206793	0.0550236
0.173231	0.00855314
-0.0217099	-0.247901
-0.245279	0.0675693
0.0806783	0.159754
0.0298416	-0.0460152
-0.00545884	0.0772041
0.111426	0.0144731
0.0820571	-0.0744272
-0.00700766	-0.160418
-0.190854	-0.0526397
-0.0944238	0.153647
0.0752438	0.128432
0.16582	0.00319634
0.0577364	-0.209858
-0.253109	-0.0876297
-0.101328	0.273977
0.24333	0.103927
0.0966907	-0.148283
-0.0121955	-0.0826797
-0.0691769	-0.116027
-0.195381	0.064822
0.0740882	0.212868
0.175601	-0.0909996
-0.0963	-0.0986447
-0.00805333	0.0661201
-0.006944	-0.0592062
-0.0808252	0.0976992
0.15979	0.0776377
0.0987275	-0.161444
-0.111125	-0.164875
-0.234303	0.0443606
-0.0130334	0.239094
0.156483	0.0614012
0.105813	-0.033942
0.0593483	-0.129819
-0.105027	-0.0975142
-0.109874	0.0285214
-0.061433	0.135854
0.178297	0.116542
0.121279	-0.201819
-0.170257	-0.0963525
-0.0643475	0.0825833
-0.0246322	0.0278004
-0.0143099	0.106083
0.138938	0.0465553
0.0531576	-0.129578
-0.0962863	-0.0479041
-0.0632065	0.0526245
0.00965884	0.100937
0.11593	0.0136974
-0.00440967	-0.0706591
0.00297141	0.0671752
0.146388	-0.0249768
0.0407655	-0.198461
-0.196833	-0.135822
-0.165823	0.149238
0.0842256	0.10153
0.0052119	-0.0225519
0.0370458	0.0402385
0.0110602	-0.104163
-0.171658	0.0509627
0.0934197	0.209958
0.191691	-0.100842
-0.096018	-0.121973
-0.0407673	0.110285
0.154295	-0.00458787
0.0128794	-0.207039
-0.228187	-0.0910751
-0.198569	0.187972
0.0931308	0.274773
0.250824	0.0157634
0.0955742	-0.102664
0.107168	-0.131229
-0.138025	-0.2611
-0.281377	0.138509
0.139388	0.194298
0.0928394	-0.128183
-0.0889903	-0.0412779
-0.0289539	0.0225621
-0.0462798	0.0137775
-0.0108629	0.0821574
0.0647321	0.00774285
-0.0522007	-0.00493161
0.0619218	0.14404
0.200368	-0.098321
-0.0847529	-0.16672
-0.0470569	0.0302096
-0.0272976	-0.100411
-0.209876	0.0367301
-0.0296722	0.252812
0.243039	0.142392
0.222358	-0.206863
-0.157973	-0.198287
-0.0657495	0.100588
0.0427414	-0.109268
-0.243795	0.00740971
0.0546144	0.294016
0.267999	-0.110004
-0.165589	-0.20096
-0.127366	0.186792
0.143515	0.0678652
0.0272155	-0.0480836
0.0459275	1.89841e-05
0.0156209	-0.08509
-0.0546018	-0.00759058
0.0378118	-0.0188237
-0.0901022	-0.107827
-0.154848	0.118765
0.0830174	0.131187
0.0375464	0.00991273
0.120615	0.0707048
0.13265	-0.192777
-0.1841	-0.134017
-0.105489	0.0909284
-0.0521592	0.0764035
0.0464224	0.193626
0.287685	-0.00828364
0.0180142	-0.305895
-0.240877	0.00378904
0.0772116	0.110056
-0.0420685	-0.151485
-0.1643	0.154404
0.178477	0.104913
0.0260056	-0.112164
-0.00843953	0.00723517
-0.0270075	-0.0573583
-0.0404339	0.0999676
0.166742	-0.0459954
-0.151789	-0.198649
-0.190087	0.233263
0.27454	0.150723
0.0977202	-0.2773
-0.248512	-0.0479575
-0.0089186	0.205487
0.178275	-0.0226699
-0.0496897	-0.187055
-0.215921	0.0650325
0.0604363	0.224956
0.196966	-0.0460861
-0.0523405	-0.162144
-0.164561	0.101146
0.173799	0.208486
0.24967	-0.2147
-0.175636	-0.239939
-0.171561	0.0588941
-0.0848382	0.0786807
0.00748561	0.200356
0.266084	0.0127791
-0.0131166	-0.290022
-0.279454	0.0426097
0.0181827	0.229608
0.145994	0.0822887
0.209826	-0.0644851
-0.0301685	-0.273288
-0.219803	0.049028
0.0703243	0.0881948
-0.0227435	-0.0315967
0.073209	0.0401846
-0.0269085	-0.175901
-0.192154	0.109149
0.14525	0.101218
-0.0316922	-0.13171
-0.114684	0.110881
0.0864517	0.138961
0.203906	0.0201423
0.152948	-0.26627
-0.282632	-0.269152
-0.348419	0.24514
0.176238	0.372148
0.317943	-0.0987717
-0.0218665	-0.185941
-0.0208785	-0.0471005
-0.0917339	-0.109887
-0.167853	0.0954713
0.0547601	0.168117
0.149522	0.0211366
0.114131	-0.127375
-0.0846035	-0.191848
-0.208423	0.00657126
-0.0883009	0.133628
-0.00894123	0.158904
0.175961	0.143668
0.196754	-0.141063
-0.0802548	-0.151463
-0.0507078	0.0314032
0.0325798	-0.0464979
-0.104625	-0.0989737
-0.194826	0.118616
0.10215	0.239686
0.168839	-0.07737
