Compute Correlation 
 
0		-145.09		-65.7128
1		-86.3204		-126.02
2		-6.99681		-147.515
3		70.0814		-126.628
4		124.567		-71.8469
5		144.151		-0.00817394
6		126.964		69.4245
7		80.5633		119.91
8		18.5128		141.5
9		-43.8021		132.019
10		-92.7489		96.1781
11		-118.762		43.5923
12		-117.501		-13.4559
13		-90.2565		-62.184
14		-43.8252		-91.5028
15		10.3578		-94.3441
16		58.2496		-69.8102
17		86.51		-24.3259
18		86.4914		29.1552
19		57.5731		74.3262
20		8.29236		96.4923
21		-45.6831		87.7004
22		-86.446		49.9722
23		-99.9726		-4.89877
24		-81.1156		-59.1857
25		-35.4256		-95.3367
26		22.9559		-101.964
27		76.4208		-77.3734
28		109.881		-29.4002
29		115.241		28.0438
30		92.8553		79.9763
31		49.9431		114.74
32		-2.75399		126.275
33		-54.2945		114.029
34		-95.5584		81.4301
35		-119.775		34.2955
36		-122.352		-19.9345
37		-101.08		-72.2209
38		-57.2345		-112.14
39		2.94885		-129.32
40		67.7047		-116.359
41		121.338		-72.3458
42		148.286		-5.1785
43		138.505		68.9999
44		91.9993		129.86
45		20.2077		159.357
46		-56.843		148.182
47		-116.902		99.4574
48		-142.985		27.9554
49		-129.004		-44.9671
50		-81.3006		-98.689
51		-15.6646		-119.937
52		48.6719		-106.184
53		95.4202		-64.9025
54		115.515		-9.57457
55		108.079		45.3846
56		78.5189		88.604
57		35.3693		113.441
58		-12.377		117.591
59		-56.5373		101.84
60		-89.8792		69.2244
61		-106.181		25.0996
62		-101.148		-22.4649
63		-74.2516		-63.1017
64		-30.4954		-86.2174
65		19.3746		-84.4854
66		61.199		-57.3521
67		81.9794		-12.624
68		74.9997		35.2187
69		43.1232		69.8595
70		-1.5703		79.3641
71		-42.0626		61.0902
72		-62.9805		22.9794
73		-56.6775		-19.5195
74		-26.1404		-49.6379
75		16.526		-55.8895
76		55.2542		-36.2318
77		76.4111		1.85632
78		73.6215		45.0909
79		49.1445		79.9171
80		11.6927		97.2759
81		-27.7816		94.7129
82		-60.1053		75.4758
83		-79.9886		45.7549
84		-85.8262		11.9066
85		-78.1362		-20.9227
86		-58.1622		-48.5341
87		-27.7298		-66.7034
88		9.68301		-70.8742
89		47.762		-57.3524
90		77.4836		-25.6708
91		89.3033		19.2706
92		76.8674		66.9391
93		40.5548		103.648
94		-11.1357		117.208
95		-63.516		101.859
96		-100.555		61.1726
97		-110.74		7.36699
98		-91.4121		-42.896
99		-49.6751		-74.5304
100		0.513439		-79.2981
101		43.6964		-58.1674
102		68.3461		-19.9943
103		70.1444		22.5544
104		52.0805		57.7948
105		21.8893		78.4631
106		-11.5376		82.6848
107		-40.994		72.734
108		-62.0623		52.8445
109		-72.6561		27.4853
110		-72.0254		0.828457
111		-60.3168		-22.877
112		-39.0924		-38.9921
113		-12.2778		-43.1309
114		13.5518		-32.8844
115		30.4203		-9.79392
116		31.7008		19.7702
117		15.2756		45.8509
118		-14.5481		58.2452
119		-47.6734		50.7095
120		-71.564		24.1036
121		-76.0971		-13.1725
122		-57.8413		-47.9295
123		-21.8059		-67.1162
124		20.1977		-62.8621
125		53.9151		-35.4883
126		67.862		6.7194
127		57.236		50.7219
128		25.0846		83.409
129		-19.4039		95.7774
130		-64.4047		85.1151
131		-99.1276		54.7919
132		-116.328		12.3294
133		-113.184		-33.0597
134		-90.931		-72.4717
135		-54.0233		-98.5284
136		-9.38764		-106.117
137		34.2498		-93.1453
138		67.4141		-61.4528
139		81.7289		-17.4387
140		72.4245		28.3929
141		40.6536		63.5454
142		-5.6182		77.1017
143		-53.0757		63.6322
144		-86.8459		25.7936
145		-95.4397		-25.7547
146		-74.9309		-75.4519
147		-30.5859		-107.956
148		24.84		-113.323
149		75.5017		-90.1843
150		107.774		-45.7381
151		114.373		7.24693
152		95.8368		54.9875
153		59.1808		86.871
154		14.7418		97.7854
155		-27.2002		88.1744
156		-58.7173		62.4803
157		-75.0139		27.1717
158		-74.1655		-10.667
159		-56.6993		-43.9554
160		-25.6217		-65.951
161		13.2189		-71.0376
162		51.1787		-56.2902
163		78.096		-23.3354
164		85.0204		20.6085
165		67.6383		63.6225
166		28.8885		92.2514
167		-20.756		96.1038
168		-66.0117		72.0943
169		-91.8225		26.3779
170		-88.8261		-27.1476
171		-56.9838		-71.4312
172		-5.7893		-92.2078
173		49.0763		-82.9065
174		91.2511		-46.5983
175		109.101		5.62387
176		98.9614		58.9091
177		65.2572		99.6257
178		17.9471		119.086
179		-31.2039		114.911
180		-71.8737		90.1649
181		-96.9404		51.3131
182		-102.757		6.25761
183		-88.7133		-36.8368
184		-56.9493		-70.0585
185		-12.5464		-86.3083
186		36.251		-80.5349
187		78.6558		-51.6209
188		103.43		-4.08254
189		102.237		51.6456
190		73.0778		101.201
191		22.165		130.398
192		-37.0242		130.101
193		-87.6421		99.8845
194		-115.041		48.7488
195		-111.862		-7.66046
196		-80.5466		-52.3674
197		-32.2347		-72.8244
198		17.4383		-64.8327
199		53.8455		-33.1961
200		67.9356		10.8617
201		58.2301		54.1399
202		29.8938		85.7826
203		-8.1933		99.8674
204		-46.761		95.6989
205		-78.4771		76.3871
206		-98.7286		46.9167
207		-105.265		12.7736
208		-97.6128		-20.5202
209		-77.0008		-47.3998
210		-46.8425		-62.5741
211		-13.1463		-62.1637
212		16.0189		-45.4272
213		32.4353		-16.1464
214		30.6019		17.4229
215		10.3496		44.5906
216		-22.1968		55.8114
217		-56.1298		46.4235
218		-79.4426		18.8551
219		-83.4909		-17.861
220		-66.3476		-51.2531
221		-33.5748		-70.0171
222		3.93885		-68.1449
223		34.1252		-46.8761
224		48.0817		-13.7794
225		42.8482		20.4487
226		21.6719		45.9476
227		-7.997		56.7487
228		-37.5985		51.8793
229		-60.2009		34.5025
230		-71.9025		9.9476
231		-71.7733		-16.2237
232		-60.9528		-39.3274
233		-41.7614		-55.7633
234		-17.3532		-62.8358
235		8.18312		-58.8431
236		29.8435		-43.7104
237		42.4316		-19.8397
238		42.0919		7.56775
239		28.0974		31.368
240		3.91659		44.5751
241		-23.2803		42.9982
242		-44.827		27.216
243		-53.741		2.80521
244		-47.5198		-21.5251
245		-29.2378		-37.2434
246		-6.33834		-39.347
247		12.415		-28.2592
248		20.4925		-9.41759
249		16.0774		9.23162
250		2.41244		20.6522
251		-14.024		21.49
252		-26.5476		13.0147
253		-31.0476		-0.0244751
254		-27.2975		-11.8968
255		-18.3832		-18.4499
256		-8.76872		-18.5538
257		-2.10364		-13.9349
258		0.153473		-7.75234
259		-1.21039		-2.83624
260		-4.18559		-0.526508
261		-6.87579		-0.571892
262		-8.35261		-1.89002
263		-8.6556		-3.53432
264		-8.14709		-5.20372
265		-6.81828		-7.02676
266		-4.11314		-8.8834
267		0.564161		-9.85649
268		7.0029		-8.32585
269		13.6321		-2.78966
270		17.7697		7.01807
271		16.7149		19.4184
272		9.18043		31.0393
273		-3.72613		38.0715
274		-18.6005		37.9835
275		-31.0117		30.8293
276		-37.4025		19.4249
277		-36.7032		8.21468
278		-30.843		1.32129
279		-23.8732		0.704735
280		-20.1073		5.31562
281		-22.1634		11.6384
282		-29.829		15.3385
283		-40.2356		13.2072
284		-49.1854		4.50343
285		-52.9443		-8.85706
286		-49.6645		-23.2244
287		-39.8811		-34.703
288		-26.0329		-40.4857
289		-11.4163		-39.525
290		0.85643		-32.4577
291		8.4946		-21.0805
292		10.2117		-7.78829
293		5.69157		4.77654
294		-4.38297		13.9204
295		-18.1665		17.1939
296		-32.5696		12.9864
297		-43.6128		1.33636
298		-47.4175		-15.4529
299		-41.6449		-32.911
300		-26.7952		-45.5028
301		-6.64096		-48.5253
302		12.6596		-40.0826
303		24.6315		-22.2107
304		24.9668		-0.490887
305		13.3438		17.8614
306		-6.29247		26.7084
307		-27.198		23.3438
308		-42.4436		9.44903
309		-47.5301		-9.7636
310		-41.8655		-27.7866
311		-28.5275		-39.3769
312		-12.5659		-42.2874
313		1.23251		-37.4959
314		10.0254		-28.0458
315		13.3481		-17.2827
316		12.3394		-7.47664
317		8.43754		0.524964
318		2.43866		6.6504
319		-5.52788		10.605
320		-15.2021		11.344
321		-25.2516		7.48971
322		-33.0051		-1.49824
323		-35.2911		-14.1719
324		-30.0945		-26.854
325		-18.1335		-34.7555
326		-3.32901		-34.1095
327		8.37117		-24.2961
328		11.4844		-8.75993
329		3.6803		5.97781
330		-12.7098		12.968
331		-31.2622		7.99158
332		-44.0217		-8.29137
333		-44.9474		-30.3203
334		-32.6388		-49.859
335		-11.0273		-59.4838
336		12.3118		-55.7158
337		29.4264		-40.343
338		35.2763		-19.3711
339		29.5222		-0.196655
340		16.0854		11.5649
341		0.873741		14.0837
342		-11.0525		9.32075
343		-17.4262		1.27456
344		-18.9723		-6.40742
345		-18.0091		-12.1025
346		-16.4618		-16.3393
347		-14.5524		-20.5007
348		-10.9455		-25.0649
349		-4.20139		-28.6006
350		5.43629		-28.2568
351		15.1514		-21.5597
352		20.3109		-8.4853
353		16.6612		7.49962
354		2.86416		20.2485
355		-18.046		23.4283
356		-39.2414		13.5587
357		-52.6525		-7.93899
358		-52.3822		-34.8129
359		-37.367		-58.2788
360		-11.9864		-70.5389
361		15.6952		-67.8988
362		37.2194		-52.0551
363		47.0071		-29.0386
364		44.1377		-6.43916
365		31.9662		9.67908
366		16.0035		16.7305
367		1.29634		15.6837
368		-9.35463		9.54167
369		-15.6		1.29783
370		-18.3852		-7.41924
371		-18.3975		-16.3462
372		-15.2194		-25.4578
373		-7.76551		-33.65
374		4.29452		-38.2907
375		19.1157		-36.1504
376		32.3529		-25.3374
377		38.45		-7.1451
378		33.1267		13.3928
379		15.8653		28.855
380		-8.96683		32.3132
381		-33.1515		20.4881
382		-47.5679		-4.34022
383		-45.8366		-34.6833
384		-27.0432		-60.4397
385		3.69358		-72.6629
386		37.0644		-66.8907
387		62.9969		-44.6526
388		74.1857		-12.6323
389		68.304		19.9858
390		48.1837		44.7433
391		20.1973		56.3815
392		-8.20734		53.7772
393		-30.7093		39.3608
394		-43.3355		17.6774
395		-44.6333		-6.07558
396		-35.2443		-27.0043
397		-17.4426		-40.9569
398		5.08479		-44.813
399		27.3856		-36.9983
400		43.7488		-18.2536
401		48.8874		7.75216
402		39.661		34.5857
403		16.6955		54.3937
404		-14.9712		60.2605
405		-46.8296		48.7875
406		-69.3764		21.7884
407		-75.3203		-13.7839
408		-62.2673		-47.862
409		-33.7444		-70.5711
410		1.91151		-75.5538
411		34.3872		-62.0162
412		54.8213		-34.7439
413		58.51		-2.19345
414		45.9563		26.4706
415		22.0834		44.2024
416		-5.8321		47.789
417		-30.5551		38.076
418		-46.7441		18.973
419		-51.8224		-4.10416
420		-45.9382		-25.6982
421		-31.3984		-41.3217
422		-11.9671		-48.0165
423		7.79374		-44.6559
424		23.2024		-32.1425
425		30.2869		-13.4468
426		26.7541		6.72908
427		12.8424		22.8501
428		-8.35397		29.9534
429		-31.4174		25.1774
430		-50.0028		8.83818
431		-58.7016		-15.4433
432		-54.7112		-41.7104
433		-38.6827		-63.4252
434		-14.4446		-75.3704
435		12.2356		-75.0255
436		35.3343		-63.0079
437		50.0872		-42.5881
438		53.9179		-18.6226
439		46.6915		3.63799
440		30.4746		19.548
441		9.05352		25.7914
442		-12.6618		20.9213
443		-29.3966		5.77639
444		-36.5353		-16.3337
445		-31.3663		-39.9435
446		-14.2227		-58.4904
447		11.015		-66.0821
448		37.5367		-59.5131
449		57.4405		-39.7537
450		64.3202		-12.1448
451		55.6634		15.0378
452		34.0305		33.2976
453		6.39067		36.9294
454		-18.253		25.1145
455		-32.0567		2.20501
456		-31.066		-23.9429
457		-16.3923		-44.8873
458		6.56549		-54.5466
459		30.4		-50.9998
460		48.4112		-36.5491
461		56.6258		-16.2625
462		54.4434		4.15555
463		43.9569		20.1679
464		28.5882		29.24
465		11.8494		30.6872
466		-3.25825		25.0338
467		-14.2328		13.5099
468		-18.9035		-1.97424
469		-15.6199		-18.5407
470		-3.96586		-32.2671
471		14.3425		-38.8159
472		35.0569		-34.8385
473		52.0819		-19.6435
474		59.313		3.74896
475		53.0166		28.9317
476		33.6947		47.9899
477		6.45141		54.3269
478		-20.5053		45.2689
479		-38.7299		23.2718
480		-42.6025		-4.86571
481		-31.29		-30.4795
482		-8.80699		-46.1417
483		17.7472		-48.0736
484		40.8945		-36.9471
485		55.2097		-16.9528
486		58.5373		6.19805
487		51.756		27.2915
488		37.5809		42.8009
489		19.2492		51.0053
490		-0.2227		51.4286
491		-18.068		44.292
492		-31.4906		30.4827
493		-37.7016		12.015
494		-34.6338		-7.53839
495		-22.1326		-23.3088
496		-2.91633		-30.3995
497		17.4936		-25.8216
498		32.2431		-10.2021
499		35.6337		11.7365
500		25.588		32.4493
501		4.88479		44.2735
502		-19.5753		42.467
503		-39.307		27.2118
504		-47.533		3.62178
505		-41.7847		-20.2957
506		-24.6735		-36.8162
507		-2.55658		-41.3936
508		17.1977		-34.0386
509		29.042		-18.72
510		30.9474		-1.27914
511		24.3986		13.0177
512		12.9984		21.1507
513		0.613522		22.6627
514		-9.95675		18.8271
515		-17.2856		11.437
516		-20.795		2.02566
517		-20.0782		-8.1213
518		-14.7329		-17.433
519		-4.90615		-23.6719
520		7.86172		-24.2891
521		20.2484		-17.577
522		27.8074		-4.04545
523		26.6556		12.8817
524		15.4729		27.5334
525		-3.2646		34.0095
526		-23.6598		28.7465
527		-38.4568		12.3899
528		-41.9782		-10.0537
529		-32.5898		-31.0249
530		-13.4861		-43.4393
531		8.62962		-43.5566
532		26.3735		-32.3545
533		34.6825		-14.7984
534		32.593		2.56792
535		23.0493		14.4822
536		10.998		18.8904
537		0.862129		17.1146
538		-5.28867		12.3893
539		-8.03039		7.72826
540		-9.39118		4.34617
541		-11.0336		1.44913
542		-12.955		-2.63435
543		-13.4718		-8.78816
544		-10.451		-15.9962
545		-3.00145		-21.5122
546		7.44824		-22.2598
547		17.3992		-16.6683
548		22.8097		-5.8665
549		21.1018		6.50156
550		12.5527		15.813
551		0.299103		18.5729
552		-11.0676		13.993
553		-17.578		4.2361
554		-17.5555		-6.75414
555		-12.06		-15.1624
556		-3.98006		-18.9224
557		3.62014		-18.2451
558		8.93663		-14.9097
559		11.8869		-10.8736
560		13.4672		-7.10087
561		14.5472		-3.30162
562		14.9544		1.33529
563		13.4849		6.97681
564		8.85905		12.3959
565		1.00687		15.2367
566		-8.19743		13.2586
567		-15.3576		5.87305
568		-17.0662		-4.97471
569		-11.757		-15.2313
570		-0.866306		-20.4124
571		11.4311		-17.7488
572		19.9094		-7.69298
573		20.6288		6.04731
574		12.7662		18.0355
575		-0.983536		23.4737
576		-15.632		20.2508
577		-26.1154		9.68895
578		-29.3911		-4.30714
579		-25.4142		-17.1721
580		-16.6327		-25.6369
581		-6.42917		-28.7561
582		2.54806		-27.6202
583		9.26862		-24.1226
584		14.0608		-19.6364
585		17.5623		-14.4172
586		19.6872		-8.02732
587		19.3595		-0.397945
588		15.2334		7.27796
589		6.95374		12.5381
590		-3.89506		12.6951
591		-13.8846		6.40998
592		-19.0281		-5.12897
593		-16.6805		-18.2179
594		-7.04352		-28.0094
595		6.60357		-30.6516
596		19.1884		-25.121
597		26.0751		-13.778
598		25.1397		-1.3103
599		17.643		7.4287
600		7.47253		9.59962
601		-0.827297		5.48615
602		-4.19503		-1.9756
603		-2.27101		-8.91425
604		2.8637		-12.5129
605		8.16531		-12.2055
606		11.4151		-9.50656
607		12.2919		-6.69526
608		12.1685		-5.21143
609		12.8394		-4.75079
610		15.0207		-3.59693
611		17.5849		0.0292969
612		18.0562		6.44914
613		14.1276		13.8103
614		5.3245		18.7054
615		-6.19662		17.8802
616		-16.285		10.1265
617		-20.6404		-2.71099
618		-16.9475		-16.2472
619		-6.17207		-25.4201
620		7.6992		-26.7982
621		19.3916		-20.1701
622		24.6951		-8.61205
623		22.2712		2.98363
624		14.0477		10.1558
625		4.08095		10.7661
626		-3.45398		5.64337
627		-6.08875		-2.22031
628		-3.825		-9.36697
629		1.40968		-13.5005
630		7.14346		-14.2178
631		11.7095		-12.5971
632		14.8118		-10.0639
633		17.0954		-7.32897
634		19.1348		-4.07314
635		20.5956		0.468224
636		20.1836		6.46616
637		16.4719		12.76
638		9.10517		17.0094
639		-0.412998		16.78
640		-8.95449		11.001
641		-13.0511		0.938377
642		-10.6234		-9.97643
643		-2.2251		-17.514
644		8.93178		-18.5912
645		18.2896		-12.8075
646		21.9972		-2.75056
647		18.6905		7.13451
648		10.1032		12.576
649		0.203995		11.4042
650		-6.69323		4.43125
651		-7.88653		-5.1143
652		-3.34973		-13.2486
653		4.56109		-17.1032
654		12.5048		-16.0635
655		17.8547		-11.672
656		19.8018		-6.47542
657		19.3556		-2.53242
658		18.3666		-0.423393
659		18.2237		0.748005
660		19.0058		2.46334
661		19.5518		5.61275
662		18.3501		9.767
663		14.6679		13.3337
664		9.21694		14.4931
665		3.9395		12.3456
666		1.02195		7.58191
667		1.69847		2.26471
668		5.52937		-1.17467
669		10.5692		-1.17216
670		14.3355		2.18139
671		15.0463		7.22342
672		12.4541		11.6081
673		7.85098		13.493
674		3.2877		12.3769
675		0.481823		9.16461
676		0.0324745		5.4909
677		1.34656		2.74824
678		3.24553		1.40269
679		4.82553		0.974514
680		6.01451		0.638092
681		7.48121		0.0135622
682		9.96836		-0.391102
683		13.495		0.591385
684		16.9756		3.99102
685		18.5681		9.81197
686		16.6283		16.6267
687		10.7554		21.9802
688		2.317		23.4765
689		-5.91724		20.0082
690		-10.9219		12.4669
691		-10.7988		3.51382
692		-5.69547		-3.52906
693		2.22181		-6.13821
694		9.74217		-3.682
695		14.0482		2.38568
696		13.9089		9.30146
697		10.0603		14.3188
698		4.64402		15.907
699		0.0510845		14.2494
700		-2.19919		10.8651
701		-1.99087		7.63954
702		-0.353106		5.83418
703		1.34804		5.59733
704		2.25479		6.17654
705		2.41566		6.62165
706		2.55244		6.50674
707		3.39669		6.22433
708		5.0424		6.69093
709		6.73307		8.66594
710		7.22598		12.1217
711		5.5215		16.0677
712		1.52195		18.96
713		-3.78147		19.4789
714		-8.72232		17.2344
715		-11.7561		12.9981
716		-12.2028		8.32373
717		-10.5267		4.7683
718		-8.01175		3.14524
719		-6.0295		3.21613
720		-5.32167		3.96982
721		-5.69883		4.30118
722		-6.30262		3.67797
723		-6.24905		2.40487
724		-5.24797		1.34078
725		-3.81379		1.25615
726		-2.93198		2.23691
727		-3.37649		3.51996
728		-5.09682		3.89338
729		-7.07254		2.45402
730		-7.77395		-0.716095
731		-6.0155		-4.37718
732		-1.74001		-6.62335
733		3.72516		-5.82921
734		8.13737		-1.57133
735		9.34664		4.97579
736		6.35619		11.4181
737		-0.103142		15.15
738		-7.79225		14.5197
739		-13.8929		9.58718
740		-16.2092		2.11038
741		-14.0738		-5.22846
742		-8.54667		-9.97485
743		-1.84767		-10.8852
744		3.66669		-8.30199
745		6.4766		-3.80249
746		6.38309		0.645256
747		4.33877		3.56952
748		1.79539		4.50761
749		-0.0496864		3.95931
750		-0.725599		2.89932
751		-0.496487		2.17159
752		0.00897598		2.10104
753		0.271355		2.48899
754		0.168146		2.91957
755		-0.0654869		3.13553
756		-0.127207		3.23058
757		0.0346069		3.54628
758		0.102825		4.36043
759		-0.438646		5.58757
760		-1.9496		6.70512
761		-4.3185		6.97685
762		-6.89867		5.85897
763		-8.76177		3.35273
764		-9.14449		0.0878181
765		-7.84488		-2.93128
766		-5.34329		-4.79136
767		-2.5723		-5.09987
768		-0.456024		-4.1443
769		0.53215		-2.69606
770		0.553776		-1.5714
771		0.237755		-1.1954
772		0.26413		-1.41152
773		0.942902		-1.63716
774		2.03035		-1.26843
775		2.88974		-0.092865
776		2.90271		1.53561
777		1.88971		2.87151
778		0.286865		3.21154
779		-1.04067		2.34219
780		-1.26253		0.737061
781		-0.0736961		-0.62908
782		2.06718		-0.771374
783		4.10381		0.763395
784		4.88826		3.60006
785		3.773		6.66015
786		0.976181		8.66453
787		-2.48387		8.76599
788		-5.26806		6.98527
789		-6.37476		4.21752
790		-5.64187		1.7942
791		-3.83226		0.815159
792		-2.25109		1.58827
793		-2.0841		3.46179
794		-3.78782		5.13789
795		-6.83756		5.31159
796		-9.95722		3.31687
797		-11.7132		-0.537539
798		-11.1762		-5.10046
799		-8.32959		-8.90054
800		-4.04087		-10.7918
801		0.365231		-10.4088
802		3.69885		-8.22987
803		5.36629		-5.2565
804		5.49475		-2.50442
805		4.70446		-0.579803
806		3.69482		0.461714
807		2.89025		0.946095
808		2.32897		1.24918
809		1.81787		1.52418
810		1.21486		1.65283
811		0.629864		1.43055
812		0.397161		0.841335
813		0.82596		0.214264
814		1.89095		0.123081
815		3.08329		1.05289
816		3.5645		3.01867
817		2.58944		5.38221
818		-0.0123024		7.02752
819		-3.57627		6.86217
820		-6.7571		4.41415
821		-8.07938		0.206249
822		-6.64585		-4.32724
823		-2.64952		-7.39629
824		2.59476		-7.64796
825		7.15806		-4.81662
826		9.32943		0.101608
827		8.38005		5.26147
828		4.88342		8.7881
829		0.425983		9.61271
830		-3.15579		7.9175
831		-4.63674		4.97376
832		-3.9384		2.46038
833		-2.07843		1.61205
834		-0.575078		2.62863
835		-0.62434		4.63767
836		-2.47786		6.21239
837		-5.33788		6.16126
838		-7.80945		4.16895
839		-8.65727		0.956352
840		-7.46024		-2.1123
841		-4.82066		-3.75356
842		-2.02803		-3.42823
843		-0.371424		-1.59362
844		-0.475651		0.57649
845		-2.01369		1.83832
846		-3.93555		1.53216
847		-5.07052		-0.106897
848		-4.76228		-2.13507
849		-3.18974		-3.46006
850		-1.21171		-3.4513
851		0.158024		-2.25918
852		0.334639		-0.677004
853		-0.528273		0.358698
854		-1.6723		0.330261
855		-2.22192		-0.565763
856		-1.73273		-1.55793
857		-0.474937		-1.78864
858		0.717463		-0.860706
859		0.946764		0.883795
860		-0.190617		2.5248
861		-2.31921		3.08126
862		-4.44947		2.08948
863		-5.51066		-0.0946655
864		-4.95391		-2.45503
865		-3.0789		-3.85825
866		-0.88866		-3.67981
867		0.456345		-2.15761
868		0.282549		-0.265259
869		-1.21862		0.831039
870		-3.0983		0.430302
871		-4.18909		-1.30455
872		-3.77365		-3.43837
873		-2.00046		-4.80062
874		0.195938		-4.66572
875		1.63512		-3.1862
876		1.58871		-1.32149
877		0.235891		-0.288685
878		-1.39708		-0.837019
879		-1.99856		-2.75908
880		-0.734219		-4.93
881		2.21475		-5.87712
882		5.65117		-4.58352
883		7.92269		-1.08967
884		7.75767		3.44361
885		4.93405		7.26061
886		0.421936		8.85565
887		-4.0781		7.696
888		-6.95619		4.44658
889		-7.44142		0.590332
890		-5.89164		-2.33861
891		-3.49616		-3.49282
892		-1.58018		-3.0361
893		-0.906258		-1.90964
894		-1.34866		-1.20619
895		-2.09184		-1.52467
896		-2.20325		-2.66781
897		-1.22738		-3.83218
898		0.545914		-4.14938
899		2.28074		-3.24003
900		3.12296		-1.44753
901		2.72568		0.379662
902		1.45152		1.41378
903		0.131618		1.35349
904		-0.466936		0.596056
905		-0.133717		-0.0328083
906		0.642309		0.171465
907		0.979645		1.3032
908		0.184319		2.72975
909		-1.75002		3.44055
910		-4.04113		2.67145
911		-5.50872		0.434421
912		-5.2529		-2.3811
913		-3.23118		-4.4311
914		-0.380523		-4.65195
915		1.82213		-2.8983
916		2.14644		-0.106092
917		0.314098		2.14392
918		-2.7794		2.45154
919		-5.47627		0.370555
920		-6.2017		-3.29791
921		-4.29708		-6.8693
922		-0.390842		-8.61676
923		3.89846		-7.64578
924		6.77163		-4.33783
925		7.13805		-0.131084
926		5.11361		3.2329
927		1.87589		4.58136
928		-1.0192		3.83298
929		-2.46532		1.9084
930		-2.31907		0.113693
931		-1.33455		-0.628626
932		-0.593704		-0.255335
933		-0.793007		0.513227
934		-1.81954		0.727867
935		-2.86555		-0.111858
936		-3.00224		-1.68229
937		-1.85328		-3.00332
938		0.0586777		-3.05998
939		1.53031		-1.50634
940		1.36234		0.985338
941		-0.876518		2.97419
942		-4.46204		2.99647
943		-7.76254		0.406505
944		-9.02607		-4.16618
945		-7.29607		-9.02615
946		-2.95536		-12.2065
947		2.41269		-12.438
948		6.78773		-9.77701
949		8.70083		-5.55229
950		7.92319		-1.66249
951		5.49443		0.395599
952		3.09251		0.243778
953		2.10442		-1.29029
954		2.91213		-2.73769
955		4.77552		-2.86732
956		6.35155		-1.37826
957		6.53185		0.977434
958		5.11004		2.89183
959		2.89801		3.31519
960		1.2333		2.10767
961		1.17072		0.150221
962		2.82977		-1.14967
963		5.27774		-0.673096
964		7.02039		1.74169
965		6.82505		5.15999
966		4.41408		8.02257
967		0.642015		8.96688
968		-2.93855		7.54335
969		-4.8764		4.43766
970		-4.54584		1.09227
971		-2.40958		-1.04735
972		0.296262		-1.23939
973		2.24901		0.270327
974		2.69873		2.50603
975		1.74292		4.37207
976		0.103048		5.23956
977		-1.41552		5.17664
978		-2.42559		4.72401
979		-3.11426		4.39942
980		-3.97814		4.27349
981		-5.33388		3.90161
982		-6.94473		2.66142
983		-8.03353		0.278811
984		-7.70813		-2.80913
985		-5.55719		-5.51982
986		-2.0465		-6.63099
987		1.5584		-5.46126
988		3.74954		-2.33276
989		3.53297		1.47496
990		0.971339		4.29238
991		-2.79971		4.86343
992		-6.10777		2.95759
993		-7.55365		-0.539932
994		-6.6632		-4.10441
995		-4.03981		-6.34879
996		-0.956451		-6.67632
997		1.36284		-5.46518
998		2.36003		-3.71558
999		2.32253		-2.39529
1000		2.05628		-1.88028
1001		2.28045		-1.812
1002		3.12786		-1.43271
1003		4.05651		-0.168098
1004		4.21852		1.91779
1005		3.04828		4.08762
1006		0.694763		5.34431
1007		-1.98324		5.04259
1008		-3.87254		3.31801
1009		-4.24465		1.05827
1010		-3.19068		-0.583301
1011		-1.57845		-0.849255
1012		-0.544043		0.182861
1013		-0.8153		1.65762
1014		-2.27643		2.47082
1015		-4.04705		1.95748
1016		-5.03986		0.316762
1017		-4.66527		-1.50022
1018		-3.24513		-2.3913
1019		-1.85887		-1.83874
1020		-1.68246		-0.321465
1021		-3.2005		0.88158
1022		-5.77563		0.424944
1023		-7.87587		-2.23943
1024		-7.88287		-6.38519
1025		-5.04874		-10.2449
1026		-0.0484524		-11.8796
1027		5.22663		-10.2316
1028		8.57187		-5.77204
1029		8.60344		-0.35223
1030		5.50329		3.69837
1031		0.947502		4.75903
1032		-2.76563		2.74433
1033		-3.9227		-0.890875
1034		-2.276		-3.97843
1035		0.891699		-4.84074
1036		3.55407		-3.19838
1037		4.1344		-0.269556
1038		2.42416		1.99534
1039		-0.303642		2.10657
1040		-2.06085		-0.0336437
1041		-1.35797		-3.01081
1042		1.83455		-4.67976
1043		5.94817		-3.41973
1044		8.61068		0.850344
1045		7.9507		6.49115
1046		3.68558		10.9306
1047		-2.62863		12.0071
1048		-8.34743		9.13189
1049		-11.0916		3.62543
1050		-9.96682		-1.96704
1051		-5.98207		-5.2046
1052		-1.44592		-4.99274
1053		1.30867		-2.05943
1054		1.14976		1.57651
1055		-1.35967		3.81518
1056		-4.45249		3.65427
1057		-6.31526		1.65787
1058		-6.21114		-0.539564
1059		-4.89243		-1.37688
1060		-4.05145		-0.452534
1061		-5.13757		1.126
1062		-8.26176		1.37761
1063		-11.8855		-1.27628
1064		-13.5467		-6.84565
1065		-11.265		-13.4447
1066		-4.83786		-18.0784
1067		3.74741		-18.1782
1068		11.0992		-13.0661
1069		14.0538		-4.51551
1070		11.3079		3.96116
1071		4.1647		8.77626
1072		-4.03882		8.03127
1073		-9.55563		2.44951
1074		-10.0613		-5.02229
1075		-5.73807		-10.734
1076		0.948471		-12.1647
1077		6.63215		-9.09973
1078		8.82261		-3.55039
1079		7.11267		1.49251
1080		3.18895		3.74948
1081		-0.308262		2.84228
1082		-1.39422		0.341861
1083		0.107624		-1.31213
1084		2.51758		-0.370184
1085		3.36451		3.10087
1086		0.936527		7.17711
1087		-4.58491		9.14967
1088		-11.0694		7.10055
1089		-15.5095		1.08358
1090		-15.6294		-6.76651
1091		-11.1343		-13.272
1092		-3.90795		-15.8299
1093		2.94855		-13.7228
1094		6.69979		-8.41538
1095		6.31173		-2.70016
1096		2.827		0.806515
1097		-1.38063		0.974197
1098		-4.00618		-1.43265
1099		-4.05264		-4.42093
1100		-2.22007		-6.06897
1101		-0.268876		-5.67436
1102		0.214759		-4.07969
1103		-1.11637		-3.01099
1104		-3.12676		-3.85708
1105		-3.92641		-6.65165
1106		-2.13195		-9.90078
1107		2.11		-11.3953
1108		6.98421		-9.55295
1109		9.89095		-4.50173
1110		8.88527		1.76248
1111		3.85994		6.29261
1112		-3.2236		6.71219
1113		-9.22989		2.5114
1114		-11.4125		-4.61046
1115		-8.80463		-11.5643
1116		-2.68239		-15.4195
1117		4.14466		-14.8438
1118		8.81516		-10.6643
1119		9.84958		-5.27056
1120		7.75909		-1.22765
1121		4.53159		0.103019
1122		2.33442		-0.834232
1123		2.20904		-2.27279
1124		3.51713		-2.36839
1125		4.44598		-0.445288
1126		3.25446		2.50787
1127		-0.49667		4.39811
1128		-5.48221		3.32377
1129		-9.22714		-1.15645
1130		-9.4757		-7.54604
1131		-5.54234		-13.0462
1132		1.14174		-14.9885
1133		7.63229		-12.2834
1134		10.9278		-6.07357
1135		9.4956		0.784546
1136		4.04057		5.14263
1137		-2.89578		5.1169
1138		-8.27067		0.943173
1139		-10.0659		-5.30717
1140		-8.17351		-10.9489
1141		-4.18992		-14.1275
1142		-0.296228		-14.6704
1143		2.08583		-13.8952
1144		3.06333		-13.5405
1145		4.02611		-14.4982
1146		6.55546		-16.1347
1147		11.1692		-16.6335
1148		16.6945		-14.1768
1149		20.7039		-8.26926
1150		20.8236		-0.387833
1151		16.1936		6.49608
1152		8.22587		9.33828
1153		0.168329		6.64673
1154		-4.36927		-0.583891
1155		-3.18494		-9.17828
1156		3.37991		-15.2182
1157		12.55		-15.8914
1158		20.427		-10.8041
1159		23.8273		-2.09197
1160		21.7037		6.69725
1161		15.4533		12.3388
1162		8.01701		13.3723
1163		2.31365		10.5388
1164		-0.130436		6.07393
1165		0.340452		2.33482
1166		2.09013		0.564288
1167		3.39526		0.458711
1168		3.5255		0.703992
1169		3.07104		0.0754766
1170		3.36942		-1.61132
1171		5.42968		-3.29242
1172		9.0489		-3.31615
1173		12.6935		-0.565908
1174		14.2537		4.64917
1175		12.2529		10.5039
1176		6.80598		14.471
1177		-0.250948		14.6128
1178		-6.17366		10.6354
1179		-8.64412		4.10657
1180		-6.90551		-2.29435
1181		-2.08507		-6.0945
1182		3.45595		-6.19776
1183		7.36836		-3.28819
1184		8.46252		0.715935
1185		7.1418		3.80826
1186		4.92848		4.97139
1187		3.41005		4.58363
1188		3.25105		3.9632
1189		3.85361		4.36757
1190		3.84817		6.07756
1191		2.09644		8.13397
1192		-1.42056		8.89673
1193		-5.39089		7.09878
1194		-7.79959		2.76114
1195		-7.05918		-2.59967
1196		-2.99522		-6.63798
1197		2.89832		-7.37925
1198		8.11544		-4.29364
1199		10.3741		1.36326
1200		8.76549		7.14991
1201		4.18967		10.6643
1202		-1.15719		10.7344
1203		-4.95861		7.93263
1204		-5.96926		4.15353
1205		-4.57824		1.50758
1206		-2.45992		1.1575
1207		-1.53708		2.73558
1208		-2.85523		4.64143
1209		-5.9962		5.02196
1210		-9.33877		2.86236
1211		-10.9912		-1.42554
1212		-9.85186		-6.22768
1213		-6.20275		-9.61056
1214		-1.52737		-10.3453
1215		2.30892		-8.50127
1216		4.02687		-5.30791
1217		3.50593		-2.41203
1218		1.67599		-0.992883
1219		-0.146783		-1.24631
1220		-1.03936		-2.49719
1221		-0.889741		-3.80455
1222		-0.230096		-4.63081
1223		0.354263		-5.12772
1224		0.805264		-5.85795
1225		1.7341		-7.15314
1226		3.98261		-8.56839
1227		7.85512		-8.86267
1228		12.5267		-6.61963
1229		16.0829		-1.20712
1230		16.301		6.49016
1231		11.832		14.0718
1232		3.1548		18.4891
1233		-7.27291		17.426
1234		-15.8545		10.5114
1235		-19.3479		-0.285789
1236		-16.3069		-11.3412
1237		-7.75827		-18.8525
1238		3.22898		-20.4127
1239		12.8692		-15.9323
1240		18.2265		-7.49608
1241		18.2744		1.71148
1242		13.9948		8.82638
1243		7.58075		12.3565
1244		1.2586		12.4079
1245		-3.61765		10.1108
1246		-6.77064		6.70127
1247		-8.52733		2.85062
1248		-9.09685		-1.38109
1249		-8.14444		-6.02465
1250		-4.98297		-10.5487
1251		0.726465		-13.6057
1252		8.24044		-13.4611
1253		15.5187		-8.94643
1254		19.8103		-0.400633
1255		18.8473		10.0047
1256		12.0561		18.8712
1257		1.1128		22.918
1258		-10.5348		20.4405
1259		-19.0214		12.1447
1260		-21.6703		0.908781
1261		-18.0724		-9.43937
1262		-10.121		-15.7324
1263		-1.02145		-16.6787
1264		6.18876		-13.1227
1265		9.84857		-7.30504
1266		10.0422		-1.59825
1267		8.04743		2.56685
1268		5.29148		5.03606
1269		2.48273		6.44386
1270		-0.568144		7.31184
1271		-4.37875		7.37547
1272		-8.90148		5.6211
1273		-12.9535		1.05521
1274		-14.4441		-6.25887
1275		-11.3958		-14.5858
1276		-3.24288		-20.8283
1277		8.3477		-21.7599
1278		19.7036		-15.6299
1279		26.4659		-3.3121
1280		25.4461		11.6687
1281		16.1388		24.359
1282		1.12473		30.3412
1283		-14.8744		27.5402
1284		-26.8721		17.0293
1285		-31.5564		2.48161
1286		-28.4149		-11.4347
1287		-19.5951		-20.9261
1288		-8.6817		-24.3456
1289		0.926397		-22.366
1290		7.2341		-17.1377
1291		9.96165		-11.0091
1292		9.97979		-5.52598
1293		8.35911		-1.1717
1294		5.66636		2.17562
1295		1.90217		4.51554
1296		-2.9752		5.29522
1297		-8.38694		3.60783
1298		-12.8733		-1.09045
1299		-14.5237		-8.22614
1300		-11.9359		-15.8726
1301		-5.17085		-21.3124
1302		3.89688		-22.2063
1303		12.1421		-17.7869
1304		16.4739		-9.41573
1305		15.2314		-0.144253
1306		8.97639		6.56661
1307		0.255707		8.35478
1308		-7.5651		4.94431
1309		-11.8118		-1.87488
1310		-11.5948		-9.23616
1311		-7.95911		-14.6133
1312		-3.07301		-16.9177
1313		1.05063		-16.7295
1314		3.57726		-15.6064
1315		5.06845		-14.9258
1316		6.82024		-14.962
1317		9.75645		-14.742
1318		13.5673		-12.7629
1319		16.6426		-8.14135
1320		16.8879		-1.4966
1321		12.9937		5.00243
1322		5.43537		8.53534
1323		-3.4048		7.04521
1324		-10.1432		0.424616
1325		-11.9226		-9.19005
1326		-7.79912		-18.23
1327		0.729345		-23.2502
1328		10.3439		-22.4728
1329		17.3842		-16.5588
1330		19.4626		-8.23447
1331		16.4304		-0.981373
1332		10.2583		2.54663
1333		3.9489		1.60184
1334		0.0705442		-2.56659
1335		-0.341266		-7.57354
1336		1.98914		-11.1979
1337		5.24769		-12.4283
1338		7.66097		-11.7492
1339		8.44927		-10.6028
1340		8.11624		-10.3998
1341		7.98656		-11.6611
1342		9.31795		-13.7503
1343		12.519		-15.2925
1344		16.9014		-14.9902
1345		21.0638		-12.3474
1346		23.6405		-7.90464
1347		23.9663		-2.89668
1348		22.2918		1.41954
1349		19.4757		4.34718
1350		16.398		5.9126
1351		13.4857		6.56032
1352		10.6492		6.62898
1353		7.64575		5.99094
1354		4.59668		4.12539
1355		2.27067		0.60574
1356		1.87364		-4.30714
1357		4.39458		-9.38269
1358		9.85819		-12.7185
1359		16.9469		-12.5556
1360		23.2956		-8.22449
1361		26.4099		-0.703627
1362		24.799		7.56648
1363		18.76		13.604
1364		10.3894		15.1409
1365		2.7708		11.6182
1366		-1.29574		4.43717
1367		-0.427195		-3.6522
1368		4.86929		-9.72124
1369		12.5677		-11.8215
1370		20.1002		-9.59836
1371		25.4197		-4.13288
1372		27.6316		2.80832
1373		26.9546		9.64956
1374		24.1555		15.53
1375		19.8802		20.2501
1376		14.3191		23.7795
1377		7.40206		25.732
1378		-0.638069		25.2214
1379		-8.75307		21.266
1380		-15.0368		13.5446
1381		-17.3138		3.05023
1382		-14.1368		-7.8195
1383		-5.69387		-15.9196
1384		5.89659		-18.5456
1385		17.1461		-14.6188
1386		24.4356		-5.28906
1387		25.4039		6.37305
1388		19.8617		16.4889
1389		9.82945		21.8058
1390		-1.2929		20.827
1391		-10.0166		14.1827
1392		-13.936		4.16777
1393		-12.32		-6.24714
1394		-5.99349		-14.4293
1395		3.26943		-18.7057
1396		13.4367		-18.4585
1397		22.6575		-13.865
1398		29.3639		-5.60507
1399		32.2105		5.22533
1400		30.132		16.9966
1401		22.6788		27.4595
1402		10.5258		33.9865
1403		-4.17999		34.2658
1404		-18.0065		27.2608
1405		-27.1053		13.9862
1406		-28.5422		-2.38608
1407		-21.5463		-17.3245
1408		-8.06726		-26.4444
1409		7.72014		-27.1374
1410		20.8526		-19.6087
1411		27.389		-6.8278
1412		25.825		6.6194
1413		17.5051		16.2847
1414		5.89145		19.4516
1415		-4.93044		15.9015
1416		-11.7992		7.60119
1417		-13.4033		-2.42
1418		-10.2751		-11.383
1419		-4.03075		-17.6296
1420		3.61335		-20.7319
1421		11.4829		-20.9753
1422		18.9647		-18.6818
1423		25.5412		-13.873
1424		30.2904		-6.49975
1425		31.8138		2.94524
1426		28.7723		12.9088
1427		20.7873		20.8269
1428		9.16949		23.9044
1429		-3.05383		20.3402
1430		-12.0047		10.3879
1431		-14.4195		-3.35903
1432		-9.05063		-16.7209
1433		2.6911		-25.4661
1434		17.2132		-26.9504
1435		30.1541		-21.0987
1436		38.0831		-10.2763
1437		39.7002		1.8605
1438		36.0121		11.9477
1439		29.4858		18.1583
1440		22.6919		20.5478
1441		17.171		20.4425
1442		13.082		19.3142
1443		9.72412		17.8332
1444		6.5224		15.6379
1445		3.8205		11.917
1446		2.95243		6.40643
1447		5.50364		0.145794
1448		12.1654		-4.54025
1449		21.859		-4.93464
1450		31.6988		0.712831
1451		37.9324		12.0652
1452		37.4705		26.4425
1453		29.2855		39.6359
1454		14.9992		47.4631
1455		-1.63503		47.3622
1456		-16.1126		39.313
1457		-24.785		25.7145
1458		-25.993		10.3534
1459		-20.3094		-2.99662
1460		-9.93433		-11.7066
1461		2.32802		-14.7432
1462		13.9716		-12.4295
1463		23.2132		-5.85027
1464		28.9342		3.66484
1465		30.4214		14.7168
1466		27.2567		25.718
1467		19.5194		34.7661
1468		8.17216		39.8189
1469		-4.71116		39.2622
1470		-16.1931		32.6554
1471		-23.261		21.2381
1472		-23.8836		7.82885
1473		-17.8503		-3.96918
1474		-6.95663		-10.9702
1475		5.59856		-11.4918
1476		16.3464		-5.83758
1477		22.6941		4.01099
1478		23.5831		15.2853
1479		19.4404		25.4234
1480		11.5966		32.6943
1481		1.59594		36.2507
1482		-9.18033		35.7764
1483		-19.4372		31.1314
1484		-27.6466		22.3548
1485		-31.9089		10.0882
1486		-30.3335		-3.88589
1487		-21.9256		-16.4911
1488		-7.56384		-23.9618
1489		9.55967		-23.1635
1490		24.5076		-13.1147
1491		32.1703		4.06308
1492		29.2786		23.3895
1493		15.9595		38.5669
1494		-3.95856		44.2819
1495		-24.1574		38.2975
1496		-38.1211		22.3953
1497		-41.5461		1.7182
1498		-33.839		-17.2057
1499		-18.0951		-28.8839
1500		0.340084		-30.6826
1501		15.9916		-23.3494
1502		25.0892		-10.1871
1503		26.3936		4.54934
1504		20.8791		17.1853
1505		10.7124		25.4337
1506		-1.76522		28.3326
1507		-14.5125		25.6867
1508		-25.6476		17.6136
1509		-33.082		4.60465
1510		-34.4879		-11.9436
1511		-27.9218		-29.2112
1512		-12.9341		-43.0515
1513		8.45444		-49.0089
1514		31.6293		-44.0017
1515		50.4806		-27.9188
1516		59.4626		-4.25396
1517		55.7712		20.7277
1518		40.6164		40.1027
1519		18.9151		48.8259
1520		-2.54665		45.5687
1521		-17.6915		33.0263
1522		-23.3212		16.5771
1523		-19.9389		1.95994
1524		-10.9557		-6.92991
1525		-0.801229		-9.14706
1526		7.05916		-6.33551
1527		11.2485		-1.28936
1528		12.3326		3.67352
1529		11.7099		7.64159
1530		10.3341		10.9471
1531		8.07507		14.1862
1532		4.06997		17.1659
1533		-2.22629		18.5271
1534		-10.0286		16.3494
1535		-16.9789		9.40744
1536		-19.9512		-1.68115
1537		-16.5495		-14.1725
1538		-6.49394		-24.0648
1539		7.90103		-27.7598
1540		22.4893		-23.6873
1541		32.9663		-13.0515
1542		36.629		0.694765
1543		33.3537		13.3713
1544		25.3473		21.8028
1545		15.8845		24.8986
1546		7.75594		23.6117
1547		2.25529		19.9376
1548		-0.837534		15.6226
1549		-2.41811		11.3518
1550		-2.99531		6.84164
1551		-2.12842		1.6753
1552		1.26055		-3.74076
1553		7.89777		-7.80264
1554		17.1438		-8.25577
1555		26.6676		-3.42132
1556		33.1396		6.5955
1557		33.6769		19.4669
1558		27.2989		31.3309
1559		15.5924		38.3416
1560		2.17975		38.3207
1561		-8.77793		31.667
1562		-14.2907		21.0681
1563		-13.6077		10.1958
1564		-8.15281		2.1009
1565		-0.466618		-1.85299
1566		7.17298		-2.02593
1567		13.6505		0.370525
1568		18.9685		4.411
1569		23.3996		10.0928
1570		26.4826		18.0492
1571		26.6209		28.5245
1572		21.6753		40.3045
1573		10.3161		50.3899
1574		-6.62766		54.8155
1575		-25.6812		50.3501
1576		-41.557		36.2541
1577		-49.0647		15.1441
1578		-45.2478		-7.58907
1579		-30.7194		-25.6397
1580		-9.54068		-34.104
1581		12.304		-31.2021
1582		29.1015		-18.6682
1583		37.265		-0.750629
1584		36.0927		17.5693
1585		27.2985		32.2302
1586		13.8088		40.9175
1587		-1.39799		42.9291
1588		-15.8287		38.5109
1589		-27.3365		28.3264
1590		-33.754		13.4922
1591		-32.9117		-3.90325
1592		-23.3572		-20.3591
1593		-5.52798		-31.2463
1594		17.3468		-32.091
1595		39.3959		-20.4822
1596		53.6311		2.30156
1597		54.4286		30.9136
1598		39.9256		57.2771
1599		13.1723		73.2764
1600		-18.6245		73.715
1601		-46.5509		58.2402
1602		-63.0965		31.3817
1603		-64.5865		0.73003
1604		-51.9573		-25.8552
1605		-29.7334		-42.7319
1606		-3.91985		-47.6597
1607		20.0527		-41.45
1608		38.4239		-26.6607
1609		49.0331		-6.31237
1610		50.6217		16.6238
1611		42.3828		38.8948
1612		24.3471		56.4186
1613		-1.51875		64.4063
1614		-30.3342		58.6609
1615		-54.4833		37.7373
1616		-65.5087		4.87438
1617		-57.3106		-31.6162
1618		-29.3233		-60.2683
1619		11.9822		-70.3386
1620		54.3725		-56.1796
1621		83.788		-20.1545
1622		89.5173		27.4163
1623		68.464		71.5365
1624		26.6271		97.8492
1625		-22.9159		97.8316
1626		-64.7099		71.7449
1627		-86.3505		28.2084
1628		-82.4567		-19.2493
1629		-55.7666		-57.0669
1630		-15.2759		-75.9244
1631		27.4337		-72.8988
1632		61.9684		-51.1127
1633		81.6045		-17.6017
1634		83.9748		19.3074
1635		70.3897		52.0042
1636		44.6907		74.587
1637		12.3557		83.1663
1638		-20.0183		76.1014
1639		-45.2841		54.5255
1640		-56.9041		22.9185
1641		-50.8026		-10.9779
1642		-27.3202		-37.5554
1643		7.80026		-48.0806
1644		44.3332		-37.9456
1645		70.5528		-9.0048
1646		77.3727		30.3126
1647		61.9617		67.5567
1648		29.1614		90.6848
1649		-10.1167		92.5883
1650		-42.9854		73.7607
1651		-59.4738		41.912
1652		-56.1238		8.69372
1653		-36.7897		-14.9945
1654		-10.4363		-23.0498
1655		12.915		-15.8825
1656		26.1874		0.717969
1657		27.4806		18.7582
1658		19.8022		31.6111
1659		8.79826		36.3557
1660		-0.161057		34.0664
1661		-4.10207		28.3224
1662		-2.97714		23.0179
1663		1.2503		20.6757
1664		6.11378		21.9463
1665		9.77934		26.173
1666		11.3055		32.3195
1667		10.209		39.5093
1668		5.97644		46.8787
1669		-1.88747		53.0568
1670		-13.1795		55.938
1671		-26.1793		53.2479
1672		-37.4609		43.8283
1673		-42.8307		28.9478
1674		-39.2061		12.7032
1675		-26.5547		0.932892
1676		-8.75518		-1.1408
1677		7.35961		8.48069
1678		14.6192		27.0605
1679		8.7099		47.6637
1680		-9.57417		61.7367
1681		-34.2069		62.6788
1682		-56.146		48.7857
1683		-66.9716		24.1725
1684		-62.3252		-2.78736
1685		-43.6195		-22.8046
1686		-17.3186		-29.284
1687		7.76934		-20.6354
1688		23.8732		-0.413635
1689		26.8289		24.5222
1690		16.899		46.777
1691		-2.15823		60.8129
1692		-24.977		64.0866
1693		-46.3761		56.848
1694		-62.3478		41.1917
1695		-70.2032		20.1587
1696		-68.378		-2.64918
1697		-56.4958		-23.0678
1698		-35.8962		-36.5311
1699		-10.2576		-38.9029
1700		14.4043		-27.9869
1701		30.9205		-5.09084
1702		33.2593		24.3289
1703		19.0962		51.6749
1704		-8.57187		67.8505
1705		-41.7634		66.6214
1706		-69.9636		47.2576
1707		-83.8345		15.1889
1708		-78.6553		-19.7565
1709		-56.0158		-46.8579
1710		-23.0591		-58.2787
1711		10.3167		-51.5476
1712		35.0064		-29.833
1713		45.4835		-0.153419
1714		40.828		29.4402
1715		23.9457		52.3766
1716		-0.236893		64.8377
1717		-26.5165		65.6762
1718		-50.3455		55.5892
1719		-67.9152		36.3977
1720		-75.9632		10.9363
1721		-72.005		-16.6059
1722		-55.2686		-40.5744
1723		-27.9195		-54.6555
1724		4.32254		-53.7477
1725		33.0017		-36.2595
1726		49.3303		-5.66578
1727		47.4182		29.7444
1728		26.9241		59.2369
1729		-6.22147		73.3722
1730		-41.589		67.5835
1731		-67.931		44
1732		-77.2538		10.6557
1733		-67.552		-21.5876
1734		-43.0993		-43.0411
1735		-12.3375		-48.3917
1736		15.5224		-37.868
1737		33.6103		-16.1739
1738		38.9895		9.96636
1739		32.4112		34.3115
1740		16.8616		52.5645
1741		-4.01209		62.4965
1742		-26.7338		63.2589
1743		-47.9439		54.7794
1744		-64.0257		37.8607
1745		-71.2287		14.8937
1746		-66.7263		-9.55183
1747		-50.2717		-29.1377
1748		-25.4646		-37.5362
1749		0.438538		-31.054
1750		18.6064		-10.8466
1751		22.0048		16.6129
1752		8.59109		41.4395
1753		-17.2903		54.068
1754		-46.2187		49.2366
1755		-67.3396		28.3564
1756		-72.7823		-0.935143
1757		-60.8434		-27.9224
1758		-36.4724		-43.2424
1759		-8.88832		-42.5606
1760		12.4735		-27.855
1761		21.7325		-5.88084
1762		18.3526		15.2349
1763		6.34308		29.486
1764		-8.40781		34.9117
1765		-21.0854		33.2655
1766		-29.6547		27.9947
1767		-34.6577		21.9228
1768		-37.599		16.0106
1769		-39.1914		9.75723
1770		-38.6864		2.71199
1771		-34.7122		-4.13406
1772		-26.981		-8.20978
1773		-17.5781		-6.76101
1774		-10.7163		1.00731
1775		-10.7658		12.4711
1776		-19.5127		22.0041
1777		-34.2713		23.4431
1778		-48.2138		13.5165
1779		-53.168		-5.60943
1780		-43.7352		-26.2772
1781		-20.6783		-38.2126
1782		8.32545		-33.217
1783		31.2811		-9.48495
1784		36.8761		26.6526
1785		19.6549		62.6297
1786		-17.0745		84.529
1787		-62.0476		82.8251
1788		-100.287		56.414
1789		-118.918		13.1521
1790		-111.998		-33.2488
1791		-82.3924		-68.48
1792		-40.1204		-82.7072
1793		1.75921		-73.4171
1794		31.7415		-45.2224
1795		43.061		-7.25722
1796		34.5675		30.2756
1797		9.63308		58.8391
1798		-25.7527		72.8032
1799		-64.5432		69.444
1800		-99.3836		48.581
1801		-122.936		12.6222
1802		-128.6		-32.9232
1803		-112.138		-79.1812
1804		-73.8951		-114.892
1805		-20.4529		-129.12
1806		35.6514		-115.134
1807		78.8504		-73.8915
1808		95.5509		-15.283
1809		79.3954		44.0268
1810		34.4642		85.8377
1811		-25.2821		96.8985
1812		-80.4822		74.0088
1813		-113.191		25.5089
1814		-113.344		-31.6034
1815		-82.2523		-77.8322
1816		-31.796		-98.1386
1817		20.232		-86.9514
1818		56.5865		-49.4363
1819		66.2591		1.12405
1820		47.3868		48.4213
1821		6.74677		78.5011
1822		-43.3771		83.5118
1823		-89.3402		62.9295
1824		-119.726		22.539
1825		-127.52		-27.8224
1826		-110.869		-76.717
1827		-72.9279		-113.206
1828		-21.259		-128.603
1829		33.1658		-118.115
1830		77.6648		-82.3397
1831		100.482		-28.1158
1832		94.0708		32.0662
1833		58.0425		82.6198
1834		0.442688		109.117
1835		-63.669		103.002
1836		-116.359		64.9582
1837		-142.465		5.3494
1838		-134.69		-58.7683
1839		-96.0865		-109.156
1840		-38.8907		-132.366
1841		19.8631		-123.873
1842		64.1577		-88.853
1843		83.9381		-39.5236
1844		77.3999		9.60162
1845		50.1187		46.4804
1846		11.8897		64.5276
1847		-27.0339		63.0769
1848		-58.7071		45.8062
1849		-78.504		18.4101
1850		-84.6655		-13.2173
1851		-77.3495		-43.706
1852		-58.1085		-68.1478
1853		-30.0809		-82.0662
1854		1.5916		-82.0946
1855		29.988		-67.352
1856		47.8555		-40.7486
1857		50.0601		-9.15239
1858		35.9929		18.2433
1859		10.5765		33.0667
1860		-17.0083		31.1777
1861		-36.6777		14.6971
1862		-41.5566		-8.52586
1863		-30.9764		-28.0246
1864		-10.868		-35.1452
1865		8.76626		-26.8051
1866		18.2273		-6.82751
1867		12.3569		15.7917
1868		-7.29221		30.8804
1869		-33.294		31.4924
1870		-55.707		16.7197
1871		-66.3154		-8.25852
1872		-61.8074		-34.7102
1873		-44.5878		-54.1157
1874		-21.1403		-61.3729
1875		1.0052		-56.1232
1876		16.1424		-41.9379
1877		21.8752		-24.1565
1878		18.8997		-7.66328
1879		9.68304		4.36598
1880		-2.92609		10.4856
1881		-16.3647		10.2953
1882		-28.2053		3.89835
1883		-35.7619		-7.94713
1884		-36.2257		-23.1193
1885		-27.6994		-37.6073
1886		-10.7486		-45.9975
1887		10.5182		-43.2654
1888		28.8542		-27.2933
1889		36.1169		-0.849777
1890		26.6777		28.2648
1891		0.49115		49.4654
1892		-35.7973		53.3955
1893		-70.5833		36.0621
1894		-91.4534		1.16678
1895		-90.1173		-40.6287
1896		-65.9864		-75.4179
1897		-26.769		-91.2903
1898		14.2575		-82.909
1899		43.175		-53.5121
1900		50.4959		-13.5752
1901		34.3445		23.1802
1902		0.643274		44.6801
1903		-39.4627		44.3393
1904		-73.6208		22.5697
1905		-92.0442		-14.1834
1906		-89.8026		-56.0168
1907		-67.2881		-92.4882
1908		-29.3356		-114.892
1909		16.1924		-117.578
1910		59.7828		-98.5946
1911		91.5622		-60.082
1912		102.826		-8.52716
1913		88.0533		45.5103
1914		47.1294		88.8325
1915		-13.1073		108.526
1916		-79.1201		95.9279
1917		-133.421		50.3329
1918		-159.476		-19.2241
1919		-147.297		-95.3749
1920		-97.5836		-157.089
1921		-22.5396		-186.263
1922		57.3485		-173.883
1923		119.656		-123.361
1924		147.258		-49.6488
1925		133.795		25.6285
1926		85.3882		81.2083
1927		18.1278		102.813
1928		-47.5391		87.052
1929		-93.312		41.5084
1930		-108.158		-18.5968
1931		-90.5824		-75.5864
1932		-47.8139		-114.428
1933		7.2289		-126.254
1934		59.8505		-109.682
1935		97.16		-70.1826
1936		110.65		-18.1632
1937		97.6216		33.5513
1938		61.5394		72.4324
1939		11.3639		88.9197
1940		-40.2217		78.7602
1941		-79.6833		44.4864
1942		-96.2254		-4.64299
1943		-85.1886		-54.7004
1944		-50.0224		-90.9643
1945		-1.79299		-102.592
1946		44.0274		-86.4641
1947		72.6384		-48.6054
1948		75.082		-2.36395
1949		51.4907		36.1906
1950		11.0392		53.9929
1951		-31.4754		45.617
1952		-61.1027		14.9969
1953		-68.0889		-26.3914
1954		-51.0294		-64.0511
1955		-16.7301		-85.7814
1956		22.9117		-85.6839
1957		55.5168		-65.4589
1958		72.398		-32.8344
1959		70.7992		1.86127
1960		53.7077		29.3957
1961		27.8015		44.1976
1962		0.701612		45.1436
1963		-21.3284		34.7828
1964		-34.6163		17.7538
1965		-38.266		-0.81534
1966		-33.705		-16.4844
1967		-24.0069		-26.2368
1968		-13.1445		-28.954
1969		-5.08378		-25.6966
1970		-2.64142		-19.6085
1971		-6.3082		-15.1333
1972		-13.5716		-16.4376
1973		-19.3513		-25.4169
1974		-17.8068		-40.1431
1975		-5.0744		-54.7245
1976		18.1855		-61.1021
1977		45.7893		-52.4091
1978		67.4663		-26.599
1979		72.5707		11.3773
1980		54.739		50.1777
1981		15.4821		75.6551
1982		-35.0846		76.237
1983		-81.0521		47.9343
1984		-106.215		-3.22228
1985		-100.146		-62.5439
1986		-62.3765		-111.485
1987		-2.96799		-134.06
1988		60.7804		-122.374
1989		110.135		-79.1824
1990		130.979		-16.6789
1991		117.916		47.7663
1992		75.2063		97.1063
1993		14.673		119.348
1994		-48.2334		110.142
1995		-98.6317		72.9224
1996		-125.464		17.1924
1997		-123.325		-44.064
1998		-93.0412		-97.081
1999		-41.3431		-129.798
2000		20.1641		-134.14
2001		76.8934		-108.025
2002		114.198		-56.6578
2003		121.118		7.64076
2004		94.0534		67.7421
2005		38.9879		106.122
2006		-29.0842		110.345
2007		-89.9845		77.7301
2008		-124.591		17.2175
2009		-121.413		-52.7622
2010		-80.9792		-110.045
2011		-16.1239		-136.207
2012		52.1634		-122.972
2013		101.891		-75.0649
2014		117.526		-8.41109
2015		94.9659		55.5529
2016		42.2949		97.193
2017		-23.6585		104.835
2018		-83.3262		77.6825
2019		-120.548		24.8718
2020		-126.741		-38.397
2021		-102.093		-95.8204
2022		-54.1126		-134.214
2023		5.30389		-145.95
2024		62.9558		-129.559
2025		106.815		-89.1331
2026		127.787		-33.204
2027		121.065		26.5821
2028		87.2535		77.1891
2029		32.9884		106.583
2030		-29.5908		106.697
2031		-85.0916		76.2235
2032		-118.755		22.0314
2033		-120.983		-41.8453
2034		-90.8587		-97.862
2035		-37.0586		-130.311
2036		24.5437		-130.477
2037		75.9408		-99.5674
2038		102.88		-48.1762
2039		99.3164		7.5457
2040		68.7736		51.4647
2041		22.2661		72.562
2042		-26.0925		67.672
2043		-63.8447		41.1378
2044		-83.4509		2.04015
2045		-83.1464		-39.4287
2046		-65.7113		-74.8286
2047		-36.3359		-98.6989
2048		-0.859337		-108.327
2049		34.9692		-102.97
2050		65.458		-83.4879
2051		85.0056		-52.7145
2052		88.9465		-16.0822
2053		75.2591		18.46
2054		46.3329		41.968
2055		9.55817		47.3473
2056		-24.1637		32.4392
2057		-43.8919		1.77133
2058		-42.8577		-34.2446
2059		-21.5337		-62.7679
2060		12.0333		-73.4086
2061		45.0628		-62.4566
2062		65.0138		-34.5197
2063		64.5864		-0.728935
2064		44.5664		25.7729
2065		13.2845		35.0971
2066		-16.9954		24.3484
2067		-35.0768		-1.68776
2068		-35.0115		-32.9951
2069		-17.7742		-58.6017
2070		9.98082		-70.6832
2071		39.1532		-66.811
2072		61.7327		-49.7294
2073		73.102		-25.2654
2074		72.4426		0.280174
2075		61.6381		21.9762
2076		43.7273		36.7712
2077		21.9099		43.0065
2078		-0.538334		39.7966
2079		-19.8553		27.0333
2080		-31.715		6.12745
2081		-32.0936		-19.1175
2082		-18.9879		-42.4285
2083		5.84561		-56.394
2084		36.2667		-55.0115
2085		62.9922		-36.4333
2086		76.5565		-4.53983
2087		70.8986		31.6534
2088		46.0142		60.7943
2089		8.41217		73.1804
2090		-30.9493		64.3
2091		-60.4469		36.4549
2092		-71.7514		-2.16661
2093		-62.3986		-40.4833
2094		-36.1018		-68.2695
2095		-0.949627		-79.1747
2096		33.5315		-72.032
2097		59.1973		-50.3329
2098		71.0664		-20.4969
2099		67.8112		10.1442
2100		51.306		34.9437
2101		25.8043		48.9122
2102		-2.87394		49.2751
2103		-28.1423		35.908
2104		-43.6822		11.6918
2105		-44.8682		-17.5185
2106		-30.3594		-43.7564
2107		-3.22111		-58.8339
2108		29.1683		-56.9073
2109		56.8238		-36.8284
2110		70.1681		-3.2122
2111		63.3527		34.4762
2112		36.5676		64.7243
2113		-3.67611		77.7219
2114		-46.5109		68.6422
2115		-80.2057		39.1914
2116		-95.8459		-3.11106
2117		-89.8494		-47.5268
2118		-64.5382		-83.4624
2119		-26.837		-103.341
2120		14.1294		-104.119
2121		49.5238		-87.2835
2122		72.6126		-57.7799
2123		79.6711		-22.5348
2124		70.194		10.9112
2125		46.7594		35.5465
2126		14.7085		45.9533
2127		-18.5023		39.4232
2128		-44.5444		16.9593
2129		-56.1271		-16.3138
2130		-49.1982		-51.8673
2131		-24.6372		-79.8051
2132		11.4188		-91.7918
2133		49.0698		-83.8724
2134		77.6551		-58.0207
2135		89.2204		-21.6562
2136		81.0972		14.8011
2137		56.5634		41.4052
2138		23.3732		51.8032
2139		-9.12994		44.8069
2140		-33.042		23.9746
2141		-43.8663		-4.32614
2142		-40.8637		-33.2986
2143		-26.0743		-57.4556
2144		-2.88563		-73.1893
2145		24.956		-78.4044
2146		53.51		-71.9681
2147		78.2981		-53.6998
2148		94.2149		-25.0925
2149		96.3454		9.74143
2150		81.7277		43.8107
2151		51.3368		68.3957
2152		11.1398		75.6145
2153		-28.7167		61.526
2154		-56.7091		28.3721
2155		-63.8397		-15.2758
2156		-47.0729		-56.8466
2157		-10.7903		-83.8401
2158		34.4531		-88.0585
2159		75.4223		-68.3079
2160		100.535		-30.5456
2161		103.331		14.4284
2162		83.8801		54.6272
2163		47.9147		80.3565
2164		4.4492		86.3189
2165		-36.8966		71.9768
2166		-67.8683		40.6473
2167		-82.513		-1.79089
2168		-77.4388		-47.8913
2169		-52.0311		-89.2387
2170		-8.98526		-117.11
2171		45.0904		-123.769
2172		99.7469		-104.56
2173		142.192		-60.2015
2174		160.375		1.81736
2175		146.897		67.8839
2176		102.291		121.343
2177		36.0884		147.331
2178		-35.154		137.724
2179		-92.5127		94.2589
2180		-120.497		28.4988
2181		-111.894		-41.5172
2182		-69.9116		-96.749
2183		-6.93258		-122.793
2184		59.4899		-113.76
2185		111.821		-73.2895
2186		137.139		-12.7639
2187		129.858		52.2827
2188		92.2393		106.178
2189		33.0906		136.448
2190		-34.5134		135.962
2191		-95.8374		103.931
2192		-137.086		45.9855
2193		-147.939		-26.548
2194		-123.889		-98.3275
2195		-67.9651		-152.792
2196		8.90671		-175.906
2197		89.556		-160.106
2198		154.367		-107.186
2199		186.479		-28.8591
2200		176.862		55.673
2201		127.475		124.775
2202		51.1942		160.573
2203		-31.6801		154.25
2204		-99.3042		108.621
2205		-134.589		37.1065
2206		-129.861		-40.4659
2207		-88.477		-103.715
2208		-23.1536		-137.276
2209		48.1517		-134.435
2210		107.285		-98.0652
2211		140.367		-39.0126
2212		140.657		27.1965
2213		109.474		84.264
2214		55.3415		118.741
2215		-8.18867		122.78
2216		-65.5724		95.6992
2217		-102.693		44.1534
2218		-110.136		-19.2092
2219		-85.6374		-78.5477
2220		-34.9872		-118.666
2221		29.1161		-129.023
2222		90.236		-106.762
2223		132.645		-57.6985
2224		145.74		5.22293
2225		126.992		65.6391
2226		82.4283		108.474
2227		24.5234		124.086
2228		-31.6822		110.532
2229		-72.8578		73.3809
2230		-90.65		23.4198
2231		-83.1004		-26.7088
2232		-54.1644		-65.7336
2233		-11.9355		-85.9787
2234		33.5791		-84.3167
2235		72.4759		-62.1041
2236		96.5247		-24.5422
2237		100.376		20.2478
2238		82.5343		62.4299
2239		46.0184		92.0926
2240		-1.67013		101.335
2241		-49.6677		86.4378
2242		-86.0841		49.3996
2243		-101.111		-1.93368
2244		-89.9513		-55.5386
2245		-54.4714		-98.3748
2246		-2.8395		-120.052
2247		52.8211		-115.713
2248		99.9345		-87.1201
2249		128.852		-41.6442
2250		134.963		10.271
2251		119.013		58.0892
2252		85.914		93.5109
2253		42.8761		111.577
2254		-2.27729		110.657
2255		-42.1418		91.9225
2256		-70.2507		58.9046
2257		-81.5743		17.3477
2258		-73.4099		-24.9703
2259		-46.5926		-59.035
2260		-6.4076		-76.385
2261		37.6458		-71.6438
2262		73.763		-44.8875
2263		91.1728		-2.65425
2264		83.8246		43.2437
2265		52.9215		79.0605
2266		7.07789		93.5511
2267		-40.2021		81.8211
2268		-74.8861		47.0423
2269		-86.9644		-0.668797
2270		-73.4622		-47.7337
2271		-38.8786		-81.5282
2272		6.87142		-94.0354
2273		51.9392		-83.5313
2274		85.9806		-54.0646
2275		102.387		-13.4212
2276		98.9342		29.3047
2277		77.2481		65.6062
2278		41.8674		88.627
2279		-0.532593		93.7016
2280		-41.7109		78.8977
2281		-72.6667		45.8
2282		-85.1633		0.205513
2283		-74		-48.0175
2284		-39.3624		-86.5787
2285		11.8953		-103.955
2286		67.0765		-93.26
2287		110.848		-55.2916
2288		130		0.736731
2289		118.054		59.4592
2290		77.8567		104.069
2291		20.9607		121.816
2292		-36.0737		108.191
2293		-77.099		68.2265
2294		-91.453		14.4768
2295		-76.859		-37.3644
2296		-39.3154		-73.4465
2297		9.60462		-85.5192
2298		56.6993		-72.3919
2299		90.7729		-39.0908
2300		104.893		5.42557
2301		97.0397		50.8543
2302		69.6182		87.6209
2303		28.5138		108.235
2304		-17.8923		108.205
2305		-59.8082		86.8416
2306		-87.5523		47.9276
2307		-93.6921		-0.210618
2308		-75.4503		-45.8651
2309		-36.4785		-76.6225
2310		13.076		-83.0916
2311		58.8296		-62.4543
2312		86.4263		-20.3062
2313		86.4671		30.3233
2314		58.2202		72.8248
2315		10.4881		92.555
2316		-40.9571		82.054
2317		-78.5925		43.9049
2318		-89.1311		-9.92433
2319		-68.0639		-62.0525
2320		-21.1219		-95.4839
2321		37.7558		-99.1136
2322		91.0521		-71.0524
2323		123.151		-18.8254
2324		124.811		43.3148
2325		95.3804		98.7867
2326		42.4086		133.271
2327		-20.8189		138.211
2328		-78.8651		112.536
2329		-117.849		62.5336
2330		-128.532		0.173777
2331		-108.33		-59.6213
2332		-61.9878		-102.301
2333		-0.760935		-117.069
2334		59.9305		-99.7049
2335		104.094		-54.0851
2336		119.324		8.21675
2337		100.461		70.4966
2338		51.5515		115.235
2339		-14.7233		129.054
2340		-80.2585		106.812
2341		-126.575		53.4417
2342		-140.192		-17.189
2343		-116.618		-86.1491
2344		-61.6853		-134.856
2345		10.165		-150.343
2346		80.058		-128.793
2347		129.971		-76.3627
2348		147.561		-7.2224
2349		129.238		60.4599
2350		80.7941		109.375
2351		15.6245		127.478
2352		-48.8719		110.9
2353		-95.7608		64.7765
2354		-112.862		1.86677
2355		-95.8764		-60.7074
2356		-49.5971		-105.87
2357		13.1881		-121.133
2358		74.9617		-102.106
2359		118.196		-53.9567
2360		130.307		9.74734
2361		107.413		70.6771
2362		55.6995		110.913
2363		-10.1418		118.164
2364		-71.0195		89.4313
2365		-108.884		31.9862
2366		-111.855		-38.6365
2367		-77.5258		-102.965
2368		-13.5628		-142.895
2369		64.4085		-146.448
2370		136.865		-110.756
2371		185.219		-42.6926
2372		196.239		42.7741
2373		165.163		125.968
2374		96.9945		186.859
2375		5.80146		209.581
2376		-87.93		186.337
2377		-161.582		119.885
2378		-195.686		23.8763
2379		-179.147		-79.4464
2380		-113.016		-164.119
2381		-11.473		-207.031
2382		100.804		-194.552
2383		194.637		-127.157
2384		244.282		-20.3244
2385		234.971		98.9951
2386		167.6		199.585
2387		58.8955		254.733
2388		-63.1499		249.826
2389		-167.156		186.352
2390		-227.041		81.1346
2391		-228.828		-38.7656
2392		-173.663		-143.656
2393		-76.5474		-208.896
2394		38.3502		-220.522
2395		144.071		-177.638
2396		217.089		-91.5506
2397		242.034		17.552
2398		214.324		125.246
2399		140.643		207.876
2400		37.5091		247.22
2401		-71.8781		234.299
2402		-162.262		171.741
2403		-211.919		73.9918
2404		-208.204		-35.2091
2405		-151.579		-128.112
2406		-56.5882		-180.095
2407		51.1485		-176.798
2408		141.597		-118.928
2409		188.927		-22.846
2410		179.388		83.7181
2411		115.746		169.73
2412		16.62		210.177
2413		-89.1778		193.556
2414		-171.4		125.049
2415		-207.279		24.4689
2416		-187.723		-80.1001
2417		-119.052		-160.638
2418		-20.2007		-196.752
2419		83.1999		-180.342
2420		165.732		-116.524
2421		208.09		-21.2469
2422		200.773		83.1252
2423		145.332		172.87
2424		53.5215		227.602
2425		-55.098		234.09
2426		-156.726		188.944
2427		-227.819		99.8884
2428		-250.131		-14.8793
2429		-215.46		-129.697
2430		-128.823		-216.807
2431		-8.69221		-253.228
2432		116.501		-227.382
2433		215.23		-143.307
2434		261.418		-20.72
2435		242.083		109.626
2436		161.523		214.18
2437		40.4642		265.979
2438		-89.6692		252.2
2439		-195.588		177.511
2440		-251.241		62.271
2441		-244.423		-63.6042
2442		-179.128		-168.968
2443		-73.3991		-229.379
2444		46.1752		-232.51
2445		151.399		-180.007
2446		218.925		-85.9298
2447		234.883		27.2566
2448		197.109		133.908
2449		114.992		210.534
2450		7.28364		240.447
2451		-101.734		217.143
2452		-187.24		145.881
2453		-229.311		42.992
2454		-217.78		-67.3306
2455		-155.253		-158.453
2456		-57.15		-207.894
2457		51.6823		-203.402
2458		143.246		-146.662
2459		193.946		-53.2573
2460		191.2		51.3756
2461		137.032		138.962
2462		47.4477		186.295
2463		-52.2235		181.631
2464		-134.561		127.655
2465		-177.617		40.2783
2466		-170.606		-56.1642
2467		-116.255		-135.713
2468		-29.4628		-177.555
2469		67.026		-171.017
2470		148.544		-117.724
2471		194.468		-30.7421
2472		192.925		68.816
2473		143.382		156.79
2474		56.7348		211.515
2475		-47.0639		218.831
2476		-143.41		175.563
2477		-208.707		90.6762
2478		-226.12		-16.3551
2479		-190.065		-119.856
2480		-108.171		-194.134
2481		0.0771446		-220.07
2482		107.932		-190.367
2483		188.161		-111.845
2484		220.218		-3.99285
2485		195.759		105.989
2486		120.897		190.291
2487		14.5486		227.751
2488		-96.6218		209.226
2489		-185.145		139.657
2490		-229.642		36.4396
2491		-219.869		-75.268
2492		-158.766		-168.879
2493		-61.2657		-222.699
2494		49.6005		-224.758
2495		148.203		-175.209
2496		212.146		-85.9713
2497		227.203		22.1661
2498		190.416		124.29
2499		110.728		196.992
2500		6.99618		223.734
2501		-96.3033		198.765
2502		-174.825		128.633
2503		-210.266		30.7512
2504		-194.961		-70.7911
2505		-133.89		-151.253
2506		-43.4114		-191.569
2507		53.0422		-183.25
2508		131.186		-130.45
2509		172.286		-48.5908
2510		167.923		40.0473
2511		121.824		112.464
2512		48.3314		151.022
2513		-31.9016		147.791
2514		-97.6235		106.061
2515		-132.487		38.8328
2516		-128.906		-35.0732
2517		-89.4308		-96.0803
2518		-25.5413		-128.736
2519		45.6078		-125.263
2520		105.568		-87.0916
2521		139.037		-24.2005
2522		137.419		47.4568
2523		100.771		109.811
2524		37.7801		146.983
2525		-36.2561		149.118
2526		-103.04		114.877
2527		-145.707		51.939
2528		-153.059		-24.6842
2529		-122.51		-96.2508
2530		-60.9294		-144.952
2531		16.9369		-158.461
2532		92.1366		-133.142
2533		146.313		-75.0192
2534		166.357		1.7728
2535		147.652		78.6248
2536		95.071		137.163
2537		21.5501		163.756
2538		-55.2887		152.662
2539		-117.489		107.113
2540		-150.955		38.2114
2541		-148.517		-37.9306
2542		-111.253		-103.999
2543		-47.9397		-145.339
2544		27.1129		-153.04
2545		97.2953		-125.696
2546		147.3		-69.5321
2547		166.379		3.03519
2548		150.617		76.1352
2549		103.745		133.91
2550		36.3096		164.002
2551		-36.6991		160.31
2552		-99.2421		124.335
2553		-137.9		64.7934
2554		-144.928		-4.47978
2555		-119.952		-67.819
2556		-69.8778		-111.41
2557		-7.0741		-126.444
2558		53.6839		-110.988
2559		98.7206		-70.1649
2560		118.56		-14.6989
2561		109.926		41.7657
2562		76.2612		85.8765
2563		26.7375		107.6
2564		-25.9636		102.431
2565		-68.5977		72.3562
2566		-90.4272		25.3971
2567		-85.7831		-26.2071
2568		-55.5554		-68.8368
2569		-7.21025		-90.7948
2570		46.7949		-85.3402
2571		91.962		-52.682
2572		115.446		-0.312667
2573		109.579		58.5723
2574		74.2289		108.311
2575		17.2496		134.899
2576		-47.267		129.885
2577		-102.548		92.9174
2578		-133.578		32.1427
2579		-131.179		-37.7241
2580		-94.5804		-99.1477
2581		-31.7494		-136.309
2582		42.5722		-139.184
2583		110.562		-106.095
2584		155.727		-44.1211
2585		166.905		32.6469
2586		140.898		106.488
2587		83.2117		160.213
2588		6.79023		181.14
2589		-70.899		164.033
2590		-131.801		112.41
2591		-161.402		37.9122
2592		-152.186		-42.1569
2593		-105.639		-108.685
2594		-32.2388		-145.225
2595		50.69		-142.07
2596		122.94		-98.925
2597		166.323		-25.3506
2598		169.314		61.2686
2599		130.184		139.885
2600		57.6884		191.056
2601		-30.9817		201.943
2602		-114.506		169.652
2603		-172.857		101.995
2604		-192.364		15.4411
2605		-169.069		-69.1433
2606		-109.519		-131.79
2607		-28.8725		-158.344
2608		53.0747		-143.758
2609		116.846		-93.0138
2610		147.967		-19.5825
2611		140.264		58.0824
2612		97.0837		121.106
2613		30.2398		154.714
2614		-43.0083		151.688
2615		-104.218		113.992
2616		-138.29		52.1961
2617		-137.197		-17.1851
2618		-102.007		-75.8533
2619		-42.6409		-108.397
2620		24.6453		-106.304
2621		81.4768		-70.2394
2622		112.205		-9.93624
2623		108.083		58.3414
2624		69.6162		116.104
2625		6.4379		147.547
2626		-65.2624		143.713
2627		-127.012		104.794
2628		-162.846		39.9899
2629		-163.34		-34.9412
2630		-127.871		-101.722
2631		-64.6362		-144.087
2632		11.4522		-151.68
2633		82.3924		-122.454
2634		131.345		-63.0854
2635		146.555		12.5901
2636		124.109		86.7556
2637		68.9468		141.712
2638		-6.1303		164.033
2639		-83.301		147.856
2640		-143.869		96.5096
2641		-172.799		21.9732
2642		-162.541		-57.8298
2643		-115.119		-123.359
2644		-41.8262		-158.35
2645		39.4915		-153.992
2646		108.917		-111.224
2647		149.504		-40.4972
2648		151.517		40.9359
2649		114.735		113.431
2650		48.2749		159.839
2651		-31.9037		169.568
2652		-107.024		140.86
2653		-159.961		80.8523
2654		-179.065		3.60781
2655		-160.564		-73.2735
2656		-109.144		-132.631
2657		-36.7379		-161.474
2658		40.1696		-153.759
2659		104.176		-111.704
2660		140.855		-45.3589
2661		142.109		29.5795
2662		108.212		95.354
2663		47.9278		136.409
2664		-23.5027		143.312
2665		-88.1484		115.257
2666		-130.033		60.348
2667		-139.357		-6.54283
2668		-115.056		-67.8225
2669		-64.8981		-107.962
2670		-3.11128		-117.612
2671		53.7118		-95.8373
2672		91.1471		-49.9176
2673		100.578		7.07868
2674		80.9905		60.0564
2675		38.6464		95.8193
2676		-15.0105		106.113
2677		-66.4259		89.171
2678		-103.134		49.6576
2679		-116.411		-2.71189
2680		-102.99		-55.4251
2681		-65.6865		-95.8496
2682		-12.8835		-113.935
2683		43.096		-104.538
2684		88.5919		-68.9066
2685		111.814		-14.8613
2686		105.979		44.657
2687		71.5028		94.5803
2688		16.4179		121.648
2689		-45.3695		118.207
2690		-97.7053		84.6512
2691		-126.701		29.5921
2692		-124.73		-32.4389
2693		-92.6014		-85.105
2694		-39.1968		-114.883
2695		21.2609		-114.709
2696		73.3307		-85.5645
2697		104.502		-35.6681
2698		108.127		22.2098
2699		84.4748		74.2892
2700		39.9307		109.059
2701		-15.0495		119.51
2702		-68.4743		104.075
2703		-109.202		66.424
2704		-128.866		14.4916
2705		-123.261		-41.0068
2706		-93.1762		-88.4348
2707		-44.5357		-117.403
2708		12.392		-121.037
2709		64.8852		-97.882
2710		100.613		-52.7955
2711		110.834		3.73012
2712		92.9898		57.9466
2713		51.754		96.4397
2714		-2.03121		109.883
2715		-54.3314		95.7143
2716		-91.9136		58.7915
2717		-106.043		9.79563
2718		-94.6813		-38.0482
2719		-62.561		-72.7783
2720		-19.3029		-86.7824
2721		23.6069		-78.299
2722		55.8979		-51.136
2723		70.7691		-13.0338
2724		65.9079		26.5763
2725		43.3711		58.7088
2726		8.71292		76.4553
2727		-30.2526		76.0379
2728		-64.8499		57.378
2729		-87.0675		24.2236
2730		-91.1803		-16.2781
2731		-75.2564		-54.7506
2732		-42.11		-81.5484
2733		0.81506		-89.2129
2734		42.9248		-74.7627
2735		73.1454		-40.9863
2736		83.0737		3.89647
2737		69.5768		48.3083
2738		35.8927		80.5659
2739		-9.22235		92.2619
2740		-54.0479		80.6421
2741		-87.2825		49.2119
2742		-101.127		6.46338
2743		-93.1281		-36.7271
2744		-66.3637		-70.0953
2745		-28.1573		-86.4599
2746		12.0737		-83.0898
2747		45.1227		-61.8534
2748		63.9059		-28.3938
2749		64.7218		9.28517
2750		47.8163		42.4925
2751		17.2856		63.568
2752		-19.6777		67.4737
2753		-54.1983		53.0223
2754		-77.6785		23.412
2755		-83.9571		-14.2521
2756		-71.0895		-50.554
2757		-42.1119		-76.2015
2758		-4.38357		-84.6283
2759		32.4283		-73.9053
2760		59.1266		-47.2624
2761		69.5954		-12.003
2762		62.3517		22.8015
2763		40.5597		48.9913
2764		10.6368		61.4329
2765		-19.901		58.931
2766		-44.5097		43.8429
2767		-58.9459		20.8109
2768		-61.6398		-4.7308
2769		-53.3416		-27.7269
2770		-36.4914		-44.147
2771		-14.6756		-51.2576
2772		7.75516		-47.8191
2773		26.1021		-34.3846
2774		36.0255		-13.5888
2775		34.5973		9.91479
2776		21.4151		30.1994
2777		-0.757656		41.5357
2778		-26.3168		40.1989
2779		-48.2478		25.9133
2780		-60.2757		2.24439
2781		-58.9465		-24.3682
2782		-44.7887		-46.661
2783		-22.0577		-58.9028
2784		2.83018		-58.6262
2785		23.5028		-47.0867
2786		35.5633		-28.3793
2787		37.5323		-7.72803
2788		30.602		10.2408
2789		17.5634		22.5488
2790		1.58077		27.9942
2791		-14.5894		26.6214
2792		-28.727		19.082
2793		-38.8697		6.36726
2794		-43.1153		-9.97688
2795		-39.8922		-27.4536
2796		-28.7072		-42.5449
2797		-10.9655		-51.3275
2798		9.72769		-50.72
2799		28.1964		-39.8579
2800		39.203		-20.8941
2801		39.2912		1.29875
2802		28.1612		20.5531
2803		8.93174		31.4407
2804		-12.8706		31.0836
2805		-31.1786		20.0008
2806		-41.3193		1.69984
2807		-41.2559		-18.7076
2808		-31.7583		-36.1962
2809		-15.6501		-47.1183
2810		3.33749		-49.7144
2811		21.5282		-43.9172
2812		35.7707		-30.8587
2813		43.5104		-12.517
2814		42.8198		8.32686
2815		32.7191		28.0141
2816		13.8141		42.2203
2817		-11.0925		46.7586
2818		-36.9496		38.9114
2819		-57.3505		18.7981
2820		-66.3027		-9.92705
2821		-60.3051		-40.5882
2822		-39.8682		-65.2559
2823		-9.74443		-77.216
2824		22.3598		-73.2004
2825		48.1656		-54.4849
2826		61.3927		-26.4149
2827		59.5491		3.41685
2828		44.338		27.5792
2829		20.6882		40.8715
2830		-5.04033		41.3821
2831		-26.8958		30.3822
2832		-40.6029		11.3943
2833		-44.048		-10.9937
2834		-37.171		-32.1058
2835		-21.6343		-47.7968
2836		-0.526958		-54.8635
2837		21.9025		-51.4852
2838		40.7136		-37.7683
2839		51.1588		-16.1854
2840		49.9476		8.48334
2841		36.5097		30.0152
2842		13.6669		42.3827
2843		-12.7687		41.6878
2844		-35.5439		27.6431
2845		-48.2061		3.92126
2846		-47.2104		-22.8825
2847		-33.0609		-45.34
2848		-10.0413		-57.5419
2849		15.3201		-56.8185
2850		36.3893		-44.241
2851		48.3281		-23.8661
2852		49.1231		-1.19383
2853		39.5773		18.4577
2854		22.5573		31.093
2855		2.01238		34.502
2856		-17.8203		28.2309
2857		-32.9137		13.406
2858		-39.8367		-7.36069
2859		-36.2805		-30.0443
2860		-21.7962		-49.5476
2861		1.51324		-60.5883
2862		28.8226		-59.1254
2863		53.3461		-43.916
2864		68.0712		-17.5214
2865		67.996		13.8571
2866		52.0331		41.9093
2867		23.746		58.7077
2868		-9.50311		59.2771
2869		-38.7659		43.2507
2870		-56.2729		14.9703
2871		-57.724		-17.9767
2872		-43.3084		-47.1651
2873		-17.2258		-65.7458
2874		13.9117		-70.0439
2875		43.0541		-59.9726
2876		64.3442		-38.4294
2877		74.0275		-10.1833
2878		70.6886		19.2292
2879		55.1246		44.3397
2880		30.1472		60.3777
2881		0.364384		63.9135
2882		-28.2618		53.6261
2883		-49.3399		31.0265
2884		-57.5064		0.717842
2885		-50.0857		-30.2313
2886		-28.3171		-53.9189
2887		2.50043		-63.8773
2888		34.2456		-57.1994
2889		58.3203		-35.66
2890		68.3043		-5.29992
2891		61.9285		25.4484
2892		41.6277		48.4063
2893		13.5175		58.0712
2894		-14.7183		52.963
2895		-36.16		35.5461
2896		-46.3629		10.9842
2897		-44.006		-14.604
2898		-30.5595		-35.6832
2899		-9.41973		-48.2266
2900		14.9839		-50.0371
2901		37.8544		-40.7639
2902		54.5344		-21.9067
2903		61.1107		3.14186
2904		55.2756		29.2561
2905		37.2963		50.2832
2906		10.6276		60.4398
2907		-18.3648		56.1294
2908		-41.8345		37.5164
2909		-52.7696		9.0843
2910		-47.4183		-21.2999
2911		-26.8405		-44.6839
2912		3.142		-53.9307
2913		33.7022		-46.1256
2914		55.8542		-23.5433
2915		63.3152		7.19154
2916		54.3194		37.3736
2917		31.8016		58.9893
2918		2.06152		66.9519
2919		-27.3989		60.1028
2920		-49.9729		40.8834
2921		-61.3126		14.1143
2922		-59.7632		-14.4518
2923		-46.1168		-39.2846
2924		-23.1157		-55.7865
2925		4.99669		-60.7315
2926		32.8841		-52.701
2927		54.7245		-32.5976
2928		65.2427		-4.01083
2929		61.1142		26.9833
2930		42.3106		52.91
2931		12.7436		66.8084
2932		-20.3134		64.4285
2933		-48.0899		45.8705
2934		-62.9463		15.9119
2935		-60.8279		-17.2634
2936		-42.5934		-44.5598
2937		-13.6902		-58.787
2938		17.6862		-56.7632
2939		43.2083		-39.9805
2940		56.8199		-13.7267
2941		56.1244		14.8376
2942		42.466		38.8232
2943		19.9651		53.234
2944		-5.90508		55.7048
2945		-29.6231		46.4493
2946		-46.5133		27.7799
2947		-53.2721		3.55263
2948		-48.3474		-21.3459
2949		-32.3124		-41.5942
2950		-8.13605		-52.3138
2951		18.9596		-50.25
2952		42.3605		-34.968
2953		55.666		-9.53235
2954		54.6524		19.8301
2955		38.88		45.2432
2956		12.2185		59.5106
2957		-18.0849		58.4633
2958		-43.5848		42.4183
2959		-57.3109		16.1368
2960		-55.9481		-12.7366
2961		-40.727		-36.1632
2962		-16.764		-48.1894
2963		8.79464		-46.5411
2964		29.0509		-32.884
2965		39.2287		-11.8603
2966		37.613		10.5558
2967		25.4831		28.7196
2968		6.34221		38.5106
2969		-15.114		37.9104
2970		-33.962		27.0964
2971		-45.8479		8.26604
2972		-47.6829		-14.6913
2973		-38.2966		-36.7296
2974		-18.9549		-52.5096
2975		6.51637		-57.604
2976		32.2828		-49.812
2977		51.8113		-30.1306
2978		59.6819		-2.89841
2979		53.3265		25.1397
2980		34.0294		46.6791
2981		6.72952		56.0353
2982		-21.3858		50.8835
2983		-43.0255		32.9254
2984		-52.918		7.25957
2985		-49.186		-19.2621
2986		-33.581		-40.0566
2987		-10.6457		-50.5105
2988		13.7567		-48.8851
2989		33.9813		-36.3315
2990		45.7736		-16.244
2991		46.9128		6.68641
2992		37.3974		27.4268
2993		19.3303		41.454
2994		-3.40899		45.5213
2995		-25.7474		38.3514
2996		-42.3378		21.1433
2997		-48.7879		-2.35575
2998		-42.9478		-26.4555
2999		-25.8177		-44.8537
3000		-1.62028		-52.4179
3001		23.1783		-46.8502
3002		41.7103		-29.5908
3003		48.8278		-5.53287
3004		42.7404		18.4391
3005		25.551		35.5962
3006		2.49623		41.4253
3007		-19.7999		34.8722
3008		-35.3812		18.3888
3009		-40.591		-3.11221
3010		-34.7939		-23.894
3011		-20.1186		-38.9918
3012		-0.518664		-45.2839
3013		19.3851		-41.8735
3014		35.3046		-29.9159
3015		43.9719		-12.1595
3016		43.5677		7.5911
3017		34.0104		25.0485
3018		17.1264		36.1303
3019		-3.42827		37.8152
3020		-22.6956		29.0485
3021		-35.4847		11.3871
3022		-37.8153		-10.9967
3023		-28.2914		-32.1772
3024		-8.84702		-46.0899
3025		15.5474		-48.4161
3026		38.2491		-38.0525
3027		52.9586		-17.5745
3028		55.6711		7.52809
3029		45.8517		30.5753
3030		26.4337		45.7367
3031		2.71903		49.6506
3032		-19.3307		42.1093
3033		-34.7501		25.716
3034		-40.6487		4.81999
3035		-36.5154		-15.7642
3036		-23.8968		-31.812
3037		-5.77836		-40.3226
3038		14.0441		-39.7981
3039		31.5065		-30.3533
3040		42.8164		-13.7725
3041		45.1185		6.54923
3042		37.2722		25.9829
3043		20.5099		39.5299
3044		-1.39906		43.1209
3045		-22.785		34.9978
3046		-37.5269		16.6305
3047		-40.9352		-7.32594
3048		-31.4033		-30.2019
3049		-11.1503		-45.3121
3050		14.3154		-48.0973
3051		37.8808		-37.6103
3052		53.0613		-16.7857
3053		55.9638		8.5856
3054		46.2958		31.7503
3055		27.1469		47.0213
3056		3.765		51.2359
3057		-18.1098		44.2509
3058		-33.7313		28.509
3059		-40.2418		8.04491
3060		-36.9038		-12.6074
3061		-24.8676		-29.2799
3062		-6.75538		-38.7327
3063		13.7672		-39.0237
3064		32.4485		-29.824
3065		45.0687		-12.6813
3066		48.2948		8.94277
3067		40.652		30.1019
3068		23.2812		45.3848
3069		0.0716209		50.373
3070		-23.087		43.0985
3071		-39.8551		24.9327
3072		-45.3479		0.468102
3073		-37.7282		-23.687
3074		-18.883		-40.8495
3075		6.09429		-46.2742
3076		30.4399		-38.5407
3077		47.724		-19.8617
3078		53.6347		4.719
3079		46.9974		28.8801
3080		29.8169		46.7575
3081		6.49147		54.333
3082		-17.4298		50.1752
3083		-36.5427		35.5044
3084		-46.66		13.7428
3085		-45.5504		-10.2465
3086		-33.3377		-31.0871
3087		-12.5572		-43.9106
3088		12.1906		-45.3983
3089		35.0578		-34.683
3090		50.2212		-13.8462
3091		53.3925		12.2681
3092		43.1603		37.0623
3093		21.6749		53.8744
3094		-5.68052		57.9011
3095		-31.6629		47.7246
3096		-49.2252		25.8797
3097		-53.5982		-1.79881
3098		-43.6952		-27.8713
3099		-22.3677		-45.4683
3100		4.54051		-50.2192
3101		29.9717		-41.3294
3102		47.6346		-21.5408
3103		53.5643		3.88256
3104		46.8695		28.7043
3105		29.6065		47.278
3106		5.99921		55.7185
3107		-18.6562		52.51
3108		-39.1033		38.5813
3109		-51.0823		16.9829
3110		-52.0704		-7.71784
3111		-41.7731		-30.2608
3112		-22.2922		-45.6961
3113		2.14715		-50.4642
3114		25.9902		-43.333
3115		43.6077		-25.8961
3116		50.7453		-2.37105
3117		45.7465		21.376
3118		30.1147		39.3755
3119		8.16199		47.219
3120		-14.201		43.302
3121		-31.1581		29.223
3122		-38.6106		9.21478
3123		-35.2125		-11.172
3124		-22.5323		-26.667
3125		-4.38386		-33.6409
3126		14.3657		-30.8591
3127		29.0853		-19.5185
3128		36.4084		-2.70433
3129		34.8178		15.4664
3130		24.7871		30.7576
3131		8.57576		39.6241
3132		-10.2202		39.8612
3133		-27.3157		31.0673
3134		-38.5629		14.8578
3135		-40.8871		-5.28392
3136		-33.1583		-24.6208
3137		-16.7234		-38.2298
3138		4.67224		-42.3171
3139		25.694		-35.402
3140		40.8233		-18.9371
3141		45.9579		2.9312
3142		39.6756		24.4694
3143		23.7023		40.0088
3144		2.39882		45.5955
3145		-18.5597		40.0832
3146		-33.846		25.3223
3147		-39.9203		5.4447
3148		-35.8094		-14.4384
3149		-23.0739		-29.6433
3150		-5.11298		-36.9859
3151		13.8516		-35.2881
3152		29.7612		-25.3328
3153		39.4514		-9.45353
3154		41.0835		9.02665
3155		34.3461		26.3755
3156		20.4981		39.0324
3157		2.25136		44.2185
3158		-16.5941		40.5533
3159		-31.8337		28.5394
3160		-39.8198		10.6953
3161		-38.4812		-8.85442
3162		-28.0517		-25.3492
3163		-11.1788		-34.7002
3164		7.73355		-34.7142
3165		23.793		-25.7783
3166		33.0826		-10.7196
3167		33.7943		6.13466
3168		26.6275		20.3511
3169		14.3382		28.7198
3170		0.666438		30.0462
3171		-10.9074		25.1827
3172		-18.1073		16.3982
3173		-20.2243		6.43253
3174		-17.8989		-2.35166
3175		-12.5632		-8.44098
3176		-5.86521		-11.2207
3177		0.697885		-10.7637
3178		5.89733		-7.59152
3179		8.77259		-2.56145
3180		8.68697		3.13375
3181		5.5194		8.00089
3182		-0.0910406		10.4743
3183		-6.64986		9.3721
3184		-12.0497		4.4326
3185		-14.1812		-3.3441
3186		-11.726		-11.7999
3187		-4.79083		-18.2377
3188		4.94594		-20.3683
3189		14.7139		-17.2056
3190		21.6107		-9.50965
3191		23.6591		0.445326
3192		20.5139		9.70038
3193		13.522		15.6917
3194		5.12725		17.1231
3195		-2.09317		14.282
3196		-6.33054		8.71647
3197		-7.01663		2.48417
3198		-4.73255		-2.64731
3199		-0.697847		-5.69642
3200		3.84064		-6.50724
3201		8.00725		-5.43253
3202		11.3412		-2.92738
3203		13.5717		0.678186
3204		14.3625		5.11656
3205		13.2597		9.92841
3206		9.9209		14.2555
3207		4.4965		16.9011
3208		-2.09528		16.7157
3209		-8.23697		13.1515
3210		-12.0835		6.69123
3211		-12.2668		-1.121
3212		-8.50738		-8.13223
3213		-1.81894		-12.3585
3214		5.82921		-12.7464
3215		12.2639		-9.56534
3216		15.9427		-4.24349
3217		16.4961		1.27592
3218		14.7424		5.35749
3219		12.1937		7.29907
3220		10.3087		7.49207
3221		9.84677		7.08172
3222		10.6064		7.32502
3223		11.628		8.96724
3224		11.7189		11.9149
3225		10.028		15.3152
3226		6.41353		17.9522
3227		1.48095		18.7434
3228		-3.66386		17.1167
3229		-7.78611		13.151
3230		-9.85139		7.49759
3231		-9.22289		1.18848
3232		-5.73764		-4.56227
3233		0.271664		-8.52263
3234		7.96219		-9.60444
3235		15.996		-7.07579
3236		22.6637		-0.826313
3237		26.1898		8.39944
3238		25.2056		18.9452
3239		19.2617		28.4855
3240		9.17019		34.5771
3241		-3.01487		35.3807
3242		-14.4448		30.3009
3243		-22.2444		20.2906
3244		-24.3486		7.67745
3245		-20.118		-4.44476
3246		-10.5282		-13.0558
3247		2.10776		-16
3248		14.7577		-12.4963
3249		24.4137		-3.26172
3250		28.752		9.71565
3251		26.5848		23.6356
3252		18.0709		35.4468
3253		4.70272		42.4231
3254		-10.9121		42.7059
3255		-25.4822		35.7583
3256		-35.6748		22.6363
3257		-38.9001		5.9438
3258		-34.0643		-10.6282
3259		-22.0387		-23.1637
3260		-5.6107		-28.5934
3261		11.1742		-25.642
3262		24.1391		-15.2929
3263		30.2188		-0.54769
3264		28.38		14.4851
3265		19.8729		25.8658
3266		7.72664		31.0064
3267		-4.30501		29.3397
3268		-12.934		22.2761
3269		-16.232		12.5404
3270		-13.9644		3.21123
3271		-7.36036		-3.15264
3272		1.46195		-5.03312
3273		10.1208		-2.06956
3274		16.4389		5.09282
3275		18.7167		15.0285
3276		15.9144		25.7189
3277		7.86194		34.7369
3278		-4.49227		39.5637
3279		-18.9403		38.1371
3280		-32.2057		29.5665
3281		-40.6115		14.7583
3282		-41.1455		-3.3994
3283		-32.5872		-20.5419
3284		-16.2227		-31.9974
3285		4.23881		-34.2682
3286		23.6344		-26.2678
3287		36.9048		-9.79685
3288		40.668		10.9696
3289		34.2071		30.7979
3290		19.5207		44.9962
3291		0.487844		50.6857
3292		-18.4387		47.3172
3293		-33.4532		36.3773
3294		-42.1069		20.5822
3295		-43.4037		3.01708
3296		-37.496		-13.4185
3297		-25.3456		-26.1799
3298		-8.61266		-33.0657
3299		10.2334		-32.3377
3300		27.8426		-23.158
3301		40.2953		-6.23586
3302		43.9572		15.6908
3303		36.7052		37.9755
3304		19.0332		55.0142
3305		-5.53743		61.8529
3306		-31.1051		55.8976
3307		-51.0079		38.0197
3308		-59.8791		12.5325
3309		-55.3632		-14.0338
3310		-38.8291		-34.9278
3311		-14.8286		-45.1931
3312		10.4372		-42.9736
3313		31.0077		-29.7137
3314		42.7081		-9.33721
3315		43.8962		13.1319
3316		35.3573		32.9236
3317		19.6414		46.4345
3318		0.256796		51.6031
3319		-18.987		47.9182
3320		-34.4415		36.3193
3321		-43.032		19.116
3322		-42.78		-0.156302
3323		-33.4152		-17.1622
3324		-16.8328		-27.6232
3325		2.96329		-28.507
3326		20.6661		-19.1657
3327		31.1348		-1.90028
3328		31.0745		18.4339
3329		20.2743		35.7964
3330		1.85063		44.8782
3331		-18.6769		42.8555
3332		-35.161		30.3004
3333		-42.7785		10.9109
3334		-39.4307		-9.78474
3335		-26.1366		-26.193
3336		-6.41082		-34.2088
3337		14.9778		-32.0653
3338		33.3122		-20.3677
3339		44.8683		-1.55275
3340		47.361		20.8347
3341		40.0489		42.755
3342		23.7446		60.1305
3343		0.856861		69.3046
3344		-24.6423		67.6819
3345		-47.5928		54.5386
3346		-62.5729		31.7216
3347		-65.316		3.79927
3348		-54.2048		-22.6811
3349		-31.2241		-40.8201
3350		-1.83854		-45.4317
3351		26.3505		-34.8002
3352		45.7977		-11.4121
3353		51.2876		18.6874
3354		41.4558		47.7063
3355		19.0259		68.4131
3356		-10.2368		76.0972
3357		-39.3574		69.5522
3358		-62.0347		50.9109
3359		-73.9615		24.6334
3360		-73.3358		-3.80337
3361		-60.7121		-29.0231
3362		-38.556		-46.4749
3363		-10.8001		-52.8693
3364		17.5421		-46.5648
3365		40.8916		-28.024
3366		53.9728		-0.198492
3367		53.0593		31.5176
3368		37.2813		60.1025
3369		9.42983		78.5326
3370		-24.2777		81.8254
3371		-55.6519		68.7697
3372		-76.8577		42.5903
3373		-82.8152		10.1534
3374		-72.7664		-20.0956
3375		-50.3911		-40.7275
3376		-22.4477		-47.4927
3377		3.49298		-40.2862
3378		21.3253		-22.6767
3379		27.8878		-0.35358
3380		23.2691		20.7769
3381		10.0974		36.1128
3382		-7.65945		43.0914
3383		-25.81		41.1755
3384		-40.6511		31.4428
3385		-49.3028		16.159
3386		-49.9214		-1.50171
3387		-42.0133		-17.7117
3388		-26.8359		-28.4807
3389		-7.60077		-30.5339
3390		10.8856		-22.4184
3391		23.3213		-5.38584
3392		25.5331		16.4832
3393		16.0409		37.2021
3394		-3.13712		50.6764
3395		-26.898		52.7471
3396		-48.6374		42.6566
3397		-62.4226		23.3152
3398		-64.8968		0.247019
3399		-56.1799		-20.3304
3400		-39.4864		-33.4935
3401		-19.7507		-36.9031
3402		-1.93015		-31.0206
3403		10.3132		-18.3895
3404		15.161		-2.49875
3405		12.4725		13.2017
3406		3.28661		25.8154
3407		-10.5881		33.1
3408		-26.7056		33.4705
3409		-41.9799		26.2081
3410		-52.8845		11.921
3411		-56.1083		-7.02146
3412		-49.61		-26.5112
3413		-33.6609		-41.4757
3414		-11.3042		-47.3157
3415		12.1663		-41.5063
3416		30.6728		-24.6656
3417		39.2539		-0.559328
3418		35.6314		25.0323
3419		20.8027		46.1368
3420		-1.53498		58.3416
3421		-26.3887		59.7892
3422		-49.0155		51.1387
3423		-65.9564		34.7337
3424		-75.2685		13.561
3425		-76.1517		-9.43282
3426		-68.475		-31.4406
3427		-52.6785		-49.5351
3428		-30.171		-60.5525
3429		-3.89953		-61.5416
3430		21.4848		-50.8098
3431		40.321		-29.1189
3432		47.4942		-0.319664
3433		40.3153		29.144
3434		19.8736		51.9248
3435		-8.86853		62.1064
3436		-38.4453		57.2405
3437		-61.2521		39.2039
3438		-71.9644		13.4948
3439		-69.0422		-12.7193
3440		-54.7881		-32.9548
3441		-34.0969		-43.2099
3442		-12.5837		-42.6024
3443		5.05548		-32.8491
3444		15.8777		-17.1073
3445		18.6682		1.12714
3446		13.4668		18.6053
3447		1.18408		32.397
3448		-16.3931		39.8328
3449		-36.3427		38.7645
3450		-54.5578		28.2969
3451		-66.3591		9.68869
3452		-67.8455		-13.1987
3453		-57.5358		-34.4572
3454		-37.4986		-47.7947
3455		-13.2438		-48.7842
3456		7.84827		-36.7477
3457		19.0673		-15.3515
3458		16.8608		8.49643
3459		2.18394		27.0797
3460		-19.8956		34.6435
3461		-42.1621		29.3372
3462		-57.9084		13.5598
3463		-63.1448		-7.31105
3464		-57.5105		-27.11
3465		-43.7149		-40.9644
3466		-26.0219		-46.4373
3467		-8.64368		-43.4883
3468		5.23518		-33.6336
3469		13.5888		-19.0049
3470		15.1666		-1.87918
3471		9.18829		15.2181
3472		-4.45629		29.2131
3473		-24.5455		36.5602
3474		-47.9018		34.0367
3475		-69.449		20.0863
3476		-83.302		-3.93695
3477		-84.6567		-33.405
3478		-71.7164		-61.377
3479		-46.723		-80.686
3480		-15.5015		-86.3418
3481		14.392		-77.2133
3482		36.1559		-56.2537
3483		45.7994		-29.2116
3484		42.9397		-2.478
3485		30.1609		18.9223
3486		11.4482		32.3613
3487		-9.40044		37.4142
3488		-29.6158		34.863
3489		-47.3277		25.6909
3490		-60.8606		10.7357
3491		-68.19		-8.849
3492		-67.1532		-30.7772
3493		-56.4658		-51.2132
3494		-36.9967		-65.3317
3495		-12.4579		-68.8517
3496		11.1306		-59.9087
3497		27.2179		-40.3005
3498		31.0656		-15.3521
3499		21.6043		7.71381
3500		1.91735		22.2658
3501		-21.9004		24.5366
3502		-42.9863		14.7023
3503		-56.0384		-3.61445
3504		-58.7391		-25.0424
3505		-51.8134		-44.4626
3506		-37.9726		-58.3951
3507		-20.4997		-65.3152
3508		-2.2665		-65.0935
3509		14.4483		-58.2056
3510		27.5632		-45.3697
3511		34.8359		-27.8418
3512		34.1068		-8.04086
3513		24.2442		10.1718
3514		6.31144		22.1116
3515		-15.8492		23.8078
3516		-36.2491		13.8408
3517		-48.6259		-5.48955
3518		-48.8586		-28.4466
3519		-36.8089		-47.7065
3520		-16.633		-57.0795
3521		4.70383		-53.906
3522		20.1066		-40.0192
3523		25.022		-20.8352
3524		18.9107		-3.03443
3525		4.94157		8.04351
3526		-11.7828		10.0952
3527		-26.4657		3.98521
3528		-36.1917		-7.48765
3529		-40.1902		-21.3062
3530		-38.9441		-35.4046
3531		-32.9525		-48.7131
3532		-22.0935		-60.2696
3533		-6.07223		-68.2145
3534		14.3272		-69.5887
3535		36.0884		-61.3593
3536		53.8868		-42.2916
3537		61.5315		-14.6313
3538		54.4869		15.5201
3539		32.3136		39.6869
3540		-0.270581		49.9548
3541		-34.4475		42.137
3542		-60.2087		17.7079
3543		-69.9343		-16.4502
3544		-61.0959		-50.4429
3545		-36.9401		-74.863
3546		-4.96007		-83.8802
3547		26.0281		-76.6836
3548		48.8324		-56.8901
3549		59.6421		-30.5075
3550		58.1209		-3.61572
3551		46.2548		19.1528
3552		26.9166		34.8954
3553		3.04288		41.8451
3554		-22.2745		38.7389
3555		-45.2123		24.8808
3556		-60.9897		1.02671
3557		-64.655		-29.4946
3558		-52.8793		-60.3824
3559		-25.9942		-83.4064
3560		10.8834		-90.8632
3561		48.5404		-78.5663
3562		76.2559		-48.012
3563		85.4141		-6.57509
3564		72.6653		34.5829
3565		41.2577		64.1674
3566		-0.0620747		74.5027
3567		-40.1131		63.8723
3568		-69.0058		36.5921
3569		-81.0276		0.981413
3570		-75.686		-33.7274
3571		-56.8193		-60.1896
3572		-30.5246		-74.4584
3573		-3.00826		-75.9698
3574		20.7729		-66.5194
3575		37.4488		-49.0744
3576		44.9477		-27.077
3577		42.2347		-4.34081
3578		29.513		14.8699
3579		8.80337		26.1591
3580		-15.641		26.005
3581		-37.7157		13.1923
3582		-50.9052		-10.0501
3583		-50.4259		-37.9837
3584		-35.2002		-62.727
3585		-8.70266		-76.717
3586		21.8543		-75.3345
3587		47.7956		-58.5942
3588		61.8427		-31.1757
3589		60.4231		-0.793447
3590		44.5641		24.3884
3591		19.1661		38.2379
3592		-8.86258		38.1449
3593		-32.7395		25.1727
3594		-47.4165		3.14123
3595		-50.2973		-22.725
3596		-41.2002		-46.987
3597		-21.9862		-64.7645
3598		3.79044		-72.2194
3599		31.1602		-67.0474
3600		54.1954		-49.133
3601		66.9579		-21.1745
3602		64.9872		11.186
3603		46.9484		40.1813
3604		15.7353		57.7771
3605		-21.6532		58.1091
3606		-55.7185		39.6214
3607		-77.1613		5.99006
3608		-79.746		-34.6648
3609		-62.2602		-72.0808
3610		-28.8472		-96.8452
3611		12.3444		-102.992
3612		51.5882		-89.352
3613		80.1395		-59.393
3614		92.1055		-19.8842
3615		85.2624		20.9054
3616		60.9726		54.8452
3617		23.6287		75.1321
3618		-20.0166		77.1328
3619		-61.5915		59.1322
3620		-92.1563		23.0681
3621		-103.814		-25.0257
3622		-91.7972		-75.4057
3623		-56.4673		-116.277
3624		-4.30775		-136.681
3625		52.8755		-129.885
3626		100.754		-96.0507
3627		126.607		-42.9675
3628		123.403		15.7456
3629		92.2725		64.5816
3630		42.3342		90.9136
3631		-12.1664		88.8665
3632		-56.3663		60.8878
3633		-79.2868		16.5274
3634		-76.7434		-30.9628
3635		-51.8184		-68.8232
3636		-13.0619		-88.2484
3637		28.592		-86.1007
3638		62.9263		-64.7053
3639		82.5999		-30.3071
3640		84.053		8.91492
3641		67.4449		44.5656
3642		36.1583		69.2501
3643		-3.76966		77.4782
3644		-44.3104		66.5487
3645		-76.5094		37.4521
3646		-92.2038		-4.57373
3647		-86.2375		-50.4242
3648		-58.5059		-88.866
3649		-14.8845		-109.483
3650		33.7016		-106.004
3651		74.1357		-78.7616
3652		95.1114		-35.154
3653		90.8741		12.3173
3654		63.2571		49.9043
3655		21.1646		67.0135
3656		-22.3537		59.5418
3657		-54.35		30.9569
3658		-65.9857		-9.16821
3659		-54.9268		-48.4804
3660		-25.4745		-75.7219
3661		13.3193		-83.8132
3662		50.6354		-71.2977
3663		76.8591		-42.031
3664		85.7128		-3.60711
3665		75.2357		34.7424
3666		47.7526		64.1652
3667		9.1622		77.8269
3668		-32.1989		72.1289
3669		-67.0396		47.5118
3670		-86.9344		8.71147
3671		-86.3264		-35.8018
3672		-64.2801		-75.4196
3673		-25.3373		-99.9299
3674		21.098		-102.422
3675		62.9962		-81.6293
3676		89.0707		-42.7539
3677		92.2287		3.73373
3678		71.8685		45.1102
3679		34.1249		70.2603
3680		-10.0936		73.0405
3681		-48.5843		53.9563
3682		-71.5883		19.6148
3683		-74.479		-19.7312
3684		-58.5731		-53.5446
3685		-30.007		-74.0349
3686		2.67		-77.9024
3687		31.1755		-66.4572
3688		49.5402		-44.417
3689		55.0509		-18.0853
3690		48.1357		6.37293
3691		31.5904		24.116
3692		9.60505		32.1965
3693		-13.1186		29.6935
3694		-32.0998		17.6185
3695		-43.7383		-1.31948
3696		-45.9359		-23.152
3697		-38.5752		-43.3809
3698		-23.6329		-57.9659
3699		-4.74502		-64.3362
3700		13.7647		-62.0629
3701		28.1152		-52.8881
3702		36.1104		-40.0426
3703		37.5901		-27.1031
3704		34.1301		-16.8504
3705		28.1757		-10.5843
3706		22.0365		-8.11672
3707		17.1935		-8.32713
3708		14.1618		-9.90706
3709		12.8285		-11.8802
3710		12.937		-13.677
3711		14.3478		-14.85
3712		16.8999		-14.7483
3713		19.9986		-12.4998
3714		22.283		-7.43726
3715		21.7374		0.210129
3716		16.3815		8.77977
3717		5.32058		15.222
3718		-10.3341		15.911
3719		-27.2022		8.01363
3720		-40.3104		-9.12017
3721		-44.5774		-33.1656
3722		-36.5946		-59.0494
3723		-16.0278		-80.2052
3724		13.9024		-90.4523
3725		47.0524		-85.8565
3726		75.8769		-65.9696
3727		93.3419		-34.1012
3728		94.6741		3.37686
3729		78.5335		38.4268
3730		47.424		63.0671
3731		7.34323		71.0816
3732		-33.2389		59.4568
3733		-64.958		29.3372
3734		-79.5319		-13.7243
3735		-71.8529		-60.4471
3736		-41.7335		-99.5511
3737		5.28259		-120.377
3738		58.5582		-115.868
3739		104.618		-85.0461
3740		130.642		-34.0746
3741		128.262		24.7353
3742		96.4409		75.9412
3743		42.3548		105.262
3744		-20.2047		103.84
3745		-74.5516		71.0695
3746		-105.837		15.0151
3747		-105.307		-49.7542
3748		-72.7605		-106.236
3749		-16.522		-139.684
3750		48.9574		-141.525
3751		107.039		-111.439
3752		143.204		-57.2102
3753		148.601		7.4287
3754		122.085		66.2591
3755		70.4196		104.482
3756		6.71409		112.247
3757		-52.551		87.1401
3758		-91.3921		35.1099
3759		-98.3707		-30.478
3760		-69.9451		-91.712
3761		-12.176		-130.544
3762		59.9815		-133.83
3763		126.048		-97.6442
3764		165.492		-29.4214
3765		163.908		53.1201
3766		117.996		126.391
3767		37.539		167.646
3768		-56.5865		162.021
3769		-138.06		107.582
3770		-182.79		16.5815
3771		-176.187		-87.6449
3772		-117.687		-177.256
3773		-21.0601		-227.872
3774		89.5049		-225.416
3775		186.199		-169.803
3776		245.087		-74.5634
3777		252.113		37.1618
3778		206.13		138.807
3779		118.523		206.895
3780		9.97492		226.269
3781		-94.5184		193.087
3782		-171.156		115.288
3783		-202.341		10.7496
3784		-180.437		-96.4103
3785		-109.722		-180.819
3786		-6.05524		-221.412
3787		105.98		-206.607
3788		198.311		-137.878
3789		246.152		-30.5166
3790		234.769		89.1539
3791		164.276		189.95
3792		50.7266		244.03
3793		-77.3287		234.878
3794		-186.196		162.558
3795		-246.336		44.3783
3796		-240.795		-89.4981
3797		-170.144		-204.302
3798		-52.3596		-270.285
3799		82.2633		-270.807
3800		199.518		-206.536
3801		270.424		-94.7482
3802		278.505		35.7615
3803		223.393		152.417
3804		120.206		227.022
3805		-4.73443		242.313
3806		-120.457		195.607
3807		-198.592		99.0446
3808		-219.821		-23.3451
3809		-178.355		-141.086
3810		-83.6085		-224.193
3811		41.4439		-250.344
3812		165.181		-210.78
3813		254.823		-113.397
3814		284.953		18.1761
3815		244.89		149.852
3816		142.641		245.79
3817		3.80961		278.378
3818		-134.745		236.54
3819		-234.994		129.671
3820		-268.666		-14.3858
3821		-225.61		-156.944
3822		-116.895		-259.463
3823		28.3863		-294.515
3824		171.558		-253.34
3825		275.332		-147.787
3826		313.902		-6.30636
3827		279.26		134.411
3828		182.264		239.43
3829		48.6899		284.267
3830		-88.0806		260.156
3831		-195.479		175.034
3832		-249.138		50.6085
3833		-237.811		-83.2627
3834		-165.185		-195.427
3835		-48.6225		-260.135
3836		84.7395		-262.481
3837		203.837		-201.679
3838		280.52		-91.5313
3839		296.116		42.2831
3840		246.246		167.856
3841		142.481		254.638
3842		10.0194		281.212
3843		-118.405		241.109
3844		-210.96		144.826
3845		-245.177		17.1998
3846		-213.922		-109.278
3847		-127.027		-203.287
3848		-8.12127		-242.982
3849		112.267		-221.317
3850		205.104		-146.966
3851		250.189		-40.8983
3852		240.436		69.9847
3853		182.278		160.034
3854		92.6391		210.788
3855		-6.16264		214.341
3856		-91.9574		173.801
3857		-147.347		101.336
3858		-162.674		14.7472
3859		-137.165		-66.501
3860		-78.4397		-125.079
3861		-0.698044		-148.971
3862		78.1472		-133.689
3863		140.035		-83.2116
3864		170.539		-9.3398
3865		162.146		70.6273
3866		116.232		137.623
3867		43.0666		175.219
3868		-40.3508		173.635
3869		-114.22		132.272
3870		-160.672		60.0252
3871		-168.073		-26.7537
3872		-133.812		-108.094
3873		-64.9054		-165.064
3874		23.6283		-184.092
3875		112.144		-160.003
3876		180.681		-97.184
3877		213.303		-8.72695
3878		201.63		86.2281
3879		146.894		166.467
3880		60.0654		213.281
3881		-40.109		214.781
3882		-130.954		169.008
3883		-190.939		84.9867
3884		-204.885		-18.7769
3885		-168.018		-118.258
3886		-87.6631		-189.544
3887		18.0399		-214.771
3888		124.273		-186.781
3889		205.527		-111.176
3890		241.879		-5.17049
3891		223.923		106.497
3892		155.08		197.496
3893		50.7827		246.163
3894		-65.153		240.549
3895		-166.025		181.159
3896		-228.303		80.8612
3897		-236.96		-37.9149
3898		-188.98		-148.071
3899		-94.3365		-223.848
3900		25.8464		-246.754
3901		143.75		-210.167
3902		231.145		-121.462
3903		266.224		-0.921001
3904		239.332		122.648
3905		155.983		218.792
3906		36.0898		263.171
3907		-90.7019		244.114
3908		-192.538		166.039
3909		-243.727		48.5812
3910		-231.587		-78.4575
3911		-159.796		-182.971
3912		-47.2783		-238.991
3913		76.963		-233.339
3914		181.531		-168.722
3915		240.652		-62.6072
3916		240.434		57.5555
3917		181.933		161.354
3918		80.5276		222.82
3919		-38.0004		226.533
3920		-143.633		171.169
3921		-209.164		69.8663
3922		-216.671		-52.6371
3923		-162.082		-165.569
3924		-56.7335		-239.35
3925		74.6614		-252.993
3926		199.524		-199.893
3927		285.365		-90.3742
3928		308.329		50.0609
3929		260.005		186.729
3930		150.386		284.676
3931		5.85517		318.121
3932		-137.535		277.691
3933		-243.658		173.212
3934		-286.039		31.1487
3935		-254.847		-112.569
3936		-159.195		-222.193
3937		-24.2498		-271.44
3938		115.775		-249.868
3939		226.578		-164.819
3940		282.186		-38.7818
3941		270.791		96.735
3942		196.861		209.033
3943		79.4306		271.825
3944		-52.7288		271.011
3945		-167.86		207.594
3946		-238.479		97.2823
3947		-247.701		-33.1187
3948		-193.318		-151.869
3949		-88.6089		-229.816
3950		40.5662		-247.636
3951		161.976		-200.943
3952		245.184		-101.756
3953		269.576		24.3727
3954		229.941		145.037
3955		137.887		229.69
3956		18.5405		257.895
3957		-96.5436		224.668
3958		-178.122		141.35
3959		-207.043		31.8871
3960		-178.851		-74.1938
3961		-104.11		-149.889
3962		-4.70651		-177.567
3963		92.4892		-152.839
3964		162.677		-84.774
3965		189.086		7.17676
3966		166.592		98.4508
3967		102.428		165.474
3968		14.1151		191.258
3969		-74.8776		169.408
3970		-140.837		105.743
3971		-165.749		17.0912
3972		-142.138		-72.6898
3973		-75.4876		-138.776
3974		16.6773		-162.13
3975		109.178		-135.092
3976		176.078		-64.0265
3977		198.179		32.0757
3978		168.788		126.873
3979		95.8066		194.337
3980		-0.635176		216.383
3981		-94.2711		188.013
3982		-160.496		118.331
3983		-183.306		27.265
3984		-159.241		-60.6977
3985		-97.3582		-123.58
3986		-15.6794		-147.547
3987		64.3806		-129.648
3988		123.713		-77.3519
3989		149.811		-5.5722
3990		138.879		67.5617
3991		95.7784		125.001
3992		32.2627		154.3
3993		-35.8984		149.948
3994		-92.3967		114.318
3995		-123.996		57.1159
3996		-123.692		-6.76998
3997		-92.6564		-60.8315
3998		-40.2112		-91.2804
3999		18.5471		-91.0136
4000		67.0897		-61.8415
4001		92.5261		-13.9705
4002		89.6496		37.3606
4003		62.3733		77.049
4004		21.8938		95.2088
4005		-17.7687		90.1851
4006		-45.0677		68.3088
4007		-54.8958		40.573
4008		-49.6323		17.7399
4009		-36.9999		6.0419
4010		-25.8864		5.29741
4011		-22.1488		10.0805
4012		-26.3049		13.1466
4013		-34.0111		9.31889
4014		-38.8411		-2.04471
4015		-35.8192		-17.0584
4016		-23.9216		-29.5583
4017		-6.41979		-34.2901
4018		10.9003		-29.3879
4019		22.5622		-17.0054
4020		25.785		-1.9938
4021		21.3352		10.4978
4022		12.6514		17.2031
4023		3.9387		17.6978
4024		-1.66748		13.913
4025		-3.00592		8.76157
4026		-0.676361		4.78128
4027		3.81928		3.47172
4028		8.85066		5.40659
4029		12.8815		10.6573
4030		14.2351		18.9259
4031		10.9457		29.1319
4032		1.24908		38.7775
4033		-15.2097		43.8102
4034		-36.03		39.5918
4035		-55.553		22.955
4036		-65.9874		-5.46493
4037		-60.1764		-39.9191
4038		-35.0339		-70.3367
4039		5.94936		-85.4078
4040		52.5875		-76.9735
4041		90.7853		-43.898
4042		107.408		6.41746
4043		95.344		59.8266
4044		56.619		100.06
4045		2.16538		114.427
4046		-51.7547		98.324
4047		-89.0643		56.7971
4048		-99.1629		2.6373
4049		-80.0469		-48.0695
4050		-38.3326		-81.1171
4051		13.451		-88.1983
4052		60.9811		-68.6159
4053		92.1129		-28.5932
4054		99.5924		21.0659
4055		82.153		67.917
4056		44.2629		100.614
4057		-5.02005		111.106
4058		-53.7953		96.2652
4059		-89.6324		58.8871
4060		-102.413		7.74284
4061		-87.3213		-43.8097
4062		-47.0979		-80.909
4063		7.56857		-91.546
4064		60.3097		-70.937
4065		93.8523		-24.1757
4066		95.9565		34.3076
4067		64.3403		84.8677
4068		8.44877		109.238
4069		-53.0261		97.2605
4070		-98.295		51.1015
4071		-110.136		-14.8801
4072		-82.1826		-78.7495
4073		-21.413		-118.449
4074		54.0782		-119.308
4075		121.111		-78.8683
4076		158.93		-7.44598
4077		155.516		75.4682
4078		110.703		147.378
4079		35.5289		189.256
4080		-51.4571		190.335
4081		-129.353		150.189
4082		-179.954		78.1083
4083		-191.611		-9.51351
4084		-161.446		-92.9086
4085		-95.8804		-153.062
4086		-9.51539		-175.739
4087		77.6301		-154.89
4088		144.387		-94.7086
4089		173.623		-9.51422
4090		157.155		79.1044
4091		98.7971		147.662
4092		14.1455		177.408
4093		-73.356		160.155
4094		-139.178		101.167
4095		-165.164		17.8223

 
--------------------------------------


