Compute Correlation 
 
0		-11.8503		-71.3686
1		33.18		-65.6767
2		69.2692		-38.6172
3		87.4054		2.60241
4		83.2005		47.5396
5		57.7381		85.0679
6		17.1984		105.967
7		-28.6174		105.058
8		-68.586		82.4658
9		-92.9503		43.6897
10		-95.815		-1.63759
11		-76.794		-42.1412
12		-41.2576		-67.7167
13		1.04173		-72.347
14		38.6907		-55.8393
15		61.911		-23.8558
16		65.3855		13.8536
17		49.6704		46.4725
18		20.7225		65.3826
19		-12.2473		66.5697
20		-39.7879		51.4066
21		-55.0082		25.6737
22		-55.2494		-2.67002
23		-42.2218		-26.0611
24		-20.8102		-39.3488
25		2.80676		-40.71
26		22.968		-31.4272
27		35.7335		-14.9084
28		39.3221		4.51581
29		33.9596		22.6013
30		21.4466		35.8516
31		4.68021		41.9017
32		-12.8134		39.7675
33		-27.4113		30.0115
34		-36.0477		14.7368
35		-36.9126		-2.74475
36		-29.9643		-18.6308
37		-16.9936		-29.5961
38		-1.11871		-33.685
39		14.158		-30.7707
40		25.9729		-22.3832
41		32.79		-10.9955
42		34.5032		0.887342
43		31.9961		11.4121
44		26.4778		19.566
45		18.9949		24.899
46		10.373		27.0814
47		1.53669		25.6782
48		-6.11147		20.3647
49		-10.6438		11.485
50		-10.1007		0.586113
51		-3.38976		-9.51571
52		8.84837		-15.3672
53		23.9236		-14.0678
54		37.6353		-4.52778
55		45.5631		11.804
56		44.6182		31.1474
57		34.2012		48.517
58		16.4705		59.3303
59		-4.37658		60.848
60		-23.4767		52.8959
61		-36.7462		37.673
62		-41.8638		18.8525
63		-38.5437		0.437645
64		-28.2015		-14.1782
65		-13.3346		-22.7234
66		3.07026		-24.1847
67		17.9789		-18.7744
68		28.6793		-7.88417
69		33.2276		6.00444
70		30.9894		19.6347
71		23.076		29.6791
72		12.3289		33.7734
73		2.5999		31.5171
74		-2.60332		24.9097
75		-1.62693		17.817
76		4.37945		14.4769
77		11.6677		17.582
78		15.3614		26.8095
79		11.6659		38.5931
80		-0.162525		47.4177
81		-17.0731		48.1872
82		-33.1819		38.6341
83		-42.1217		20.6309
84		-39.7683		-0.281089
85		-26.1026		-17.0077
86		-5.33764		-23.7369
87		15.7442		-18.2197
88		30.4638		-2.49819
89		34.6972		18.1619
90		28.0493		37.5168
91		13.3793		50.6475
92		-4.86162		55.2839
93		-22.4906		51.7302
94		-36.7032		41.7555
95		-46.0488		27.3275
96		-49.6267		10.0278
97		-46.3394		-8.565
98		-34.9651		-25.9646
99		-15.2227		-38.2348
100		10.7584		-40.587
101		37.6181		-29.2301
102		57.4972		-3.73038
103		62.4757		31.3931
104		47.8912		66.983
105		15.0434		91.8008
106		-28.1656		96.5442
107		-69.2951		77.6932
108		-95.5452		39.4364
109		-98.4289		-7.33446
110		-76.983		-48.71
111		-38.1426		-72.6756
112		5.87534		-73.2516
113		42.0485		-52.2183
114		61.0113		-17.8755
115		59.7548		18.4332
116		41.7132		46.4319
117		14.5775		59.982
118		-12.9213		58.1203
119		-33.8041		44.1047
120		-44.2486		23.3617
121		-43.5043		1.48817
122		-32.9454		-16.9034
123		-15.1209		-28.4136
124		6.6624		-30.6671
125		28.2951		-22.3519
126		44.9025		-3.77914
127		51.5363		22.3357
128		44.6447		50.5742
129		23.8083		73.6423
130		-7.18859		84.4113
131		-40.7788		78.5252
132		-67.7173		56.4318
133		-80.2085		23.7712
134		-74.7837		-10.2767
135		-53.6434		-36.1405
136		-23.8148		-47.2169
137		5.53945		-42.0164
138		26.4811		-24.2214
139		34.8724		-0.750008
140		31.1478		21.178
141		19.1643		36.5977
142		3.9199		43.9121
143		-10.6218		44.3088
144		-22.5792		40.1029
145		-31.7753		33.0938
146		-38.4578		23.8719
147		-42.1018		12.3459
148		-41.1472		-1.01003
149		-33.8919		-14.1376
150		-20.0082		-23.4223
151		-1.70863		-24.9586
152		16.2887		-16.4829
153		28.2115		1.06228
154		29.5267		23.2656
155		18.9888		43.5906
156		-0.595594		55.8096
157		-23.326		56.4311
158		-42.4894		45.9999
159		-53.13		28.6866
160		-53.75		10.4033
161		-46.4433		-3.63408
162		-35.5301		-10.7761
163		-25.4587		-11.4771
164		-18.9995		-8.42906
165		-16.5039		-4.89156
166		-16.3876		-3.11459
167		-16.3874		-3.5722
168		-14.8359		-5.20486
169		-11.3323		-6.32737
170		-6.62507		-5.58403
171		-1.98879		-2.44655
172		1.40153		2.86786
173		2.72035		9.78818
174		1.34198		17.6661
175		-3.39764		25.6785
176		-12.131		32.4573
177		-24.9151		35.8536
178		-40.4496		33.2655
179		-55.6024		22.6553
180		-65.7787		3.90585
181		-66.2913		-20.1915
182		-54.3249		-44.0201
183		-30.6402		-60.571
184		-0.117355		-63.8472
185		29.3374		-51.3017
186		49.274		-25.2275
187		53.6494		7.61552
188		41.0485		38.1029
189		15.2457		57.7874
190		-16.1206		61.676
191		-44.1906		49.6719
192		-61.7532		26.2141
193		-65.2468		-1.57417
194		-55.2682		-26.3503
195		-35.6629		-42.6249
196		-11.8326		-47.7848
197		10.9231		-41.9871
198		28.4516		-27.3457
199		38.0671		-7.0128
200		38.4395		15.4313
201		29.4727		36.2444
202		12.4004		51.7258
203		-10.0162		58.6814
204		-33.5573		55.2319
205		-53.215		41.6817
206		-64.4801		20.9327
207		-64.8398		-1.98982
208		-54.8157		-21.3454
209		-37.9608		-32.564
210		-19.6668		-33.8267
211		-5.20644		-26.6103
212		2.15974		-14.9098
213		2.1708		-3.46912
214		-2.77536		4.164
215		-9.07494		6.86618
216		-13.7313		5.92105
217		-15.6256		3.86507
218		-15.6572		2.87233
219		-15.7791		3.55941
220		-17.5379		4.82645
221		-20.9732		4.76265
222		-24.5072		2.05162
223		-25.8859		-2.96429
224		-23.6354		-8.2095
225		-18.1856		-10.8865
226		-11.9796		-9.05209
227		-8.4248		-2.89696
228		-10.1806		5.00908
229		-17.6594		10.7178
230		-28.544		10.7052
231		-38.6227		3.59797
232		-43.5775		-9.03733
233		-40.8788		-23.2454
234		-30.8863		-34.3157
235		-16.6611		-38.7182
236		-2.6237		-35.4434
237		7.25978		-26.1778
238		10.9089		-14.3397
239		8.57972		-3.53698
240		2.27299		3.77589
241		-5.45169		6.86334
242		-12.5781		6.38836
243		-18.1304		3.56935
244		-21.959		-0.605385
245		-24.1336		-5.66153
246		-24.4526		-11.3564
247		-22.4349		-17.1504
248		-17.7981		-21.9061
249		-11.0645		-24.1295
250		-3.81303		-22.6926
251		1.71701		-17.6218
252		3.56441		-10.4312
253		1.05492		-3.68824
254		-4.70372		0.0649338
255		-11.1943		-0.482819
256		-15.6235		-4.7272
257		-16.2721		-10.4016
258		-13.3584		-14.6996
259		-8.92542		-15.723
260		-5.76372		-13.5034
261		-5.89359		-10.0391
262		-9.3872		-8.28454
263		-14.1597		-10.5761
264		-16.8755		-17.2853
265		-14.5489		-26.39
266		-6.06152		-34.2027
267		7.13877		-36.9193
268		21.4874		-32.2582
269		32.6706		-20.4365
270		37.2608		-4.07833
271		33.89		12.826
272		23.5151		26.3688
273		8.79722		33.9217
274		-6.98524		34.6426
275		-20.9364		29.2524
276		-31.0764		19.3998
277		-36.3668		7.04225
278		-36.4772		-5.87748
279		-31.6163		-17.4705
280		-22.5882		-25.896
281		-10.9685		-29.5677
282		0.885807		-27.6293
283		10.2355		-20.484
284		14.7609		-10.0088
285		13.4535		0.829517
286		7.13156		8.92868
287		-1.77129		12.2029
288		-10.1404		10.3804
289		-15.4402		5.02112
290		-16.6905		-1.28927
291		-14.671		-6.17422
292		-11.2618		-8.49442
293		-8.29868		-8.63746
294		-6.58857		-7.94519
295		-5.63965		-7.64334
296		-4.24638		-7.92876
297		-1.56093		-7.78392
298		2.02437		-5.66224
299		4.77516		-0.657082
300		4.44159		6.55923
301		-0.40097		13.6577
302		-9.2645		17.6001
303		-19.6047		16.174
304		-27.8218		9.28959
305		-30.9601		-0.730698
306		-28.2218		-10.1244
307		-21.4477		-15.4897
308		-14.2333		-15.4855
309		-10.0869		-11.5007
310		-10.5899		-6.88041
311		-14.5652		-5.0739
312		-18.7517		-7.68295
313		-19.6713		-13.4885
314		-15.6997		-19.0433
315		-8.19159		-20.5762
316		-0.977364		-16.2182
317		1.5899		-7.32824
318		-2.94588		1.87191
319		-13.5454		6.26859
320		-25.8094		2.48114
321		-33.8829		-9.20286
322		-33.2404		-24.6202
323		-22.9816		-37.4355
324		-6.48026		-41.9729
325		9.9579		-35.8215
326		19.7958		-20.9725
327		19.0407		-2.98128
328		7.82092		11.3883
329		-9.87157		16.8865
330		-27.9987		11.6291
331		-40.8748		-2.62574
332		-45.0186		-21.6506
333		-39.7698		-40.5782
334		-26.7116		-55.4254
335		-8.53918		-63.7219
336		11.8475		-64.2966
337		31.6012		-56.7814
338		47.6973		-41.4612
339		56.8001		-19.7059
340		55.7825		5.3572
341		42.9835		28.6458
342		19.6541		43.9976
343		-9.328		46.1359
344		-36.2314		33.009
345		-52.7967		7.34895
346		-53.3229		-23.5385
347		-37.167		-49.9869
348		-9.4091		-63.4346
349		20.796		-59.6972
350		43.5929		-40.5813
351		52.0972		-13.0903
352		44.7776		13.4273
353		25.5682		30.8925
354		1.8049		35.2798
355		-18.9309		27.4522
356		-31.5669		11.9197
357		-34.7465		-5.62126
358		-30.2257		-20.6451
359		-21.1278		-30.9751
360		-10.1903		-36.4916
361		1.05616		-37.9224
362		11.9453		-35.6998
363		21.7029		-29.671
364		28.7466		-19.7773
365		30.9237		-7.10468
366		26.6716		5.59722
367		16.387		14.5346
368		3.02798		16.5052
369		-8.67192		10.7071
370		-14.2015		-0.377525
371		-11.5271		-11.7244
372		-2.36493		-17.9668
373		8.35372		-16.0261
374		14.7227		-6.80393
375		12.7628		5.03712
376		2.51314		13.2151
377		-11.8083		12.8828
378		-23.7278		3.06398
379		-27.5933		-12.7782
380		-21.2667		-28.3452
381		-7.08416		-37.4653
382		9.36073		-36.9132
383		21.932		-27.6886
384		26.7391		-14.1952
385		23.5995		-1.86635
386		15.5408		5.43652
387		6.7862		6.89398
388		0.443003		4.40926
389		-2.80753		0.873272
390		-4.38103		-1.8414
391		-6.17526		-3.92703
392		-8.77695		-7.13017
393		-10.6805		-13.0596
394		-9.07626		-21.43
395		-1.79216		-29.4352
396		10.7804		-32.7984
397		25.0199		-28.0477
398		35.2537		-14.7839
399		36.332		3.39492
400		26.31		19.987
401		7.8021		28.301
402		-12.7949		24.4952
403		-27.9202		9.42171
404		-32.0614		-11.663
405		-24.0082		-31.377
406		-7.09708		-43.3424
407		12.5614		-44.6395
408		28.8773		-36.4828
409		38.1637		-22.9835
410		40.0119		-8.84984
411		36.466		2.66883
412		30.2295		10.5732
413		23.0862		15.4527
414		15.4453		18.0553
415		7.13178		18.1816
416		-1.28838		14.7086
417		-7.71706		6.76068
418		-9.01363		-4.76913
419		-2.68496		-16.4729
420		11.138		-23.2145
421		28.686		-20.3218
422		43.3503		-6.16292
423		48.1993		16.2977
424		39.1373		39.9768
425		17.1595		56.2089
426		-11.5087		58.2994
427		-37.6096		44.4622
428		-52.4738		18.7476
429		-51.4413		-10.5004
430		-35.5605		-33.9494
431		-10.8832		-44.8371
432		14.1933		-41.2329
433		32.2264		-26.1518
434		39.1965		-5.72876
435		35.2275		13.487
436		23.5743		26.8123
437		8.69208		32.4066
438		-5.52863		30.864
439		-16.6146		24.0417
440		-23.3758		13.9817
441		-25.2964		2.49134
442		-22.1325		-8.64156
443		-14.0867		-17.2983
444		-2.39196		-21.1249
445		10.2705		-18.2954
446		20.088		-8.61647
447		23.3092		5.72136
448		17.8676		20.3808
449		4.61117		30.2451
450		-12.6061		31.4161
451		-28.184		22.9223
452		-36.9077		7.27783
453		-35.9976		-10.4308
454		-26.1379		-24.5387
455		-11.0447		-30.9606
456		4.1554		-28.5565
457		14.9241		-19.1845
458		18.783		-6.58988
459		15.7236		5.19825
460		7.61664		13.1761
461		-2.85056		15.9049
462		-13.0765		13.3189
463		-20.9422		6.22747
464		-24.7953		-4.01998
465		-23.409		-15.5311
466		-16.257		-25.753
467		-4.09869		-31.6708
468		10.5281		-30.6027
469		23.4619		-21.4343
470		30.0221		-5.69336
471		26.8199		12.2692
472		13.5066		26.4022
473		-6.47847		31.1372
474		-26.7404		23.752
475		-40.1844		5.79677
476		-41.7917		-17.1975
477		-30.6749		-37.7236
478		-10.4507		-49.1797
479		12.2504		-48.3489
480		30.4378		-36.3909
481		39.351		-17.9939
482		37.8618		0.782059
483		28.2214		14.8668
484		14.5304		21.6746
485		0.875971		21.2359
486		-9.91391		15.2453
487		-16.4669		5.82746
488		-18.2817		-5.18686
489		-15.0774		-16.1804
490		-6.72489		-25.214
491		6.11947		-29.7533
492		21.1849		-27.2181
493		34.3773		-16.3117
494		40.7489		1.57564
495		36.4981		21.8791
496		21.1008		37.9453
497		-1.6397		43.5188
498		-24.4576		35.5887
499		-39.3071		16.162
500		-40.7579		-8.09956
501		-28.4917		-28.4362
502		-7.60114		-37.6649
503		13.573		-33.2515
504		27.101		-18.282
505		28.872		0.156668
506		20.1102		14.3771
507		6.31353		19.5756
508		-5.75443		15.6866
509		-11.4171		6.77427
510		-10.0588		-1.57306
511		-4.7951		-5.35188
512		-0.180402		-4.06697
513		0.654043		-0.498999
514		-2.21207		1.42022
515		-5.75797		-0.692918
516		-6.12991		-6.01221
517		-1.30778		-10.8665
518		7.27222		-10.9369
519		15.1484		-4.02021
520		17.1503		8.26172
521		10.3413		20.8595
522		-4.06815		27.6809
523		-20.9562		24.717
524		-33.6276		12.2235
525		-37.0495		-5.2444
526		-30.2837		-20.99
527		-16.8395		-29.3941
528		-2.79706		-28.5058
529		6.26041		-20.681
530		7.86504		-11.0221
531		3.48899		-4.55186
532		-2.74231		-3.69637
533		-6.60811		-7.40183
534		-6.12729		-12.2452
535		-2.3828		-14.7671
536		1.5303		-13.604
537		2.70114		-10.181
538		0.371117		-7.61389
539		-3.52572		-8.54435
540		-5.57408		-13.2593
541		-3.10611		-19.2724
542		3.91183		-22.6724
543		12.5159		-20.4819
544		18.2085		-12.6398
545		17.4744		-2.39609
546		9.92846		5.20916
547		-1.17283		6.00605
548		-10.4265		-0.96077
549		-13.0363		-12.7307
550		-7.34691		-23.8115
551		4.2258		-28.9475
552		16.3948		-25.7992
553		23.6996		-16.1027
554		23.2605		-4.69942
555		16.1298		3.0159
556		6.56149		3.84108
557		-0.343815		-1.75322
558		-1.30019		-10.1414
559		3.63359		-16.683
560		11.4157		-18.2415
561		17.9645		-14.6874
562		20.5105		-8.61541
563		19.0101		-3.54677
564		15.865		-1.72888
565		14.1909		-2.8366
566		15.7156		-4.31307
567		19.575		-3.11255
568		22.7333		2.21289
569		21.7933		10.3399
570		15.1469		17.6386
571		4.208		20.0539
572		-7.01472		15.3627
573		-13.8119		4.54413
574		-13.1183		-8.51125
575		-5.04607		-18.8054
576		7.19653		-22.5797
577		18.9107		-18.9652
578		26.1326		-10.1189
579		27.289		0.117435
580		23.4794		8.20461
581		17.3921		12.4267
582		11.6147		13.1864
583		7.37095		12.0874
584		4.36517		10.5227
585		1.6816		8.72729
586		-0.981098		5.88791
587		-2.65022		1.18507
588		-1.51303		-4.99382
589		3.77117		-10.5772
590		12.7148		-12.5387
591		22.5503		-8.53767
592		29.1493		1.45261
593		28.966		14.5565
594		20.9943		25.9524
595		7.61992		31.0174
596		-6.21756		27.5921
597		-15.2277		17.1517
598		-16.248		4.20676
599		-9.71698		-5.81325
600		0.631868		-9.12388
601		9.69093		-5.27952
602		13.4969		2.85207
603		11.0332		10.7612
604		4.41938		14.6711
605		-2.51629		13.3356
606		-6.41566		8.34972
607		-6.09533		2.91617
608		-2.88092		-0.133354
609		0.50721		0.102201
610		1.76845		2.31538
611		0.423151		4.06861
612		-2.0179		3.50408
613		-3.16967		0.609375
614		-1.44939		-2.74085
615		2.74471		-3.99049
616		7.10539		-1.61244
617		8.73314		3.73709
618		5.92888		9.36302
619		-0.615923		11.9478
620		-7.98056		9.44501
621		-12.493		2.34604
622		-11.71		-6.44714
623		-5.76925		-13.1117
624		2.67543		-14.9317
625		9.91608		-11.7127
626		13.2222		-5.77459
627		12.2762		-0.527628
628		9.18821		1.53567
629		7.08858		0.258516
630		8.13661		-2.19052
631		12.1357		-2.75531
632		16.6049		0.494678
633		18.3004		6.99459
634		15.3094		13.8264
635		8.45344		17.3655
636		1.09751		15.5169
637		-2.63699		9.2222
638		-0.304363		2.2709
639		7.17809		-0.610193
640		15.6368		3.58199
641		19.627		14.1844
642		15.3208		26.7961
643		2.76167		35.2499
644		-13.7848		34.6824
645		-27.6719		24.1165
646		-33.0289		7.1736
647		-27.6326		-9.51282
648		-14.0141		-19.4088
649		1.77094		-19.1438
650		13.0697		-9.98098
651		15.7511		3.00846
652		9.94842		13.5756
653		-0.381905		17.3246
654		-9.73422		13.5985
655		-13.8812		5.34435
656		-11.7647		-2.8087
657		-5.55458		-7.10519
658		0.980251		-6.44556
659		4.74419		-2.5131
660		4.91318		1.65741
661		3.01872		3.70736
662		1.60276		3.34293
663		2.35588		2.29716
664		4.91451		2.96504
665		7.05515		6.60753
666		6.15872		12.2692
667		1.03925		17.1143
668		-7.0044		18.028
669		-14.6112		13.5531
670		-18.0866		5.0004
671		-15.4836		-3.98154
672		-7.84043		-9.21593
673		1.18026		-8.21875
674		7.11542		-1.59653
675		7.02601		7.18475
676		1.05575		13.5742
677		-7.63875		14.3127
678		-14.5627		9.12926
679		-16.2618		0.839605
680		-12.1221		-6.19698
681		-4.62836		-8.41745
682		2.03169		-4.92232
683		4.23673		2.12183
684		0.834637		8.72533
685		-6.33202		11.2498
686		-13.5156		8.31536
687		-17.1234		1.42566
688		-15.5983		-5.97522
689		-10.114		-10.4336
690		-3.76298		-10.311
691		0.240244		-6.513
692		0.301817		-1.78235
693		-2.82569		0.972874
694		-6.68406		0.325577
695		-8.68094		-2.98132
696		-7.64402		-6.65265
697		-4.45369		-8.35312
698		-1.40911		-7.19539
699		-0.726964		-4.31948
700		-3.07368		-2.221
701		-7.00838		-3.21796
702		-9.68526		-7.94849
703		-8.43937		-14.7822
704		-2.36791		-20.5136
705		6.98816		-21.9847
706		16.2644		-17.7612
707		21.8814		-8.95257
708		21.7913		1.26881
709		16.4449		9.18978
710		8.49447		12.3118
711		1.4271		10.4328
712		-2.12301		5.53816
713		-1.50617		0.630669
714		1.90004		-1.82099
715		5.65985		-0.987904
716		7.65553		2.18666
717		7.10157		5.78874
718		4.69636		8.12805
719		1.93317		8.6209
720		0.0622492		7.89999
721		-0.650564		7.17461
722		-0.950822		7.30268
723		-1.94846		8.17328
724		-4.24348		8.77604
725		-7.39349		7.89504
726		-10.0661		4.98062
727		-10.7933		0.646481
728		-8.8758		-3.53153
729		-4.88889		-5.81788
730		-0.475381		-5.2633
731		2.47378		-2.24674
732		2.79263		1.70236
733		0.621153		4.70442
734		-2.72582		5.50195
735		-5.51426		4.06275
736		-6.53446		1.49219
737		-5.70229		-0.66965
738		-3.99819		-1.34678
739		-2.8098		-0.507271
740		-3.07953		0.888848
741		-4.75305		1.51446
742		-6.83246		0.489037
743		-7.97791		-2.09657
744		-7.28793		-5.2349
745		-4.80065		-7.58057
746		-1.43892		-8.19508
747		1.54103		-7.01924
748		3.25036		-4.81315
749		3.5967		-2.63004
750		3.20126		-1.16608
751		2.8821		-0.390871
752		3.04691		0.320881
753		3.38934		1.65236
754		3.09115		3.75419
755		1.41403		5.99297
756		-1.68721		7.22879
757		-5.33126		6.48716
758		-8.04521		3.63507
759		-8.5207		-0.358102
760		-6.38025		-3.77415
761		-2.50981		-4.96651
762		1.26494		-3.22208
763		3.023		0.805113
764		1.68597		5.34096
765		-2.43992		8.30925
766		-7.80174		8.30565
767		-12.3432		5.23012
768		-14.4628		0.267186
769		-13.6974		-4.74797
770		-10.8036		-8.22288
771		-7.24368		-9.49045
772		-4.39155		-8.95331
773		-2.89944		-7.67262
774		-2.54056		-6.68387
775		-2.55408		-6.44562
776		-2.23506		-6.71501
777		-1.39387		-6.8725
778		-0.417063		-6.45108
779		0.0794287		-5.51647
780		-0.239958		-4.65367
781		-1.10044		-4.56782
782		-1.6969		-5.554
783		-1.15932		-7.18004
784		0.863843		-8.40891
785		3.86103		-8.12861
786		6.58678		-5.80845
787		7.63593		-1.90869
788		6.17707		2.21215
789		2.45395		4.88035
790		-2.22695		4.90067
791		-6.04074		2.15961
792		-7.46234		-2.27236
793		-5.95853		-6.59689
794		-2.22082		-9.07994
795		2.1608		-8.79807
796		5.40984		-5.99486
797		6.31337		-1.90765
798		4.67188		1.81604
799		1.2805		3.81568
800		-2.49407		3.51379
801		-5.30386		1.23001
802		-6.30494		-2.06911
803		-5.36347		-5.21123
804		-2.96807		-7.23423
805		0.0378714		-7.62914
806		2.75092		-6.38235
807		4.42571		-3.88338
808		4.59586		-0.786699
809		3.13296		2.12282
810		0.277295		4.06695
811		-3.36987		4.43848
812		-6.93859		2.98472
813		-9.50066		-0.0547695
814		-10.3662		-3.95012
815		-9.35731		-7.67995
816		-6.91705		-10.2895
817		-3.96432		-11.2681
818		-1.52274		-10.7651
819		-0.27916		-9.51656
820		-0.283939		-8.49558
821		-0.952231		-8.44196
822		-1.37799		-9.5055
823		-0.808913		-11.1881
824		0.961454		-12.6198
825		3.49077		-13.0281
826		5.93116		-12.1516
827		7.48972		-10.378
828		7.85925		-8.52794
829		7.38531		-7.40229
830		6.8764		-7.33462
831		7.15704		-7.99323
832		8.60171		-8.54179
833		10.8997		-8.0768
834		13.177		-6.11215
835		14.4124		-2.8582
836		13.9334		0.847126
837		11.7389		3.9144
838		8.49485		5.48992
839		5.22036		5.31079
840		2.83523		3.76502
841		1.79833		1.65346
842		1.99826		-0.201263
843		2.91656		-1.29275
844		3.94345		-1.56146
845		4.66652		-1.28979
846		4.99318		-0.859178
847		5.07848		-0.522791
848		5.14		-0.312661
849		5.28972		-0.102874
850		5.47945		0.243786
851		5.57051		0.756443
852		5.45731		1.33955
853		5.14847		1.85546
854		4.74896		2.23377
855		4.36205		2.52094
856		3.98862		2.8293
857		3.50557		3.21953
858		2.75067		3.60236
859		1.66606		3.73944
860		0.404415		3.36191
861		-0.684631		2.34592
862		-1.201		0.838468
863		-0.903209		-0.754681
864		0.136893		-1.9316
865		1.53044		-2.33133
866		2.73465		-1.92
867		3.30635		-1.02115
868		3.11527		-0.166893
869		2.4052		0.157112
870		1.67103		-0.257576
871		1.41685		-1.25204
872		1.9207		-2.39072
873		3.12278		-3.17784
874		4.68303		-3.2829
875		6.16405		-2.66302
876		7.23437		-1.53305
877		7.78817		-0.218508
878		7.93391		1.01763
879		7.87885		2.08159
880		7.78747		3.0459
881		7.69274		4.05892
882		7.49595		5.23207
883		7.03578		6.56831
884		6.17412		7.95837
885		4.85091		9.2258
886		3.09444		10.1807
887		1.00687		10.6526
888		-1.24577		10.5045
889		-3.42998		9.65243
890		-5.24954		8.11179
891		-6.39346		6.05591
892		-6.6414		3.8427
893		-5.99381		1.95715
894		-4.75386		0.854794
895		-3.48641		0.755306
896		-2.83092		1.48697
897		-3.22695		2.48414
898		-4.67749		2.97719
899		-6.68147		2.31557
900		-8.39799		0.279922
901		-8.9896		-2.77469
902		-7.99197		-6.03291
903		-5.5295		-8.55218
904		-2.26453		-9.66144
905		0.899786		-9.23117
906		3.21551		-7.68277
907		4.3852		-5.73994
908		4.61168		-4.05995
909		4.39159		-2.94378
910		4.18192		-2.27583
911		4.13557		-1.71111
912		4.05786		-0.985374
913		3.60346		-0.153694
914		2.58946		0.394913
915		1.22689		0.165806
916		0.115026		-1.09805
917		-0.0213337		-3.16336
918		1.2807		-5.30719
919		3.92419		-6.59645
920		7.21878		-6.31317
921		10.1467		-4.30402
922		11.8008		-1.06751
923		11.7704		2.47013
924		10.2816		5.37214
925		8.02887		7.08384
926		5.8046		7.60329
927		4.13415		7.36213
928		3.10731		6.91073
929		2.47425		6.60352
930		1.91676		6.46529
931		1.30735		6.29781
932		0.788482		5.93468
933		0.624358		5.45961
934		0.928989		5.22869
935		1.46042		5.66273
936		1.63959		6.92853
937		0.817839		8.71212
938		-1.34079		10.2493
939		-4.58293		10.6352
940		-8.0738		9.26829
941		-10.7176		6.19104
942		-11.6416		2.13247
943		-10.5951		-1.78879
944		-8.05186		-4.5555
945		-4.95973		-5.68319
946		-2.27534		-5.3693
947		-0.53414		-4.29237
948		0.316046		-3.18733
949		0.743059		-2.44382
950		1.23916		-1.95425
951		1.95288		-1.28878
952		2.56971		-0.080204
953		2.51723		1.62409
954		1.37575		3.26972
955		-0.753573		4.03895
956		-3.15658		3.30831
957		-4.77251		1.06449
958		-4.69788		-1.96743
959		-2.66592		-4.57871
960		0.758169		-5.60255
961		4.38021		-4.44893
962		6.88344		-1.37863
963		7.38722		2.61714
964		5.7861		6.26067
965		2.7211		8.52425
966		-0.770761		8.99773
967		-3.72521		7.93404
968		-5.59777		5.99955
969		-6.34436		3.90382
970		-6.25371		2.1192
971		-5.68207		0.814153
972		-4.86937		-0.0221996
973		-3.9311		-0.401942
974		-2.98605		-0.257388
975		-2.28337		0.479971
976		-2.19602		1.70753
977		-3.04839		3.034
978		-4.87405		3.84222
979		-7.27186		3.54211
980		-9.48936		1.88939
981		-10.7305		-0.822589
982		-10.5396		-3.83759
983		-9.04463		-6.27027
984		-6.90733		-7.53398
985		-4.98374		-7.62582
986		-3.87398		-7.09979
987		-3.61283		-6.73067
988		-3.68384		-7.05294
989		-3.3582		-8.0409
990		-2.16656		-9.1239
991		-0.225356		-9.53988
992		1.78727		-8.82821
993		3.01128		-7.16933
994		2.93233		-5.35361
995		1.74859		-4.37111
996		0.344033		-4.83829
997		-0.147243		-6.58842
998		1.03717		-8.6771
999		3.82395		-9.82941
1000		7.27112		-9.1041
1001		10.0087		-6.41493
1002		10.9304		-2.61374
1003		9.76585		0.926035
1004		7.21651		3.01148
1005		4.57362		3.23988
1006		3.01996		2.18173
1007		2.99622		1.03435
1008		3.98028		0.934319
1009		4.80179		2.30794
1010		4.31874		4.61908
1011		2.08115		6.65472
1012		-1.38564		7.19068
1013		-4.83509		5.66924
1014		-6.9492		2.51547
1015		-7.02519		-1.07878
1016		-5.32315		-3.77878
1017		-2.89193		-4.79067
1018		-0.981428		-4.23127
1019		-0.375901		-2.99195
1020		-1.01752		-2.19106
1021		-2.11567		-2.53531
1022		-2.65917		-3.95142
1023		-2.02304		-5.68387
1024		-0.318515		-6.78179
1025		1.70629		-6.67729
1026		3.14061		-5.51253
1027		3.46797		-4.02843
1028		2.87005		-3.09135
1029		2.09651		-3.14765
1030		1.98031		-3.93898
1031		2.8911		-4.65551
1032		4.46046		-4.44298
1033		5.75566		-2.96604
1034		5.81558		-0.689441
1035		4.24605		1.30434
1036		1.52783		1.87629
1037		-1.15244		0.464941
1038		-2.47127		-2.56078
1039		-1.63313		-6.03209
1040		1.22722		-8.52838
1041		5.11799		-9.04831
1042		8.68848		-7.4469
1043		10.8718		-4.41967
1044		11.3246		-1.071
1045		10.4465		1.66958
1046		9.00923		3.4517
1047		7.64388		4.5212
1048		6.50099		5.38126
1049		5.27453		6.33907
1050		3.54833		7.23684
1051		1.22225		7.54134
1052		-1.27361		6.73359
1053		-3.13583		4.74607
1054		-3.64014		2.15384
1055		-2.62022		-0.0319023
1056		-0.669931		-0.878151
1057		1.08406		-0.0657597
1058		1.54166		1.87134
1059		0.220459		3.76487
1060		-2.45512		4.39178
1061		-5.34125		3.1062
1062		-7.14813		0.177427
1063		-7.09037		-3.35412
1064		-5.26065		-6.22305
1065		-2.52777		-7.58309
1066		-0.0292058		-7.39446
1067		1.44669		-6.35071
1068		1.83738		-5.40728
1069		1.73941		-5.20002
1070		1.9581		-5.69805
1071		2.95813		-6.28808
1072		4.55396		-6.22654
1073		6.02962		-5.17311
1074		6.6165		-3.4684
1075		6.03443		-1.97142
1076		4.75438		-1.5385
1077		3.79929		-2.45015
1078		4.17226		-4.13864
1079		6.23223		-5.40578
1080		9.38522		-5.03895
1081		12.2934		-2.49447
1082		13.5145		1.73633
1083		12.2358		6.29793
1084		8.7038		9.60214
1085		4.11335		10.5872
1086		0.0148525		9.19814
1087		-2.43489		6.33748
1088		-2.97295		3.32961
1089		-2.22251		1.21124
1090		-1.20916		0.247116
1091		-0.701522		-0.068614
1092		-0.767914		-0.553559
1093		-0.804415		-1.71365
1094		-0.00575447		-3.34161
1095		2.0147		-4.58836
1096		4.84254		-4.47419
1097		7.36833		-2.54078
1098		8.34665		0.749815
1099		7.10238		4.1266
1100		3.97945		6.10022
1101		0.26116		5.72371
1102		-2.41861		3.10884
1103		-2.86929		-0.590548
1104		-0.923576		-3.72663
1105		2.50007		-4.94873
1106		5.8728		-3.82262
1107		7.80226		-0.967236
1108		7.65206		2.33063
1109		5.7269		4.78308
1110		2.973		5.67488
1111		0.412093		5.05348
1112		-1.34515		3.4871
1113		-2.24205		1.59577
1114		-2.54276		-0.324225
1115		-2.42865		-2.34968
1116		-1.72856		-4.64785
1117		0.0119801		-7.08373
1118		3.14999		-9.01953
1119		7.50171		-9.49363
1120		12.1529		-7.72086
1121		15.7059		-3.63317
1122		16.8849		1.88172
1123		15.1884		7.23653
1124		11.2159		10.8106
1125		6.45524		11.6925
1126		2.61047		10.1
1127		0.813221		7.23858
1128		1.13608		4.66529
1129		2.66803		3.50046
1130		4.10022		3.91645
1131		4.48453		5.17722
1132		3.7325		6.18801
1133		2.57348		6.22257
1134		2.00761		5.39255
1135		2.58743		4.57469
1136		3.96887		4.83142
1137		5.02127		6.66438
1138		4.46207		9.55472
1139		1.66534		12.0918
1140		-2.82622		12.6605
1141		-7.40909		10.3305
1142		-10.1309		5.45499
1143		-9.65008		-0.368868
1144		-5.93649		-4.98904
1145		-0.334984		-6.69129
1146		5.04855		-4.98438
1147		8.31815		-0.777046
1148		8.61219		4.12572
1149		6.3698		7.91814
1150		2.94178		9.59726
1151		-0.196754		9.26749
1152		-2.17593		7.83586
1153		-3.01235		6.33116
1154		-3.33342		5.2759
1155		-3.76758		4.47817
1156		-4.40924		3.33837
1157		-4.70448		1.44501
1158		-3.8329		-0.943348
1159		-1.34596		-2.86205
1160		2.3467		-3.10953
1161		5.97532		-0.964782
1162		7.94302		3.2704
1163		7.12503		8.24663
1164		3.49409		12.1151
1165		-1.78631		13.376
1166		-6.8695		11.5789
1167		-10.0698		7.50036
1168		-10.5953		2.71597
1169		-8.7894		-1.18622
1170		-5.78601		-3.31211
1171		-2.81087		-3.71522
1172		-0.551685		-3.10004
1173		1.04499		-2.20217
1174		2.4641		-1.25412
1175		4.03236		0.121693
1176		5.45645		2.52617
1177		5.81908		6.15527
1178		4.08024		10.3496
1179		-0.193222		13.6557
1180		-6.31553		14.4355
1181		-12.5385		11.7238
1182		-16.7178		5.8589
1183		-17.2787		-1.49618
1184		-13.9779		-8.00163
1185		-8.05054		-11.6524
1186		-1.64875		-11.6396
1187		3.14029		-8.62165
1188		5.18644		-4.28443
1189		4.6686		-0.448944
1190		2.74237		1.77868
1191		0.759396		2.36922
1192		-0.491038		2.09402
1193		-1.08678		1.83121
1194		-1.68167		1.90856
1195		-2.84136		1.89611
1196		-4.45489		0.973525
1197		-5.62436		-1.36593
1198		-5.14021		-4.7345
1199		-2.28185		-7.79732
1200		2.54064		-8.84769
1201		7.72711		-6.7292
1202		11.1173		-1.59112
1203		11.0193		4.9774
1204		7.09667		10.5642
1205		0.626591		13.0168
1206		-6.03699		11.4392
1207		-10.5294		6.5827
1208		-11.5224		0.432817
1209		-9.21574		-4.77579
1210		-5.04743		-7.58367
1211		-0.822609		-7.83403
1212		2.22893		-6.46171
1213		3.9431		-4.72343
1214		5.01867		-3.35747
1215		6.29357		-2.17999
1216		7.97909		-0.34882
1217		9.3482		2.88468
1218		9.09787		7.41955
1219		6.19096		12.0439
1220		0.677362		14.8853
1221		-6.02364		14.3669
1222		-11.6085		10.1469
1223		-13.9354		3.49319
1224		-12.0928		-3.16064
1225		-6.91114		-7.29026
1226		-0.625534		-7.4421
1227		4.15037		-3.88147
1228		5.61194		1.60223
1229		3.50319		6.61164
1230		-0.946451		9.27781
1231		-5.80161		9.01812
1232		-9.44902		6.55098
1233		-11.2963		3.23101
1234		-11.7846		0.146191
1235		-11.7737		-2.46998
1236		-11.729		-5.17129
1237		-11.2483		-8.64655
1238		-9.25322		-12.9179
1239		-4.75438		-16.9308
1240		2.264		-18.8564
1241		10.4056		-17.0023
1242		17.2058		-10.8505
1243		20.1572		-1.62092
1244		17.9172		8.01184
1245		11.0576		14.9743
1246		1.93612		17.1225
1247		-6.28395		14.1787
1248		-10.9885		7.80451
1249		-11.1741		0.783907
1250		-7.70953		-4.25455
1251		-2.71584		-5.92593
1252		1.55815		-4.4678
1253		3.75181		-1.29179
1254		3.79136		1.9651
1255		2.53691		4.31975
1256		0.973328		5.769
1257		-0.521336		6.93511
1258		-2.37535		8.31484
1259		-5.38099		9.64882
1260		-9.90398		9.84668
1261		-15.265		7.56052
1262		-19.7297		2.09541
1263		-21.1966		-5.88417
1264		-18.2588		-14.3109
1265		-11.0723		-20.4426
1266		-1.53436		-22.0417
1267		7.37713		-18.4232
1268		12.8124		-10.8331
1269		13.2277		-1.95574
1270		8.96682		5.21117
1271		1.99159		8.56514
1272		-5.06491		7.6213
1273		-10.0241		3.45413
1274		-11.9206		-2.02769
1275		-11.0847		-7.03951
1276		-8.61456		-10.6088
1277		-5.61518		-12.6946
1278		-2.65211		-13.7822
1279		0.30933		-14.2855
1280		3.52487		-14.1568
1281		6.95979		-12.939
1282		10.0132		-10.1999
1283		11.6817		-6.04373
1284		11.0842		-1.34872
1285		8.03696		2.45743
1286		3.32979		3.99453
1287		-1.48458		2.58538
1288		-4.69982		-1.38453
1289		-5.15629		-6.59705
1290		-2.68074		-11.3481
1291		1.93438		-14.2222
1292		7.35837		-14.5606
1293		12.2959		-12.5255
1294		15.9022		-8.80488
1295		17.8648		-4.18683
1296		18.1974		0.727798
1297		16.9592		5.53612
1298		14.1312		9.83378
1299		9.74962		13.02
1300		4.18976		14.3193
1301		-1.63162		13.0824
1302		-6.35182		9.22102
1303		-8.59653		3.50863
1304		-7.57826		-2.49051
1305		-3.55052		-6.90846
1306		2.1505		-8.28786
1307		7.54552		-6.18956
1308		10.7532		-1.39246
1309		10.6921		4.41585
1310		7.42517		9.30426
1311		2.01669		11.7963
1312		-3.97786		11.2862
1313		-9.09829		8.03426
1314		-12.3559		2.8384
1315		-13.2766		-3.36291
1316		-11.7088		-9.71057
1317		-7.63017		-15.386
1318		-1.16151		-19.4417
1319		7.18575		-20.7448
1320		16.2115		-18.2246
1321		23.9689		-11.4024
1322		28.1519		-0.954224
1323		26.8905		11.0587
1324		19.6437		21.5536
1325		7.74357		27.3691
1326		-5.76119		26.4513
1327		-17.0117		18.7663
1328		-22.6804		6.48865
1329		-21.1955		-6.67893
1330		-13.3171		-16.8087
1331		-1.81013		-21.1335
1332		9.63383		-18.9382
1333		17.7484		-11.6146
1334		20.7434		-1.92212
1335		18.6596		7.15524
1336		12.9824		13.4314
1337		5.80581		16.0172
1338		-1.0013		15.1994
1339		-6.26181		11.913
1340		-9.48247		7.17835
1341		-10.5431		1.81151
1342		-9.3944		-3.51588
1343		-6.01292		-8.03399
1344		-0.643158		-10.7376
1345		5.87073		-10.564
1346		11.9651		-6.8734
1347		15.6553		0.0114288
1348		15.2216		8.54866
1349		10.0022		16.2463
1350		0.897415		20.4421
1351		-9.71632		19.3046
1352		-18.7036		12.62
1353		-23.2575		1.99452
1354		-21.9113		-9.6483
1355		-15.051		-19.0785
1356		-4.72576		-23.864
1357		6.13906		-23.1239
1358		14.7748		-17.6597
1359		19.4243		-9.47844
1360		19.7142		-0.968864
1361		16.48		5.8973
1362		11.22		10.0383
1363		5.47289		11.3018
1364		0.388237		10.1722
1365		-3.39301		7.37065
1366		-5.60526		3.56555
1367		-6.14067		-0.702934
1368		-4.91889		-4.92504
1369		-1.9242		-8.48772
1370		2.6318		-10.6463
1371		8.14882		-10.6655
1372		13.6098		-8.08446
1373		17.7499		-2.98035
1374		19.3862		3.90551
1375		17.7893		11.2608
1376		12.9551		17.5025
1377		5.67098		21.1911
1378		-2.65102		21.4225
1379		-10.3236		18.0748
1380		-15.8064		11.8399
1381		-18.0799		4.03957
1382		-16.871		-3.71368
1383		-12.6793		-9.91063
1384		-6.61091		-13.4895
1385		-0.0768576		-14.0444
1386		5.55566		-11.8572
1387		9.26436		-7.76081
1388		10.5541		-2.89138
1389		9.49228		1.59232
1390		6.61602		4.7449
1391		2.766		5.98091
1392		-1.09534		5.12801
1393		-4.04191		2.41396
1394		-5.31335		-1.57926
1395		-4.43245		-5.98204
1396		-1.32206		-9.74081
1397		3.59774		-11.7885
1398		9.38714		-11.2895
1399		14.704		-7.91793
1400		18.0908		-2.07114
1401		18.3868		5.09415
1402		15.1399		11.879
1403		8.85438		16.4909
1404		0.94363		17.5948
1405		-6.63896		14.7659
1406		-11.9811		8.6609
1407		-13.7967		0.823723
1408		-11.7938		-6.80858
1409		-6.68814		-12.5083
1410		0.120792		-15.2345
1411		7.05939		-14.8168
1412		12.8527		-11.8128
1413		16.7824		-7.15434
1414		18.6705		-1.77234
1415		18.6702		3.62995
1416		17.0222		8.59164
1417		13.9268		12.7586
1418		9.58455		15.7378
1419		4.34676		17.0695
1420		-1.15897		16.3607
1421		-6.04715		13.5096
1422		-9.37175		8.88562
1423		-10.4289		3.34316
1424		-9.0235		-1.9713
1425		-5.57046		-5.94794
1426		-0.979485		-7.8417
1427		3.62312		-7.46747
1428		7.2153		-5.20093
1429		9.12273		-1.81631
1430		9.12284		1.74746
1431		7.42346		4.60013
1432		4.57548		6.04811
1433		1.37091		5.6898
1434		-1.26505		3.49183
1435		-2.41902		-0.144844
1436		-1.39797		-4.36967
1437		2.02353		-7.98791
1438		7.409		-9.72848
1439		13.6401		-8.63481
1440		19.149		-4.44679
1441		22.3717		2.19993
1442		22.2714		9.88323
1443		18.717		16.8098
1444		12.5444		21.3886
1445		5.26538		22.7276
1446		-1.44926		20.8519
1447		-6.28216		16.5722
1448		-8.56439		11.105
1449		-8.26942		5.65576
1450		-5.78985		1.16439
1451		-1.68941		-1.7133
1452		3.39517		-2.48088
1453		8.66281		-0.723351
1454		12.9965		3.76821
1455		14.9719		10.6721
1456		13.1876		18.8019
1457		6.88573		26.0479
1458		-3.39615		29.8031
1459		-15.5186		27.8459
1460		-26.0765		19.3705
1461		-31.4037		5.69349
1462		-28.9333		-9.78155
1463		-18.3648		-22.4717
1464		-2.09924		-28.1332
1465		15.3281		-24.4223
1466		28.6697		-11.8629
1467		33.7183		6.1953
1468		28.719		24.629
1469		14.9129		38.1964
1470		-3.94753		43.1617
1471		-22.8596		38.3153
1472		-37.0876		25.109
1473		-43.4011		6.99485
1474		-40.7006		-11.6728
1475		-29.9986		-26.7511
1476		-13.9464		-35.1441
1477		3.8322		-35.2781
1478		19.4301		-27.2853
1479		29.3288		-12.986
1480		31.0775		4.32818
1481		23.9439		20.3989
1482		9.36642		30.8665
1483		-9.05755		32.4179
1484		-26.256		23.9185
1485		-37.0115		7.08334
1486		-37.5923		-13.7032
1487		-27.1076		-32.529
1488		-8.0146		-43.7635
1489		14.519		-43.9086
1490		34.2339		-32.7824
1491		45.8013		-13.5583
1492		46.4851		8.35754
1493		36.834		27.1576
1494		20.2082		38.4489
1495		1.42874		40.3908
1496		-14.846		33.8325
1497		-25.3859		21.5714
1498		-28.9269		7.18654
1499		-25.9855		-6.03317
1500		-18.253		-15.7269
1501		-7.9489		-20.6287
1502		2.62692		-20.4601
1503		11.3413		-15.7943
1504		16.4331		-7.99576
1505		16.8262		0.852318
1506		12.5306		8.22777
1507		4.91718		11.7715
1508		-3.41615		10.1019
1509		-9.33234		3.5071
1510		-10.2518		-5.88564
1511		-5.23415		-14.6889
1512		4.47287		-19.4617
1513		15.7533		-18.0784
1514		24.7636		-10.6509
1515		28.4402		0.446175
1516		25.7185		11.5009
1517		17.9173		18.9482
1518		8.12582		20.7571
1519		-0.108704		17.1205
1520		-4.18549		10.1875
1521		-3.33719		3.0313
1522		1.32365		-1.62654
1523		7.50469		-2.36204
1524		12.762		0.676521
1525		15.3613		6.14306
1526		14.6582		12.201
1527		10.9878		17.1706
1528		5.29976		19.8737
1529		-1.18004		19.681
1530		-7.1172		16.4531
1531		-11.137		10.5598
1532		-11.9797		3.00531
1533		-8.86565		-4.51052
1534		-1.98368		-9.82942
1535		7.1859		-10.9696
1536		16.038		-6.98562
1537		21.6235		1.36067
1538		21.8208		11.557
1539		16.3797		20.12
1540		7.27006		23.969
1541		-1.9577		21.8015
1542		-7.61457		14.7867
1543		-7.48926		6.1668
1544		-1.86517		-0.120686
1545		6.58459		-1.18072
1546		14.0038		3.56952
1547		17.086		12.2143
1548		14.4883		21.3091
1549		7.25261		27.494
1550		-1.91644		28.9238
1551		-10.0678		25.8159
1552		-15.3248		19.9224
1553		-17.4203		13.3253
1554		-17.2416		7.31068
1555		-15.7709		1.98543
1556		-13.1606		-3.17841
1557		-8.58995		-8.28142
1558		-1.05247		-12.1792
1559		9.38782		-12.5657
1560		20.7004		-7.0864
1561		29.0654		5.04264
1562		30.2725		21.838
1563		21.7734		38.5928
1564		4.35936		49.3844
1565		-17.4966		49.4885
1566		-36.9894		37.5944
1567		-47.54		16.7183
1568		-45.443		-6.71113
1569		-31.3929		-25.2531
1570		-10.1911		-33.2818
1571		11.2021		-28.991
1572		26.3463		-14.7481
1573		31.5221		4.21865
1574		26.5719		22.0458
1575		14.2311		34.2852
1576		-1.46857		38.9264
1577		-16.7902		36.1879
1578		-29.1348		27.539
1579		-36.9664		14.7334
1580		-39.2455		-0.548172
1581		-35.0531		-16.3856
1582		-23.8697		-30.1192
1583		-6.42356		-38.3317
1584		14.4971		-37.7027
1585		34.0222		-26.5214
1586		46.3704		-6.09737
1587		46.9357		18.8346
1588		34.3995		41.2239
1589		11.7883		54.0829
1590		-14.2022		53.1789
1591		-35.49		38.818
1592		-45.5769		15.8534
1593		-41.9112		-8.14067
1594		-26.6241		-25.7261
1595		-5.38692		-32.2249
1596		14.9845		-27.0114
1597		29.0267		-13.0706
1598		34.1461		4.73706
1599		30.6831		21.7116
1600		20.8259		34.6727
1601		7.20589		42.1862
1602		-7.98924		43.9067
1603		-23.0249		39.7579
1604		-36.0341		29.6556
1605		-44.5326		14.0035
1606		-45.6629		-5.42065
1607		-37.2902		-24.9435
1608		-19.4449		-39.475
1609		4.75977		-44.0667
1610		29.4578		-35.9524
1611		47.7275		-16.0748
1612		54.0378		10.7576
1613		46.3657		37.3171
1614		27.0013		56.451
1615		1.65772		63.5444
1616		-22.6844		57.8904
1617		-40.2022		42.4625
1618		-47.873		22.3635
1619		-45.7675		2.81226
1620		-36.1511		-12.3742
1621		-22.1073		-21.2627
1622		-6.49977		-23.3669
1623		8.29666		-18.9045
1624		20.0622		-8.42405
1625		26.3932		6.91796
1626		24.949		24.7246
1627		14.4263		41.0488
1628		-4.19852		51.0013
1629		-26.9912		50.3461
1630		-47.6463		37.4745
1631		-59.4246		14.7417
1632		-57.7572		-11.7111
1633		-42.3358		-33.8519
1634		-17.6099		-44.7026
1635		8.69799		-41.0594
1636		28.5017		-24.7327
1637		36.4106		-1.70657
1638		31.5707		20.3984
1639		17.5032		35.3708
1640		0.130219		40.5666
1641		-14.9685		37.2731
1642		-24.7187		29.2949
1643		-29.1779		20.6495
1644		-30.5215		13.6249
1645		-31.1382		8.14661
1646		-31.9824		2.61975
1647		-32.0878		-4.40821
1648		-29.426		-12.8242
1649		-22.5106		-20.6237
1650		-11.7419		-24.8658
1651		0.33474		-23.3378
1652		10.0443		-15.9568
1653		14.3257		-5.0872
1654		12.2492		5.43129
1655		5.48519		12.0363
1656		-2.5183		13.0498
1657		-8.19093		9.31618
1658		-9.45098		3.59037
1659		-6.46168		-0.930165
1660		-1.22701		-2.11678
1661		3.64407		0.306328
1662		6.26688		5.01685
1663		6.19286		10.1072
1664		4.21358		14.19
1665		1.51402		16.9557
1666		-1.21652		18.9364
1667		-4.14462		20.7353
1668		-7.93137		22.2978
1669		-12.9367		22.7434
1670		-18.5588		20.8972
1671		-23.1994		16.1972
1672		-24.9556		9.39189
1673		-22.6826		2.54071
1674		-16.8151		-1.77137
1675		-9.44545		-1.63232
1676		-3.55561		3.21335
1677		-1.76623		11.1205
1678		-5.22411		19.1703
1679		-13.1619		24.3432
1680		-23.2904		24.6529
1681		-32.7518		19.7298
1682		-39.1147		10.6845
1683		-40.961		-0.523985
1684		-37.9244		-11.7784
1685		-30.3887		-21.1953
1686		-19.2097		-27.1576
1687		-5.70968		-28.2252
1688		8.11041		-23.2567
1689		19.4663		-11.8948
1690		25.1493		4.76796
1691		22.4553		23.796
1692		10.3906		40.7327
1693		-9.43739		50.7607
1694		-32.8124		50.351
1695		-53.9889		38.7005
1696		-67.5216		18.2558
1697		-70.0943		-5.9936
1698		-61.5523		-28.1907
1699		-44.71		-43.5218
1700		-24.0998		-49.54
1701		-4.31977		-46.4113
1702		11.2357		-36.1698
1703		20.7845		-21.5541
1704		23.7711		-5.12549
1705		20.2106		10.9347
1706		10.3778		24.4732
1707		-4.872		33.008
1708		-23.4037		33.948
1709		-41.3826		25.5806
1710		-53.7709		8.41748
1711		-55.8975		-13.9342
1712		-45.5645		-35.16
1713		-24.6581		-48.1056
1714		0.738136		-47.5356
1715		22.109		-32.5822
1716		31.6167		-7.6462
1717		25.2666		18.867
1718		4.69135		37.5952
1719		-23.3216		41.7899
1720		-49.4057		29.8554
1721		-65.1661		5.76346
1722		-66.1484		-22.7555
1723		-53.0009		-47.3203
1724		-30.5229		-61.8548
1725		-5.29627		-64.1525
1726		16.8235		-55.6214
1727		32.2098		-39.7274
1728		39.5296		-20.2229
1729		38.8052		-0.149808
1730		30.424		18.0545
1731		14.9246		31.8211
1732		-6.27594		38.0027
1733		-29.8272		33.4485
1734		-50.0778		16.6132
1735		-60.1498		-10.6092
1736		-54.3939		-42.0422
1737		-31.2424		-68.2837
1738		5.00043		-79.6607
1739		44.6055		-70.0233
1740		75.3021		-39.7011
1741		86.6072		3.85474
1742		73.8218		48.2545
1743		39.9581		80.4111
1744		-5.26449		91.1161
1745		-48.9206		78.0748
1746		-79.3691		46.242
1747		-89.885		5.52526
1748		-80.1078		-32.9629
1749		-55.0648		-60.4468
1750		-22.5939		-72.5007
1751		9.47135		-69.1153
1752		35.1934		-53.3535
1753		51.0737		-29.6378
1754		55.6256		-2.57397
1755		48.77		23.4083
1756		31.687		43.9765
1757		7.1775		55.0583
1758		-19.9876		53.6766
1759		-43.4438		39.2848
1760		-56.6978		14.8615
1761		-55.3544		-13.1047
1762		-39.1604		-36.1808
1763		-12.7727		-46.7517
1764		15.3737		-40.9084
1765		35.858		-20.1684
1766		41.6536		8.83778
1767		30.6843		36.6848
1768		6.47552		54.537
1769		-23.3276		57.1907
1770		-49.8646		44.568
1771		-66.1131		21.2015
1772		-68.8763		-5.84495
1773		-59.1043		-29.5712
1774		-40.7546		-45.0557
1775		-18.9801		-50.2649
1776		1.46299		-45.7089
1777		17.0563		-33.5061
1778		25.6235		-16.5082
1779		26.1082		2.15255
1780		18.4776		19.1787
1781		3.91017		31.2524
1782		-14.9496		35.5345
1783		-34.0946		30.5128
1784		-48.9043		16.8273
1785		-55.4482		-2.45934
1786		-51.8524		-22.4826
1787		-39.09		-37.9913
1788		-20.769		-45.0218
1789		-1.95827		-42.1286
1790		12.4485		-30.6702
1791		19.1351		-14.1098
1792		17.013		3.24848
1793		7.03204		17.4748
1794		-8.51712		25.72
1795		-26.7082		26.3462
1796		-44.3614		18.7772
1797		-58.1396		3.46471
1798		-64.7013		-17.8523
1799		-61.2683		-41.8059
1800		-46.6548		-63.4541
1801		-22.3591		-77.1504
1802		6.97107		-78.225
1803		34.2728		-64.9221
1804		52.0571		-39.6834
1805		55.0292		-8.98004
1806		42.2549		18.5245
1807		17.836		34.9036
1808		-10.3493		35.8209
1809		-33.4182		22.0846
1810		-44.6345		-0.779537
1811		-41.6265		-24.7312
1812		-26.8073		-42.2031
1813		-5.97751		-48.591
1814		14.101		-43.2978
1815		28.013		-29.148
1816		32.9703		-10.7512
1817		28.8142		7.23117
1818		17.1756		21.1506
1819		0.548744		28.5744
1820		-18.1568		28.0238
1821		-35.5612		18.8696
1822		-47.7377		1.74899
1823		-50.7163		-20.7028
1824		-41.7942		-43.4842
1825		-21.218		-59.9392
1826		6.71175		-63.753
1827		34.062		-51.6352
1828		51.5408		-25.4642
1829		51.9836		7.36662
1830		33.6162		35.9806
1831		1.50931		49.8961
1832		-33.6991		43.2295
1833		-59.535		17.3721
1834		-66.4208		-19.1509
1835		-51.421		-53.7135
1836		-19.3928		-74.2935
1837		18.921		-73.8775
1838		50.9779		-52.7747
1839		66.9195		-18.0298
1840		62.637		19.5707
1841		40.3914		49.4328
1842		7.1355		64.3618
1843		-28.3614		61.9668
1844		-58.1988		44.1848
1845		-76.8908		15.6995
1846		-81.6442		-17.6932
1847		-71.9392		-50.0835
1848		-49.1691		-75.8055
1849		-16.7186		-89.6965
1850		19.7735		-87.8429
1851		52.6507		-68.9264
1852		73.5694		-35.6173
1853		75.8994		4.94304
1854		57.394		42.3389
1855		21.8664		65.7778
1856		-21.191		67.7753
1857		-59.2759		47.1248
1858		-80.9911		9.76736
1859		-80.0029		-32.9879
1860		-57.2171		-68.2825
1861		-20.2887		-86.0501
1862		19.2575		-82.1626
1863		50.0264		-59.2501
1864		64.2445		-25.1352
1865		59.5324		10.1903
1866		38.6502		37.6745
1867		7.81223		51.2894
1868		-25.4053		48.7096
1869		-53.715		30.9487
1870		-71.0726		1.64436
1871		-73.2367		-33.5162
1872		-58.407		-67.2594
1873		-28.0884		-91.5285
1874		12.2213		-99.0558
1875		53.2876		-85.6351
1876		83.9425		-52.3268
1877		94.3281		-6.42333
1878		79.5809		39.7738
1879		42.3896		72.445
1880		-6.96066		80.9669
1881		-53.5034		62.0194
1882		-82.5983		21.2688
1883		-85.132		-28.2761
1884		-60.7956		-70.7355
1885		-18.0865		-92.9113
1886		28.9303		-88.7035
1887		65.6935		-60.7112
1888		81.9581		-18.6057
1889		74.5402		24.7644
1890		47.251		57.7474
1891		8.55434		73.0298
1892		-31.6766		68.6701
1893		-64.864		47.2464
1894		-85.1043		14.1051
1895		-89.327		-24.226
1896		-76.9506		-60.9315
1897		-49.7461		-89.3173
1898		-12.085		-103.37
1899		28.9014		-98.9516
1900		64.0209		-75.4818
1901		84.0192		-37.2832
1902		82.5365		6.46339
1903		58.8832		43.7626
1904		19.2212		63.4935
1905		-24.7708		59.4207
1906		-59.5752		32.794
1907		-74.5342		-7.75573
1908		-65.6446		-49.174
1909		-36.8322		-78.6516
1910		1.8164		-88.0696
1911		38.0287		-76.4062
1912		61.7527		-49.2651
1913		68.1552		-16.0144
1914		58.1788		13.961
1915		36.8599		34.1846
1916		10.6121		42.1307
1917		-15.046		38.4251
1918		-36.3718		25.1753
1919		-50.9235		4.67223
1920		-56.5995		-20.7856
1921		-51.2707		-48.1037
1922		-33.572		-72.5551
1923		-4.51075		-87.9477
1924		31.1834		-88.2692
1925		65.1401		-70.3136
1926		87.3827		-36.0122
1927		89.7782		6.92231
1928		69.4779		46.7549
1929		30.7167		71.4655
1930		-16.0292		73.0214
1931		-57.3593		50.3892
1932		-81.4447		9.99829
1933		-81.8947		-36.5132
1934		-59.5159		-76.2725
1935		-21.471		-99.2216
1936		21.5367		-100.741
1937		58.7191		-82.1481
1938		81.9658		-49.348
1939		87.1849		-10.6022
1940		74.2925		25.5787
1941		46.466		51.8484
1942		9.30572		62.7984
1943		-29.8483		55.5067
1944		-62.6701		30.1821
1945		-81.0868		-9.20961
1946		-79.1515		-54.8829
1947		-55.1311		-96.3389
1948		-12.9133		-122.814
1949		38.1973		-126.507
1950		85.6774		-105.407
1951		117.463		-64.446
1952		125.805		-14.2707
1953		109.77		32.0814
1954		75.3381		63.3543
1955		33.0838		73.4649
1956		-5.55341		62.8311
1957		-31.8373		37.3083
1958		-41.7883		5.45778
1959		-36.189		-24.4971
1960		-19.0024		-46.7515
1961		4.69768		-58.4573
1962		30.2031		-59.0275
1963		53.5737		-49.0954
1964		71.2695		-29.9928
1965		79.8121		-4.04106
1966		76.1826		24.7743
1967		59.065		50.5956
1968		30.3124		66.6279
1969		-4.37347		67.219
1970		-36.3338		50.2902
1971		-56.4342		18.9044
1972		-58.2697		-19.0137
1973		-40.7108		-52.9719
1974		-8.58804		-73.4079
1975		28.8831		-74.9506
1976		61.2966		-58.0793
1977		80.5109		-28.5555
1978		82.9524		4.97381
1979		69.9908		34.0299
1980		46.5635		52.6935
1981		18.9821		58.5364
1982		-6.95787		52.1375
1983		-26.8807		35.9169
1984		-37.8041		13.1706
1985		-37.8172		-12.2208
1986		-26.1639		-35.6198
1987		-3.96127		-51.6822
1988		24.8993		-55.2653
1989		53.553		-43.2468
1990		73.3923		-16.5383
1991		76.733		18.8795
1992		60.0087		52.8691
1993		26.0191		74.1196
1994		-16.0682		74.2413
1995		-53.3546		51.2775
1996		-73.6468		10.9912
1997		-69.9199		-34.8221
1998		-42.9123		-72.4273
1999		-0.741467		-90.9708
2000		44.2448		-86.0308
2001		79.9487		-60.5137
2002		98.3988		-22.7633
2003		97.5201		17.0043
2004		80.4099		50.2045
2005		52.9327		71.8681
2006		21.1073		80.6133
2007		-10.4167		77.2193
2008		-38.3489		63.0507
2009		-59.7762		39.4261
2010		-71.3424		8.23317
2011		-69.5377		-26.8592
2012		-52.2393		-59.7479
2013		-20.7011		-82.7275
2014		19.3119		-88.8618
2015		58.2784		-74.9528
2016		85.6656		-43.6085
2017		93.6705		-3.16932
2018		80.3082		34.7852
2019		50.373		59.4363
2020		13.7404		64.5405
2021		-18.2822		50.4109
2022		-36.9534		23.2762
2023		-38.7415		-7.54161
2024		-25.6445		-33.2287
2025		-3.37394		-48.2336
2026		21.4387		-51.1474
2027		43.5641		-43.7324
2028		60.0651		-29.045
2029		69.7397		-9.89494
2030		71.944		11.5478
2031		65.8812		33.0664
2032		50.9985		51.4648
2033		28.2785		62.4225
2034		1.46712		61.677
2035		-22.8681		47.1673
2036		-37.0004		21.0091
2037		-34.9898		-9.99171
2038		-15.6198		-35.9756
2039		16.1928		-47.4354
2040		50.4533		-39.0287
2041		75.4173		-12.0807
2042		81.9004		25.4447
2043		66.7594		61.6117
2044		34.0822		84.7399
2045		-6.35315		87.4444
2046		-42.5941		68.9032
2047		-64.4787		34.6363
2048		-66.5074		-5.80474
2049		-48.7673		-42.0396
2050		-16.0176		-65.6307
2051		24.2243		-71.6108
2052		63.6063		-58.7405
2053		94.2846		-29.0543
2054		109.727		12.6657
2055		105.425		59.2436
2056		79.898		101.586
2057		35.878		129.84
2058		-18.9922		135.547
2059		-72.8155		114.441
2060		-111.929		68.8449
2061		-124.839		8.38903
2062		-106.326		-51.8103
2063		-60.0123		-95.33
2064		1.91689		-109.684
2065		62.0997		-90.6788
2066		103.428		-44.1013
2067		114.552		16.0155
2068		93.4073		71.9578
2069		47.5138		107.994
2070		-8.89268		115.055
2071		-59.6224		92.8837
2072		-91.3505		49.2184
2073		-96.9029		-3.25447
2074		-76.2777		-50.7959
2075		-35.647		-82.004
2076		14.8043		-89.9387
2077		63.3001		-72.9399
2078		98.6493		-34.5332
2079		112.13		17.2064
2080		99.2206		70.7905
2081		61.0829		113.196
2082		5.30611		132.65
2083		-54.8522		121.997
2084		-103.215		81.6677
2085		-125.155		20.8958
2086		-112.548		-43.8472
2087		-67.3512		-93.3172
2088		-2.09669		-111.664
2089		63.401		-92.1474
2090		108.308		-40.0976
2091		117.865		28.2789
2092		88.6384		91.0762
2093		29.8696		128.042
2094		-39.6438		127.388
2095		-97.9542		89.555
2096		-127.221		26.6534
2097		-119.187		-41.9802
2098		-77.0961		-96.2476
2099		-13.7845		-121.363
2100		52.9359		-111.583
2101		105.683		-70.7734
2102		131.916		-10.2713
2103		126.338		54.7554
2104		91.2052		109.112
2105		35.1048		140.674
2106		-29.1086		142.497
2107		-86.7961		114.011
2108		-124.304		61.3593
2109		-131.922		-3.32905
2110		-106.623		-64.0445
2111		-53.7732		-104.479
2112		13.1709		-112.523
2113		75.5444		-84.4211
2114		114.602		-26.9542
2115		117.478		43.592
2116		81.9019		105.869
2117		17.7034		140.126
2118		-55.7745		134.841
2119		-115.728		90.8445
2120		-143.345		21.3082
2121		-129.976		-52.5114
2122		-79.8067		-108.232
2123		-8.16889		-129.483
2124		63.712		-110.716
2125		115.484		-58.2371
2126		133.547		12.5403
2127		114.26		82.2361
2128		63.8904		133.091
2129		-4.08062		153.259
2130		-72.9625		138.899
2131		-126.839		94.1169
2132		-153.678		29.3838
2133		-147.325		-40.8287
2134		-108.498		-100.732
2135		-44.8868		-136.081
2136		29.7714		-137.106
2137		97.9231		-101.18
2138		141.805		-34.4713
2139		147.95		48.2997
2140		111.445		126.584
2141		38.464		178.976
2142		-54.1955		189.253
2143		-142.923		151.604
2144		-203.622		73.1743
2145		-218.681		-27.1972
2146		-182.337		-123.883
2147		-102.644		-191.565
2148		0.627345		-212.319
2149		101.429		-180.491
2150		174.501		-104.012
2151		201.911		-1.97885
2152		177.336		100.554
2153		107.146		178.941
2154		8.39127		214.783
2155		-95.5347		199.944
2156		-180.368		138.09
2157		-226.4		43.6517
2158		-222.839		-61.4426
2159		-170.316		-152.622
2160		-80.9892		-208.236
2161		23.9261		-214.744
2162		118.934		-170.312
2163		180.424		-85.7802
2164		192.799		17.5656
2165		152.875		113.152
2166		71.1569		176.021
2167		-30.6225		189.609
2168		-125.2		150.417
2169		-187.158		69.1171
2170		-199.858		-32.3149
2171		-159.916		-126.597
2172		-77.9712		-188.526
2173		24.358		-201.628
2174		120.336		-162.295
2175		185.085		-80.4302
2176		201.826		23.3282
2177		165.889		122.931
2178		85.6965		193.36
2179		-19.3643		216.671
2180		-123.581		186.333
2181		-201.039		108.929
2182		-231.897		2.83048
2183		-207.433		-105.967
2184		-132.595		-190.048
2185		-25.2852		-227.451
2186		87.7224		-207.522
2187		177.402		-134.125
2188		220.032		-25.1345
2189		203.633		91.8833
2190		131.421		186.77
2191		21.186		234.749
2192		-99.3134		223.015
2193		-199.652		154.07
2194		-254.649		44.9219
2195		-250.711		-77.5182
2196		-188.949		-183.434
2197		-84.468		-247.519
2198		37.7417		-254.909
2199		149.025		-204.312
2200		223.783		-107.844
2201		245.171		12.1156
2202		208.641		128.167
2203		122.752		214.043
2204		7.16603		250.432
2205		-111.736		229.302
2206		-206.791		155.824
2207		-256.331		47.3489
2208		-249.393		-70.4909
2209		-188.537		-169.837
2210		-89.3992		-227.426
2211		23.1018		-230.446
2212		121.051		-179.813
2213		180.686		-89.8702
2214		188.456		15.458
2215		144.308		109.015
2216		61.3411		167.472
2217		-37.9697		177.165
2218		-127.808		137.195
2219		-185.616		59.1479
2220		-197.536		-36.2623
2221		-161.468		-124.589
2222		-87.1969		-183.656
2223		6.229		-198.793
2224		95.1429		-166.214
2225		156.886		-93.8942
2226		175.239		0.206509
2227		144.495		92.2619
2228		71.2241		158.257
2229		-26.8696		180.018
2230		-124.973		150.14
2231		-197.297		74.44
2232		-223.865		-28.9609
2233		-196.123		-133.963
2234		-119.678		-213.235
2235		-13.2203		-245.576
2236		96.2411		-221.797
2237		180.528		-147.372
2238		217.807		-41.0616
2239		198.341		70.0488
2240		126.911		157.65
2241		21.3987		199.437
2242		-91.8971		184.568
2243		-184.833		116.102
2244		-234.169		10.0256
2245		-226.935		-108.642
2246		-163.363		-211.662
2247		-56.8775		-273.993
2248		68.772		-279.53
2249		184.676		-224.996
2250		263.271		-121.144
2251		284.878		9.19893
2252		242.774		136.051
2253		145.428		229.28
2254		15.0517		266.089
2255		-117.498		237.056
2256		-220.342		148.929
2257		-268.771		23.2127
2258		-251.679		-109.256
2259		-174.404		-216.291
2260		-57.1195		-272.64
2261		70.6768		-266.25
2262		177.914		-200.829
2263		239.712		-94.2385
2264		243.116		26.5574
2265		189.531		132.4
2266		93.6119		198.831
2267		-20.7471		211.414
2268		-126.149		168.523
2269		-197.853		81.293
2270		-219.186		-29.0583
2271		-185.248		-135.961
2272		-104.203		-213.461
2273		4.25039		-242.319
2274		113.211		-214.943
2275		195.003		-137.818
2276		228.324		-30.4795
2277		204.211		79.1306
2278		128.956		161.976
2279		22.8047		195.965
2280		-85.4713		172.301
2281		-166.672		98.0703
2282		-199.464		-5.86142
2283		-176.278		-111.022
2284		-104.989		-189.595
2285		-6.00867		-222.123
2286		94.0404		-202.333
2287		169.899		-137.864
2288		204.128		-47.118
2289		190.774		46.3632
2290		135.671		120.09
2291		53.9205		157.705
2292		-34.3069		151.988
2293		-108.408		105.603
2294		-151.512		29.9498
2295		-153.681		-57.3815
2296		-113.879		-136.112
2297		-40.4611		-187.369
2298		50.1003		-197.869
2299		136.402		-163.407
2300		196.925		-90.6431
2301		215.537		3.69648
2302		186.182		96.4997
2303		115.177		164.159
2304		20.061		189.091
2305		-74.951		164.851
2306		-145.679		98.098
2307		-174.749		6.66618
2308		-156.263		-85.6459
2309		-96.9586		-155.856
2310		-13.6508		-187.957
2311		71.9461		-176.637
2312		139.234		-127.71
2313		173.747		-55.5827
2314		169.978		21.1048
2315		131.681		84.2025
2316		70.1171		119.982
2317		1.02814		121.636
2318		-58.8649		90.2198
2319		-95.2809		34.1603
2320		-99.3235		-32.4914
2321		-69.5649		-92.9219
2322		-12.7941		-131.249
2323		57.0338		-136.456
2324		121.808		-105.624
2325		163.804		-45.3725
2326		170.653		29.2676
2327		139.219		98.6026
2328		76.9852		143.738
2329		0.259917		152.117
2330		-70.387		121.315
2331		-116.063		59.7972
2332		-124.948		-15.6225
2333		-95.4403		-84.7292
2334		-36.1926		-129.613
2335		36.7438		-139.347
2336		104.543		-112.384
2337		150.493		-56.2917
2338		163.836		14.7163
2339		141.812		83.4792
2340		89.7906		133.815
2341		19.8006		153.892
2342		-52.0818		138.61
2343		-109.037		90.722
2344		-137.071		20.5465
2345		-128.305		-55.8772
2346		-83.2881		-120.108
2347		-11.5701		-155.631
2348		69.9938		-152.238
2349		141.13		-109.204
2350		183.393		-36.0994
2351		185.299		49.3135
2352		145.721		125.689
2353		74.356		173.913
2354		-10.9533		182.321
2355		-89.2158		149.688
2356		-141.99		85.1359
2357		-158.029		5.17998
2358		-135.594		-70.9851
2359		-82.0619		-126.403
2360		-11.3115		-150.119
2361		60.0567		-139.033
2362		116.552		-97.7633
2363		146.862		-36.9919
2364		145.776		29.1106
2365		114.884		85.8217
2366		62.1136		120.781
2367		0.140617		126.538
2368		-56.2219		102.311
2369		-93.3576		54.4606
2370		-102.254		-4.71886
2371		-81.0564		-59.9003
2372		-35.8483		-96.7454
2373		20.832		-105.927
2374		73.4974		-85.8378
2375		108.208		-43.0024
2376		116.585		10.0425
2377		97.9829		58.6781
2378		59.1453		90.5731
2379		11.5987		98.9924
2380		-32.1216		84.0319
2381		-62.017		51.6317
2382		-72.8091		11.0537
2383		-64.3279		-28.0404
2384		-40.4353		-57.8713
2385		-7.28286		-73.665
2386		28.2973		-73.7257
2387		59.8473		-58.9702
2388		81.8566		-32.4445
2389		90.2164		0.976698
2390		82.8647		34.9025
2391		60.5896		62.1393
2392		27.5854		76.0448
2393		-8.79607		72.3467
2394		-39.4297		50.8196
2395		-55.7689		16.0382
2396		-52.4639		-23.3399
2397		-29.283		-56.7571
2398		8.46474		-74.7695
2399		51.2653		-71.8703
2400		88.0803		-48.1348
2401		109.461		-9.14848
2402		110.066		35.6806
2403		89.8586		75.7731
2404		53.7634		102.101
2405		10.1162		109.219
2406		-31.4986		96.1927
2407		-62.3968		66.4335
2408		-76.4963		26.69
2409		-71.3716		-14.4648
2410		-48.608		-48.3639
2411		-13.4527		-67.969
2412		26.2283		-69.3447
2413		61.6032		-52.5911
2414		84.8809		-21.9281
2415		91.2146		15.2376
2416		79.9398		50.1495
2417		54.6987		74.9793
2418		22.3344		84.8569
2419		-9.11876		78.9918
2420		-32.6769		60.5329
2421		-44.1313		35.2888
2422		-42.7419		9.84352
2423		-30.8272		-10.2238
2424		-12.6032		-21.4604
2425		7.15948		-22.8141
2426		24.1786		-15.2596
2427		35.2146		-1.17526
2428		38.2647		16.1946
2429		32.6673		33.1083
2430		19.2906		45.6922
2431		0.723343		50.5347
2432		-18.8282		45.5707
2433		-34.2374		31.0106
2434		-40.7873		9.83538
2435		-35.7823		-12.5916
2436		-19.7918		-29.9199
2437		3.11723		-36.8469
2438		26.4438		-31.0362
2439		43.331		-14.098
2440		48.8872		8.84662
2441		41.8231		30.8969
2442		24.7514		45.7121
2443		3.08388		49.5171
2444		-16.938		42.0233
2445		-30.2201		26.0408
2446		-34.0464		6.15023
2447		-28.2647		-12.854
2448		-14.6603		-27.0865
2449		3.91904		-33.9837
2450		24.1758		-32.2006
2451		42.553		-21.4476
2452		55.2611		-2.63909
2453		58.5974		21.6578
2454		49.8462		46.8881
2455		28.6022		66.8585
2456		-2.10015		75.094
2457		-35.6272		66.9741
2458		-63.0375		41.8627
2459		-75.6555		4.21676
2460		-68.0705		-37.059
2461		-40.3522		-71.0288
2462		1.52		-88.1297
2463		47.3088		-83.2737
2464		85.67		-57.4384
2465		107.586		-17.1668
2466		108.794		27.7202
2467		90.4306		67.1862
2468		57.921		93.6064
2469		18.8739		103.122
2470		-19.0229		95.5915
2471		-49.3591		73.6599
2472		-67.4775		41.7078
2473		-70.4785		5.2134
2474		-57.3425		-29.4867
2475		-29.467		-55.5112
2476		8.63136		-66.3763
2477		49.145		-57.7254
2478		82.0331		-29.3585
2479		97.497		13.4298
2480		89.2633		60.2053
2481		57.4128		97.8499
2482		9.3875		114.576
2483		-41.6106		104.104
2484		-80.5559		68.3052
2485		-95.5441		17.0996
2486		-81.8816		-34.5585
2487		-43.7169		-71.5535
2488		7.42179		-83.5244
2489		56.5809		-68.0025
2490		90.2696		-30.7109
2491		100.463		16.8644
2492		86.4038		61.4943
2493		53.8898		92.2199
2494		12.6965		103.01
2495		-26.6248		93.4765
2496		-55.4149		67.9046
2497		-68.3995		33.4041
2498		-64.0252		-1.97918
2499		-44.0871		-30.7068
2500		-13.1271		-46.7325
2501		22.2053		-46.2846
2502		53.9742		-28.6345
2503		74.2304		3.27196
2504		76.7962		42.7486
2505		59.2068		80.3279
2506		24.0859		105.879
2507		-20.8008		111.462
2508		-64.1924		94.0017
2509		-94.3845		56.7277
2510		-102.751		8.67496
2511		-86.4969		-37.7563
2512		-49.6289		-70.4161
2513		-1.77057		-80.9614
2514		44.7337		-67.1477
2515		78.3889		-33.1622
2516		91.5928		11.9525
2517		82.262		57.0821
2518		53.7582		92.0225
2519		13.432		109.773
2520		-29.5319		107.663
2521		-66.2607		87.3191
2522		-89.8561		53.7922
2523		-96.4039		14.2656
2524		-85.3846		-23.3517
2525		-59.5894		-51.7913
2526		-24.5914		-65.675
2527		12.2343		-62.5365
2528		43.1071		-43.4142
2529		61.4735		-12.7783
2530		63.5211		22.3374
2531		49.14		53.8999
2532		21.9941		74.7769
2533		-11.3794		80.4448
2534		-43.2047		70.0132
2535		-66.3602		46.2867
2536		-75.9915		14.9061
2537		-70.4456		-17.1193
2538		-51.3736		-43.0389
2539		-23.109		-57.7418
2540		8.41847		-58.6351
2541		36.9383		-45.9477
2542		57.0272		-22.5082
2543		65.0685		6.89775
2544		59.8722		36.4769
2545		42.8649		60.5546
2546		17.7845		74.703
2547		-10.1114		76.6472
2548		-35.193		66.7198
2549		-52.7017		47.716
2550		-59.7678		24.1655
2551		-55.9309		1.21918
2552		-43.0485		-16.5295
2553		-24.6793		-25.9724
2554		-5.17703		-25.9672
2555		11.2368		-17.3519
2556		21.2277		-2.60948
2557		22.8677		14.6608
2558		15.9439		30.3696
2559		2.07499		40.6422
2560		-15.4165		42.6066
2561		-31.9953		35.1903
2562		-42.8501		19.7123
2563		-44.1892		-0.0388579
2564		-34.5702		-18.4893
2565		-15.7647		-29.7344
2566		7.31369		-29.4187
2567		27.8117		-16.4042
2568		39.0142		6.4631
2569		36.6247		32.9261
2570		20.392		55.1633
2571		-5.59414		66.3142
2572		-34.1221		62.7644
2573		-57.177		45.3328
2574		-68.4982		18.9271
2575		-65.441		-9.15573
2576		-49.5211		-31.5897
2577		-25.578		-43.1478
2578		-0.0307131		-41.8963
2579		21.0332		-29.2171
2580		33.2728		-8.90924
2581		34.7091		14.0902
2582		25.6405		34.8509
2583		8.20382		49.2079
2584		-14.0979		54.1953
2585		-36.7993		48.3808
2586		-54.9544		32.249
2587		-63.9164		8.5394
2588		-60.4728		-17.7807
2589		-44.0778		-40.2466
2590		-17.6545		-52.4191
2591		12.5776		-49.8689
2592		38.4924		-31.9298
2593		52.3909		-2.44422
2594		49.5208		30.9767
2595		29.8306		59.0879
2596		-1.77658		73.8543
2597		-36.8565		70.9859
2598		-66.0193		51.2412
2599		-81.7657		20.0592
2600		-80.5707		-14.2655
2601		-63.5796		-43.1285
2602		-35.8552		-59.9678
2603		-4.63666		-61.7173
2604		22.6792		-49.1073
2605		40.2125		-26.0039
2606		44.6152		1.77483
2607		35.4387		27.7475
2608		15.0355		45.9441
2609		-11.8557		51.9347
2610		-38.8346		43.7346
2611		-58.9565		22.4889
2612		-66.2451		-7.32393
2613		-57.3642		-38.4825
2614		-32.9504		-62.5462
2615		1.98098		-72.0835
2616		38.9444		-62.983
2617		68.1403		-36.0264
2618		81.2673		2.94754
2619		74.0594		44.4887
2620		47.6493		78.1809
2621		8.26854		95.6084
2622		-34.5867		92.6482
2623		-70.8441		70.381
2624		-92.4747		34.4653
2625		-95.2659		-6.63437
2626		-79.39		-43.8561
2627		-48.8904		-69.5064
2628		-10.5019		-78.5888
2629		27.7495		-69.4467
2630		57.9078		-43.8827
2631		73.3651		-6.90744
2632		70.0884		33.8871
2633		47.7096		69.4647
2634		10.1717		91.0785
2635		-34.5018		92.4208
2636		-75.6327		71.6558
2637		-102.425		32.5829
2638		-107.022		-15.7252
2639		-87.0934		-61.0045
2640		-46.9788		-91.1428
2641		3.2076		-97.7595
2642		50.3433		-78.8
2643		82.0815		-39.2147
2644		90.3905		10.5263
2645		73.6887		57.5511
2646		36.9545		90.25
2647		-10.0574		101.29
2648		-55.7436		89.1355
2649		-89.7026		57.8391
2650		-105.038		15.4664
2651		-99.4693		-28.1584
2652		-75.2715		-63.687
2653		-38.3659		-84.0101
2654		3.05715		-85.3887
2655		40.1118		-67.9744
2656		64.8458		-35.7589
2657		71.8049		4.07783
2658		59.3148		42.4768
2659		30.1359		70.3987
2660		-8.85808		80.9997
2661		-48.1292		71.5223
2662		-77.827		44.2647
2663		-90.4335		6.18195
2664		-82.8815		-32.8946
2665		-57.4329		-62.9363
2666		-21.0049		-76.4637
2667		16.8301		-70.4976
2668		46.4996		-47.149
2669		60.8979		-12.775
2670		56.9791		23.9028
2671		36.1626		54.06
2672		3.65009		70.7765
2673		-32.9777		70.3763
2674		-65.4568		52.9796
2675		-86.4966		22.334
2676		-91.2006		-14.9431
2677		-78.1138		-50.6124
2678		-49.7322		-76.4558
2679		-12.2636		-86.1303
2680		25.5169		-76.8736
2681		54.2604		-50.5568
2682		66.4968		-13.6075
2683		58.8624		24.4099
2684		33.3295		53.3154
2685		-3.10215		65.2359
2686		-40.2962		56.9844
2687		-67.9122		31.0607
2688		-78.4325		-5.10329
2689		-69.2801		-41.4044
2690		-43.3627		-68.0555
2691		-7.95839		-78.3026
2692		27.5698		-70.045
2693		54.4037		-45.9945
2694		66.4325		-12.5366
2695		61.4361		22.1701
2696		41.1833		50.2187
2697		10.6697		65.6127
2698		-23.1519		65.3237
2699		-52.8356		49.7196
2700		-71.902		22.4193
2701		-76.1519		-10.3935
2702		-64.6558		-41.1801
2703		-40.1676		-62.6865
2704		-8.70646		-69.739
2705		21.7855		-60.7294
2706		43.4944		-38.2596
2707		50.9458		-8.58995
2708		42.6488		20.0809
2709		21.5571		40.0196
2710		-5.87658		46.2499
2711		-31.7516		37.9353
2712		-49.1478		18.3874
2713		-54.0787		-6.23486
2714		-46.3438		-28.9838
2715		-29.1254		-44.16
2716		-7.66033		-48.6626
2717		12.4048		-42.3615
2718		26.3933		-27.6259
2719		31.4062		-8.40966
2720		26.5799		10.7014
2721		13.0164		25.2737
2722		-6.41361		31.6739
2723		-27.3784		27.7146
2724		-44.6652		13.3272
2725		-53.1987		-8.93956
2726		-49.4517		-33.9693
2727		-32.87		-55.001
2728		-6.6932		-65.4269
2729		22.3939		-61.0095
2730		45.9614		-41.7006
2731		56.4808		-12.2234
2732		50.0065		19.0313
2733		27.8224		42.5776
2734		-3.6933		51.0017
2735		-35.0496		41.5346
2736		-56.7751		17.0216
2737		-62.5266		-15.0846
2738		-51.0176		-45.2926
2739		-26.119		-65.181
2740		4.76159		-69.8842
2741		33.2557		-59.139
2742		52.5321		-36.7339
2743		58.8738		-8.8352
2744		52.0121		17.9965
2745		34.4493		38.3677
2746		10.3292		48.8383
2747		-15.6047		48.0249
2748		-38.7086		36.3743
2749		-54.8741		15.9347
2750		-60.9511		-9.79293
2751		-55.3229		-36.1035
2752		-38.5377		-57.7017
2753		-13.6554		-69.788
2754		14.0714		-69.3979
2755		38.3383		-56.4998
2756		53.5096		-34.3084
2757		56.3335		-8.53014
2758		46.9698		14.3003
2759		28.8831		28.8064
2760		7.61943		32.3288
2761		-11.0416		25.4779
2762		-22.8279		11.5426
2763		-25.9717		-4.90061
2764		-21.2052		-19.539
2765		-10.9555		-29.4268
2766		1.75871		-33.3346
2767		14.2082		-31.4451
2768		24.3388		-24.7732
2769		30.7285		-14.7131
2770		32.4192		-2.90258
2771		28.9252		8.70135
2772		20.5085		17.8275
2773		8.53546		22.2296
2774		-4.43011		20.3737
2775		-15.0623		12.1991
2776		-20.2278		-0.474177
2777		-18.1263		-14.2265
2778		-9.10383		-25.0308
2779		4.28576		-29.6169
2780		18.0784		-26.6436
2781		28.2634		-17.1682
2782		32.1515		-4.20564
2783		29.1854		8.41936
2784		20.8986		17.4187
2785		10.1204		21.0246
2786		-0.151834		19.2656
2787		-7.70137		13.545
2788		-11.5146		5.84509
2789		-11.6381		-2.00982
2790		-8.71355		-8.72678
2791		-3.54007		-13.5091
2792		3.09589		-15.8151
2793		10.3119		-15.1953
2794		16.9427		-11.387
2795		21.5334		-4.62429
2796		22.6488		4.06415
2797		19.4151		12.8359
2798		12.0294		19.4239
2799		1.93938		21.8339
2800		-8.45894		19.06
2801		-16.5202		11.4946
2802		-20.1644		0.843991
2803		-18.4743		-10.4073
2804		-11.8635		-19.7374
2805		-1.81484		-25.2315
2806		9.62455		-25.9207
2807		20.3467		-21.7939
2808		28.5212		-13.6126
2809		32.7609		-2.70477
2810		32.2214		9.17824
2811		26.7466		19.9868
2812		17.0619		27.6082
2813		4.8817		30.2946
2814		-7.25707		27.2183
2815		-16.5383		18.9278
2816		-20.6885		7.42737
2817		-18.7788		-4.28447
2818		-11.6347		-13.1312
2819		-1.60665		-16.9952
2820		8.26561		-15.4291
2821		15.3631		-9.70838
2822		18.385		-2.18782
2823		17.6334		4.7406
2824		14.5755		9.59297
2825		10.9377		12.1992
2826		7.80934		13.4069
2827		5.22195		14.2893
2828		2.40147		15.3196
2829		-1.47763		15.9842
2830		-6.48507		15.0597
2831		-11.5564		11.4071
2832		-14.7952		4.84321
2833		-14.3363		-3.41084
2834		-9.33744		-10.9898
2835		-0.57958		-15.2715
2836		9.65222		-14.478
2837		18.3794		-8.46033
2838		23.0569		1.20522
2839		22.4967		11.8414
2840		17.1865		20.7005
2841		8.91342		25.9152
2842		-0.0619335		26.9666
2843		-7.85352		24.5395
2844		-13.4436		19.9453
2845		-16.6803		14.4708
2846		-17.9146		8.98177
2847		-17.5722		3.90161
2848		-15.9255		-0.549345
2849		-13.1501		-4.10555
2850		-9.53861		-6.40668
2851		-5.64478		-7.17948
2852		-2.1924		-6.49589
2853		0.232001		-4.8797
2854		1.50888		-3.12352
2855		2.09247		-1.87712
2856		2.76692		-1.24409
2857		4.14466		-0.661369
2858		6.18739		0.807636
2859		8.05946		3.88083
2860		8.46072		8.48574
2861		6.31354		13.56
2862		1.44971		17.398
2863		-5.09834		18.4203
2864		-11.4139		15.9845
2865		-15.5098		10.7996
2866		-16.2459		4.68776
2867		-13.8724		-0.224478
2868		-9.8973		-2.48797
2869		-6.32646		-1.98158
2870		-4.66017		0.114681
2871		-5.17184		2.01502
2872		-6.85101		2.32493
2873		-8.04092		0.805957
2874		-7.42748		-1.50565
2875		-4.84186		-2.89523
2876		-1.43507		-1.96231
2877		0.880554		1.52644
2878		0.434425		6.39043
2879		-3.28594		10.538
2880		-9.29177		11.9639
2881		-15.506		9.72387
2882		-19.717		4.38464
2883		-20.5771		-2.26905
2884		-18.1426		-8.09838
2885		-13.7046		-11.5821
2886		-9.04375		-12.3983
2887		-5.53448		-11.3513
2888		-3.57696		-9.74034
2889		-2.62745		-8.55997
2890		-1.75284		-7.98739
2891		-0.348825		-7.421
2892		1.40954		-6.00838
2893		2.63999		-3.32336
2894		2.29052		0.220183
2895		-0.185342		3.46453
2896		-4.41482		5.05844
2897		-9.19435		4.14374
2898		-13.0266		0.788857
2899		-14.798		-4.06616
2900		-14.2169		-9.10199
2901		-11.7865		-13.2499
2902		-8.3642		-16.0931
2903		-4.60115		-17.8244
2904		-0.61986		-18.8213
2905		3.87152		-19.1377
2906		9.10542		-18.2642
2907		14.7351		-15.3478
2908		19.631		-9.77326
2909		22.1852		-1.77259
2910		21.0151		7.32607
2911		15.7087		15.415
2912		7.19425		20.3854
2913		-2.5005		20.9953
2914		-11.0147		17.383
2915		-16.5742		10.9576
2916		-18.607		3.72349
2917		-17.7558		-2.60516
2918		-15.3187		-7.23788
2919		-12.4507		-10.3782
2920		-9.58374		-12.7376
2921		-6.38098		-14.8134
2922		-2.2277		-16.3797
2923		3.05425		-16.5107
2924		8.72069		-14.1443
2925		13.1778		-8.86974
2926		14.6299		-1.47507
2927		11.9848		6.09864
2928		5.53549		11.4344
2929		-2.96676		12.6411
2930		-10.9242		9.18755
2931		-15.9096		2.1511
2932		-16.6018		-6.24049
2933		-13.2017		-13.5379
2934		-7.16517		-18.0098
2935		-0.438997		-19.154
2936		5.38222		-17.5896
2937		9.55877		-14.4733
2938		12.1725		-10.8114
2939		13.673		-7.05375
2940		14.3392		-3.15126
2941		14.0065		1.03257
2942		12.2158		5.27181
2943		8.66575		8.81326
2944		3.65566		10.6299
2945		-1.79496		9.95611
2946		-6.26594		6.78201
2947		-8.54454		1.99306
2948		-8.18589		-2.95883
2949		-5.70299		-6.6924
2950		-2.26891		-8.49604
2951		0.90653		-8.55593
2952		3.17263		-7.69031
2953		4.66554		-6.75173
2954		6.0401		-6.05713
2955		7.87117		-5.19357
2956		10.093		-3.33141
2957		11.8385		0.125824
2958		11.8178		4.94042
2959		9.06086		9.87226
2960		3.61771		13.1018
2961		-3.1996		13.0721
2962		-9.22577		9.32605
2963		-12.3471		2.88345
2964		-11.4717		-4.07865
2965		-7.07461		-9.1256
2966		-1.02913		-10.6238
2967		4.2122		-8.44624
2968		6.69575		-3.98432
2969		5.78886		0.529525
2970		2.36702		3.04714
2971		-1.68974		2.58017
2972		-4.40936		-0.472973
2973		-4.58862		-4.65427
2974		-2.20537		-8.20693
2975		1.75613		-9.8597
2976		5.90063		-9.25972
2977		9.0821		-6.90315
2978		10.791		-3.69159
2979		11.126		-0.419857
2980		10.4589		2.51018
2981		9.06235		5.03113
2982		6.95408		7.11663
2983		4.04623		8.50409
2984		0.472943		8.66102
2985		-3.15554		7.05344
2986		-5.78984		3.56903
2987		-6.3133		-1.17301
2988		-4.08238		-5.85047
2989		0.650124		-8.85143
2990		6.67413		-8.90277
2991		12.1892		-5.61713
2992		15.4447		0.306259
2993		15.3642		7.32001
2994		11.8803		13.5831
2995		5.866		17.5683
2996		-1.25173		18.4654
2997		-7.97576		16.2581
2998		-13.0982		11.5351
2999		-15.8356		5.21096
3000		-15.7948		-1.67379
3001		-12.9156		-8.01877
3002		-7.50708		-12.6775
3003		-0.372273		-14.5614
3004		7.11457		-12.9176
3005		13.1515		-7.71531
3006		15.9539		0.0623493
3007		14.3971		8.45659
3008		8.58773		15.0143
3009		0.0523291		17.6045
3010		-8.63501		15.2563
3011		-14.7103		8.63375
3012		-16.2384		-0.110761
3013		-12.8582		-8.09338
3014		-5.91737		-12.7695
3015		2.07285		-12.8661
3016		8.42547		-8.78187
3017		11.2747		-2.30663
3018		10.164		4.17765
3019		6.0175		8.63125
3020		0.581206		10.0185
3021		-4.34722		8.45993
3022		-7.53358		4.90469
3023		-8.53275		0.575541
3024		-7.52685		-3.50187
3025		-4.97728		-6.6823
3026		-1.34962		-8.60142
3027		2.93311		-8.9719
3028		7.34014		-7.4944
3029		11.0702		-3.99562
3030		13.0828		1.27901
3031		12.4071		7.43154
3032		8.61901		12.9575
3033		2.23405		16.1523
3034		-5.24082		15.7507
3035		-11.7003		11.511
3036		-15.1583		4.44835
3037		-14.4893		-3.43189
3038		-9.86443		-9.81093
3039		-2.68864		-12.8592
3040		4.92159		-11.8248
3041		10.874		-7.18363
3042		13.7314		-0.341576
3043		13.008		6.9191
3044		9.09112		12.9762
3045		2.93174		16.6838
3046		-4.28086		17.4303
3047		-11.3098		15.0531
3048		-16.9228		9.77757
3049		-19.9301		2.2683
3050		-19.3517		-6.26285
3051		-14.755		-14.0615
3052		-6.63762		-19.1085
3053		3.38422		-19.692
3054		12.7947		-15.0974
3055		18.8506		-6.1002
3056		19.5119		5.03108
3057		14.2591		15.1294
3058		4.42163		21.1519
3059		-7.17555		21.2406
3060		-17.1434		15.3829
3061		-22.6733		5.39383
3062		-22.4352		-5.76542
3063		-16.8872		-15.0298
3064		-7.9274		-20.1984
3065		1.89452		-20.4632
3066		10.2287		-16.3725
3067		15.5004		-9.36547
3068		17.0626		-1.17991
3069		15.0171		6.58414
3070		9.9364		12.6278
3071		2.69899		15.9272
3072		-5.50244		15.7156
3073		-13.1013		11.6308
3074		-18.2539		4.0185
3075		-19.2272		-5.79437
3076		-15.0229		-15.5166
3077		-5.97749		-22.3611
3078		5.99459		-23.8988
3079		17.7471		-18.9954
3080		25.8088		-8.41666
3081		27.5461		5.21488
3082		22.1213		18.1667
3083		10.8445		26.7895
3084		-3.23593		28.6964
3085		-16.333		23.4776
3086		-25.1065		12.708
3087		-27.5843		-0.684612
3088		-23.5325		-13.3798
3089		-14.2509		-22.5581
3090		-2.00798		-26.4513
3091		10.5886		-24.4849
3092		21.0694		-17.148
3093		27.3866		-5.78529
3094		28.1079		7.56679
3095		22.6483		20.3368
3096		11.5614		29.7052
3097		-3.25084		33.1381
3098		-18.6399		29.1247
3099		-30.7933		17.8791
3100		-36.2544		1.6557
3101		-33.081		-15.5971
3102		-21.6832		-29.2707
3103		-4.93459		-35.523
3104		12.5897		-32.5808
3105		26.0307		-21.3915
3106		31.8048		-5.33862
3107		28.7153		10.8858
3108		18.2084		22.8151
3109		3.72352		27.5608
3110		-10.5451		24.5074
3111		-20.9587		15.1831
3112		-25.3405		2.48671
3113		-23.2483		-10.3221
3114		-15.6876		-20.4601
3115		-4.5533		-26.0577
3116		7.89221		-26.2244
3117		19.3426		-20.9398
3118		27.6175		-10.9793
3119		30.8504		2.06273
3120		27.8359		15.7684
3121		18.5111		27.1223
3122		4.35572		33.1046
3123		-11.592		31.5803
3124		-25.3021		22.183
3125		-32.8498		6.78158
3126		-31.7044		-10.7794
3127		-21.712		-25.697
3128		-5.33725		-33.6794
3129		12.9929		-32.3369
3130		28.2394		-21.9655
3131		36.3011		-5.42871
3132		35.2031		12.7942
3133		25.5295		28.0057
3134		10.0286		36.6121
3135		-7.36136		36.9408
3136		-22.6487		29.3848
3137		-32.6986		15.986
3138		-35.7213		-0.256809
3139		-31.3624		-16.0708
3140		-20.5602		-28.4319
3141		-5.3301		-34.9381
3142		11.4762		-34.1302
3143		26.506		-25.8139
3144		36.4379		-11.316
3145		38.7215		6.50713
3146		32.3633		23.6858
3147		18.4649		36.0201
3148		0.211406		40.2424
3149		-17.8268		35.0825
3150		-30.9443		21.8146
3151		-35.7114		4.01202
3152		-31.0462		-13.4688
3153		-18.545		-25.9487
3154		-1.94723		-30.322
3155		14.0656		-25.9049
3156		25.2936		-14.4765
3157		29.1739		0.437355
3158		25.3222		14.7221
3159		15.3754		24.846
3160		2.30366		28.6872
3161		-10.499		25.8483
3162		-20.0464		17.4962
3163		-24.3312		5.90018
3164		-22.597		-6.14131
3165		-15.3673		-15.8548
3166		-4.30044		-20.9808
3167		8.09821		-20.1888
3168		18.9141		-13.3888
3169		25.4045		-1.86361
3170		25.649		11.8785
3171		19.1121		24.5851
3172		6.92175		33.0186
3173		-8.28185		34.8117
3174		-22.9462		29.1596
3175		-33.5102		17.1134
3176		-37.3484		1.35814
3177		-33.4676		-14.4697
3178		-22.753		-26.7166
3179		-7.71214		-32.6242
3180		8.18122		-30.9714
3181		21.3394		-22.3071
3182		28.8865		-8.75852
3183		29.2779		6.49758
3184		22.6076		19.9625
3185		10.5649		28.5907
3186		-3.94267		30.4681
3187		-17.4399		25.2625
3188		-26.6932		14.3325
3189		-29.5065		0.43317
3190		-25.298		-12.9529
3191		-15.2713		-22.5161
3192		-2.09131		-26.0049
3193		10.8695		-22.819
3194		20.4892		-14.1087
3195		24.7451		-2.34153
3196		23.1717		9.50407
3197		16.7935		18.8221
3198		7.60789		24.0259
3199		-2.14014		24.7639
3200		-10.5928		21.7034
3201		-16.61		16.0636
3202		-19.7567		9.15043
3203		-20.0769		2.08825
3204		-17.8616		-4.21167
3205		-13.5652		-8.9583
3206		-7.88242		-11.4439
3207		-1.85308		-11.1801
3208		3.18808		-8.17603
3209		5.91763		-3.18198
3210		5.51942		2.31815
3211		2.14078		6.48426
3212		-2.9664		7.78542
3213		-7.78272		5.67958
3214		-10.2713		0.967155
3215		-9.24373		-4.41287
3216		-4.94345		-8.12307
3217		0.961937		-8.41349
3218		6.02505		-4.91382
3219		8.04366		1.14708
3220		6.01376		7.42117
3221		0.574177		11.422
3222		-6.26353		11.5689
3223		-11.9758		7.82426
3224		-14.5802		1.64753
3225		-13.4047		-4.68773
3226		-9.24611		-9.0755
3227		-3.89078		-10.3994
3228		0.731471		-8.84359
3229		3.3421		-5.60699
3230		3.70462		-2.22622
3231		2.49068		0.127268
3232		0.770105		1.04321
3233		-0.562386		0.828861
3234		-1.1268		0.136318
3235		-1.03905		-0.47333
3236		-0.627472		-0.771748
3237		-0.119219		-0.810356
3238		0.483792		-0.670485
3239		1.26943		-0.237871
3240		2.13946		0.803171
3241		2.6222		2.7163
3242		1.963		5.35085
3243		-0.487929		7.92612
3244		-4.77285		9.16759
3245		-10.0034		7.81428
3246		-14.4612		3.29328
3247		-16.1661		-3.77522
3248		-13.709		-11.5397
3249		-6.98231		-17.4422
3250		2.54561		-19.1343
3251		12.1801		-15.4155
3252		18.8652		-6.79528
3253		20.2311		4.56003
3254		15.415		15.4777
3255		5.36117		22.7643
3256		-7.47205		24.1565
3257		-19.8369		18.9265
3258		-28.5666		8.00438
3259		-31.319		-6.32522
3260		-27.0407		-20.9779
3261		-16.1353		-32.6973
3262		-0.398508		-38.65
3263		17.2275		-36.9583
3264		33.0809		-27.1582
3265		43.4188		-10.5147
3266		45.2481		9.94485
3267		37.2097		29.8341
3268		20.2437		44.305
3269		-2.27084		49.3015
3270		-25.1019		42.8293
3271		-42.4342		25.7946
3272		-49.4947		2.04164
3273		-44.0191		-22.5279
3274		-27.0432		-41.5386
3275		-2.71943		-49.9373
3276		22.8021		-45.4193
3277		43.0622		-29.0393
3278		53.0084		-4.85276
3279		50.2298		21.2329
3280		35.4164		42.9922
3281		12.0274		55.3473
3282		-14.625		55.4238
3283		-38.5723		43.0467
3284		-54.3997		20.6934
3285		-58.294		-6.99973
3286		-48.8245		-34.0778
3287		-27.3692		-54.3772
3288		1.93093		-62.8002
3289		32.8008		-56.5612
3290		58.0654		-36.1087
3291		71.3213		-5.3829
3292		68.6635		28.8249
3293		49.9483		58.3974
3294		19.1234		75.9685
3295		-16.6		76.9656
3296		-48.5767		60.9674
3297		-69.0427		31.9095
3298		-73.2123		-2.95972
3299		-60.514		-35.0561
3300		-34.6182		-56.7513
3301		-2.31101		-63.2957
3302		28.3801		-53.8572
3303		50.2267		-31.4823
3304		58.4632		-2.11945
3305		51.7262		26.936
3306		32.166		48.7491
3307		4.82485		58.2456
3308		-23.524		53.2644
3309		-45.8502		35.0222
3310		-56.4205		7.91992
3311		-52.1729		-21.3262
3312		-33.6149		-45.1476
3313		-4.9613		-56.9486
3314		26.6636		-52.8952
3315		52.9007		-33.1603
3316		66.3533		-2.17941
3317		62.7134		32.297
3318		42.1487		61.1923
3319		9.45782		76.6007
3320		-27.1281		74.0455
3321		-58.1741		53.7888
3322		-75.6281		20.7826
3323		-74.9814		-16.7082
3324		-56.3845		-49.3564
3325		-24.4571		-69.2045
3326		13.0499		-71.591
3327		47.2734		-56.1137
3328		70.3546		-26.5021
3329		77.1462		10.4268
3330		66.2022		46.3812
3331		39.955		73.3859
3332		4.13974		85.4209
3333		-33.3856		79.657
3334		-64.2334		57.1026
3335		-81.2519		22.5262
3336		-80.1549		-16.404
3337		-60.6598		-50.6928
3338		-26.798		-72.0405
3339		13.7948		-74.8774
3340		51.5503		-57.8769
3341		77.2487		-24.4847
3342		84.3336		17.7593
3343		70.6255		58.9904
3344		38.9438		89.433
3345		-3.54626		101.817
3346		-47.0831		93.1571
3347		-81.6812		65.4463
3348		-99.5125		25.1301
3349		-96.7207		-18.4666
3350		-74.2703		-55.3461
3351		-37.6787		-77.1558
3352		4.2794		-79.1115
3353		41.6027		-61.1126
3354		65.3988		-27.806
3355		70.0194		12.4503
3356		54.4985		49.5425
3357		22.9032		74.0689
3358		-16.569		79.7391
3359		-53.6051		65.0755
3360		-78.4352		33.9063
3361		-84.4348		-5.55729
3362		-69.9329		-42.8646
3363		-38.682		-68.1157
3364		1.16201		-74.6042
3365		39.253		-60.5574
3366		65.8052		-29.5005
3367		74.0905		10.7994
3368		62.0184		50.4333
3369		32.4546		79.8589
3370		-7.67908		92.1427
3371		-49.1717		84.4304
3372		-82.6589		58.4119
3373		-100.644		19.8075
3374		-99.0402		-22.9195
3375		-78.0122		-60.3423
3376		-42.0007		-84.0381
3377		1.09234		-88.4256
3378		41.4878		-72.1306
3379		69.6603		-38.5406
3380		78.6128		4.70235
3381		65.7492		47.3092
3382		33.7817		78.7816
3383		-9.70098		91.0994
3384		-54.0204		80.9089
3385		-88.1292		50.5292
3386		-103.511		7.41913
3387		-96.4094		-37.7778
3388		-68.7266		-74.0358
3389		-27.3815		-92.7649
3390		17.622		-89.8476
3391		55.7758		-66.3972
3392		78.5496		-28.1746
3393		81.1676		16.0143
3394		63.374		56.4105
3395		29.2021		84.354
3396		-14.031		93.9259
3397		-57.2172		82.9934
3398		-91.1886		53.5951
3399		-108.483		11.6449
3400		-104.922		-34.0669
3401		-80.7238		-73.5383
3402		-40.7973		-97.7002
3403		6.02322		-100.636
3404		48.8514		-81.2927
3405		77.3917		-44.0941
3406		84.684		1.90649
3407		69.1184		45.2551
3408		35.0224		75.149
3409		-8.45589		84.4096
3410		-49.8871		71.4435
3411		-78.7476		40.5713
3412		-88.2639		0.642002
3413		-77.0624		-37.5778
3414		-49.2051		-64.3861
3415		-12.7393		-73.5959
3416		22.6656		-63.8171
3417		48.229		-38.3773
3418		58.0464		-4.11332
3419		50.1651		30.4765
3420		26.6909		57.1885
3421		-6.90287		69.7831
3422		-43.0009		65.15
3423		-73.3706		43.8884
3424		-90.7954		10.2676
3425		-90.6256		-28.4675
3426		-71.9918		-63.4489
3427		-38.3616		-86.0765
3428		2.85336		-90.1326
3429		41.7584		-73.6057
3430		68.3129		-39.6471
3431		75.0118		3.78475
3432		59.1538		45.6828
3433		23.9526		74.7993
3434		-21.9663		82.7527
3435		-66.6635		66.5164
3436		-98.0441		29.5025
3437		-107.186		-19.1444
3438		-90.8656		-66.8849
3439		-52.5486		-101.106
3440		-1.55478		-112.486
3441		49.349		-97.4797
3442		87.2525		-59.2542
3443		102.406		-6.87299
3444		90.6649		47.0145
3445		54.4831		89.3435
3446		2.25203		109.847
3447		-53.7984		103.518
3448		-100.586		71.7578
3449		-127.31		21.9522
3450		-127.975		-34.3579
3451		-102.732		-84.2626
3452		-57.7405		-116.536
3453		-3.61145		-124.227
3454		47.1505		-106.194
3455		83.0939		-67.2404
3456		96.4466		-16.8644
3457		84.821		33.0448
3458		51.6348		71.0036
3459		5.18939		88.5649
3460		-43.3431		82.1957
3461		-82.5467		53.9995
3462		-103.406		11.1467
3463		-101.381		-35.8462
3464		-77.4534		-75.6071
3465		-37.8961		-98.6165
3466		7.21621		-99.5184
3467		46.4419		-78.4786
3468		69.8118		-41.2211
3469		71.3868		2.33088
3470		50.8675		40.5348
3471		13.7854		63.0389
3472		-29.8413		63.5457
3473		-68.0925		41.5701
3474		-90.3059		2.67397
3475		-89.96		-42.9309
3476		-66.4791		-83.0572
3477		-25.4524		-106.774
3478		22.7948		-107.314
3479		65.8815		-83.8758
3480		92.5739		-41.8605
3481		95.6673		8.48942
3482		73.8239		54.6583
3483		31.9399		84.967
3484		-20.0079		91.4596
3485		-69.332		71.8947
3486		-103.661		30.395
3487		-113.937		-23.3897
3488		-96.7164		-76.4396
3489		-55.2184		-115.396
3490		1.1575		-129.81
3491		58.8431		-114.87
3492		103.256		-72.8958
3493		122.409		-13.1562
3494		110.096		50.0984
3495		67.788		101.005
3496		4.64678		126.081
3497		-64.4754		117.801
3498		-122.631		76.793
3499		-155.067		11.9551
3500		-153.083		-61.5883
3501		-116.39		-126.222
3502		-53.3149		-166.288
3503		21.2263		-172.071
3504		89.4624		-142.271
3505		135.221		-84.3103
3506		147.946		-12.4478
3507		125.272		55.8213
3508		73.5158		104.119
3509		6.02066		121.21
3510		-60.2158		103.705
3511		-108.77		56.804
3512		-127.842		-7.06919
3513		-113.132		-71.4066
3514		-68.8674		-119.738
3515		-6.71547		-139.739
3516		57.1448		-126.303
3517		106.075		-82.8415
3518		127.159		-20.4524
3519		114.478		44.8202
3520		70.6595		95.9778
3521		6.31713		119.325
3522		-62.4926		107.942
3523		-118.182		63.5328
3524		-145.969		-3.82746
3525		-137.602		-77.978
3526		-93.5841		-140.488
3527		-23.3324		-175.122
3528		56.8085		-171.922
3529		127.314		-129.924
3530		170.177		-57.8078
3531		173.469		27.7984
3532		134.654		106.094
3533		61.7115		157.162
3534		-28.3578		167.101
3535		-113.464		131.917
3536		-171.928		59.0167
3537		-188.165		-34.2317
3538		-157.01		-124.693
3539		-85.4018		-189.375
3540		9.14161		-211.495
3541		102.953		-185.009
3542		172.359		-116.309
3543		199.86		-22.5917
3544		178.63		72.6292
3545		114.156		145.612
3546		22.6562		178.395
3547		-73.1839		163.151
3548		-149.927		103.878
3549		-189.06		15.139
3550		-181.275		-81.6486
3551		-128.457		-163.37
3552		-43.0673		-210.591
3553		54.8095		-211.994
3554		142.084		-166.971
3555		197.963		-85.8629
3556		208.841		12.2635
3557		171.716		103.912
3558		95.2515		166.698
3559		-1.94648		184.926
3560		-95.6524		153.802
3561		-162.061		81.0717
3562		-184.051		-14.582
3563		-155.949		-108.194
3564		-85.3337		-175.103
3565		8.79048		-197.672
3566		101.084		-170.183
3567		166.806		-100.44
3568		188.578		-7.5552
3569		161.03		83.4021
3570		91.9941		148.295
3571		0.0617685		170.333
3572		-90.6612		144.23
3573		-156.977		77.1325
3574		-182.409		-13.7092
3575		-160.972		-105.623
3576		-98.1695		-176.2
3577		-9.25364		-208.547
3578		84.5924		-194.997
3579		161.189		-138.642
3580		202.353		-52.5134
3581		197.991		43.3184
3582		148.508		126.187
3583		65.0017		175.978
3584		-32.9582		179.954
3585		-121.671		136.133
3586		-178.951		54.2812
3587		-189.775		-46.0046
3588		-150.435		-139.88
3589		-69.9348		-203.495
3590		31.9657		-220.262
3591		129.694		-185.39
3592		198.501		-107.314
3593		220.957		-5.5607
3594		191.453		94.3685
3595		117.508		167.632
3596		17.5931		196.332
3597		-83.7618		173.783
3598		-162.146		105.784
3599		-199.091		8.78894
3600		-186.149		-94.3196
3601		-126.471		-179.665
3602		-33.7388		-227.734
3603		71.079		-227.548
3604		164.391		-178.933
3605		225.104		-92.5141
3606		239.246		12.516
3607		203.182		112.491
3608		124.705		184.485
3609		21.6041		211.622
3610		-82.1809		187.255
3611		-162.11		116.919
3612		-199.038		17.3593
3613		-184.127		-87.3328
3614		-121.291		-171.633
3615		-26.3867		-215.047
3616		76.747		-207.381
3617		162.38		-151.357
3618		209.481		-61.8469
3619		207.023		38.0526
3620		156.632		122.996
3621		71.9436		171.813
3622		-25.0254		172.713
3623		-109.496		126.034
3624		-160.066		43.956
3625		-163.902		-52.6344
3626		-119.786		-139.31
3627		-38.3794		-194.055
3628		60.3518		-202.642
3629		151.958		-162.172
3630		213.481		-81.9191
3631		229.182		18.7916
3632		194.602		115.275
3633		117.863		183.641
3634		17.7575		206.89
3635		-80.9588		179.318
3636		-153.897		108.023
3637		-183.289		11.0491
3638		-162.462		-87.3301
3639		-97.3512		-162.887
3640		-4.69592		-197.535
3641		92.4507		-183.632
3642		170.59		-125.464
3643		211.434		-37.7337
3644		205.976		58.3494
3645		156.16		140.219
3646		74.001		189.08
3647		-21.4058		193.917
3648		-108.21		153.69
3649		-166.553		77.4201
3650		-182.843		-17.7745
3651		-152.789		-110.311
3652		-82.5591		-178.826
3653		12.2985		-207.024
3654		110.129		-187.642
3655		188.098		-124.509
3656		227.707		-31.9951
3657		219.49		68.2451
3658		165.576		152.56
3659		79.2679		201.271
3660		-18.3584		203.685
3661		-103.931		160.697
3662		-157.78		84.2684
3663		-168.764		-6.00241
3664		-136.638		-88.1461
3665		-71.479		-143.363
3666		9.42947		-160.353
3667		86.1923		-137.449
3668		141.078		-82.2978
3669		162.35		-9.48509
3670		146.458		63.1083
3671		98.3805		118.325
3672		30.259		143.368
3673		-41.3119		132.465
3674		-98.875		88.1622
3675		-127.994		20.9487
3676		-120.719		-52.8563
3677		-77.8229		-114.73
3678		-9.10602		-148.434
3679		68.5966		-144.308
3680		135.453		-102.167
3681		173.786		-31.8151
3682		172.931		49.2131
3683		132.334		120.171
3684		61.879		162.661
3685		-20.6994		165.588
3686		-94.5676		128.067
3687		-141.282		59.4809
3688		-149.434		-23.1891
3689		-117.24		-99.8571
3690		-52.576		-152.311
3691		29.2897		-168.386
3692		109.466		-144.457
3693		169.715		-85.9119
3694		196.324		-5.76008
3695		182.939		78.1976
3696		131.934		147.078
3697		54.108		184.9
3698		-33.3277		182.174
3699		-110.277		138.371
3700		-158.255		62.5776
3701		-164.91		-28.0946
3702		-127.426		-112.248
3703		-53.7176		-169.36
3704		39.1506		-185.05
3705		129.087		-154.954
3706		194.591		-85.9915
3707		220.271		5.40768
3708		200.67		97.6234
3709		141.346		169.419
3710		57.0405		205.154
3711		-32.3588		198.244
3712		-106.792		152.137
3713		-150.589		78.847
3714		-155.604		-4.26877
3715		-122.468		-78.551
3716		-59.9796		-127.982
3717		17.0076		-142.367
3718		90.7569		-119.32
3719		144.364		-64.7851
3720		165.455		8.08174
3721		149.178		81.6421
3722		99.7073		137.787
3723		29.654		162.449
3724		-42.8102		149.461
3725		-98.6065		102.555
3726		-122.981		34.6684
3727		-109.739		-35.4827
3728		-63.0866		-88.6481
3729		3.61146		-110.518
3730		71.7865		-95.6827
3731		123.047		-48.8533
3732		144.239		16.9275
3733		130.662		84.3187
3734		86.6466		136.529
3735		23.679		161.472
3736		-43.0186		154.194
3737		-98.2756		117.282
3738		-130.159		59.6167
3739		-132.072		-5.87074
3740		-103.73		-64.8211
3741		-51.1395		-104.106
3742		14.3167		-114.349
3743		77.7689		-92.1018
3744		123.746		-41.2351
3745		139.791		27.0678
3746		120.037		96.225
3747		67.6225		148.072
3748		-5.18411		167.802
3749		-79.664		148.583
3750		-135.669		94.182
3751		-157.534		18.4478
3752		-138.91		-58.457
3753		-84.7807		-115.955
3754		-9.9098		-139.114
3755		65.7279		-122.811
3756		122.898		-72.6796
3757		148.379		-2.75621
3758		137.927		69.0944
3759		96.2999		126.216
3760		34.8579		157.041
3761		-32.0418		156.918
3762		-90.5141		127.919
3763		-129.63		77.3353
3764		-142.747		15.7257
3765		-128.012		-44.9389
3766		-88.4411		-92.9581
3767		-31.688		-118.631
3768		30.7722		-116.143
3769		85.4248		-85.3172
3770		119.555		-32.5251
3771		124.635		30.0101
3772		99.1826		86.8557
3773		49.871		123.495
3774		-9.87066		130.69
3775		-63.6165		107.507
3776		-96.9046		61.7521
3777		-101.667		7.52805
3778		-78.5251		-39.2726
3779		-36.1638		-65.9127
3780		11.8674		-66.4327
3781		51.6239		-42.7985
3782		72.8502		-3.44631
3783		71.3681		39.9271
3784		49.288		75.9802
3785		13.4399		96.5228
3786		-27.0427		97.8646
3787		-63.0458		80.7902
3788		-87.1578		49.6842
3789		-94.664		11.3665
3790		-84.097		-26.0808
3791		-57.5409		-54.5465
3792		-20.6141		-67.3438
3793		18.1898		-60.8471
3794		49.0902		-35.9105
3795		63.4644		1.60094
3796		56.5462		41.7466
3797		29.4009		73.0023
3798		-10.7655		85.7083
3799		-52.3717		75.3136
3800		-82.8993		44.165
3801		-92.8664		1.04337
3802		-78.9066		-41.4956
3803		-44.8266		-71.0611
3804		-0.292229		-79.2412
3805		42.3076		-63.9765
3806		71.637		-29.7947
3807		80.5307		13.9642
3808		67.551		56.1188
3809		36.7536		86.727
3810		-3.93943		99.3743
3811		-45.0301		92.2283
3812		-77.6865		67.8996
3813		-95.4826		32.4427
3814		-95.4649		-6.11977
3815		-78.5444		-39.4655
3816		-49.2307		-60.6422
3817		-14.7009		-65.5417
3818		16.758		-53.894
3819		37.7187		-29.4495
3820		43.542		0.870111
3821		33.676		28.7774
3822		11.8246		46.9246
3823		-15.1682		50.9893
3824		-39.4005		40.8298
3825		-54.2608		20.3138
3826		-56.245		-4.07217
3827		-45.6786		-25.2818
3828		-26.2396		-37.6902
3829		-3.62417		-38.394
3830		16.0724		-27.5908
3831		27.7484		-8.18177
3832		28.2193		15.0551
3833		16.7042		36.4189
3834		-4.98509		50.2613
3835		-32.5095		52.0382
3836		-59.4688		39.4662
3837		-78.4967		13.5928
3838		-83.0505		-20.6722
3839		-69.5698		-55.0891
3840		-39.2771		-79.9452
3841		1.25841		-86.9399
3842		41.3858		-72.2051
3843		69.3705		-38.2561
3844		76.2376		6.10742
3845		59.0486		48.2039
3846		22.2714		75.4735
3847		-23.4234		79.6488
3848		-64.5764		59.5112
3849		-89.2978		21.19
3850		-90.9381		-24.0423
3851		-69.7799		-63.5336
3852		-32.3322		-87.0914
3853		11.2138		-89.5507
3854		50.1868		-71.4193
3855		76.0955		-37.8148
3856		84.0576		3.48398
3857		73.02		43.9668
3858		45.2867		75.784
3859		5.91498		92.6298
3860		-37.8101		90.4886
3861		-77.0669		68.5317
3862		-102.791		30.0258
3863		-107.756		-17.3393
3864		-89.039		-62.4125
3865		-49.9044		-93.1339
3866		0.0102282		-100.196
3867		46.8275		-80.5619
3868		76.551		-39.3134
3869		79.8343		11.2622
3870		55.5478		55.363
3871		11.5872		78.9545
3872		-37.5915		74.6714
3873		-75.8871		44.4157
3874		-91.0678		-1.37551
3875		-78.7985		-47.4745
3876		-43.743		-79.1163
3877		2.47023		-86.7535
3878		45.4117		-68.6715
3879		72.4521		-30.8149
3880		76.2041		15.6944
3881		55.9241		58.134
3882		16.9164		85.5399
3883		-31.3654		90.9976
3884		-77.6663		72.6684
3885		-111.155		33.819
3886		-123.363		-17.8019
3887		-109.881		-71.1293
3888		-71.7363		-113.619
3889		-16.0526		-133.857
3890		44.6292		-124.661
3891		94.7944		-85.8481
3892		119.969		-25.5162
3893		111.281		41.1215
3894		68.9841		95.5179
3895		3.39243		121.284
3896		-67.5125		109.59
3897		-123.299		62.4688
3898		-147.444		-7.3561
3899		-132.603		-80.2238
3900		-82.8987		-135.607
3901		-12.466		-158.374
3902		59.1238		-143.097
3903		112.835		-95.1077
3904		135.492		-28.2415
3905		122.859		39.6388
3906		79.8872		91.6806
3907		18.5321		116.12
3908		-45.8061		108.512
3909		-98.0638		71.9818
3910		-126.683		15.9036
3911		-125.759		-46.4278
3912		-96.0508		-100.639
3913		-44.8106		-134.279
3914		15.6253		-139.607
3915		70.4732		-115.641
3916		106.05		-68.8176
3917		113.478		-11.7683
3918		91.4545		39.8306
3919		47.0189		71.6434
3920		-6.21058		75.003
3921		-52.0027		49.6947
3922		-76.4682		4.12769
3923		-72.3371		-47.2738
3924		-41.0849		-88.5953
3925		7.77747		-107.308
3926		59.8865		-97.8504
3927		100.465		-62.85
3928		118.484		-11.8238
3929		109.324		41.9072
3930		75.4063		84.9243
3931		25.0077		106.928
3932		-30.0556		102.802
3933		-77.1436		73.3705
3934		-105.377		25.0258
3935		-107.813		-31.5357
3936		-83.039		-83.3302
3937		-35.9033		-117.734
3938		22.9749		-125.471
3939		79.208		-103.329
3940		118.038		-55.716
3941		128.418		5.74569
3942		106.556		64.8957
3943		57.5936		105.465
3944		-5.42287		115.946
3945		-65.1853		93.2319
3946		-105.271		43.6832
3947		-115.047		-18.8368
3948		-92.6474		-77.2669
3949		-45.0733		-116.452
3950		14.4235		-127.29
3951		70.5473		-108.649
3952		110.2		-66.7627
3953		125.446		-12.7024
3954		114.594		40.9033
3955		81.6		82.8059
3956		34.4494		105.105
3957		-16.7446		104.194
3958		-61.5487		80.9745
3959		-90.8715		40.6043
3960		-98.5767		-8.21104
3961		-82.9614		-54.5911
3962		-47.6841		-87.6629
3963		-1.53596		-99.3117
3964		43.3612		-86.7584
3965		74.7746		-53.9396
3966		84.125		-10.8642
3967		69.4579		29.1916
3968		36.3713		53.8798
3969		-3.65533		55.9048
3970		-37.0662		35.5094
3971		-52.8084		0.333359
3972		-45.9864		-37.3156
3973		-19.2704		-64.7191
3974		18.339		-72.9257
3975		54.7607		-59.3797
3976		78.7758		-28.2541
3977		83.2677		11.3263
3978		66.8465		48.2733
3979		33.6849		72.6183
3980		-7.99012		77.8323
3981		-48.0464		62.0312
3982		-76.6568		28.1444
3983		-86.2648		-16.7109
3984		-73.1993		-62.4883
3985		-38.8045		-98.078
3986		10.222		-113.723
3987		62.6918		-103.663
3988		105.221		-68.3145
3989		125.691		-15.0928
3990		117.003		42.8049
3991		79.8144		89.6999
3992		23.1021		111.995
3993		-37.9815		102.519
3994		-86.4483		63.0696
3995		-108.606		4.12481
3996		-98.2024		-58.2591
3997		-58.1519		-107.277
3998		0.647373		-130.242
3999		62.8183		-121.88
4000		112.968		-85.1653
4001		139.606		-29.7811
4002		137.467		30.9183
4003		107.974		83.2861
4004		58.2075		116.193
4005		-0.92292		122.87
4006		-56.7938		101.854
4007		-97.2316		57.2131
4008		-112.727		-1.88078
4009		-98.6036		-62.4465
4010		-56.7173		-110.067
4011		4.01998		-132.231
4012		68.9795		-121.957
4013		121.182		-80.5228
4014		146.028		-18.061
4015		135.956		48.6426
4016		93.3157		100.816
4017		30.1919		123.434
4018		-35.0209		110.041
4019		-83.2422		64.9051
4020		-100.601		1.67257
4021		-82.5604		-60.9774
4022		-34.9302		-105.107
4023		28.3729		-118.714
4024		89.8076		-98.7327
4025		133.273		-51.15
4026		148.162		11.3578
4027		131.456		73.1819
4028		87.71		119.672
4029		27.4267		140.248
4030		-35.4828		130.32
4031		-86.583		92.017
4032		-113.791		33.8006
4033		-109.99		-30.9897
4034		-75.0051		-86.6981
4035		-16.3606		-118.842
4036		51.7655		-117.942
4037		111.614		-82.6517
4038		146.477		-20.9998
4039		145.66		51.0723
4040		108.127		113.839
4041		43.3906		149.503
4042		-30.9348		147.654
4043		-94.2695		108.586
4044		-129.24		43.2481
4045		-126.79		-30.1662
4046		-88.5546		-91.7697
4047		-25.8508		-125.757
4048		44.1212		-124.529
4049		103.397		-90.0654
4050		137.967		-32.4924
4051		140.814		33.2753
4052		112.768		91.5419
4053		61.4709		129.354
4054		-0.867507		138.89
4055		-60.1893		118.595
4056		-103.325		73.1986
4057		-120.494		12.7905
4058		-107.373		-48.9982
4059		-66.3873		-97.6724
4060		-6.74259		-121.147
4061		57.2034		-112.981
4062		109.231		-74.6082
4063		135.567		-15.6345
4064		128.989		48.2861
4065		91.3413		99.6493
4066		33.4029		124.205
4067		-28.052		115.323
4068		-75.187		76.1202
4069		-94.4459		18.5676
4070		-80.5596		-40.1455
4071		-37.9449		-82.7765
4072		20.853		-97.0409
4073		79.036		-78.9345
4074		120.424		-33.4923
4075		133.831		27.0159
4076		115.776		86.7064
4077		70.9953		130.368
4078		10.8494		147.263
4079		-49.7656		133.589
4080		-96.1706		93.1559
4081		-117.45		36.2658
4082		-109.032		-22.8982
4083		-73.7572		-69.7778
4084		-21.1568		-93.0629
4085		34.9526		-87.5679
4086		80.0319		-55.5939
4087		102.656		-6.33137
4088		97.5722		46.6268
4089		67.0695		89.02
4090		20.2278		109.841
4091		-29.7519		104.285
4092		-69.315		74.863
4093		-88.2733		30.4071
4094		-82.3926		-16.6271
4095		-54.1861		-53.6798

 
--------------------------------------


