Compute Correlation 
 
0		-4.2906		9.09702
1		-8.93373		9.02021
2		-14.7434		7.49233
3		-21.1024		2.54575
4		-25.409		-7.00026
5		-24.166		-20.0164
6		-14.9777		-32.7517
7		1.66703		-40.0849
8		21.8974		-37.795
9		39.6536		-24.6951
10		49.0652		-3.49884
11		46.8644		20.0691
12		33.6653		39.4993
13		13.5354		49.9705
14		-7.83308		49.9094
15		-25.369		41.0144
16		-36.1993		26.9486
17		-39.9415		11.5516
18		-37.8588		-2.45999
19		-31.6129		-13.7662
20		-22.4447		-21.8429
21		-11.2002		-26.1563
22		1.02553		-25.8671
23		12.2951		-20.3206
24		19.9346		-9.98212
25		21.4979		2.91986
26		16.1181		14.684
27		5.40171		21.4513
28		-6.82757		20.9594
29		-16.0118		13.7747
30		-18.9085		3.21658
31		-15.1374		-6.13122
32		-7.33604		-10.6334
33		0.244871		-9.3845
34		4.02116		-4.5749
35		3.02043		-0.187225
36		-0.582497		0.317562
37		-2.68091		-3.91441
38		0.406025		-10.4284
39		9.68317		-14.5797
40		22.5621		-11.9326
41		33.8136		-0.704323
42		37.9452		17.0263
43		31.8111		35.9869
44		16.1502		49.9268
45		-4.68275		54.2735
46		-24.5953		47.9409
47		-38.2593		33.4945
48		-43.0185		15.7458
49		-39.395		-0.382738
50		-30.1786		-11.6228
51		-18.7973		-16.9999
52		-7.92115		-17.2993
53		1.05316		-13.9468
54		7.62059		-8.11057
55		11.4286		-0.528801
56		11.8685		8.01115
57		8.35987		16.098
58		1.12424		21.6516
59		-8.18051		22.6537
60		-16.591		18.3157
61		-20.91		9.94365
62		-19.2671		0.82111
63		-12.3077		-5.05247
64		-3.23773		-4.84147
65		3.47245		1.59673
66		4.17194		11.4104
67		-2.14246		19.9491
68		-13.2307		22.9219
69		-24.6038		18.4387
70		-31.6266		7.88294
71		-31.6555		-4.82537
72		-25.1186		-15.1695
73		-15.0324		-20.1394
74		-5.28894		-19.4075
75		1.30125		-15.0318
76		4.14972		-9.96982
77		4.66591		-6.32942
78		4.9278		-4.37477
79		6.13446		-2.80721
80		7.81506		-0.0541935
81		8.27242		4.31191
82		5.95876		8.97367
83		0.882959		11.5276
84		-4.906		10.0515
85		-8.18231		4.62895
86		-6.36017		-2.16581
87		0.750896		-6.26304
88		10.3201		-4.1615
89		17.4969		5.01052
90		17.6511		18.5912
91		8.7518		31.2297
92		-7.34995		37.16
93		-25.436		32.8213
94		-39.0289		18.5466
95		-43.0854		-1.4931
96		-36.0025		-21.019
97		-20.0545		-34.1707
98		-0.194809		-37.6286
99		18.058		-31.44
100		30.5854		-18.3856
101		35.6563		-2.4442
102		33.7382		12.7526
103		26.5665		24.7779
104		16.1854		32.4258
105		4.48018		35.259
106		-6.75858		33.2544
107		-15.6307		26.8801
108		-20.2563		17.4794
109		-19.4147		7.48558
110		-13.3862		0.00952148
111		-4.3866		-2.26212
112		3.91161		1.61144
113		7.78139		10.0478
114		5.17504		19.3098
115		-3.12305		25.0348
116		-13.6401		24.2596
117		-21.72		16.9118
118		-23.6991		5.93853
119		-18.6477		-4.06175
120		-8.75726		-9.02734
121		1.82862		-7.30025
122		9.09501		-0.199789
123		11.0062		8.94821
124		8.13881		16.71
125		2.83551		21.2441
126		-2.50891		22.8336
127		-6.91085		23.0185
128		-11.0735		22.9775
129		-16.3067		22.3013
130		-22.8287		19.072
131		-28.6624		11.3398
132		-30.0644		-0.870374
133		-23.5075		-14.3653
134		-8.20994		-23.4209
135		12.3151		-22.2543
136		30.8527		-8.19347
137		39.2775		16.1795
138		32.3287		43.2789
139		10.4618		63.3363
140		-19.8132		68.5765
141		-48.4618		56.7103
142		-66.1805		31.955
143		-68.2855		3.02818
144		-56.2991		-20.8614
145		-36.5147		-33.9494
146		-16.4336		-35.7742
147		-1.09943		-30.1315
148		8.65981		-21.939
149		15.2262		-13.9891
150		21.2267		-5.59151
151		26.6091		6.0664
152		27.7791		22.7157
153		19.5969		42.0718
154		-0.762127		57.2954
155		-30.3987		59.6714
156		-60.0748		43.3953
157		-77.3454		9.89589
158		-72.2815		-30.9664
159		-42.9682		-64.0381
160		2.26243		-75.2659
161		47.4487		-58.3599
162		75.599		-18.3105
163		76.2398		30.2646
164		50.1923		69.4127
165		9.10677		85.8297
166		-30.121		76.6235
167		-53.3081		49.9923
168		-55.332		20.5248
169		-41.7014		1.58778
170		-24.6706		-1.23496
171		-16.0731		7.72288
172		-20.7572		17.5058
173		-34.1418		17.3577
174		-45.1615		3.28198
175		-42.937		-19.2899
176		-23.4653		-38.224
177		7.40755		-41.3538
178		36.4617		-23.4596
179		49.7931		10.2936
180		40.1566		46.4368
181		10.9906		69.793
182		-25.1066		71.1249
183		-52.7072		51.7596
184		-61.3568		22.7045
185		-50.7018		-1.285
186		-30.2142		-9.51089
187		-13.6908		-0.823462
188		-11.5212		16.1458
189		-24.9255		28.1113
190		-45.3032		24.8163
191		-59.0684		5.06968
192		-55.361		-22.194
193		-32.4407		-42.4798
194		0.756165		-43.5242
195		28.8349		-22.1375
196		37.772		13.6068
197		22.2289		48.0859
198		-11.5285		65.8473
199		-48.6697		59.3023
200		-73.2098		32.3726
201		-75.8964		-1.78482
202		-58.4596		-27.7065
203		-32.0726		-35.4979
204		-10.9654		-25.4936
205		-4.69714		-7.31194
206		-13.2588		6.05697
207		-27.6016		5.8265
208		-35.2304		-7.51581
209		-27.7518		-24.431
210		-6.20131		-31.7526
211		18.8403		-20.3858
212		32.5352		8.91081
213		23.7575		44.8786
214		-8.46008		70.7683
215		-53.469		72.5345
216		-93.4344		46.0411
217		-111.51		-0.428646
218		-99.6865		-49.6671
219		-62.4269		-83.3036
220		-14.3684		-89.9701
221		26.6243		-69.8904
222		47.4933		-33.8218
223		45.1512		2.82101
224		26.4488		27.4628
225		3.37049		35.6477
226		-13.7121		31.633
227		-21.0715		24.4053
228		-22.4172		21.628
229		-25.3366		24.9955
230		-35.6541		29.5298
231		-53.0438		27.0831
232		-70.4598		11.9452
233		-77.7791		-14.7151
234		-67.6825		-44.2182
235		-40.5065		-64.1144
236		-5.27614		-64.4552
237		23.8834		-43.316
238		34.3083		-8.57417
239		21.0609		25.1729
240		-10.3072		43.1827
241		-45.9872		37.4573
242		-70.1463		10.5617
243		-72.1746		-25.5121
244		-51.4664		-54.8888
245		-17.4862		-65.0751
246		14.8139		-52.4789
247		31.9308		-23.6407
248		27.7626		8.22569
249		5.84553		29.5417
250		-22.9479		32.4126
251		-45.8719		17.6149
252		-54.1346		-6.63931
253		-46.3208		-29.2184
254		-28.0195		-41.4205
255		-8.22154		-40.5099
256		5.40701		-29.9186
257		9.90168		-16.3917
258		7.45982		-5.88133
259		3.06302		-0.486078
260		0.835251		2.00171
261		1.28878		5.88877
262		1.01482		14.1301
263		-5.03537		25.7008
264		-19.9885		35.3772
265		-42.2478		36.1797
266		-65.128		23.2625
267		-79.3403		-2.80321
268		-77.239		-35.1748
269		-56.7769		-62.9577
270		-23.1738		-75.6151
271		12.6431		-67.5743
272		38.2401		-40.8825
273		44.68		-4.65132
274		30.1122		28.4982
275		0.391399		47.4209
276		-33.471		46.6898
277		-59.8175		28.3283
278		-70.8149		0.445362
279		-65.026		-26.4337
280		-47.1831		-43.6164
281		-25.5497		-47.2548
282		-8.25066		-39.0216
283		-0.235641		-24.4866
284		-2.0491		-10.2243
285		-10.6215		-1.08708
286		-21.3673		1.21557
287		-30.405		-2.12607
288		-35.871		-8.45557
289		-37.9194		-15.3213
290		-37.7322		-21.4981
291		-36.3089		-26.9764
292		-33.7916		-32.1675
293		-29.6493		-36.9839
294		-23.4899		-40.4499
295		-15.8893		-41.1154
296		-8.62852		-38.0225
297		-4.09623		-31.6211
298		-4.11513		-24.0196
299		-8.82018		-18.3121
300		-16.2405		-17.231
301		-22.9039		-21.7661
302		-25.2673		-30.4643
303		-21.3374		-39.8204
304		-11.719		-45.6575
305		0.438242		-44.9115
306		10.6191		-37.027
307		14.7617		-24.3281
308		10.9346		-11.1851
309		0.15366		-2.3249
310		-13.9988		-1.00536
311		-26.767		-7.81292
312		-34.0196		-20.5562
313		-33.6981		-35.2444
314		-26.3456		-47.6821
315		-14.5721		-54.979
316		-1.77133		-56.3541
317		9.28839		-52.9606
318		17.3632		-46.912
319		22.7586		-40.0443
320		26.5469		-33.048
321		29.4399		-25.4059
322		30.9568		-16.1614
323		29.3964		-5.10413
324		22.7301		6.29456
325		10.0446		14.8093
326		-7.18684		16.4873
327		-24.7601		8.46555
328		-36.7338		-9.19626
329		-37.5723		-32.5982
330		-24.6443		-54.648
331		0.027565		-67.287
332		29.7044		-64.5629
333		54.8562		-45.3129
334		66.5127		-14.2288
335		59.7652		19.3547
336		35.9408		44.6597
337		2.42146		53.462
338		-29.9656		43.2543
339		-50.997		18.2098
340		-54.8809		-12.5145
341		-42.2494		-38.4432
342		-19.4903		-51.8474
343		4.22789		-50.4631
344		20.8559		-37.7455
345		26.5221		-20.6888
346		22.4408		-6.36144
347		13.4318		1.14581
348		4.9746		1.95362
349		0.382344		-0.613781
350		-0.476028		-2.54151
351		-0.3741		-1.66382
352		-2.46166		1.1817
353		-7.93629		2.96988
354		-15.0547		0.718071
355		-20.0923		-6.24812
356		-19.7111		-15.4131
357		-13.3307		-22.212
358		-4.01781		-22.65
359		2.80135		-15.9267
360		2.26124		-5.47324
361		-6.94598		2.39696
362		-21.2428		1.70707
363		-33.4569		-9.7359
364		-36.2813		-28.587
365		-26.2039		-47.0473
366		-5.79794		-56.4602
367		17.0012		-51.6928
368		32.4797		-34.0275
369		33.892		-10.9338
370		20.9507		7.3427
371		0.180294		12.7568
372		-18.1784		3.48882
373		-25.2262		-15.096
374		-17.8591		-33.1315
375		-0.297989		-41.258
376		18.1422		-35.3832
377		27.9173		-18.7104
378		24.2157		0.0513535
379		9.39612		11.3648
380		-8.40666		9.95288
381		-19.7771		-2.43121
382		-19.2055		-18.0666
383		-8.14381		-27.6197
384		5.77779		-25.4512
385		13.025		-12.9661
386		7.65322		1.90574
387		-8.98247		8.9432
388		-28.4258		1.39404
389		-39.2973		-19.8396
390		-33.3663		-45.9506
391		-10.3321		-64.2437
392		21.2986		-64.4835
393		47.8748		-44.3367
394		57.08		-11.0471
395		43.9944		21.6346
396		13.6616		39.8184
397		-21.172		35.9891
398		-46.0289		12.4314
399		-51.3981		-20.0998
400		-36.8458		-47.7067
401		-10.5982		-59.9269
402		15.007		-54.2582
403		29.7227		-36.4881
404		30.0359		-16.9141
405		19.9867		-4.64745
406		8.00029		-3.08712
407		1.67671		-8.88091
408		3.48511		-14.7198
409		9.69893		-14.2202
410		13.0506		-6.06018
411		7.51088		4.98386
412		-7.56761		10.6939
413		-26.3431		4.28726
414		-39.1364		-15.2085
415		-37.4954		-41.5663
416		-18.9781		-63.8496
417		10.9393		-71.5977
418		40.9382		-60.0652
419		58.9518		-32.8148
420		57.747		-0.311619
421		38.2233		24.7894
422		8.84139		33.3159
423		-18.435		23.4384
424		-33.5874		0.942484
425		-32.6929		-24.0118
426		-18.8816		-41.8359
427		0.0847855		-47.6337
428		16.1007		-42.5711
429		24.5431		-32.1128
430		25.7482		-22.3812
431		23.6421		-16.7582
432		22.5813		-14.536
433		24.3478		-12.1702
434		27.0209		-6.20877
435		26.3038		3.91676
436		18.4678		14.9123
437		3.17388		21.0627
438		-15.4963		17.333
439		-30.4785		2.43496
440		-34.9728		-19.8438
441		-25.8545		-41.848
442		-5.49586		-55.2861
443		18.9613		-54.9342
444		38.5736		-41.0235
445		46.4084		-19.179
446		40.4269		2.03014
447		24.1592		14.7571
448		4.95782		15.0753
449		-9.27059		4.33122
450		-13.3408		-11.8137
451		-6.66892		-26.0614
452		6.91569		-32.5937
453		21.1473		-29.281
454		30.0831		-18.1673
455		30.432		-4.23006
456		22.5681		6.8776
457		9.99732		11.0789
458		-2.30985		7.24366
459		-9.92172		-2.72506
460		-10.484		-14.9347
461		-4.29321		-25.1247
462		6.15898		-30.1859
463		17.3468		-29.0459
464		26.0515		-22.6999
465		30.369		-13.5075
466		30.0656		-4.13018
467		26.2497		3.43487
468		20.5949		8.35442
469		14.512		10.8549
470		8.65511		11.6495
471		2.96875		11.2447
472		-2.79891		9.52612
473		-8.44522		5.87317
474		-12.9515		-0.237772
475		-14.7079		-8.48269
476		-12.3055		-17.275
477		-5.52026		-24.0506
478		4.07789		-26.264
479		13.3544		-22.6849
480		18.7473		-14.3237
481		17.879		-4.39333
482		10.8668		2.85404
483		0.592281		3.99227
484		-8.36242		-1.87694
485		-11.7309		-12.4784
486		-7.60931		-23.2164
487		2.50219		-29.2297
488		14.2662		-27.7021
489		22.4983		-19.2759
490		23.6459		-7.80653
491		17.5162		1.48421
492		7.34782		4.56138
493		-1.84557		0.542534
494		-5.82773		-7.94999
495		-3.26386		-16.2471
496		3.70654		-20.1388
497		10.7549		-18.0897
498		13.8113		-11.9678
499		11.335		-5.88281
500		5.14413		-3.77182
501		-0.678871		-7.07694
502		-2.21747		-13.8408
503		1.87064		-19.7787
504		9.36151		-20.7846
505		15.5317		-15.4874
506		15.785		-6.38368
507		8.42981		1.19398
508		-3.96042		1.83514
509		-15.4674		-6.89373
510		-19.6724		-22.7673
511		-12.9976		-39.5947
512		3.21905		-50.0496
513		23.0723		-49.243
514		38.7677		-37.2022
515		44.3089		-18.9515
516		38.3191		-2.11846
517		24.5647		6.71597
518		9.93532		5.06189
519		0.964176		-4.57735
520		0.709075		-16.3384
521		7.58683		-24.2275
522		16.6825		-25.1939
523		22.7258		-20.4301
524		23.0605		-14.2816
525		18.9875		-11.4612
526		14.7919		-14.167
527		15.0555		-20.723
528		21.7942		-26.4901
529		33.0394		-26.5272
530		43.6745		-18.5174
531		48.0882		-4.32468
532		43.2093		10.696
533		30.2787		20.2948
534		14.3984		20.4558
535		2.09049		11.4116
536		-1.84856		-2.49559
537		3.43197		-14.9966
538		14.6475		-20.9447
539		26.2313		-18.65
540		33.1818		-10.3511
541		33.3967		-0.704551
542		28.3377		5.79535
543		21.8177		7.05103
544		17.7015		4.11809
545		17.8282		0.215587
546		21.2448		-1.32489
547		25.051		1.03328
548		26.2553		6.30237
549		23.5306		11.7303
550		17.8918		14.5141
551		11.9858		13.4344
552		8.48144		9.4878
553		8.52425		5.21317
554		11.1328		3.15775
555		13.8381		4.39457
556		14.1537		7.92644
557		11.0185		11.2789
558		5.41083		11.9069
559		-0.172913		8.61176
560		-3.04494		2.19882
561		-1.71184		-4.9379
562		3.40975		-10.0237
563		10.2667		-11.2284
564		16.2083		-8.42973
565		19.195		-3.10037
566		18.5687		2.51305
567		15.0872		6.41317
568		10.3504		7.55799
569		6.0273		5.99629
570		3.29881		2.5336
571		2.70127		-1.74775
572		4.26512		-5.81412
573		7.69509		-8.76245
574		12.4043		-9.79618
575		17.4236		-8.30938
576		21.3888		-4.16818
577		22.8131		1.94809
578		20.662		8.43661
579		14.9844		13.1258
580		7.21307		14.0736
581		-0.156854		10.4788
582		-4.48424		3.22255
583		-4.10988		-5.32029
584		0.864742		-12.1982
585		8.57719		-15.1244
586		16.2222		-13.4332
587		21.2922		-8.26639
588		22.611		-1.90748
589		20.6476		3.3634
590		16.997		6.27316
591		13.3757		6.90085
592		10.7333		6.24482
593		8.97521		5.34824
594		7.39875		4.56141
595		5.49747		3.40528
596		3.56377		1.09926
597		2.65741		-2.62348
598		3.9256		-6.99345
599		7.70141		-10.3873
600		12.9922		-11.1811
601		17.767		-8.78746
602		19.97		-4.21739
603		18.7125		0.257669
604		14.925		2.24619
605		11.0171		0.576424
606		9.6509		-3.941
607		12.2742		-8.82141
608		18.2483		-11.1808
609		25.1044		-9.29771
610		29.8358		-3.58042
611		30.5217		3.63707
612		27.3605		9.38741
613		22.5001		11.7289
614		18.7399		10.8118
615		17.8454		8.70941
616		19.4716		8.08537
617		21.3652		10.4626
618		20.7765		15.1328
619		16.2798		19.4095
620		8.91415		20.155
621		1.89625		15.7455
622		-1.03302		7.31996
623		2.24349		-1.48954
624		10.7995		-6.31153
625		20.8496		-4.37235
626		27.5449		3.87354
627		27.4682		14.7789
628		20.4794		23.27
629		9.86813		25.442
630		0.677641		20.59
631		-2.92647		11.5541
632		0.179064		3.16791
633		7.56165		-0.354584
634		14.6537		2.33483
635		17.3201		9.07669
636		14.1438		15.5116
637		7.15833		17.5962
638		0.625729		13.9072
639		-1.43702		6.43649
640		2.424		-0.568695
641		10.2576		-3.05189
642		17.8208		0.51857
643		21.0103		8.2666
644		18.2165		15.9872
645		11.2436		19.5737
646		4.2535		17.3978
647		1.33026		11.2638
648		4.06144		5.36583
649		10.5447		3.82398
650		16.4233		8.20769
651		17.3932		16.4839
652		11.7659		24.0352
653		1.60938		26.2156
654		-8.22421		21.0191
655		-12.6855		10.3446
656		-9.30395		-0.889891
657		0.402208		-7.32742
658		11.6861		-6.03122
659		19.1001		1.96254
660		19.3947		12.2609
661		13.1853		19.5515
662		4.4733		20.496
663		-1.68653		15.4685
664		-2.04261		8.1837
665		3.08428		3.45942
666		10.1016		4.40575
667		14.3161		10.6477
668		12.7106		18.5874
669		5.72654		23.5385
670		-2.97584		22.4955
671		-8.64127		15.9339
672		-8.20753		7.59453
673		-2.14998		2.3585
674		5.6933		3.41645
675		10.2434		10.3496
676		8.06555		19.2327
677		-0.610489		24.7286
678		-11.8817		23.0185
679		-20.1968		13.937
680		-21.2964		1.12618
681		-14.4465		-9.86692
682		-2.75065		-14.4822
683		8.58828		-11.4291
684		15.0479		-3.13119
685		15.0432		5.84049
686		10.4394		11.3888
687		5.11943		12.0494
688		2.52253		9.48543
689		3.62667		7.11295
690		6.54921		7.75054
691		7.95505		11.7385
692		5.37997		16.6737
693		-0.97042		18.9278
694		-8.07993		16.0363
695		-11.7865		8.50104
696		-9.311		-0.138384
697		-1.15318		-5.10559
698		8.82327		-3.09252
699		15.279		5.67755
700		14.2756		17.2666
701		5.54611		25.9224
702		-7.15079		27.0877
703		-17.8641		19.8827
704		-21.5293		7.67778
705		-16.6386		-3.60203
706		-6.04921		-8.55493
707		4.52139		-5.11326
708		9.50437		4.42095
709		6.3733		14.6583
710		-3.12141		20.0059
711		-14.0032		17.5825
712		-20.7856		8.60937
713		-20.3519		-2.41793
714		-13.4522		-10.2538
715		-4.07068		-11.698
716		2.8986		-7.14585
717		4.32832		-0.114185
718		0.412498		4.89315
719		-5.69153		4.92356
720		-9.83038		0.0965538
721		-9.25047		-6.6801
722		-4.05846		-11.5398
723		3.02452		-11.9167
724		8.38491		-7.93093
725		9.65473		-2.15093
726		7.01352		2.05184
727		2.93565		2.53776
728		0.592402		-0.380772
729		1.89519		-4.22451
730		6.34831		-5.92625
731		11.3746		-3.7371
732		13.8978		1.68011
733		12.2271		7.61407
734		7.12211		10.9036
735		1.40615		9.82459
736		-1.64952		5.15384
737		-0.23032		-0.219501
738		4.93597		-2.91698
739		10.9446		-0.996912
740		14.3266		4.92126
741		12.9911		11.9769
742		7.39596		16.6495
743		0.29133		16.7046
744		-4.8087		12.411
745		-5.55914		6.36136
746		-2.04379		2.01656
747		3.31894		1.80446
748		7.13834		5.82705
749		6.89821		11.8626
750		2.26821		16.6132
751		-4.80462		17.4688
752		-11.2082		13.811
753		-14.3101		7.18918
754		-13.216		0.3571
755		-9.00236		-4.21713
756		-3.89769		-5.5151
757		0.0289392		-4.21066
758		1.89047		-1.96699
759		2.17757		-0.303864
760		2.12214		0.254192
761		2.71559		0.275841
762		4.03051		0.796362
763		5.24994		2.4413
764		5.33036		4.89859
765		3.82066		7.07861
766		1.27526		7.8384
767		-1.02002		6.77828
768		-1.83655		4.5742
769		-0.793247		2.61297
770		1.37059		2.15019
771		3.23197		3.52569
772		3.56649		5.94436
773		2.11916		7.97734
774		-0.235737		8.47746
775		-2.06457		7.32853
776		-2.32677		5.53599
777		-1.10175		4.57451
778		0.397343		5.38484
779		0.574652		7.65857
780		-1.47226		9.90084
781		-5.22768		10.292
782		-8.88363		7.86026
783		-10.3137		3.24541
784		-8.36037		-1.46516
785		-3.66694		-3.80952
786		1.4905		-2.35804
787		4.34979		2.36346
788		3.17798		8.01392
789		-1.70704		11.6229
790		-8.02505		11.1901
791		-12.7273		6.79545
792		-13.6486		0.56988
793		-10.6838		-4.48666
794		-5.80679		-6.18269
795		-1.90429		-4.35152
796		-1.08572		-0.897562
797		-3.4467		1.36693
798		-7.0162		0.428125
799		-8.93656		-3.67695
800		-7.20183		-8.81171
801		-1.93667		-11.9521
802		4.55492		-10.9743
803		9.03611		-5.97869
804		9.18447		0.646753
805		4.97432		5.49696
806		-1.22673		6.05305
807		-5.93715		2.12757
808		-6.5082		-3.99694
809		-2.62517		-8.84301
810		3.51329		-9.71582
811		8.46342		-6.24956
812		9.53991		-0.618685
813		6.40113		3.7305
814		1.28506		4.11518
815		-2.26901		0.245329
816		-1.50057		-5.51363
817		3.8837		-9.4319
818		11.4054		-8.55036
819		17.1076		-2.44643
820		17.7436		6.39585
821		12.631		13.8577
822		4.10957		16.4111
823		-3.68003		13.0568
824		-7.0298		5.88034
825		-4.66572		-1.09367
826		1.60274		-4.11179
827		7.94236		-1.72637
828		10.658		4.48164
829		8.22979		10.8811
830		2.07999		13.8919
831		-4.34097		12.0004
832		-7.59852		6.54123
833		-6.25357		0.820814
834		-1.63552		-1.88377
835		3.0251		-0.269934
836		4.57983		4.2406
837		1.8872		8.38426
838		-3.4605		9.04927
839		-8.04828		5.20523
840		-8.66654		-1.37762
841		-4.27392		-7.06597
842		3.26464		-8.43765
843		10.1241		-4.30026
844		12.6348		3.52391
845		9.36445		11.126
846		1.97006		14.6469
847		-5.68672		12.4153
848		-9.67103		5.86992
849		-8.14888		-1.26605
850		-2.36939		-5.09039
851		4.10085		-3.7098
852		7.44778		1.73529
853		5.79657		7.78706
854		0.263111		10.7073
855		-5.72637		8.65886
856		-8.44841		2.77665
857		-6.06337		-3.48551
858		0.292545		-6.35124
859		7.13242		-3.90921
860		10.5987		2.76765
861		8.65846		10.2121
862		2.254		14.5193
863		-5.2454		13.5422
864		-9.96508		8.06954
865		-9.70854		1.32086
866		-5.14971		-2.93312
867		0.636606		-2.52801
868		4.01208		1.90376
869		2.89825		7.38212
870		-2.04991		10.3836
871		-7.89114		8.9299
872		-11.1842		3.73445
873		-10.0494		-2.26002
874		-5.28471		-5.66889
875		0.125822		-4.71481
876		2.82068		-0.31738
877		1.11786		4.43405
878		-3.90747		6.12948
879		-8.98473		3.12704
880		-10.5489		-3.35904
881		-6.88342		-9.84058
882		0.752766		-12.5076
883		8.70336		-9.4401
884		12.9026		-1.79862
885		11.1551		6.71966
886		4.40331		11.878
887		-3.75733		11.2317
888		-9.05639		5.46888
889		-8.9052		-2.00417
890		-3.79506		-7.00248
891		3.05502		-6.92026
892		7.59343		-2.16354
893		7.28284		4.15584
894		2.5513		8.08072
895		-3.48423		7.14739
896		-6.85869		1.85226
897		-5.10198		-4.60056
898		1.268		-8.12909
899		8.96497		-6.13225
900		13.7476		0.975796
901		12.7929		9.93486
902		6.27826		16.4156
903		-2.72187		17.3901
904		-9.95312		12.7516
905		-12.3213		5.27639
906		-9.5214		-1.01969
907		-4.0462		-3.16542
908		0.391197		-0.839367
909		1.07534		3.60918
910		-2.15445		6.69781
911		-6.90529		5.97562
912		-9.76513		1.52737
913		-8.44408		-4.0709
914		-3.24236		-7.31512
915		3.03756		-5.92685
916		6.69928		-0.315388
917		5.34628		6.53493
918		-0.630107		10.7149
919		-8.15958		9.63551
920		-13.1662		3.56437
921		-12.8584		-4.45284
922		-7.32042		-10.2631
923		0.519739		-10.9228
924		6.53691		-6.33448
925		7.72985		0.73711
926		3.88448		6.27818
927		-2.37558		7.33486
928		-7.17365		3.68309
929		-7.67452		-2.10678
930		-3.75033		-6.245
931		1.95932		-6.01599
932		5.63616		-1.44518
933		4.60144		4.65033
934		-0.993538		8.28184
935		-8.11259		6.65914
936		-12.4858		-0.0619926
937		-11.0473		-8.68885
938		-3.77116		-14.6511
939		6.1617		-14.5006
940		13.99		-7.84859
941		15.9027		2.35746
942		11.0648		11.3836
943		2.01322		15.2225
944		-6.78442		12.6701
945		-11.3801		5.81929
946		-10.4209		-1.26935
947		-5.69778		-4.92903
948		-0.900384		-3.9193
949		0.661692		0.0213299
950		-1.96996		3.38294
951		-6.88128		3.11299
952		-10.5026		-1.45951
953		-9.83412		-8.1431
954		-4.35991		-13.1378
955		3.49105		-13.2988
956		9.63749		-8.08547
957		10.6694		-0.0408959
958		5.86927		6.51577
959		-2.24672		7.87007
960		-9.21285		3.02439
961		-11.0274		-5.66474
962		-6.35202		-13.7046
963		2.73697		-16.8751
964		11.8661		-13.4905
965		16.727		-5.26271
966		15.3634		3.69961
967		9.12153		9.17165
968		1.7637		9.08502
969		-2.71631		4.52787
970		-2.31894		-1.05195
971		1.94914		-3.9413
972		6.81862		-2.32931
973		8.78841		2.69503
974		6.24657		7.86813
975		0.448549		9.75477
976		-5.20926		6.85246
977		-7.19584		0.569172
978		-3.97001		-5.50127
979		3.00725		-7.60202
980		9.96842		-3.9864
981		12.8675		3.9957
982		9.61021		12.5225
983		1.2422		17.2983
984		-8.56102		15.8223
985		-15.4134		8.68299
986		-16.4832		-0.808743
987		-11.8707		-8.41393
988		-4.38516		-11.1732
989		2.09572		-8.82184
990		4.73042		-3.68439
991		3.11263		0.81319
992		-0.761288		2.11965
993		-3.85398		-0.100075
994		-3.93783		-3.97188
995		-0.859636		-6.68799
996		3.47381		-6.25685
997		6.32277		-2.69632
998		5.79574		1.99941
999		1.99313		5.06062
1000		-3.03604		4.58165
1001		-6.47211		0.640222
1002		-6.33549		-4.73604
1003		-2.60058		-8.71282
1004		2.80642		-9.22808
1005		7.09522		-6.1079
1006		8.14376		-1.11193
1007		5.6104		3.07647
1008		1.0343		4.31201
1009		-3.07633		2.07903
1010		-4.60759		-2.35719
1011		-2.8825		-6.75104
1012		1.15434		-9.11276
1013		5.62509		-8.66559
1014		8.80544		-6.03118
1015		9.9572		-2.63684
1016		9.46982		0.214437
1017		8.32724		2.02085
1018		7.31984		3.13229
1019		6.53505		4.2275
1020		5.43329		5.63107
1021		3.40938		6.95751
1022		0.418921		7.32539
1023		-2.78418		5.98949
1024		-4.98514		2.95319
1025		-5.21731		-0.871195
1026		-3.38159		-4.09165
1027		-0.359016		-5.60449
1028		2.48028		-5.21604
1029		4.07655		-3.71255
1030		4.28138		-2.32014
1031		3.8667		-1.8927
1032		3.9237		-2.35715
1033		5.03638		-2.79578
1034		6.78465		-2.14007
1035		7.94553		-0.0370808
1036		7.31901		2.70109
1037		4.67737		4.42838
1038		1.20079		3.65647
1039		-0.971918		0.136035
1040		0.0825844		-4.67085
1041		4.81592		-8.1227
1042		11.6418		-7.74784
1043		17.4962		-2.70066
1044		19.3293		5.52682
1045		15.7602		13.6318
1046		7.96703		18.0807
1047		-0.750961		16.9351
1048		-6.5799		10.9243
1049		-7.13857		3.13134
1050		-2.70847		-2.58493
1051		3.94854		-3.60182
1052		9.10908		0.123927
1053		10.1156		6.12966
1054		6.78422		10.9024
1055		1.39883		11.8974
1056		-2.70362		8.97086
1057		-3.14666		4.40007
1058		0.0435638		1.46892
1059		4.42362		2.43257
1060		6.58529		7.05381
1061		4.25495		12.6005
1062		-2.18668		15.3622
1063		-9.694		12.8525
1064		-14.1375		5.43235
1065		-12.6341		-3.62967
1066		-5.31558		-9.77623
1067		4.50842		-9.61716
1068		11.9602		-2.86768
1069		13.1449		7.34055
1070		7.25625		16.0045
1071		-2.94058		18.8468
1072		-12.5438		14.5575
1073		-17.1051		5.44475
1074		-14.959		-3.8695
1075		-8.01164		-8.99264
1076		-0.557955		-8.13376
1077		3.20326		-2.98691
1078		1.55768		2.36065
1079		-3.78018		3.87177
1080		-8.70272		-0.0333271
1081		-9.14348		-7.48045
1082		-3.53064		-14.1402
1083		6.14427		-15.6803
1084		15.2785		-10.3007
1085		19.1336		0.0881729
1086		15.4726		10.7346
1087		5.8861		16.5205
1088		-4.94855		14.6945
1089		-11.6949		6.36417
1090		-11.1549		-4.07898
1091		-3.91557		-11.2899
1092		6.0442		-11.7835
1093		13.5506		-5.70132
1094		15.0174		3.4105
1095		10.2887		10.6527
1096		2.55724		12.4937
1097		-3.55237		8.65127
1098		-4.63665		2.11582
1099		-0.414546		-2.65661
1100		6.1666		-2.34249
1101		10.6517		3.32366
1102		9.64088		11.3627
1103		2.75864		17.1893
1104		-7.06003		17.1506
1105		-15.1075		10.5547
1106		-17.4029		0.0842819
1107		-12.7787		-9.60596
1108		-3.43563		-14.3114
1109		6.28977		-12.3913
1110		12.2225		-5.45228
1111		12.4371		2.70178
1112		8.02842		8.20548
1113		2.22159		9.14065
1114		-1.59412		6.33476
1115		-1.76183		2.58382
1116		0.867695		0.827634
1117		3.65695		2.36445
1118		3.91413		6.12173
1119		0.600578		9.36062
1120		-4.97286		9.3643
1121		-9.84133		5.1146
1122		-11.0541		-2.00521
1123		-7.35738		-8.8702
1124		0.0522137		-12.2514
1125		8.10563		-10.5124
1126		13.4285		-4.44098
1127		14.0257		3.20474
1128		10.1861		9.13985
1129		4.17451		11.1746
1130		-1.0444		9.15559
1131		-3.30698		4.79334
1132		-2.17096		0.573051
1133		1.16311		-1.5766
1134		4.7639		-1.1204
1135		7.10878		1.12819
1136		7.78553		3.78288
1137		7.41626		5.84062
1138		6.95761		7.22246
1139		6.88899		8.61434
1140		6.82466		10.7795
1141		5.77947		13.8332
1142		2.89053		16.9691
1143		-1.88753		18.8186
1144		-7.56875		18.22
1145		-12.5488		14.9165
1146		-15.3982		9.75395
1147		-15.5591		4.26171
1148		-13.5389		-0.120975
1149		-10.5117		-2.70374
1150		-7.60282		-3.70935
1151		-5.31416		-3.88488
1152		-3.43955		-3.85208
1153		-1.48877		-3.64628
1154		0.697487		-2.75809
1155		2.59159		-0.652752
1156		3.16773		2.59011
1157		1.56346		5.97967
1158		-2.19063		7.93105
1159		-6.86601		7.08319
1160		-10.4281		3.1641
1161		-10.9861		-2.6298
1162		-7.80379		-8.03062
1163		-1.79692		-10.7245
1164		4.80524		-9.48147
1165		9.49257		-4.77579
1166		10.6664		1.45446
1167		8.35356		6.78883
1168		4.06425		9.51477
1169		-0.108078		9.37989
1170		-2.62383		7.51363
1171		-3.229		5.60151
1172		-2.88619		4.81998
1173		-2.98371		5.16579
1174		-4.32547		5.56731
1175		-6.52787		4.69359
1176		-8.20251		1.95353
1177		-7.82728		-1.94219
1178		-4.78533		-5.2304
1179		0.0675735		-6.04686
1180		4.68552		-3.54152
1181		6.85144		1.50125
1182		5.37886		6.93126
1183		0.816071		10.2826
1184		-4.76487		10.0452
1185		-8.80368		6.45943
1186		-9.55716		1.39023
1187		-6.96722		-2.65191
1188		-2.62725		-3.80667
1189		1.11298		-1.77124
1190		2.39172		2.15554
1191		0.738602		5.87508
1192		-2.83623		7.65098
1193		-6.56332		6.96403
1194		-8.98089		4.59976
1195		-9.70591		1.97304
1196		-9.46938		0.142088
1197		-9.43315		-0.864632
1198		-10.2429		-1.99216
1199		-11.4328		-4.40965
1200		-11.585		-8.53838
1201		-9.18647		-13.4808
1202		-3.6912		-17.253
1203		3.85753		-17.7541
1204		11.0661		-13.9607
1205		15.2314		-6.67063
1206		14.665		1.65626
1207		9.60044		7.93234
1208		2.18865		9.84569
1209		-4.43446		6.92413
1210		-7.54429		0.729877
1211		-5.9939		-5.88921
1212		-0.60244		-10.0862
1213		6.35945		-10.1912
1214		12.2537		-6.23874
1215		15.1491		0.310787
1216		14.3915		7.3917
1217		10.5072		13.2001
1218		4.6573		16.6841
1219		-1.94946		17.529
1220		-8.34853		15.8338
1221		-13.755		11.8215
1222		-17.3553		5.82777
1223		-18.2638		-1.45751
1224		-15.8102		-8.76021
1225		-10.044		-14.314
1226		-2.11423		-16.3934
1227		5.81952		-14.0974
1228		11.2562		-7.96172
1229		12.3605		0.00544691
1230		8.81887		6.99511
1231		2.07513		10.5218
1232		-5.23194		9.46777
1233		-10.3865		4.52397
1234		-11.7271		-2.19872
1235		-9.23695		-8.17979
1236		-4.32976		-11.5949
1237		0.999271		-11.9603
1238		5.16316		-10.038
1239		7.57921		-7.14247
1240		8.60252		-4.31119
1241		8.9325		-1.83651
1242		8.93183		0.602249
1243		8.31965		3.35931
1244		6.43652		6.23135
1245		2.89439		8.29208
1246		-1.84167		8.31076
1247		-6.36882		5.52474
1248		-8.88867		0.283228
1249		-8.10651		-5.87586
1250		-3.96983		-10.8296
1251		2.20931		-12.8553
1252		8.35804		-11.4479
1253		12.6525		-7.49594
1254		14.3618		-2.70817
1255		14.0409		1.37511
1256		12.9676		4.19587
1257		12.1787		6.32565
1258		11.7135		8.85587
1259		10.5612		12.4132
1260		7.38385		16.437
1261		1.59599		19.2281
1262		-5.88062		18.8251
1263		-12.7229		14.2446
1264		-16.225		6.34991
1265		-14.7274		-2.23328
1266		-8.66068		-8.22028
1267		-0.563118		-9.26289
1268		6.02717		-5.18516
1269		8.27237		1.84552
1270		5.43358		8.35866
1271		-0.797112		11.3118
1272		-7.23051		9.5933
1273		-10.8846		4.48285
1274		-10.5299		-1.17878
1275		-7.22522		-4.64459
1276		-3.55577		-4.80908
1277		-2.0115		-2.7731
1278		-3.43962		-1.10172
1279		-6.46987		-2.19505
1280		-8.26791		-6.70736
1281		-6.21573		-12.9414
1282		0.422934		-17.6084
1283		9.81216		-17.5765
1284		18.2632		-11.6613
1285		22.0229		-1.46422
1286		19.192		9.23085
1287		10.7515		16.2128
1288		0.151798		16.8407
1289		-8.3144		11.2508
1290		-11.4935		2.17854
1291		-8.69254		-6.4502
1292		-1.72134		-11.3705
1293		6.25173		-11.3021
1294		12.3182		-7.13461
1295		15.0231		-1.03287
1296		14.5667		4.89281
1297		12.0737		9.53292
1298		8.53915		12.8459
1299		4.19565		15.1512
1300		-1.28581		16.2573
1301		-7.94426		15.1298
1302		-14.6815		10.4351
1303		-19.1283		1.68578
1304		-18.5139		-9.75196
1305		-11.184		-20.5465
1306		2.07285		-26.479
1307		17.7353		-24.3048
1308		30.6417		-13.4748
1309		36.0598		3.23736
1310		31.7544		20.6331
1311		19.0131		33.1569
1312		2.09402		37.1539
1313		-13.6326		32.223
1314		-23.9132		21.0459
1315		-27.1162		7.8704
1316		-24.3474		-3.49397
1317		-18.2796		-11.1166
1318		-11.4769		-15.1602
1319		-5.19176		-16.9418
1320		0.745027		-17.5599
1321		7.02947		-17.0011
1322		13.6863		-14.2767
1323		19.4361		-8.45371
1324		22.1182		0.147301
1325		19.9668		9.44926
1326		12.9594		16.2645
1327		3.34297		17.83
1328		-5.11251		13.3837
1329		-8.83929		4.83336
1330		-6.27177		-3.96104
1331		1.28928		-8.99436
1332		10.2755		-8.07129
1333		16.6326		-1.849
1334		17.8359		6.60941
1335		14.0447		13.5227
1336		7.78328		16.3782
1337		2.36604		15.1134
1338		-0.00704575		11.8592
1339		0.618443		9.44569
1340		2.22669		9.5903
1341		2.30986		11.862
1342		-0.376358		14.0474
1343		-4.87828		13.6916
1344		-8.54387		9.8638
1345		-8.69883		4.02448
1346		-4.49934		-0.615517
1347		2.20428		-0.953472
1348		7.62263		3.99045
1349		8.08585		12.1364
1350		2.27731		19.1592
1351		-7.67784		20.7333
1352		-17.0133		15.0186
1353		-20.7106		3.97013
1354		-16.2417		-7.3672
1355		-5.14982		-13.3251
1356		7.47902		-10.5844
1357		15.4788		-0.0506821
1358		14.7491		13.433
1359		5.41383		23.4588
1360		-8.18723		25.2949
1361		-19.708		18.2832
1362		-24.0494		6.11002
1363		-19.9271		-5.19537
1364		-10.3904		-10.4558
1365		-1.03689		-8.01222
1366		3.08048		-0.435982
1367		0.157181		7.05959
1368		-7.51205		9.59763
1369		-14.9626		5.34267
1370		-17.4332		-3.55521
1371		-13.059		-12.2687
1372		-3.87913		-16.083
1373		5.38047		-13.0778
1374		10.0387		-5.186
1375		8.14089		2.95768
1376		1.56488		6.71275
1377		-5.07912		4.13288
1378		-7.13186		-2.87376
1379		-2.62672		-9.59837
1380		6.47693		-11.2184
1381		15.2923		-5.6057
1382		18.7001		5.34076
1383		14.239		16.6158
1384		3.56427		22.7995
1385		-8.36885		21.0333
1386		-15.9714		12.6193
1387		-16.0738		2.33085
1388		-9.66971		-4.20767
1389		-1.36905		-3.63934
1390		3.16299		3.23377
1391		0.383011		11.8454
1392		-9.08427		16.3514
1393		-20.6674		12.862
1394		-28.2374		1.6552
1395		-27.3789		-12.8416
1396		-17.7756		-24.3029
1397		-3.42366		-27.7804
1398		9.43571		-22.2416
1399		15.5404		-11.0232
1400		13.257		0.0148087
1401		5.2536		5.61174
1402		-3.11861		3.80931
1403		-6.81255		-3.19848
1404		-3.79846		-10.4783
1405		3.9562		-13.2093
1406		11.7303		-9.3875
1407		14.7896		-0.909729
1408		11.0948		7.53152
1409		2.49143		11.1071
1410		-6.26213		7.59342
1411		-10.0879		-1.30204
1412		-6.39371		-10.752
1413		3.41933		-15.3228
1414		14.5538		-11.8524
1415		21.1974		-1.17754
1416		19.4428		12.179
1417		9.24486		22.1735
1418		-5.55194		24.1262
1419		-19.0643		16.8651
1420		-26.1035		3.10798
1421		-24.4049		-11.9994
1422		-15.3083		-23.3414
1423		-2.69926		-28.0038
1424		9.08833		-26.1282
1425		17.2459		-20.1863
1426		21.3591		-13.2465
1427		22.8712		-7.27829
1428		23.6256		-2.40729
1429		24.4307		2.57453
1430		24.4977		8.87326
1431		22.0449		16.4088
1432		15.6649		23.3908
1433		5.61531		27.0436
1434		-5.76931		25.0991
1435		-14.8504		17.2283
1436		-18.299		5.59667
1437		-14.7346		-5.82053
1438		-5.54315		-12.8806
1439		5.57258		-13.0959
1440		14.1244		-6.76087
1441		16.7465		3.15144
1442		12.6044		12.2693
1443		3.68206		16.6814
1444		-6.13728		14.5362
1445		-12.744		6.70314
1446		-13.4677		-3.73063
1447		-8.03799		-12.8318
1448		1.50297		-17.4187
1449		11.7987		-16.2078
1450		19.5884		-10.0874
1451		22.9089		-1.50768
1452		21.6284		6.65892
1453		17.1824		12.2567
1454		11.7266		14.5184
1455		7.13993		14.0558
1456		4.32273		12.2663
1457		3.06032		10.4928
1458		2.44861		9.35254
1459		1.62521		8.54114
1460		0.418324		7.18617
1461		-0.428391		4.55712
1462		0.403286		0.761909
1463		4.03237		-2.95508
1464		10.5344		-4.53216
1465		18.4661		-1.96108
1466		25.0745		5.64115
1467		27.2127		17.2588
1468		22.6472		29.9304
1469		11.211		39.5722
1470		-4.74768		42.4291
1471		-20.9086		36.5914
1472		-32.3894		22.929
1473		-35.4964		4.99703
1474		-29.1082		-12.1101
1475		-15.1092		-23.522
1476		2.31154		-26.2619
1477		18.1917		-20.1498
1478		28.5049		-7.61324
1479		31.3458		7.4363
1480		27.1685		21.1054
1481		18.1137		30.7294
1482		6.8694		35.3328
1483		-4.33464		35.299
1484		-14.1595		31.6027
1485		-21.9549		25.1309
1486		-27.2323		16.4788
1487		-29.2882		6.25622
1488		-27.3101		-4.41609
1489		-20.9503		-13.6849
1490		-10.9991		-19.3294
1491		0.352791		-19.6513
1492		9.99007		-14.4517
1493		15.0136		-5.51427
1494		14.0511		3.80688
1495		8.06289		9.84325
1496		0.147563		10.1955
1497		-5.67932		4.88695
1498		-6.22895		-3.52031
1499		-0.598175		-10.9788
1500		9.37137		-13.7323
1501		19.8858		-9.99313
1502		26.8881		-0.724281
1503		27.8467		10.8473
1504		22.7939		20.7385
1505		14.1413		25.998
1506		5.40414		25.9086
1507		-0.495978		22.0498
1508		-2.49673		17.2546
1509		-1.62129		14.0465
1510		-0.114449		13.387
1511		-0.00347519		14.3736
1512		-1.88589		15.0029
1513		-4.60625		13.5453
1514		-5.99384		9.74765
1515		-4.25243		5.17404
1516		0.773609		2.45696
1517		7.18903		3.82522
1518		11.7898		9.68612
1519		11.6454		18.0547
1520		5.74015		25.2184
1521		-4.19079		27.4019
1522		-14.1385		22.6644
1523		-19.4854		12.0904
1524		-17.1344		-0.372253
1525		-7.10477		-9.45158
1526		7.19938		-10.8271
1527		20.2511		-3.12196
1528		26.6868		11.3222
1529		23.6171		27.2876
1530		11.9198		38.811
1531		-4.08132		41.6758
1532		-18.4305		35.1621
1533		-26.0429		22.2795
1534		-24.7862		8.39069
1535		-16.2261		-1.13619
1536		-4.74005		-3.17879
1537		4.54618		1.98698
1538		8.01749		11.1025
1539		4.98589		19.6374
1540		-2.33738		23.9256
1541		-10.1995		22.6936
1542		-15.2388		17.2941
1543		-15.99		10.6386
1544		-13.2327		5.48572
1545		-9.09501		3.05179
1546		-5.51042		2.69352
1547		-2.97316		2.7894
1548		-0.36277		2.24141
1549		4.02203		1.62865
1550		10.8215		3.20352
1551		18.4044		9.57334
1552		22.9869		21.7193
1553		20.2807		37.5133
1554		7.96947		51.7781
1555		-12.3023		58.1915
1556		-34.6836		52.3147
1557		-51.0868		34.266
1558		-54.6935		9.53188
1559		-43.3876		-12.8048
1560		-21.3316		-23.8612
1561		2.33744		-19.0897
1562		17.3367		-0.715462
1563		16.9115		22.8849
1564		1.10932		40.7801
1565		-23.0383		44.466
1566		-44.6628		31.8507
1567		-54.103		8.24838
1568		-47.4056		-16.1809
1569		-28.0431		-31.3279
1570		-4.97185		-31.9345
1571		11.9839		-19.8712
1572		17.0418		-2.74516
1573		11.1131		10.405
1574		0.814536		14.0206
1575		-5.59994		8.89206
1576		-3.15181		1.41147
1577		6.84274		-0.404236
1578		17.3995		8.06991
1579		19.9041		24.8516
1580		9.39678		41.8792
1581		-11.8717		49.2062
1582		-34.7769		40.7105
1583		-47.6603		18.1871
1584		-42.556		-8.61013
1585		-20.001		-26.3294
1586		10.311		-24.7468
1587		33.6918		-2.4058
1588		37.5469		31.8958
1589		17.8466		62.7983
1590		-18.4049		75.5924
1591		-56.1277		63.3942
1592		-79.2019		30.6296
1593		-78.1009		-8.99641
1594		-54.2829		-39.0595
1595		-19.1517		-48.189
1596		11.8035		-35.1238
1597		26.6021		-8.57116
1598		22.1692		17.8731
1599		4.85302		32.9058
1600		-13.963		32.9347
1601		-24.5504		22.9353
1602		-24.0513		12.5157
1603		-17.365		9.61815
1604		-13.3486		15.5687
1605		-18.6646		24.3676
1606		-32.9787		26.6527
1607		-48.471		16.0276
1608		-54.1614		-6.02357
1609		-42.7174		-29.7356
1610		-15.8202		-41.787
1611		15.2446		-32.7972
1612		34.5742		-3.47318
1613		29.8879		34.244
1614		-0.300339		62.1345
1615		-44.6067		64.5559
1616		-83.3035		36.73
1617		-97.4908		-11.9567
1618		-78.3935		-61.6295
1619		-32.02		-90.9861
1620		23.3199		-87.3052
1621		65.5106		-52.382
1622		78.9121		-1.40543
1623		61.2803		44.6058
1624		23.9336		68.8975
1625		-14.7119		66.4566
1626		-38.7032		45.1846
1627		-42.1565		20.4509
1628		-31.0382		6.19572
1629		-18.4607		7.47887
1630		-16.334		18.4514
1631		-28.1262		26.6737
1632		-46.7808		21.1938
1633		-58.9271		-0.257753
1634		-53.0017		-29.0964
1635		-26.6904		-50.0804
1636		10.5844		-49.6799
1637		41.7259		-24.0469
1638		50.5903		17.8675
1639		30.6385		57.9607
1640		-11.0487		77.6785
1641		-56.6687		67.3108
1642		-86.1554		31.0335
1643		-86.9025		-14.9709
1644		-59.7796		-50.3862
1645		-18.3972		-60.592
1646		17.9115		-43.4425
1647		33.6956		-9.63303
1648		24.6302		23.3364
1649		-1.19794		40.2889
1650		-28.3707		35.7869
1651		-42.6713		16.088
1652		-38.4628		-5.12149
1653		-21.0845		-14.6824
1654		-3.21002		-7.21738
1655		2.64161		12.1784
1656		-8.73501		31.1108
1657		-32.2798		37.0407
1658		-55.4426		24.4443
1659		-65.0901		-1.91459
1660		-54.7639		-29.3307
1661		-28.3775		-43.8197
1662		1.59672		-37.5116
1663		20.4537		-12.8594
1664		18.7373		18.5112
1665		-3.02248		41.6421
1666		-34.7012		45.6775
1667		-61.7739		29.0568
1668		-72.5205		-0.102222
1669		-63.5167		-28.4413
1670		-40.7105		-44.1582
1671		-15.7596		-42.6016
1672		0.248583		-27.8809
1673		2.32698		-9.89071
1674		-6.44934		1.45205
1675		-17.3859		1.60062
1676		-21.5225		-6.42833
1677		-14.9429		-14.1083
1678		-1.20822		-12.4982
1679		10.3448		2.37599
1680		9.53061		26.6989
1681		-9.07684		50.0857
1682		-42.7064		60.2695
1683		-80.8553		48.9664
1684		-109.467		16.0982
1685		-116.871		-29.6099
1686		-98.7633		-73.8983
1687		-60.059		-102.584
1688		-12.9156		-107.028
1689		28.049		-87.1705
1690		51.2102		-51.0552
1691		51.824		-11.3131
1692		32.9666		19.7214
1693		3.49261		34.2128
1694		-25.8271		30.8216
1695		-46.2572		14.0511
1696		-53.627		-8.38822
1697		-48.7211		-28.8509
1698		-35.7868		-42.2875
1699		-20.1259		-47.1958
1700		-5.9455		-44.9522
1701		4.67957		-38.1837
1702		11.5284		-29.1521
1703		15.0896		-18.9588
1704		15.3816		-7.85081
1705		11.5115		3.71845
1706		2.28981		14.0546
1707		-12.412		20.0137
1708		-30.3835		18.0019
1709		-46.7954		5.88027
1710		-55.4374		-15.1424
1711		-51.2275		-39.7604
1712		-32.9683		-59.7246
1713		-4.95052		-66.7998
1714		23.6975		-56.4473
1715		42.0826		-30.5603
1716		42.0167		2.26748
1717		21.9851		29.4937
1718		-11.3374		39.5635
1719		-45.0625		27.0166
1720		-65.0467		-4.58267
1721		-61.8484		-43.4538
1722		-35.0423		-74.0884
1723		6.18003		-83.617
1724		46.5768		-67.2599
1725		71.1098		-30.369
1726		71.0976		13.9117
1727		47.4812		50.2925
1728		9.78108		67.6505
1729		-28.6075		63.0829
1730		-56.3745		41.943
1731		-68.5815		14.1403
1732		-67.3195		-11.1474
1733		-58.7595		-29.4949
1734		-48.542		-41.9477
1735		-38.2857		-52.323
1736		-25.2741		-62.9489
1737		-5.47217		-71.6173
1738		22.0049		-71.8564
1739		51.8658		-56.6899
1740		73.3149		-23.8953
1741		74.6564		20.3718
1742		49.7351		62.1353
1743		2.76205		84.7769
1744		-51.4523		76.7108
1745		-92.6744		37.798
1746		-103.843		-18.9991
1747		-79.116		-72.0754
1748		-27.3585		-100.1
1749		30.9359		-91.3906
1750		72.1511		-49.3176
1751		79.6712		8.93596
1752		50.9444		59.7744
1753		-1.76198		83.3343
1754		-57.1405		71.6773
1755		-94.2906		31.3618
1756		-101.336		-20.4812
1757		-79.3417		-64.3261
1758		-40.1405		-86.5604
1759		0.270351		-84.0641
1760		29.1161		-63.3715
1761		41.3423		-35.591
1762		39.4438		-10.2891
1763		29.5133		8.28628
1764		16.3734		20.9417
1765		0.888969		30.0405
1766		-19.0139		35.4745
1767		-44.5128		33.0348
1768		-71.9827		16.5556
1769		-91.969		-17.2256
1770		-92.3905		-64.0385
1771		-64.7886		-110.865
1772		-10.403		-139.667
1773		57.5057		-134.916
1774		117.033		-91.4636
1775		145.812		-18.7413
1776		130.531		61.2726
1777		73.3459		121.927
1778		-8.00326		142.366
1779		-86.714		115.962
1780		-137.323		52.9189
1781		-145.439		-24.0863
1782		-112.614		-89.1812
1783		-54.4878		-123.315
1784		6.58584		-120.698
1785		50.8223		-89.2324
1786		68.0607		-45.376
1787		59.8457		-6.31989
1788		36.3517		16.7563
1789		10.335		21.575
1790		-8.63991		13.2045
1791		-17.0915		-0.333103
1792		-16.8712		-12.5628
1793		-11.9926		-20.854
1794		-5.34408		-25.7743
1795		2.71157		-28.535
1796		13.2398		-28.5716
1797		26.1588		-23.0318
1798		38.1409		-8.64505
1799		42.6905		15.1243
1800		32.8102		43.6617
1801		5.08793		67.3179
1802		-36.9661		74.5674
1803		-82.3692		57.0691
1804		-115.697		14.3284
1805		-122.766		-44.3936
1806		-96.6555		-102.167
1807		-41.44		-139.966
1808		28.1527		-143.628
1809		91.2515		-109.437
1810		127.891		-46.0457
1811		125.936		28.0564
1812		85.2954		90.598
1813		17.939		122.835
1814		-56.1535		115.487
1815		-115.5		71.3125
1816		-143.726		3.68245
1817		-134.093		-68.0577
1818		-90.681		-124.618
1819		-26.2571		-152.13
1820		42.0763		-145.296
1821		97.8033		-107.722
1822		128.957		-49.8499
1823		130.217		14.4302
1824		103.039		71.2668
1825		54.3426		109.535
1826		-5.45621		122.398
1827		-64.4494		107.907
1828		-111.034		69.007
1829		-135.588		13.1927
1830		-132.199		-48.2742
1831		-100.334		-101.903
1832		-45.9822		-134.515
1833		18.5171		-136.596
1834		76.5926		-105.639
1835		111.518		-48.1985
1836		111.55		20.5933
1837		74.4387		80.56
1838		9.42606		112.426
1839		-64.5312		104.345
1840		-124.217		56.5911
1841		-149.685		-17.5971
1842		-131.193		-95.7368
1843		-72.8991		-153.3
1844		8.24311		-171.852
1845		88.0524		-145.125
1846		143.086		-80.7855
1847		158.002		2.60273
1848		129.694		82.0154
1849		67.0209		137.185
1850		-13.1916		155.937
1851		-91.8349		136.099
1852		-152.534		84.111
1853		-184.471		11.7523
1854		-182.88		-67.1483
1855		-148.243		-138.85
1856		-85.515		-190.673
1857		-4.08442		-211.765
1858		82.0013		-194.741
1859		154.814		-138.417
1860		195.51		-50.614
1861		189.54		50.8857
1862		132.586		140.914
1863		34.5831		193.338
1864		-80.6723		189.635
1865		-181.314		126.408
1866		-237.19		18.4415
1867		-230.218		-104.641
1868		-161.179		-207.448
1869		-50.0286		-260.458
1870		70.6719		-249.779
1871		166.71		-181.275
1872		213.322		-77.6182
1873		202.258		30.2403
1874		142.535		113.571
1875		55.3161		154.225
1876		-34.3198		148.134
1877		-105.156		103.593
1878		-144.458		36.1774
1879		-148.69		-36.9101
1880		-121.47		-100.793
1881		-70.8331		-144.481
1882		-7.35991		-160.905
1883		56.5358		-146.921
1884		107.19		-104.231
1885		131.484		-40.8448
1886		120.38		28.4444
1887		73.1953		84.176
1888		0.436892		107.432
1889		-77.0787		86.7783
1890		-133.673		24.088
1891		-147.504		-63.7966
1892		-109.258		-149.179
1893		-27.0482		-202.528
1894		75.018		-203.154
1895		164.549		-147.26
1896		212.059		-49.9593
1897		201.275		59.6847
1898		134.562		148.639
1899		31.5436		190.929
1900		-78.1345		175.526
1901		-164.722		108.507
1902		-207.079		9.43704
1903		-197.358		-95.8308
1904		-140.907		-182.771
1905		-52.6576		-233.633
1906		47.7486		-239.736
1907		140.162		-201.249
1908		206.738		-125.873
1909		233.841		-27.5109
1910		213.939		74.9993
1911		147.851		159.915
1912		46.6081		206.275
1913		-68.6143		199.211
1914		-169.871		135.505
1915		-229.244		26.9782
1916		-227.393		-100.472
1917		-160.818		-212.966
1918		-44.7018		-278.445
1919		90.3911		-276.942
1920		207.328		-207.47
1921		273.796		-88.8058
1922		272.222		46.2888
1923		204.7		161.285
1924		91.4374		226.842
1925		-36.3298		228.726
1926		-146.03		170.372
1927		-212.607		69.9832
1928		-223.911		-46.0392
1929		-181.725		-150.616
1930		-99.2014		-222.13
1931		3.60159		-247.987
1932		104.432		-225.656
1933		182.868		-161.96
1934		223.498		-71.3557
1935		218.423		26.4984
1936		169.04		110.033
1937		86.5855		159.97
1938		-9.35458		163.952
1939		-94.7862		120.384
1940		-147.234		39.9548
1941		-152.122		-56.2766
1942		-107.476		-142.214
1943		-25.0787		-194.09
1944		72.64		-197.486
1945		159.124		-151.594
1946		211.47		-69.2178
1947		216.843		27.3871
1948		175.513		113.284
1949		99.7978		167.858
1950		9.71084		179.863
1951		-72.9267		149.266
1952		-129.957		85.9337
1953		-150.561		6.15925
1954		-132.654		-71.6031
1955		-82.3276		-130.655
1956		-11.9693		-159.039
1957		62.3337		-151.453
1958		123.8		-110.141
1959		158.176		-44.6728
1960		156.866		29.5929
1961		119.35		94.5006
1962		54.0675		133.254
1963		-22.9311		134.873
1964		-91.6527		97.649
1965		-133.411		30.3015
1966		-136.179		-49.8528
1967		-98.3148		-121.436
1968		-29.3517		-164.973
1969		52.5132		-168.446
1970		125.49		-130.689
1971		170.24		-61.618
1972		175.056		20.6586
1973		138.744		94.8426
1974		70.5794		142.023
1975		-12.3882		150.303
1976		-89.7472		117.427
1977		-142.638		50.9954
1978		-158.049		-33.5306
1979		-131.68		-116.444
1980		-68.889		-178.231
1981		16.4048		-203.977
1982		104.698		-186.894
1983		175.267		-130.173
1984		211.062		-46.6411
1985		203.049		43.961
1986		152.808		119.605
1987		72.5736		161.495
1988		-17.5552		159.034
1989		-94.6301		112.827
1990		-138.815		34.7591
1991		-138.638		-54.9771
1992		-94.0552		-133.125
1993		-16.4444		-179.429
1994		74.4092		-181.857
1995		155.472		-139.575
1996		206.33		-62.9993
1997		214.236		28.9887
1998		177.124		113.828
1999		103.96		170.825
2000		12.456		186.134
2001		-75.247		156.037
2002		-137.903		87.8281
2003		-160.29		-1.90249
2004		-136.965		-91.2222
2005		-73.7252		-158.181
2006		13.6737		-186.281
2007		103.346		-168.724
2008		172.798		-110.291
2009		204.75		-26.2257
2010		191.707		61.6853
2011		137.953		130.863
2012		58.3597		163.942
2013		-25.694		153.341
2014		-92.1331		103.113
2015		-124.068		27.5833
2016		-114.092		-52.7421
2017		-65.8652		-116.761
2018		7.28182		-148.236
2019		86.1691		-139.691
2020		150.811		-93.851
2021		185.321		-22.4994
2022		181.504		56.7434
2023		140.458		124.758
2024		72.0191		165.343
2025		-7.64019		168.809
2026		-79.6882		134.092
2027		-126.844		69.0474
2028		-137.334		-11.1382
2029		-107.814		-87.2104
2030		-44.55		-140.226
2031		37.5854		-156.19
2032		118.338		-129.853
2033		176.956		-66.5833
2034		197.622		18.4392
2035		173.947		103.775
2036		111.135		167.28
2037		24.9702		192.176
2038		-62.2945		171.841
2039		-128.049		111.808
2040		-155.644		28.2423
2041		-138.973		-56.6858
2042		-83.9212		-121.106
2043		-6.28916		-149.476
2044		73.0344		-136.506
2045		134.036		-87.9142
2046		162.805		-18.0433
2047		154.569		54.6532
2048		113.926		112.683
2049		52.625		143.646
2050		-14.0696		142.457
2051		-71.2007		111.493
2052		-107.168		59.1015
2053		-115.541		-2.76347
2054		-95.6607		-61.0872
2055		-52.3044		-104.115
2056		5.33887		-123.304
2057		65.27		-114.836
2058		114.838		-80.5326
2059		143.314		-27.8554
2060		144.468		31.3439
2061		118.426		83.3613
2062		72.0795		116.049
2063		17.5833		122.181
2064		-30.8524		101.645
2065		-61.0057		61.5896
2066		-66.2011		14.2995
2067		-47.1374		-26.5639
2068		-11.3348		-50.0829
2069		29.5626		-51.1342
2070		63.5858		-31.3698
2071		81.9409		2.03395
2072		81.0421		39.169
2073		62.6074		70.5294
2074		32.1712		89.3463
2075		-3.08062		92.5219
2076		-36.1839		80.2806
2077		-61.4242		55.1858
2078		-74.5712		21.255
2079		-72.8257		-16.4379
2080		-55.0359		-51.8217
2081		-22.375		-78.0806
2082		20.8561		-88.6112
2083		67.0038		-78.7684
2084		106.051		-47.8786
2085		127.948		-0.582594
2086		125.693		53.3846
2087		98.0285		101.319
2088		50.5718		131.093
2089		-5.31133		134.929
2090		-55.6665		111.988
2091		-88.099		68.7513
2092		-95.4308		17.0062
2093		-77.5814		-29.8103
2094		-41.1104		-60.5718
2095		3.24067		-69.3637
2096		43.9701		-56.4827
2097		71.9584		-27.4841
2098		82.3919		9.07665
2099		75.1433		44.2431
2100		53.8874		70.7517
2101		24.5733		84.1964
2102		-6.14035		83.291
2103		-32.1319		69.5361
2104		-48.6869		46.6081
2105		-53.092		19.6331
2106		-45.0222		-5.65841
2107		-26.6558		-23.936
2108		-2.35729		-31.3587
2109		22.1786		-26.5038
2110		41.23		-10.8026
2111		50.4741		11.7586
2112		48.0862		35.6663
2113		35.1389		55.3441
2114		15.1762		66.5855
2115		-6.86146		67.515
2116		-25.974		58.8402
2117		-38.2912		43.4298
2118		-41.8384		25.4519
2119		-36.8049		9.35991
2120		-25.382		-1.0598
2121		-11.275		-3.47426
2122		1.05031		2.432
2123		7.35451		14.7044
2124		4.74955		29.3266
2125		-7.27197		41.0223
2126		-26.2678		44.6247
2127		-47.0936		36.7257
2128		-63.1054		17.0766
2129		-68.0904		-10.8391
2130		-58.3322		-40.4262
2131		-34.067		-63.7221
2132		0.254941		-73.7338
2133		37.0533		-66.566
2134		67.678		-42.6083
2135		84.7257		-6.42831
2136		83.8594		34.4817
2137		64.6648		71.5696
2138		30.5071		97.0751
2139		-12.3116		105.439
2140		-55.7075		94.1671
2141		-91.0547		64.2627
2142		-110.509		20.3526
2143		-108.497		-29.5862
2144		-83.3022		-75.1738
2145		-38.3205		-105.499
2146		17.6775		-111.812
2147		71.8783		-90.4004
2148		110.442		-44.5637
2149		122.521		15.3432
2150		103.935		74.2908
2151		59.0015		116.87
2152		-0.415051		132.089
2153		-58.5248		116.859
2154		-100.618		76.7785
2155		-117.552		23.8817
2156		-108.002		-27.6676
2157		-77.7744		-66.1465
2158		-36.7544		-85.2806
2159		4.91794		-84.7272
2160		39.7225		-68.328
2161		63.6492		-41.4455
2162		75.2649		-8.94158
2163		74.1046		25.2743
2164		59.7833		57.3297
2165		32.5892		82.2594
2166		-4.8218		94.017
2167		-45.9652		87.2715
2168		-80.7993		60.3969
2169		-98.4047		18.015
2170		-91.3438		-28.7231
2171		-59.7426		-65.0294
2172		-12.8454		-77.8452
2173		33.2856		-61.503
2174		61.4707		-20.989
2175		60.2935		29.0536
2176		29.1203		69.5662
2177		-21.1465		84.5169
2178		-72.1314		67.3436
2179		-105.201		23.5381
2180		-108.691		-31.7645
2181		-82.0129		-80.0371
2182		-34.9992		-106.576
2183		16.8877		-105.487
2184		59.0102		-80.4804
2185		82.6091		-41.6243
2186		86.3673		-0.133608
2187		74.3473		36.0037
2188		52.0431		63.5217
2189		23.1001		82.2538
2190		-11.3972		91.9719
2191		-50.8792		90.0931
2192		-92.0844		72.046
2193		-127.127		34.3868
2194		-144.661		-21.0743
2195		-134.205		-84.7739
2196		-91.7405		-140.572
2197		-23.6328		-170.814
2198		53.5497		-163.365
2199		117.913		-117.39
2200		150.062		-44.982
2201		140.543		32.4925
2202		93.5839		91.9838
2203		25.4132		117.095
2204		-42.0802		103.596
2205		-89.5106		59.8904
2206		-106.435		2.57692
2207		-93.5284		-50.5873
2208		-60.0862		-87.0079
2209		-18.651		-102.247
2210		20.3389		-98.9521
2211		51.3769		-83.0634
2212		73.3531		-59.8236
2213		86.7499		-31.8497
2214		90.823		-0.0386009
2215		82.8154		33.7418
2216		59.8406		64.3498
2217		22.2873		83.428
2218		-23.5337		82.378
2219		-65.5883		56.9752
2220		-89.8011		11.1203
2221		-85.8974		-42.654
2222		-52.679		-86.8389
2223		0.0445976		-105.583
2224		54.2508		-91.4684
2225		90.394		-49.2506
2226		95.2387		5.36396
2227		67.4017		51.6402
2228		18.1037		71.9915
2229		-33.2589		58.9254
2230		-66.8142		17.8165
2231		-69.8867		-35.5564
2232		-41.4679		-81.47
2233		8.15043		-103.829
2234		62.0417		-95.6957
2235		103.298		-60.7626
2236		120.771		-10.6995
2237		111.77		39.949
2238		81.2011		78.8411
2239		38.2852		98.8708
2240		-7.16481		98.4679
2241		-47.1864		79.9167
2242		-76.1875		47.2536
2243		-90.1645		5.12473
2244		-85.943		-40.9806
2245		-61.555		-83.8387
2246		-17.9147		-114.273
2247		39.1755		-122.665
2248		98.2555		-102.201
2249		143.923		-52.6354
2250		161.131		17.3573
2251		140.722		90.932
2252		83.9429		147.356
2253		3.70091		168.66
2254		-78.4616		146.197
2255		-138.952		84.4287
2256		-159.956		0.180049
2257		-135.524		-82.5892
2258		-73.5533		-140.625
2259		7.09236		-158.887
2260		83.1409		-134.95
2261		134.56		-78.8322
2262		150.434		-8.64482
2263		131.126		55.9373
2264		86.4128		99.7698
2265		30.9038		115.772
2266		-21.0954		105.118
2267		-59.2835		74.7911
2268		-78.6631		34.1214
2269		-78.7522		-8.01383
2270		-61.9017		-44.4697
2271		-31.9945		-69.7839
2272		5.85702		-79.7627
2273		44.9474		-71.6975
2274		76.9344		-45.5461
2275		93.041		-5.47174
2276		86.6703		39.4844
2277		56.5594		76.704
2278		8.88712		93.4833
2279		-43.149		81.71
2280		-82.8066		41.8088
2281		-95.4152		-16.0121
2282		-74.0431		-74.2299
2283		-22.8061		-113.641
2284		43.7903		-120.136
2285		105.483		-89.9313
2286		143.163		-31.1173
2287		145.385		39.1436
2288		111.946		100.614
2289		53.2951		136.744
2290		-13.7171		139.58
2291		-71.7753		111.167
2292		-108.282		61.3694
2293		-117.974		3.5633
2294		-102.523		-49.7536
2295		-68.087		-89.7055
2296		-22.4359		-111.58
2297		26.899		-113.82
2298		73.0087		-96.7845
2299		109.136		-62.3856
2300		128.532		-14.8077
2301		125.538		38.4768
2302		97.8767		86.6829
2303		49.0561		117.596
2304		-10.6632		121.23
2305		-65.9259		93.961
2306		-100.559		41.1835
2307		-103.106		-23.0858
2308		-71.3938		-80.0458
2309		-14.0769		-112.212
2310		51.7521		-109.485
2311		106.154		-72.7667
2312		133.031		-13.6485
2313		125.346		49.6849
2314		86.9684		98.6723
2315		30.6785		120.298
2316		-26.6163		110.603
2317		-69.4218		74.8374
2318		-87.9245		24.6847
2319		-79.7812		-25.9436
2320		-49.3949		-64.8664
2321		-5.58257		-84.1555
2322		41.1461		-80.941
2323		80.7966		-56.9642
2324		105.319		-17.6064
2325		109.512		29.1171
2326		91.768		73.5817
2327		54.734		105.897
2328		5.53868		117.8
2329		-44.9816		104.891
2330		-84.394		68.5176
2331		-101.865		16.367
2332		-91.5321		-38.8679
2333		-54.796		-82.6879
2334		-0.51196		-102.966
2335		57.2313		-93.697
2336		103.115		-56.9616
2337		125.049		-2.37653
2338		117.577		55.7691
2339		83.172		102.672
2340		31.138		127.064
2341		-25.3157		123.938
2342		-72.7543		95.3009
2343		-100.827		49.0358
2344		-104.402		-3.52549
2345		-84.2162		-50.511
2346		-46.165		-82.1647
2347		0.40124		-92.7626
2348		44.9191		-81.5436
2349		77.9573		-52.5823
2350		93.2443		-13.663
2351		88.9748		25.6429
2352		68.0746		56.312
2353		37.295		72.0683
2354		5.32188		70.8531
2355		-19.5964		55.13
2356		-31.8087		30.9327
2357		-29.5733		5.97831
2358		-15.1858		-12.5354
2359		5.99808		-19.7731
2360		27.2205		-14.2747
2361		42.1066		1.98948
2362		46.1245		24.3357
2363		37.5043		46.5379
2364		17.5987		62.1745
2365		-9.26327		65.9999
2366		-36.4432		55.2446
2367		-56.2488		30.6678
2368		-61.7682		-2.97391
2369		-49.0035		-37.4527
2370		-18.6942		-62.8287
2371		22.9658		-70.2393
2372		65.3316		-54.9603
2373		96.0791		-18.6167
2374		105.03		30.4965
2375		87.718		79.4175
2376		47.2835		114.358
2377		-6.15625		125.078
2378		-58.555		108.159
2379		-96.2892		67.9676
2380		-110.181		15.0012
2381		-97.7592		-37.5969
2382		-63.1491		-77.901
2383		-15.0183		-98.0247
2384		36.2718		-95.146
2385		81.081		-70.9198
2386		111.796		-30.1315
2387		123.161		20.4706
2388		112.337		72.7469
2389		79.3602		117.454
2390		28.1031		145.017
2391		-32.9313		147.368
2392		-91.0433		120.705
2393		-131.743		68.0918
2394		-142.909		0.399912
2395		-119.351		-65.5597
2396		-65.761		-111.694
2397		3.61341		-124.644
2398		69.0156		-100.787
2399		111.693		-47.9983
2400		120.384		16.8467
2401		95.1144		73.8167
2402		46.7012		106.943
2403		-7.77672		109.449
2404		-51.53		85.1481
2405		-73.8243		45.6922
2406		-72.6685		5.22963
2407		-53.6989		-24.9941
2408		-26.3289		-39.7847
2409		0.642086		-39.9452
2410		21.8346		-29.7429
2411		35.5335		-13.75
2412		41.9328		5.06945
2413		41.0094		25.1819
2414		31.6739		44.799
2415		12.8533		60.2619
2416		-14.2321		66.0356
2417		-44.2861		56.8241
2418		-68.2517		30.8728
2419		-76.2103		-7.45151
2420		-61.8004		-47.6286
2421		-25.9953		-76.1281
2422		21.904		-81.6666
2423		66.985		-60.2362
2424		94.257		-17.4327
2425		94.6226		33.2367
2426		68.5577		75.4916
2427		25.7847		96.6168
2428		-18.9018		92.1608
2429		-51.6879		66.9548
2430		-64.8866		32.1973
2431		-58.9527		0.206469
2432		-40.7706		-20.5647
2433		-19.4466		-27.996
2434		-1.93629		-25.4373
2435		9.33472		-18.4499
2436		15.9582		-11.2116
2437		20.8884		-4.59516
2438		25.5003		3.20815
2439		28.2251		14.1905
2440		25.5697		27.9093
2441		14.8428		40.5274
2442		-3.15656		46.2724
2443		-23.272		40.604
2444		-37.7207		23.2943
2445		-39.7068		-0.449429
2446		-27.0583		-21.6955
2447		-3.88135		-31.6788
2448		20.8187		-25.9828
2449		37.0395		-6.86736
2450		38.3589		17.5305
2451		24.9331		36.8301
2452		3.41898		43.1469
2453		-16.1554		34.6471
2454		-25.0427		16.2202
2455		-19.6979		-2.98802
2456		-3.13566		-13.9073
2457		16.8011		-11.6073
2458		31.2678		2.80491
2459		34.39		23.1977
2460		25.4939		41.6184
2461		8.70199		51.9613
2462		-9.63211		52.2878
2463		-24.1429		44.8268
2464		-32.6362		33.9444
2465		-36.2398		23.3909
2466		-37.6895		14.3932
2467		-38.9096		5.57748
2468		-39.3602		-5.37023
2469		-36.1264		-19.3663
2470		-25.7215		-34.3375
2471		-6.60728		-45.3779
2472		18.9798		-46.7111
2473		44.9801		-34.5352
2474		63.4294		-9.33837
2475		67.551		23.5131
2476		54.6337		55.2977
2477		27.3911		76.9766
2478		-6.81004		82.4594
2479		-38.5228		70.74
2480		-59.5011		46.0697
2481		-65.3634		16.201
2482		-56.6551		-10.4791
2483		-38.059		-27.7356
2484		-16.261		-33.1533
2485		2.55269		-28.2152
2486		14.5792		-17.0039
2487		19.063		-4.24355
2488		17.7153		6.45284
2489		13.359		13.4983
2490		8.49902		17.2205
2491		4.42129		18.9944
2492		1.09208		20.1577
2493		-2.26823		21.249
2494		-6.34938		21.8746
2495		-11.1307		21.1649
2496		-15.7903		18.4932
2497		-19.1563		14.0189
2498		-20.4169		8.73192
2499		-19.6611		3.95168
2500		-17.8975		0.548141
2501		-16.4715		-1.66418
2502		-16.1444		-3.9497
2503		-16.337		-7.95969
2504		-15.0394		-14.5828
2505		-9.60709		-22.9095
2506		1.78449		-29.9394
2507		18.6667		-31.3896
2508		37.5685		-23.4499
2509		52.6177		-4.80936
2510		57.4414		21.9846
2511		47.7162		50.6075
2512		23.3108		72.684
2513		-10.9856		80.6196
2514		-46.6132		70.441
2515		-73.9359		43.4526
2516		-85.4395		5.97359
2517		-78.149		-32.7624
2518		-54.3114		-63.666
2519		-20.1721		-80.5349
2520		16.4852		-81.4134
2521		48.8673		-68.2038
2522		72.6967		-45.0051
2523		86.2784		-16.203
2524		89.4668		14.6877
2525		82.4458		44.9877
2526		65.2415		71.9695
2527		38.336		92.0198
2528		3.96791		100.742
2529		-32.8639		94.3143
2530		-64.6633		71.5926
2531		-83.317		35.8072
2532		-83.0144		-5.28339
2533		-62.9114		-41.2848
2534		-28.1518		-62.5674
2535		11.4841		-63.7862
2536		44.9295		-45.9133
2537		63.7993		-15.7775
2538		65.2312		16.7568
2539		52.3383		42.7105
2540		32.1422		57.2206
2541		12.0611		60.6434
2542		-3.30025		57.1606
2543		-13.5254		51.7677
2544		-21.3802		47.3017
2545		-30.1367		43.0832
2546		-40.7989		35.837
2547		-50.8264		22.309
2548		-55.1187		2.06636
2549		-48.7801		-21.1544
2550		-30.1873		-40.4207
2551		-2.66518		-48.5312
2552		26.2411		-41.4604
2553		47.6754		-20.5529
2554		55.199		7.70457
2555		47.5262		34.3015
2556		28.9301		51.4787
2557		7.13617		55.8488
2558		-10.2378		49.3955
2559		-18.9479		37.9559
2560		-19.5483		28.0394
2561		-16.3927		23.6197
2562		-14.8582		24.4753
2563		-18.2901		26.803
2564		-26.2223		25.6525
2565		-34.7077		17.8365
2566		-38.4739		3.80556
2567		-33.7169		-12.4164
2568		-20.0885		-25.1061
2569		-0.927208		-29.4916
2570		18.2664		-23.822
2571		32.2346		-9.89818
2572		38.0004		8.04835
2573		35.5989		25.3913
2574		27.3265		38.9423
2575		16.1204		47.6944
2576		4.06905		52.2789
2577		-8.13808		53.6714
2578		-20.6422		52.054
2579		-33.233		46.569
2580		-44.4143		36.1101
2581		-51.4101		20.6355
2582		-51.2332		2.14554
2583		-42.2832		-15.3757
2584		-25.591		-27.1861
2585		-4.96229		-29.6538
2586		14.169		-21.8579
2587		26.6993		-6.11635
2588		29.7277		12.8412
2589		23.4906		29.6686
2590		10.9844		40.3272
2591		-3.45532		43.2844
2592		-15.8759		39.5494
2593		-23.9292		31.7063
2594		-27.1382		22.5706
2595		-26.3025		14.1844
2596		-22.5684		7.56699
2597		-16.7865		3.14303
2598		-9.50217		1.37137
2599		-1.46565		3.02333
2600		5.82008		8.83232
2601		10.0494		18.6921
2602		8.80386		30.9404
2603		0.747811		42.3057
2604		-13.2823		48.782
2605		-29.9658		47.182
2606		-44.3117		36.6927
2607		-51.3972		19.6527
2608		-48.3419		1.0691
2609		-35.6419		-13.044
2610		-17.2321		-17.8681
2611		0.809786		-11.6128
2612		12.4083		3.78235
2613		13.6142		23.3505
2614		3.8744		40.8758
2615		-13.9816		50.9964
2616		-34.9136		50.8133
2617		-53.4224		40.4774
2618		-65.1572		22.7123
2619		-67.8446		1.65889
2620		-61.3905		-18.385
2621		-47.3881		-33.8676
2622		-28.4393		-42.3695
2623		-7.6285		-42.6185
2624		11.7581		-34.4203
2625		26.418		-18.7143
2626		33.3638		2.2608
2627		30.5308		24.9207
2628		17.5454		44.6913
2629		-3.68393		56.9005
2630		-28.9441		58.0499
2631		-52.485		47.0436
2632		-68.4684		25.8581
2633		-72.6635		-0.710445
2634		-63.7873		-26.2445
2635		-43.9824		-44.4912
2636		-18.2352		-51.1368
2637		7.06508		-44.9694
2638		25.9237		-28.0753
2639		34.2984		-5.07567
2640		30.9688		18.2618
2641		17.5621		36.5442
2642		-2.12732		45.9683
2643		-23.2021		44.9849
2644		-40.7819		34.3973
2645		-50.955		17.0225
2646		-51.4742		-2.92535
2647		-42.1866		-20.6321
2648		-25.1669		-31.6116
2649		-4.47498		-32.7044
2650		14.5617		-22.9874
2651		26.5413		-4.32318
2652		27.4648		18.7495
2653		16.0951		39.9551
2654		-5.30602		52.9434
2655		-31.2612		53.243
2656		-54.4639		39.8602
2657		-67.9323		15.8976
2658		-67.2485		-12.1431
2659		-52.0921		-36.2398
2660		-26.4859		-49.3185
2661		2.3804		-47.4706
2662		26.3548		-31.1492
2663		38.7944		-4.95268
2664		36.4637		23.8787
2665		20.2753		47.6777
2666		-5.26112		60.5013
2667		-33.5564		59.5552
2668		-57.8228		45.5713
2669		-72.7114		22.2217
2670		-75.3161		-5.05902
2671		-65.4607		-30.3962
2672		-45.4273		-48.6129
2673		-19.3615		-56.0532
2674		7.47607		-51.1144
2675		29.5599		-34.5361
2676		42.0602		-9.41855
2677		41.8618		19.1478
2678		28.447		44.9528
2679		4.33361		62.0035
2680		-25.2285		66.0634
2681		-53.3968		55.9318
2682		-73.4929		33.9759
2683		-80.8634		5.62325
2684		-74.2171		-22.113
2685		-55.9519		-42.6259
2686		-31.3439		-51.5568
2687		-6.89335		-47.8702
2688		11.5757		-33.8455
2689		20.4159		-14.0846
2690		18.821		6.02036
2691		8.57956		21.7866
2692		-6.82139		30.2519
2693		-23.3168		30.5204
2694		-37.2287		23.5454
2695		-45.8912		11.6085
2696		-47.953		-2.26748
2697		-43.4783		-14.8691
2698		-33.9238		-23.3289
2699		-21.9563		-25.6993
2700		-10.9978		-21.5128
2701		-4.43231		-12.1388
2702		-4.58733		-0.679063
2703		-11.8068		8.7578
2704		-24.0324		12.3096
2705		-37.2004		7.75922
2706		-46.4582		-4.46992
2707		-47.8313		-21.1959
2708		-39.7176		-37.3894
2709		-23.5952		-47.837
2710		-3.62245		-48.9358
2711		14.7374		-39.9225
2712		26.5248		-23.0694
2713		28.8236		-2.81848
2714		21.4752		15.7401
2715		6.80205		28.408
2716		-11.4027		32.8758
2717		-29.1027		28.9295
2718		-42.9624		18.0078
2719		-50.7649		2.4978
2720		-51.3881		-14.839
2721		-44.6401		-31.137
2722		-31.2379		-43.5075
2723		-12.9964		-49.2124
2724		6.97934		-46.1607
2725		24.4474		-33.7006
2726		34.7839		-13.3861
2727		34.2864		10.7629
2728		21.6148		32.8709
2729		-1.24944		46.7051
2730		-29.0633		47.6394
2731		-54.5723		34.371
2732		-70.6294		9.6766
2733		-72.4627		-20.1734
2734		-59.2671		-47.2141
2735		-34.5286		-64.1919
2736		-4.96578		-66.742
2737		21.5193		-54.6065
2738		38.1584		-31.5437
2739		41.148		-4.05357
2740		30.4819		20.575
2741		9.66035		36.2446
2742		-15.4905		39.5038
2743		-38.4458		30.175
2744		-53.5898		11.137
2745		-57.4513		-12.5556
2746		-49.3699		-34.9422
2747		-31.5341		-50.5339
2748		-8.42473		-55.5476
2749		14.2277		-48.771
2750		30.7873		-31.8738
2751		37.0863		-9.05462
2752		31.4983		13.9522
2753		15.4086		31.3059
2754		-7.09171		38.57
2755		-30.2433		33.8846
2756		-48.1165		18.4601
2757		-56.1495		-3.75339
2758		-52.2977		-27.1117
2759		-37.5005		-45.7273
2760		-15.3833		-54.9213
2761		8.67352		-52.3188
2762		28.8291		-38.3601
2763		40.1297		-16.1659
2764		39.6324		9.1755
2765		27.0962		31.7401
2766		5.10266		46.1063
2767		-21.4496		48.6417
2768		-46.4253		38.4504
2769		-63.9179		17.7137
2770		-69.7609		-8.74535
2771		-62.6656		-34.6405
2772		-44.6078		-53.8686
2773		-20.2882		-62.1511
2774		4.20411		-58.1493
2775		23.1064		-43.688
2776		32.508		-23.0333
2777		31.199		-1.51507
2778		20.6278		15.9902
2779		4.10785		26.1972
2780		-14.3257		27.871
2781		-30.9471		21.6243
2782		-42.9579		9.33286
2783		-48.6636		-6.47594
2784		-47.403		-23.0365
2785		-39.4802		-37.5644
2786		-26.214		-47.4678
2787		-9.99914		-50.7383
2788		5.87029		-46.5365
2789		17.8163		-35.7387
2790		22.9917		-21.0738
2791		20.3487		-6.5655
2792		11.2486		3.69238
2793		-0.80768		7.01954
2794		-11.376		3.24772
2795		-16.783		-5.13403
2796		-15.6252		-13.9637
2797		-9.3446		-19.1614
2798		-1.56119		-18.4896
2799		3.57493		-12.5033
2800		3.26385		-4.23067
2801		-2.71292		2.27129
2802		-11.983		3.79135
2803		-20.7691		-0.630383
2804		-25.6562		-9.42033
2805		-25.0541		-19.3877
2806		-19.6605		-27.3077
2807		-11.7755		-31.3251
2808		-3.93116		-31.4732
2809		2.36354		-29.1231
2810		7.06579		-25.7789
2811		11.0369		-21.9987
2812		14.8845		-17.1178
2813		17.9852		-9.9669
2814		18.3791		-0.15288
2815		13.7227		10.9096
2816		2.84311		19.9517
2817		-12.9852		23.006
2818		-29.8596		17.29
2819		-42.4542		2.87287
2820		-46.1598		-16.8069
2821		-39.1676		-35.9756
2822		-23.4505		-48.7355
2823		-4.09932		-51.456
2824		12.7319		-44.2161
2825		22.3245		-30.6104
2826		23.1668		-16.03
2827		17.1995		-5.27044
2828		8.50076		-0.626431
2829		1.14489		-1.34352
2830		-2.65543		-4.58069
2831		-3.22708		-7.26391
2832		-2.69935		-7.79412
2833		-3.3755		-6.71639
2834		-6.18274		-6.06934
2835		-10.0744		-7.87269
2836		-12.6892		-12.6721
2837		-11.8498		-19.0004
2838		-7.01073		-24.0777
2839		0.206352		-25.3573
2840		6.73324		-22.0382
2841		9.66592		-15.6627
2842		7.88363		-9.41828
2843		2.76378		-6.47457
2844		-2.44788		-8.23722
2845		-4.32779		-13.4742
2846		-1.15626		-18.8278
2847		6.0088		-20.4989
2848		13.6668		-16.2636
2849		17.497		-6.7869
2850		14.484		4.46028
2851		4.49337		12.6731
2852		-9.48272		13.8747
2853		-22.5324		6.72979
2854		-29.8991		-6.83953
2855		-28.9392		-22.4885
2856		-20.0773		-35.2868
2857		-6.39459		-41.6647
2858		7.8443		-40.59
2859		18.9523		-33.5359
2860		25.0402		-23.4171
2861		26.2259		-13.1396
2862		23.9144		-4.51441
2863		19.6844		2.00605
2864		14.4403		6.79942
2865		8.25511		10.207
2866		0.886544		11.9171
2867		-7.44427		10.982
2868		-15.5548		6.44877
2869		-21.4475		-1.79247
2870		-23.0771		-12.4729
2871		-19.3536		-23.0909
2872		-10.8416		-30.7369
2873		0.240661		-33.2309
2874		10.7686		-30.0269
2875		17.8803		-22.4498
2876		20.0355		-13.1493
2877		17.4971		-5.02827
2878		12.0474		-0.137257
2879		6.11178		0.985786
2880		1.71499		-0.719299
2881		-0.261464		-3.48207
2882		-0.231256		-5.61404
2883		0.535393		-6.25592
2884		0.677849		-5.64735
2885		-0.541539		-4.85311
2886		-2.89179		-5.1274
2887		-5.31396		-7.23804
2888		-6.44184		-11.0555
2889		-5.24281		-15.5648
2890		-1.49524		-19.2639
2891		4.08409		-20.7514
2892		10.0867		-19.2549
2893		14.9051		-14.8955
2894		17.2614		-8.61537
2895		16.5708		-1.83016
2896		13.0284		4.02922
2897		7.42883		7.90237
2898		0.834223		9.28118
2899		-5.74905		8.16063
2900		-11.5505		4.83605
2901		-16.0256		-0.311353
2902		-18.7163		-6.90965
2903		-19.116		-14.5177
2904		-16.6785		-22.4325
2905		-11.0322		-29.5304
2906		-2.33575		-34.3092
2907		8.40429		-35.2186
2908		19.2695		-31.2176
2909		27.7597		-22.3524
2910		31.4901		-10.0736
2911		29.0342		2.92695
2912		20.5776		13.3963
2913		8.07176		18.5255
2914		-5.24591		16.912
2915		-15.8359		9.09097
2916		-20.992		-2.60285
2917		-19.694		-14.8086
2918		-12.8497		-24.2523
2919		-2.85756		-28.7649
2920		7.29956		-27.8276
2921		15.0415		-22.489
2922		18.8752		-14.7736
2923		18.5752		-6.89804
2924		14.9095		-0.63985
2925		9.15257		2.9414
2926		2.66652		3.44796
2927		-3.28947		0.944107
2928		-7.55468		-4.16836
2929		-9.04852		-11.0997
2930		-6.92308		-18.5349
2931		-0.929348		-24.6255
2932		8.16069		-27.3053
2933		18.3655		-24.9474
2934		26.7899		-17.1437
2935		30.4468		-5.23128
2936		27.3607		7.78025
2937		17.5028		17.9946
2938		3.10833		21.9115
2939		-11.852		17.7257
2940		-22.9106		6.10179
2941		-26.5987		-9.92146
2942		-21.6151		-25.8864
2943		-9.22406		-37.3592
2944		7.23802		-41.2995
2945		23.4975		-36.8634
2946		35.6402		-25.4172
2947		41.095		-9.88382
2948		39.0357		6.21659
2949		30.2281		19.6355
2950		16.5653		27.9288
2951		0.57859		29.6474
2952		-14.9144		24.3498
2953		-27.0525		12.6236
2954		-33.2213		-3.83149
2955		-31.5203		-22.1758
2956		-21.3759		-38.6763
2957		-4.06986		-49.3737
2958		17.1378		-51.1083
2959		37.5318		-42.5978
2960		52.0905		-25.1273
2961		56.9447		-2.48567
2962		50.6302		19.9494
2963		34.6423		36.7283
2964		13.0444		43.93
2965		-8.74976		40.2775
2966		-25.5846		27.3839
2967		-33.9897		9.08817
2968		-32.9619		-9.82286
2969		-23.9192		-25.0111
2970		-9.96799		-33.6372
2971		5.15818		-34.7977
2972		18.0879		-29.3583
2973		26.4608		-19.3983
2974		29.1697		-7.54943
2975		26.2971		3.56189
2976		18.9097		11.6989
2977		8.82446		15.2741
2978		-1.64222		13.5612
2979		-10.0004		6.87809
2980		-14.0381		-3.32719
2981		-12.3654		-14.6111
2982		-4.90743		-23.9752
2983		6.85489		-28.585
2984		20.0645		-26.599
2985		31.1274		-17.841
2986		36.6791		-4.05797
2987		34.6017		11.3857
2988		24.7669		24.3429
2989		9.23982		31.03
2990		-8.15813		29.1477
2991		-22.8322		18.6349
2992		-30.6744		1.80804
2993		-29.2387		-17.1781
2994		-18.4831		-33.4138
2995		-0.854057		-42.562
2996		19.3273		-42.051
2997		37.0081		-31.7887
2998		47.7488		-14.1899
2999		48.8848		6.48501
3000		40.1736		25.2745
3001		23.7671		37.7988
3002		3.55701		41.3109
3003		-15.8693		35.2439
3004		-30.3337		21.1654
3005		-36.9354		2.24113
3006		-34.5113		-17.5665
3007		-23.6807		-34.3189
3008		-6.58373		-44.7748
3009		13.5485		-46.8614
3010		32.8998		-39.972
3011		47.639		-25.119
3012		54.5688		-4.91415
3013		51.8231		16.7183
3014		39.4719		35.1859
3015		19.8047		46.2134
3016		-2.93983		46.9788
3017		-23.4749		37.0472
3018		-36.8399		18.7221
3019		-39.8416		-3.42589
3020		-32.0562		-23.7974
3021		-15.9876		-37.4011
3022		3.71979		-41.3244
3023		21.7542		-35.5098
3024		33.7598		-22.5728
3025		37.5292		-6.77271
3026		33.3837		7.42789
3027		23.709		16.664
3028		11.9454		19.4049
3029		1.4898		15.9968
3030		-5.10427		8.18529
3031		-6.47568		-1.55156
3032		-2.45077		-10.5707
3033		6.09403		-16.4364
3034		17.3406		-17.194
3035		28.6286		-11.7104
3036		36.724		-0.13166
3037		38.4421		15.7024
3038		31.6252		32.2064
3039		16.1952		44.6521
3040		-5.20894		48.4596
3041		-27.4674		40.8378
3042		-44.2466		22.1426
3043		-49.9927		-3.70023
3044		-41.9457		-30.0558
3045		-21.3539		-49.5476
3046		6.67096		-56.4507
3047		34.6809		-48.6021
3048		55.2426		-28.0855
3049		63.2191		-0.454118
3050		57.1421		27.1458
3051		39.2627		48.1695
3052		14.438		58.3609
3053		-11.5426		56.4324
3054		-33.4773		43.7404
3055		-47.642		23.3806
3056		-51.9952		-0.748102
3057		-46.0039		-24.5513
3058		-30.4843		-44.0176
3059		-7.65837		-55.4557
3060		18.71		-56.0032
3061		43.4799		-44.4774
3062		60.9411		-22.26
3063		66.2816		6.32628
3064		57.2849		34.6285
3065		35.5283		55.3395
3066		6.40684		62.7756
3067		-22.2599		54.8969
3068		-42.6556		34.1927
3069		-49.5387		6.96885
3070		-41.9386		-18.7578
3071		-23.3011		-35.9493
3072		-0.0595875		-40.7622
3073		20.7294		-33.466
3074		33.702		-17.8282
3075		36.5818		0.609529
3076		30.2766		16.5353
3077		17.9045		26.3391
3078		3.3873		28.6322
3079		-9.71453		23.9141
3080		-18.7615		13.8582
3081		-22.0623		0.723641
3082		-18.7438		-12.8744
3083		-8.82835		-23.977
3084		6.39786		-29.4539
3085		24.0084		-26.6354
3086		39.5249		-14.3681
3087		47.8073		5.94559
3088		44.67		29.9576
3089		28.6708		51.1068
3090		2.26284		62.4647
3091		-28.3569		59.1162
3092		-54.8639		40.1439
3093		-69.3974		9.34446
3094		-67.1709		-25.7082
3095		-48.0924		-55.9587
3096		-16.7818		-73.6664
3097		18.9674		-74.6626
3098		50.626		-59.3034
3099		71.3254		-31.9303
3100		77.4117		0.757855
3101		68.8184		31.6777
3102		48.4325		54.9748
3103		20.962		66.9086
3104		-8.18087		66.0515
3105		-33.7095		53.1082
3106		-51.0426		30.6546
3107		-56.8383		2.88912
3108		-49.6217		-24.7553
3109		-30.4045		-46.3703
3110		-2.96814		-56.7866
3111		26.5636		-53.0161
3112		51.0134		-35.4182
3113		64.0636		-8.02765
3114		62.1913		22.2796
3115		45.8935		47.6529
3116		19.6729		61.5849
3117		-9.287		60.8669
3118		-33.3135		46.4786
3119		-46.5278		23.1169
3120		-46.4369		-2.41067
3121		-34.3587		-23.3059
3122		-14.6699		-34.6712
3123		6.72641		-34.6137
3124		24.1234		-24.3664
3125		33.4031		-7.58568
3126		32.8148		10.8046
3127		23.1158		25.8485
3128		7.2135		33.6197
3129		-10.5264		32.0029
3130		-25.1933		21.1547
3131		-32.3919		3.59429
3132		-29.3355		-16.1717
3133		-15.7542		-32.5528
3134		5.68179		-40.2391
3135		29.6981		-35.7463
3136		49.5924		-18.6872
3137		59.0353		7.7117
3138		53.9968		37.1514
3139		34.1679		61.8162
3140		3.35834		74.5299
3141		-31.3269		70.8534
3142		-61.3183		50.4555
3143		-78.8673		17.3293
3144		-79.1008		-21.1951
3145		-61.2658		-56.3124
3146		-28.8722		-79.9193
3147		11.2166		-86.517
3148		50.4274		-74.4026
3149		80.4071		-45.9467
3150		94.8006		-6.99467
3151		90.5439		34.4142
3152		68.4652		69.7239
3153		33.1156		91.6212
3154		-8.14077		95.5624
3155		-46.6309		80.7734
3156		-74.2044		50.4912
3157		-85.0264		11.3431
3158		-76.9224		-28.0596
3159		-51.931		-59.0348
3160		-15.8883		-74.8134
3161		22.8918		-72.1137
3162		55.5386		-51.908
3163		74.6879		-19.1898
3164		76.1908		18.2058
3165		60.0672		51.4436
3166		30.488		72.7614
3167		-5.20804		77.3008
3168		-38.2493		64.2778
3169		-60.5379		37.2125
3170		-66.6537		3.12641
3171		-55.2704		-29.1548
3172		-29.5905		-51.2315
3173		3.38668		-57.3528
3174		34.6554		-46.0301
3175		55.631		-20.5441
3176		60.5541		11.8776
3177		48.1616		42.044
3178		22.0888		61.4001
3179		-10.1539		64.4735
3180		-39.3356		50.422
3181		-57.1316		23.2206
3182		-58.4233		-9.53029
3183		-42.6135		-38.7634
3184		-13.6491		-56.3866
3185		21.1394		-57.3145
3186		52.9461		-40.6087
3187		73.5892		-9.56806
3188		77.3154		29.0974
3189		62.0083		66.7144
3190		29.6838		94.4026
3191		-13.7388		104.878
3192		-59.3744		94.0734
3193		-96.9743		62.3343
3194		-117.055		14.8686
3195		-113.224		-38.8334
3196		-84.1626		-86.7498
3197		-34.6158		-117.054
3198		25.1313		-121.222
3199		81.4151		-96.6366
3200		120.578		-47.7896
3201		132.654		14.4651
3202		114.224		75.5564
3203		69.4883		121.016
3204		9.17581		140.325
3205		-52.378		129.603
3206		-101.052		92.3625
3207		-126.477		38.2215
3208		-124.296		-19.8858
3209		-96.6729		-69.0424
3210		-51.1683		-99.266
3211		1.44666		-105.352
3212		49.7139		-87.4444
3213		83.7641		-50.5079
3214		97.0203		-3.06173
3215		87.2409		44.5128
3216		56.8958		81.8796
3217		12.8313		100.726
3218		-34.8739		96.5893
3219		-74.8867		70.1609
3220		-97.2179		27.5888
3221		-95.8901		-20.5871
3222		-70.8847		-61.8784
3223		-28.5994		-85.1749
3224		19.5776		-84.009
3225		60.345		-58.6681
3226		82.3506		-16.3392
3227		79.6018		30.8952
3228		53.2714		69.6287
3229		11.2797		89.1147
3230		-34.1885		84.3573
3231		-70.363		57.3451
3232		-87.5354		16.1474
3233		-81.5523		-27.6768
3234		-54.5362		-62.4003
3235		-13.8622		-79.1366
3236		30.0527		-73.769
3237		66.373		-47.5188
3238		86.2006		-6.31402
3239		84.2762		40.6465
3240		59.9142		82.7382
3241		17.2077		109.899
3242		-35.4834		114.603
3243		-86.8136		93.6339
3244		-124.532		49.327
3245		-138.192		-10.1648
3246		-121.992		-71.9998
3247		-76.9545		-121.261
3248		-11.581		-144.637
3249		59.5442		-134.234
3250		119.137		-90.3106
3251		151.769		-21.8927
3252		148.256		55.1555
3253		108.472		122.2
3254		41.6005		162.862
3255		-36.2914		167.451
3256		-106.624		135.454
3257		-153.234		75.3747
3258		-166.372		2.12778
3259		-144.716		-67.07
3260		-95.0343		-117.008
3261		-29.9187		-137.815
3262		35.5354		-126.645
3263		87.132		-87.6194
3264		114.333		-30.4118
3265		112.021		31.9751
3266		81.2223		85.7664
3267		28.8595		118.979
3268		-33.4164		123.763
3269		-91.3088		98.2393
3270		-130.762		47.4119
3271		-141.264		-17.3157
3272		-118.829		-80.2942
3273		-67.7115		-125.272
3274		-0.0526075		-139.747
3275		66.8396		-118.778
3276		115.045		-66.9398
3277		131.166		2.44749
3278		110.411		70.8155
3279		58.2136		119.604
3280		-11.218		135.634
3281		-79.0236		114.875
3282		-127.123		63.4072
3283		-143.22		-4.61003
3284		-123.874		-71.1671
3285		-74.8725		-119.385
3286		-9.11715		-137.727
3287		57.0693		-122.383
3288		107.983		-77.5279
3289		131.909		-13.7889
3290		123.257		54.3567
3291		83.3792		111.57
3292		20.2266		144.553
3293		-52.983		144.613
3294		-120.01		109.671
3295		-164.681		45.3515
3296		-174.527		-35.3271
3297		-144.263		-114.081
3298		-78.1072		-171.277
3299		10.1197		-190.947
3300		99.6469		-165.56
3301		167.834		-98.9466
3302		196.383		-6.14351
3303		176.764		90.1675
3304		113.036		165.742
3305		20.9665		201.543
3306		-76.3181		189.041
3307		-154.807		132.376
3308		-196.102		46.7872
3309		-191.968		-45.9806
3310		-145.751		-123.701
3311		-70.6031		-169.219
3312		14.5675		-174.082
3313		89.9747		-139.615
3314		139.346		-75.6721
3315		152.97		2.17084
3316		129.136		76.1268
3317		74.0789		129.731
3318		0.648261		150.997
3319		-74.1214		134.878
3320		-132.384		84.6756
3321		-159.428		11.8984
3322		-147.47		-65.7904
3323		-98.2542		-128.499
3324		-23.4138		-159.195
3325		57.9439		-148.606
3326		124.113		-98.3449
3327		156.846		-21.0224
3328		146.724		62.9645
3329		96.0556		131.127
3330		18.2853		165.303
3331		-65.9212		156.747
3332		-134.608		108.336
3333		-170.563		33.3273
3334		-165.641		-48.6896
3335		-122.302		-117.221
3336		-52.2664		-156.009
3337		26.9303		-156.587
3338		96.3336		-119.667
3339		139.784		-54.4281
3340		147.194		23.7925
3341		116.498		96.7938
3342		54.1277		147.259
3343		-26.0765		162.451
3344		-105.491		137.282
3345		-164.671		76.0526
3346		-188.003		-7.81102
3347		-167.983		-94.3931
3348		-107.826		-161.992
3349		-21.3386		-192.824
3350		70.2532		-178.092
3351		143.848		-120.771
3352		180.795		-35.0623
3353		172.044		57.4358
3354		120.505		133.691
3355		39.9257		175.46
3356		-49.2063		173.876
3357		-125.325		131.177
3358		-171.243		59.3449
3359		-177.93		-23.5715
3360		-145.89		-98.1588
3361		-84.218		-148.059
3362		-7.97794		-163.193
3363		65.2807		-141.411
3364		119.15		-88.5634
3365		141.634		-17.1847
3366		127.664		56.0154
3367		80.4361		113.6
3368		11.1416		141.328
3369		-63.1941		131.791
3370		-123.601		86.7667
3371		-154.026		17.3686
3372		-145.859		-58.4017
3373		-100.694		-120.299
3374		-30.2614		-151.428
3375		46.6381		-143.086
3376		109.352		-97.2891
3377		141.143		-26.1593
3378		133.723		51.5928
3379		89.2146		115.916
3380		19.1529		150.742
3381		-58.9487		147.874
3382		-126.26		108.538
3383		-167.179		42.5112
3384		-172.697		-34.614
3385		-142.044		-105.168
3386		-82.5417		-153.277
3387		-7.88645		-168.197
3388		64.7686		-146.613
3389		118.489		-93.5244
3390		140.4		-21.429
3391		124.934		52.2481
3392		75.5961		109.168
3393		4.57067		134.7
3394		-70.0515		121.944
3395		-128.888		73.8814
3396		-156.49		2.834
3397		-145.612		-72.7742
3398		-99.1697		-133.451
3399		-29.2749		-163.919
3400		46.2891		-157.045
3401		108.966		-115.301
3402		144.162		-49.5592
3403		144.511		24.1714
3404		111.022		88.8808
3405		52.1638		130.419
3406		-18.4897		140.262
3407		-85.3168		116.874
3408		-133.781		65.7232
3409		-153.241		-1.85255
3410		-139.154		-70.776
3411		-94.3378		-125.196
3412		-28.8841		-151.973
3413		41.6282		-144.044
3414		99.5873		-102.746
3415		129.849		-38.1676
3416		124.081		32.9874
3417		83.5202		91.7121
3418		19.0387		122.046
3419		-51.7419		115.771
3420		-109.483		74.8578
3421		-138.702		10.8177
3422		-132.065		-58.8092
3423		-92.0803		-115.586
3424		-29.8437		-145.219
3425		38.4804		-140.976
3426		96.1134		-104.732
3427		129.673		-45.7231
3428		131.811		22.1765
3429		102.205		83.7139
3430		47.1541		125.29
3431		-21.819		137.408
3432		-90.0448		116.431
3433		-142.341		65.5641
3434		-166.065		-5.21097
3435		-154.2		-80.6025
3436		-107.71		-143.03
3437		-36.2389		-176.839
3438		43.5485		-172.691
3439		111.944		-130.71
3440		151.554		-61.0964
3441		152.389		18.3181
3442		114.912		87.0202
3443		49.9211		127.707
3444		-24.7493		131.157
3445		-89.5605		98.4893
3446		-128.784		40.1884
3447		-134.425		-27.5012
3448		-107.519		-87.3964
3449		-56.8166		-125.767
3450		4.26967		-135.129
3451		61.229		-115.056
3452		101.534		-71.3782
3453		116.766		-14.422
3454		103.807		43.1037
3455		65.2896		88.3448
3456		9.34167		110.632
3457		-51.5472		103.818
3458		-102.803		68.2043
3459		-131.102		11.3431
3460		-128.113		-53.0239
3461		-93.4734		-108.113
3462		-35.7336		-138.74
3463		29.4862		-136.072
3464		83.8648		-100.748
3465		111.968		-43.0905
3466		106.123		19.9031
3467		68.8174		69.829
3468		11.7541		92.5588
3469		-48.0237		82.3602
3470		-93.4628		43.1375
3471		-112.392		-13.376
3472		-100.452		-71.5321
3473		-61.4485		-116.259
3474		-5.51789		-136.697
3475		53.8932		-128.184
3476		103.169		-92.5588
3477		131.107		-37.2608
3478		130.773		26.2349
3479		100.723		84.3502
3480		45.6438		123.702
3481		-23.8447		133.779
3482		-92.6283		109.711
3483		-144.043		54.391
3484		-163.997		-21.0278
3485		-145.241		-98.9988
3486		-90.3055		-159.786
3487		-11.7694		-186.996
3488		70.667		-172.68
3489		135.64		-120.14
3490		166.401		-43.2833
3491		155.774		37.4119
3492		108.096		100.978
3493		37.5252		132.012
3494		-36.5303		124.71
3495		-95.1916		83.7317
3496		-125.138		21.9524
3497		-121.459		-43.7803
3498		-87.8583		-97.3301
3499		-34.6686		-127.003
3500		24.3133		-127.584
3501		75.1323		-100.651
3502		106.443		-53.5815
3503		111.479		2.23601
3504		89.2078		53.6479
3505		44.6389		88.2702
3506		-11.8679		97.1257
3507		-66.4921		76.982
3508		-104.99		31.7348
3509		-116.38		-27.8501
3510		-96.2912		-86.3904
3511		-48.8219		-127.832
3512		13.9726		-140.064
3513		75.1082		-118.75
3514		117.452		-69.0125
3515		128.794		-4.27113
3516		105.566		57.5148
3517		53.9811		99.036
3518		-11.7473		108.617
3519		-73.5001		83.4727
3520		-114.344		30.3293
3521		-123.095		-36.6086
3522		-97.1289		-99.6105
3523		-42.8284		-142.088
3524		26.2545		-152.737
3525		92.8862		-128.206
3526		140.368		-73.7729
3527		156.506		-2.01584
3528		136.48		70.1663
3529		84.0214		125.506
3530		10.6251		150.435
3531		-67.0622		138.35
3532		-131.134		91.2827
3533		-166.698		19.5226
3534		-165.467		-60.7978
3535		-127.76		-131.571
3536		-62.3642		-177.063
3537		15.6873		-187.624
3538		88.7984		-161.819
3539		140.987		-106.527
3540		161.504		-35.0728
3541		147.091		36.0267
3542		102.445		90.8813
3543		38.9382		117.752
3544		-28.0747		111.571
3545		-82.7526		74.9943
3546		-112.388		17.7769
3547		-110.408		-45.4492
3548		-78.0674		-98.6208
3549		-24.3287		-128.217
3550		36.2397		-126.823
3551		87.1839		-95.2737
3552		114.622		-42.6469
3553		111.187		16.1113
3554		78.2207		64.3604
3555		25.4395		88.5569
3556		-31.9204		82.1743
3557		-77.6063		47.5
3558		-99.0743		-5.24788
3559		-90.9436		-61.1319
3560		-56.173		-104.922
3561		-4.76903		-125.3
3562		49.3509		-117.628
3563		92.2238		-84.6562
3564		113.287		-35.3003
3565		107.619		17.8948
3566		76.697		61.7784
3567		27.8159		85.4327
3568		-27.5048		82.417
3569		-75.8254		52.2024
3570		-104.546		0.629138
3571		-104.812		-60.8263
3572		-74.0634		-117.142
3573		-17.4912		-153.097
3574		52.3153		-157.306
3575		117.915		-125.864
3576		161.423		-64.3328
3577		169.657		12.9086
3578		138.403		86.1479
3579		74.2228		135.8
3580		-7.0133		148.164
3581		-84.5568		119.533
3582		-138.764		57.2483
3583		-156.636		-22.6529
3584		-135.11		-100.296
3585		-81.1979		-157.614
3586		-9.22113		-182.917
3587		63.6242		-173.118
3588		121.772		-133.335
3589		154.559		-74.5354
3590		157.691		-10.3345
3591		133.098		46.0052
3592		87.769		83.8215
3593		32.1723		96.517
3594		-21.5068		82.4597
3595		-61.3582		45.424
3596		-78.0588		-5.64167
3597		-67.2767		-57.9344
3598		-31.4878		-97.4631
3599		19.7189		-112.761
3600		71.5268		-98.6565
3601		107.904		-58.6808
3602		116.703		-4.86756
3603		94.0954		45.4743
3604		46.5384		75.231
3605		-10.7649		73.3729
3606		-58.6448		39.0671
3607		-80.3874		-17.6489
3608		-67.4749		-79.0195
3609		-22.5157		-125.454
3610		41.6873		-141.985
3611		106.491		-122.978
3612		153.481		-73.5072
3613		170.027		-7.1872
3614		152.495		58.4608
3615		106.365		107.245
3616		43.7224		128.372
3617		-20.5673		118.334
3618		-72.5597		80.6008
3619		-101.83		23.8731
3620		-102.757		-40.1255
3621		-74.8664		-98.6775
3622		-22.7244		-139.801
3623		44.4093		-153.946
3624		113.418		-135.882
3625		169.132		-86.5565
3626		197.334		-14.2277
3627		188.574		66.0797
3628		141.672		135.359
3629		65.4468		175.378
3630		-22.4743		174.147
3631		-99.9453		130.196
3632		-146.61		53.8952
3633		-150.18		-35.0264
3634		-110.404		-113.196
3635		-39.2058		-160.675
3636		43.1779		-166.933
3637		114.67		-133.605
3638		158.112		-73.1737
3639		165.933		-4.24649
3640		141.285		54.6656
3641		95.6248		90.563
3642		44.0372		98.8161
3643		0.272488		82.902
3644		-26.7626		51.7159
3645		-34.2075		15.9283
3646		-24.3771		-15.1221
3647		-2.80204		-35.1432
3648		23.7214		-41.2212
3649		48.4363		-33.399
3650		65.3258		-14.2154
3651		69.7074		11.5018
3652		59.1744		36.8723
3653		34.8431		53.8365
3654		2.25881		55.0678
3655		-28.9553		36.6675
3656		-47.3004		0.635981
3657		-43.1847		-44.2313
3658		-13.0413		-84.0125
3659		38.014		-103.86
3660		96.5077		-93.4486
3661		144.341		-51.5541
3662		164.87		12.3203
3663		149.103		80.2965
3664		99.4882		131.87
3665		29.6265		150.97
3666		-40.1477		131.599
3667		-89.6502		79.8346
3668		-105.521		11.4664
3669		-85.1631		-53.6584
3670		-36.6466		-98.2425
3671		24.9923		-112.545
3672		83.2281		-96.1399
3673		124.985		-56.3262
3674		143.334		-4.46052
3675		137.522		47.8755
3676		111.199		91.3677
3677		70.2859		119.668
3678		21.6656		128.946
3679		-27.0646		117.438
3680		-67.4852		85.8173
3681		-90.9571		38.2949
3682		-90.5459		-16.5453
3683		-63.8541		-66.4102
3684		-15.3893		-98.102
3685		43.1608		-101.878
3686		95.6529		-75.6419
3687		126.696		-26.8582
3688		127.418		29.1756
3689		99.2459		74.4952
3690		53.7915		95.1732
3691		8.53916		86.7372
3692		-20.0064		55.8613
3693		-22.8287		17.4691
3694		-1.73292		-11.5547
3695		31.9178		-19.2947
3696		62.4029		-3.35929
3697		76.3609		28.8202
3698		68.0103		63.8222
3699		40.716		88.2125
3700		4.56265		93.8432
3701		-28.5295		80.2153
3702		-49.627		53.2582
3703		-55.3595		21.668
3704		-47.4724		-7.01132
3705		-30.2361		-28.5771
3706		-7.61322		-41.882
3707		18.0635		-46.8684
3708		45.312		-42.669
3709		71.4969		-27.3464
3710		91.3655		0.326128
3711		97.6569		38.1178
3712		84.0604		78.5851
3713		49.2224		109.986
3714		-0.46542		120.166
3715		-51.2992		101.965
3716		-86.4481		57.5603
3717		-92.4654		-0.727687
3718		-65.284		-54.0894
3719		-12.7828		-84.1719
3720		47.5747		-80.3974
3721		95.279		-44.3736
3722		114.739		10.6803
3723		101.19		65.3091
3724		61.988		101.615
3725		12.8612		110.011
3726		-29.0008		92.0445
3727		-51.776		58.3457
3728		-52.7643		23.0255
3729		-37.7173		-2.58905
3730		-16.5981		-13.9507
3731		1.75424		-13.4648
3732		13.3067		-7.32714
3733		19.2572		-1.14688
3734		23.4784		3.12632
3735		28.8441		7.41838
3736		34.769		15.0832
3737		37.4325		27.5256
3738		32.4966		42.1242
3739		18.6054		52.8837
3740		-0.568533		53.61
3741		-17.2036		41.8581
3742		-22.955		21.3148
3743		-13.5295		1.00284
3744		8.28558		-8.63073
3745		32.9903		-0.941578
3746		48.2917		23.0302
3747		44.8635		54.1702
3748		21.1647		78.8734
3749		-15.1487		85.089
3750		-50.1021		68.0141
3751		-69.3813		32.6853
3752		-64.688		-7.85858
3753		-37.5189		-38.08
3754		1.39379		-46.6113
3755		36.7085		-31.0544
3756		55.0202		1.21843
3757		50.3527		36.5004
3758		26.214		60.7232
3759		-6.49126		65.1995
3760		-34.4819		49.6431
3761		-47.6107		21.3905
3762		-42.4125		-8.43759
3763		-22.3857		-29.7793
3764		4.64761		-37.1988
3765		30.4298		-30.792
3766		49.3745		-14.518
3767		59.5541		6.68853
3768		61.545		29.2412
3769		56.2959		51.454
3770		43.624		72.3109
3771		22.4256		89.5755
3772		-7.46796		98.8008
3773		-42.9893		94.2897
3774		-76.7541		71.8839
3775		-98.3669		32.2496
3776		-98.0485		-17.2245
3777		-71.1761		-63.3666
3778		-21.5907		-91.1656
3779		38.1768		-89.3796
3780		90.3485		-55.4738
3781		117.941		2.38483
3782		111.059		67.4127
3783		70.8326		119.78
3784		9.28952		143.541
3785		-54.8616		132.158
3786		-102.835		90.4561
3787		-122.109		32.3403
3788		-110.048		-24.6119
3789		-73.6176		-65.3354
3790		-25.695		-81.7635
3791		20.1282		-74.0764
3792		53.9577		-48.7262
3793		71.5633		-14.6505
3794		73.6034		20.3143
3795		63.1487		51.238
3796		43.2283		75.7051
3797		15.8228		92.081
3798		-17.3191		97.9765
3799		-52.8842		90.2154
3800		-84.752		66.5887
3801		-104.614		28.447
3802		-104.718		-17.5596
3803		-81.6551		-60.0845
3804		-39.2592		-86.4108
3805		11.2126		-87.3972
3806		54.31		-61.8571
3807		76.0562		-18.1233
3808		69.7297		28.3571
3809		39.1041		60.7604
3810		-2.56937		67.6687
3811		-37.6965		47.9354
3812		-51.5461		11.3624
3813		-38.4311		-25.2821
3814		-4.11808		-45.2821
3815		36.6398		-38.9937
3816		66.3769		-7.80261
3817		72.2193		36.6715
3818		51.0186		77.6639
3819		10.1678		100.277
3820		-36.0325		97.2757
3821		-72.5796		71.2198
3822		-89.6204		32.3202
3823		-85.4062		-6.61422
3824		-65.3747		-35.5216
3825		-38.3188		-50.2342
3826		-11.9189		-52.2746
3827		10.0143		-45.9717
3828		27.4032		-34.9125
3829		41.4106		-19.9188
3830		51.4772		0.309673
3831		54.0039		26.4248
3832		43.7886		55.4355
3833		17.6267		79.673
3834		-21.9617		88.8999
3835		-65.2875		74.9665
3836		-97.7538		36.8075
3837		-105.359		-16.9628
3838		-81.1391		-69.6933
3839		-29.4532		-102.439
3840		34.2546		-101.574
3841		88.5983		-64.9196
3842		114.369		-3.46481
3843		102.192		62.3515
3844		56.3559		110.382
3845		-6.90913		125.266
3846		-65.9502		104.044
3847		-102.131		56.5889
3848		-106.544		0.882189
3849		-82.2807		-44.5303
3850		-41.6582		-67.4806
3851		-0.123821		-65.6146
3852		30.1123		-45.2726
3853		43.8534		-16.9743
3854		42.8		9.85962
3855		32.3093		30.2736
3856		17.2962		43.8726
3857		-0.268219		52.2114
3858		-20.963		55.5289
3859		-45.159		51.1362
3860		-69.909		34.6888
3861		-87.8056		3.75985
3862		-89.0717		-38.4076
3863		-66.2755		-81.4779
3864		-19.3838		-110.409
3865		41.6851		-111.152
3866		98.8909		-77.2767
3867		132.118		-14.3212
3868		127.114		60.5693
3869		81.8564		124.076
3870		8.32664		155.211
3871		-71.3435		143.344
3872		-132.908		92.2806
3873		-158.858		18.626
3874		-144.365		-54.8079
3875		-97.9508		-107.614
3876		-36.916		-128.715
3877		20.1158		-118.833
3878		60.0747		-87.932
3879		78.825		-49.3746
3880		80.0544		-13.8968
3881		70.9211		13.7453
3882		57.1858		34.2487
3883		40.5255		50.2932
3884		19.2893		62.579
3885		-8.0983		67.9449
3886		-39.4337		60.8215
3887		-67.293		37.2555
3888		-81.1642		-0.884434
3889		-72.4117		-44.2277
3890		-39.5718		-78.2608
3891		9.00719		-89.101
3892		57.0528		-70.1034
3893		86.448		-25.9869
3894		84.9636		27.881
3895		52.0539		71.1691
3896		-0.177811		86.927
3897		-51.574		68.8684
3898		-82.1941		24.2151
3899		-80.6033		-29.2852
3900		-48.4589		-70.8652
3901		0.613983		-85.3768
3902		47.2132		-69.1977
3903		74.4654		-30.897
3904		74.6406		13.3387
3905		51.252		47.1036
3906		16.0979		60.4258
3907		-16.8823		52.7339
3908		-37.713		31.2136
3909		-43.5627		5.96161
3910		-37.8773		-15.2033
3911		-26.5549		-29.5459
3912		-13.7271		-38.6791
3913		0.30822		-45.2234
3914		17.8997		-49.2667
3915		40.5322		-47.0621
3916		65.3967		-33.006
3917		84.5095		-3.89424
3918		87.4495		37.077
3919		66.6591		79.2249
3920		22.5858		107.456
3921		-34.3118		108.506
3922		-86.2865		77.4749
3923		-114.983		21.3049
3924		-109.185		-42.8479
3925		-69.965		-93.9958
3926		-10.6835		-115.719
3927		48.3695		-102.766
3928		88.2795		-62.8072
3929		98.9742		-12.6004
3930		82.4876		29.5416
3931		50.7378		51.3802
3932		19.1879		50.9763
3933		-0.342049		35.8223
3934		-4.24036		17.7607
3935		2.89309		6.57636
3936		12.3108		5.59462
3937		16.7098		11.3289
3938		14.2014		16.9389
3939		8.60279		17.2211
3940		6.14613		12.1341
3941		10.7311		6.81351
3942		20.6425		8.09885
3943		28.8071		19.6318
3944		26.6377		38.4704
3945		9.42693		55.4035
3946		-19.7523		59.1448
3947		-50.0346		42.4096
3948		-67.053		6.70455
3949		-59.6611		-36.856
3950		-25.8294		-71.4752
3951		25.2886		-81.7271
3952		76.3357		-60.5049
3953		108.572		-12.5937
3954		109.492		46.8313
3955		77.8285		98.1034
3956		23.8218		124.679
3957		-35.1426		119.124
3958		-81.365		85.0549
3959		-103.038		34.6217
3960		-97.3458		-16.8729
3961		-69.6547		-56.5544
3962		-29.8868		-77.4046
3963		11.7632		-78.5902
3964		47.7135		-63.3923
3965		73.5904		-36.4791
3966		87.0773		-2.19823
3967		86.4699		35.4212
3968		70.3152		71.5462
3969		38.5687		99.6683
3970		-5.4875		112.215
3971		-54.0453		102.911
3972		-95.5714		69.9373
3973		-117.876		18.2266
3974		-112.429		-40.6295
3975		-78.0648		-91.3057
3976		-22.2882		-119.601
3977		40.626		-117.323
3978		94.1291		-85.1828
3979		124.753		-32.5161
3980		126.239		26.0034
3981		100.958		75.2709
3982		58.3287		104.345
3983		11.1522		109.123
3984		-28.5558		92.456
3985		-52.7164		62.1208
3986		-58.5115		27.805
3987		-47.9309		-1.68724
3988		-26.229		-20.2198
3989		-0.130722		-24.9615
3990		23.6484		-16.216
3991		39.4318		3.09695
3992		43.3281		28.0452
3993		33.8802		52.4037
3994		12.5865		69.67
3995		-15.9784		74.4512
3996		-44.7829		64.0073
3997		-65.842		39.4537
3998		-72.3642		6.05844
3999		-60.9377		-27.7131
4000		-32.9939		-52.3197
4001		5.06001		-59.8853
4002		43.2391		-46.7272
4003		70.6057		-14.8459
4004		78.4049		28.1658
4005		62.8033		70.8763
4006		26.3985		101.026
4007		-22.0204		109.016
4008		-69.5319		90.9031
4009		-102.521		49.9968
4010		-110.619		-3.5437
4011		-90.0226		-55.2022
4012		-45.0906		-90.133
4013		12.4414		-97.6173
4014		66.6223		-74.5505
4015		101.98		-26.7288
4016		108.295		32.6555
4017		83.8328		86.9607
4018		35.8777		121.229
4019		-21.6754		126.756
4020		-72.8257		103.524
4021		-104.455		59.7001
4022		-110.042		8.52344
4023		-90.919		-36.1368
4024		-54.8928		-63.8941
4025		-13.0538		-70.2549
4026		23.825		-56.8022
4027		48.0115		-29.5595
4028		55.9869		3.45329
4029		48.1874		34.426
4030		27.9717		57.1375
4031		0.519501		67.5383
4032		-28.0011		63.9608
4033		-51.1425		47.3487
4034		-63.1433		21.5082
4035		-60.3427		-7.03717
4036		-42.7386		-30.1177
4037		-14.9177		-40.0857
4038		14.4735		-32.5763
4039		35.053		-8.75807
4040		38.2918		24.1384
4041		21.0329		54.6705
4042		-12.6346		71.0332
4043		-52.207		65.5178
4044		-84.2373		37.7308
4045		-97.1775		-4.88192
4046		-85.637		-49.5429
4047		-52.3008		-82.701
4048		-6.76193		-94.7637
4049		38.1291		-83.1046
4050		70.7697		-52.2872
4051		84.3119		-11.717
4052		77.9537		27.9928
4053		55.931		58.3012
4054		25.1423		74.4798
4055		-7.26083		75.5908
4056		-35.3279		63.3728
4057		-54.6302		41.0605
4058		-62.0196		12.8403
4059		-55.6355		-16.0815
4060		-35.5864		-39.451
4061		-4.99803		-50.7378
4062		29.4538		-44.9535
4063		58.4077		-20.9465
4064		72.3152		17.0077
4065		64.8444		59.4655
4066		35.7381		94.3172
4067		-8.33453		110.808
4068		-55.6133		103.475
4069		-93.2127		74.2542
4070		-111.617		31.7526
4071		-107.796		-12.037
4072		-85.6597		-46.1386
4073		-53.8044		-64.1858
4074		-21.7545		-65.7545
4075		3.50358		-55.1339
4076		19.2104		-38.464
4077		26.2908		-20.8426
4078		27.2937		-4.80361
4079		24.2141		9.34171
4080		17.4617		21.8957
4081		6.41908		32.1478
4082		-8.98051		37.8672
4083		-26.8384		36.2739
4084		-43.0968		25.8852
4085		-52.863		8.0554
4086		-52.6037		-12.8361
4087		-41.994		-30.8294
4088		-24.3465		-40.7966
4089		-5.30855		-40.5815
4090		9.53355		-31.7522
4091		16.9104		-18.6008
4092		16.8525		-5.97397
4093		11.991		2.87792
4094		5.69785		7.31518
4095		0.195534		8.76395

 
--------------------------------------


