Compute Correlation 
 
0		-157.323		227.425
1		-221.562		127.833
2		-207.285		3.30492
3		-115.119		-89.892
4		18.9204		-110.107
5		142.702		-48.4723
6		213.015		70.8253
7		212.818		206.335
8		152.613		320.82
9		57.5119		395.901
10		-50.3399		432.533
11		-162.39		439.148
12		-280.918		417.012
13		-405.513		353.925
14		-518.907		231.922
15		-583.532		45.3388
16		-554.253		-182.034
17		-402.794		-393.188
18		-141.146		-513.584
19		170.272		-481.643
20		437.372		-280.139
21		566.216		47.7733
22		501.577		407.867
23		252.29		687.495
24		-109.154		797.949
25		-473.352		707.712
26		-735.211		451.951
27		-831.152		114.868
28		-756.437		-205.661
29		-556.986		-434.088
30		-302.558		-537.921
31		-56.3833		-526.279
32		143.791		-431.204
33		286.197		-284.898
34		371.102		-106.444
35		394.357		95.6407
36		340.866		309.165
37		193.381		504.098
38		-48.316		630.583
39		-350.392		634.064
40		-642.944		481.762
41		-838.385		186.706
42		-864.306		-185.106
43		-696.01		-531.375
44		-372.345		-748.957
45		14.3378		-773.086
46		351.084		-602.504
47		545.927		-298.892
48		559.793		38.9822
49		415.2		314.143
50		179.558		465.526
51		-67.1211		482.898
52		-263.812		398.38
53		-385.075		262.041
54		-437.448		115.967
55		-441.369		-19.8586
56		-411.366		-144.524
57		-346.666		-260.945
58		-237.087		-360.088
59		-79.312		-415.966
60		107.859		-395.703
61		280.364		-279.465
62		381.997		-78.5368
63		368.396		159.965
64		229.719		366.381
65		-0.266968		474.721
66		-254.385		449.491
67		-457.337		300.096
68		-554.24		75.9551
69		-529.099		-154.829
70		-405.415		-332.42
71		-230.393		-424.886
72		-52.3008		-432.344
73		97.0237		-376.165
74		206.631		-281.577
75		278.144		-164.593
76		312.369		-30.4165
77		300.929		117.339
78		229.286		264.335
79		89.7316		380.024
80		-103.992		424.9
81		-310.899		368.444
82		-471.932		208.49
83		-531.885		-19.4558
84		-464.078		-250.045
85		-285.131		-411.32
86		-51.3834		-453.205
87		162.448		-367.692
88		292.71		-190.872
89		310.493		14.0447
90		228.64		184.133
91		89.8595		280.974
92		-56.7077		300.379
93		-177.595		264.379
94		-264.54		201.822
95		-327.795		129.65
96		-378.966		45.7869
97		-414.997		-62.7441
98		-413.994		-202.105
99		-346.45		-355.999
100		-195.998		-482.995
101		22.3786		-530.562
102		258.347		-459.886
103		440.897		-268.769
104		506.126		0.113928
105		425.111		271.347
106		218.086		464.722
107		-52.387		526.264
108		-306.205		447.879
109		-476.666		266.915
110		-533.176		46.9637
111		-486.094		-149.758
112		-373.588		-284.766
113		-239.262		-350.644
114		-113.081		-362.307
115		-4.86435		-339.745
116		88.4515		-293.554
117		168.663		-221.691
118		225.782		-118.267
119		238.766		12.5697
120		187.662		147.9
121		69.7252		249.68
122		-91.0688		280.386
123		-248.475		222.557
124		-351.819		90.9616
125		-368.638		-70.54
126		-300.068		-207.129
127		-180.246		-277.391
128		-59.4177		-271.251
129		20.6013		-211.888
130		45.5885		-140.643
131		32.435		-93.1967
132		15.3118		-80.256
133		22.4482		-83.5613
134		56.8812		-69.5283
135		92.5359		-12.8416
136		88.5337		83.5899
137		14.2956		184.32
138		-128.464		236.312
139		-299.677		196.081
140		-435.384		54.8399
141		-476.316		-152.081
142		-396.336		-357.374
143		-216.224		-490.04
144		4.36401		-505.982
145		192.679		-405.859
146		293.365		-231.946
147		288.684		-46.6589
148		199.514		95.3385
149		68.6672		167.059
150		-62.719		172.068
151		-172.159		131.302
152		-257.53		63.7932
153		-324.59		-25.8942
154		-370.129		-145.532
155		-373.328		-300.072
156		-302.849		-473.889
157		-137.267		-623.487
158		112.639		-688.414
159		394.088		-617.633
160		623.791		-398.753
161		718.432		-74.0977
162		630.946		267.086
163		374.956		519.355
164		24.4276		601.871
165		-312.74		490.698
166		-535.686		227.549
167		-587.575		-98.7635
168		-472.276		-388.83
169		-244.754		-569.644
170		17.8326		-615.511
171		248.65		-545.555
172		411.521		-402.816
173		501.423		-228.764
174		529.128		-47.6794
175		502.394		132.091
176		416.881		303.914
177		262.754		447.693
178		42.2785		526.193
179		-214.1		498.006
180		-445.952		341.443
181		-580.347		75.6449
182		-562.218		-234.985
183		-382.685		-498.888
184		-89.73		-631.727
185		226.232		-591.323
186		466.692		-395.974
187		563.655		-116.71
188		504.337		153.067
189		330.735		335.836
190		115.575		397.794
191		-72.1418		353.917
192		-194.28		250.13
193		-250.746		134.26
194		-265.621		32.4552
195		-262.782		-56.5989
196		-246.778		-148.387
197		-200.674		-250.279
198		-101.882		-345.557
199		54.366		-395.139
200		239.414		-357.565
201		395.051		-216.349
202		457.35		1.68817
203		389.003		229.577
204		202.634		385.908
205		-38.795		411.438
206		-246.768		298.095
207		-346.048		94.8235
208		-308.468		-113.728
209		-164.663		-245.686
210		12.2066		-258.589
211		142.358		-166.111
212		176.618		-27.1441
213		116.449		86.1947
214		7.66071		124.503
215		-87.3578		82.551
216		-123.112		-3.72461
217		-92.3107		-81.2437
218		-24.6561		-110.403
219		34.4119		-85.1718
220		51.7026		-32.3669
221		24.6634		7.98792
222		-19.8535		8.64404
223		-44.7032		-28.2108
224		-27.2776		-73.2883
225		25.2235		-89.7068
226		79.4626		-57.5672
227		96.5432		11.5876
228		57.1823		79.7069
229		-23.9412		104.309
230		-104.087		64.992
231		-136.238		-21.5725
232		-97.587		-108.036
233		-5.98099		-141.898
234		86.326		-96.5105
235		119.753		10.1331
236		61.336		120.608
237		-73.1836		166.17
238		-222.34		103.778
239		-307.072		-57.6659
240		-270.411		-256.645
241		-108.333		-405.64
242		124.632		-432.305
243		338.618		-314.577
244		449.19		-91.9329
245		415.338		152.776
246		256.009		331.434
247		37.8209		389.305
248		-158.502		325.243
249		-274.926		184.787
250		-297.497		31.9305
251		-252.969		-83.9004
252		-185.182		-147.818
253		-126.382		-176.959
254		-80.4488		-199.351
255		-27.1051		-228.508
256		56.6527		-250.071
257		172.043		-229.171
258		287.055		-134.548
259		346.714		35.011
260		300.898		238.484
261		134.846		403.823
262		-115.132		458.681
263		-370.907		365.482
264		-543.777		142.445
265		-572.734		-141.058
266		-450.751		-393.213
267		-226.089		-538.482
268		21.4591		-547.256
269		216.693		-442.498
270		319.042		-281.742
271		332.214		-125.604
272		290.78		-10.2234
273		233.534		62.3403
274		179.925		112.644
275		123.021		160.38
276		41.9678		204.407
277		-74.8821		219.176
278		-211.485		170.215
279		-322.982		39.619
280		-354.482		-154.1
281		-270.362		-354.902
282		-77.8613		-489.754
283		169.068		-501.391
284		389.403		-376.512
285		509.306		-154.316
286		494.02		89.6933
287		361.381		276.781
288		170.507		358.333
289		-7.868		332.996
290		-123.658		240.01
291		-165.846		133.828
292		-158.785		54.7268
293		-140.403		11.3441
294		-135.978		-16.314
295		-142.877		-56.8022
296		-134.679		-123.062
297		-81.5973		-199.101
298		25.4891		-245.878
299		162.218		-223.368
300		277.625		-116.222
301		317.906		52.0616
302		254.482		225.356
303		100.91		339.206
304		-90.9471		350.81
305		-254.01		258.974
306		-336.439		103.648
307		-323.751		-54.4406
308		-241.586		-163.013
309		-138.672		-200.945
310		-60.0341		-183.145
311		-25.24		-146.376
312		-22.9424		-125.155
313		-23.4223		-131.813
314		-0.681643		-151.725
315		49.3772		-155.577
316		105.379		-120.634
317		133.388		-47.9689
318		108.477		34.8639
319		32.0556		87.5641
320		-65.4735		79.5239
321		-138.769		8.11926
322		-150.725		-97.7261
323		-91.983		-190.991
324		13.9946		-229.75
325		122.914		-197.469
326		191.866		-109.554
327		199.436		-3.21175
328		152.974		82.9625
329		79.9641		127.771
330		9.61596		134.134
331		-43.7734		120.84
332		-85.6584		105.47
333		-131.763		89.9056
334		-190.799		58.1866
335		-251.083		-11.2482
336		-280.862		-126.118
337		-244.077		-266.088
338		-123.632		-384.141
339		61.3181		-425.393
340		255.53		-354.843
341		387.775		-179.445
342		402.363		48.4479
343		286.474		250.015
344		78.8488		353.284
345		-145.609		324.794
346		-308.445		183.806
347		-361.607		-8.14481
348		-306.087		-176.999
349		-186.471		-270.1
350		-65.1283		-277.305
351		9.90616		-229.382
352		26.5354		-175.945
353		9.11771		-155.833
354		-0.983185		-176.295
355		27.0674		-211.87
356		93.8177		-222.624
357		168.569		-180.642
358		207.408		-89.2919
359		179.685		15.8572
360		87.6958		85.1333
361		-31.7866		81.754
362		-125.261		2.58952
363		-149.869		-118.965
364		-95.3415		-229.707
365		11.465		-283.779
366		121.76		-265.356
367		191.13		-194.597
368		202.305		-113.966
369		171.887		-62.9776
370		137.633		-55.7878
371		133.898		-74.3191
372		169.45		-80.7439
373		220.593		-42.1567
374		243.894		46.7433
375		201.722		156.225
376		86.4444		234.263
377		-70.4973		233.173
378		-210.341		136.025
379		-274.078		-31.4542
380		-231.015		-210.211
381		-94.1019		-333.953
382		85.6997		-358.775
383		242.784		-281.527
384		325.795		-138.355
385		317.581		14.6309
386		237.215		127.584
387		125.017		176.354
388		20.3171		166.221
389		-55.3876		120.327
390		-101.566		61.5875
391		-128.47		-0.289886
392		-142.023		-69.1966
393		-134.694		-151.359
394		-89.0562		-240.996
395		7.73642		-313.692
396		147.821		-333.731
397		296.177		-272.894
398		400.225		-130.44
399		412.632		58.0608
400		316.112		230.239
401		136.6		322.136
402		-63.7127		297.41
403		-211.699		165.643
404		-255.304		-20.2964
405		-186.49		-187.425
406		-43.5502		-275.321
407		108.393		-262.198
408		208.77		-171.624
409		228.884		-57.1142
410		181.675		26.7315
411		109.845		51.2151
412		59.7094		24.7764
413		55.4231		-16.5402
414		87.4527		-33.1147
415		121.008		-6.35176
416		118.989		49.9938
417		66.0869		97.9473
418		-19.8176		98.1323
419		-95.6057		34.2961
420		-116.072		-74.4257
421		-59.614		-180.753
422		57.7517		-232.555
423		188.002		-199.891
424		273.765		-91.3849
425		276.277		48.8599
426		194.1		162.23
427		63.0814		203.492
428		-62.003		161.222
429		-134.122		60.6608
430		-135.021		-51.5977
431		-80.189		-132.156
432		-6.33384		-161.264
433		50.7291		-148.749
434		75.1373		-123.388
435		76.758		-112.858
436		81.34		-126.21
437		111.596		-148.876
438		170.699		-152.665
439		237.992		-114.579
440		279.525		-33.2121
441		267.436		67.024
442		197.119		146.668
443		92.2585		171.264
444		-5.44261		129.701
445		-56.4858		40.7239
446		-42.9316		-56.0455
447		23.4605		-119.736
448		108.455		-127.961
449		173.705		-86.2187
450		196.115		-22.3675
451		177.816		30.2174
452		141.829		51.1234
453		116.515		42.7923
454		118.03		26.6924
455		140.851		28.4862
456		161.597		61.053
457		153.75		115.283
458		104.645		164.011
459		24.8939		176.925
460		-55.3323		138.052
461		-101.286		55.9278
462		-91.6936		-39.3537
463		-29.9586		-110.709
464		57.5778		-132.334
465		135.246		-101.779
466		175.951		-39.4654
467		173.566		23.6843
468		143.308		63.3092
469		110.38		73.7192
470		93.7866		68.4288
471		94.8201		69.1772
472		96.9143		90.1066
473		77.0125		126.557
474		21.8919		155.362
475		-60.1108		147.007
476		-139.182		83.2327
477		-176.698		-29.6754
478		-144.282		-159.602
479		-39.3762		-260.731
480		110.929		-293.387
481		260.042		-241.792
482		361.079		-121.032
483		385.746		29.8651
484		334.056		164.845
485		231.047		249.106
486		113.396		270.168
487		13.5281		237.561
488		-50.8579		173.202
489		-77.8044		99.0362
490		-74.3155		28.981
491		-47.5872		-31.368
492		-0.376396		-79.0019
493		66.8037		-107.218
494		148.936		-104.293
495		230.848		-59.0268
496		287.979		29.8638
497		294.989		146.74
498		238.494		260.054
499		126.877		332.773
500		-9.14104		338.032
501		-126.965		272.274
502		-189.465		158.653
503		-180.936		38.1509
504		-113.682		-47.825
505		-21.7436		-75.0495
506		55.1794		-45.7088
507		89.5629		15.0525
508		76.874		73.0544
509		34.4329		101.991
510		-10.2357		94.6346
511		-34.7237		63.1053
512		-32.3828		29.0566
513		-13.0059		10.0383
514		5.89456		9.96402
515		11.3888		18.8142
516		3.43954		21.084
517		-5.67262		7.34949
518		-0.215126		-18.4021
519		27.4882		-40.3706
520		70.2403		-40.6942
521		108.46		-11.5123
522		121.035		38.1724
523		98.4034		85.5488
524		50.0073		105.943
525		1.10188		87.2223
526		-20.1196		38.3158
527		1.59566		-13.6393
528		58.5641		-36.8246
529		122.181		-12.1261
530		156.71		55.0467
531		138.08		135.397
532		67.7824		189.27
533		-25.8206		186.551
534		-100.071		122.745
535		-118.467		22.7273
536		-68.7086		-70.1007
537		30.8406		-113.972
538		139.527		-88.1707
539		213.3		-2.07829
540		224.525		110.321
541		172.967		207.149
542		83.0824		257.695
543		-9.99631		254.244
544		-77.7373		211.457
545		-109.624		154.945
546		-113.437		106.324
547		-105.66		73.2917
548		-98.7131		49.7724
549		-93.0644		24.9241
550		-78.8781		-5.45434
551		-45.7914		-32.8721
552		5.75837		-39.8024
553		59.45		-11.3034
554		88.5189		52.3644
555		69.7115		130.315
556		-1.7197		187.37
557		-104.858		190.121
558		-199.013		124.813
559		-240.992		7.37531
560		-205.679		-120.59
561		-99.4924		-208.923
562		40.5399		-221.283
563		162.252		-151.879
564		221.132		-28.2464
565		199.442		101.337
566		112.557		189.536
567		-0.0784225		210.087
568		-94.2915		166.844
569		-140.832		88.1243
570		-135.771		10.3367
571		-97.4078		-40.0239
572		-52.6851		-56.7369
573		-21.3533		-52.0552
574		-6.66793		-45.0837
575		2.86028		-47.8769
576		22.6556		-57.5562
577		59.2972		-58.8264
578		103.731		-35.013
579		134.723		19.2608
580		130.702		91.595
581		83.1526		155.783
582		3.64162		184.443
583		-79.9251		163.451
584		-136.234		100.118
585		-145.874		20.3458
586		-110.766		-43.9496
587		-52.6021		-70.5248
588		-1.09999		-57.2373
589		21.5476		-21.7118
590		11.6698		9.39556
591		-15.265		15.5418
592		-34.5164		-6.45679
593		-26.8135		-41.144
594		10.2114		-63.6464
595		60.1717		-54.1858
596		96.604		-9.83902
597		97.3632		52.9003
598		56.8703		106.113
599		-10.3796		124.624
600		-76.8112		98.7053
601		-115.355		38.6446
602		-112.293		-30.9652
603		-72.7062		-83.7859
604		-16.0717		-104.197
605		34.9773		-93.1086
606		66.2135		-64.5455
607		77.3504		-35.633
608		78.9456		-16.1797
609		83.1273		-3.95099
610		94.1021		11.8294
611		104.38		41.1702
612		99.1715		84.097
613		66.4938		127.462
614		6.97575		150.253
615		-62.7408		134.921
616		-115.701		78.5404
617		-127.066		-2.62112
618		-86.994		-78.2715
619		-7.14129		-116.955
620		82.9333		-100.418
621		148.013		-32.344
622		162.271		62.8701
623		119.919		150.633
624		36.61		200.722
625		-58.5232		198.934
626		-135.766		150.716
627		-176.216		75.9946
628		-176.652		-1.21502
629		-146.693		-62.7251
630		-101.115		-100.974
631		-52.2334		-117.482
632		-6.39062		-117.372
633		34.5092		-104.218
634		68.7061		-78.5657
635		91.3801		-40.5965
636		95.3194		5.56271
637		75.3773		49.6367
638		33.7863		77.543
639		-17.6017		77.7111
640		-60.5212		47.9445
641		-78.0745		-1.49153
642		-63.2018		-51.1163
643		-23.0377		-80.8613
644		23.7694		-79.8669
645		55.9472		-52.1728
646		60.3248		-14.9181
647		38.7179		10.4067
648		7.09995		9.27171
649		-12.7823		-17.9905
650		-5.08578		-56.0413
651		31.3335		-82.4349
652		81.7899		-79.5184
653		123.064		-44.0508
654		135.385		10.6288
655		112.794		61.1368
656		66.4058		85.9162
657		18.7968		76.2166
658		-7.51565		40.4251
659		-1.45683		-0.478561
660		31.3039		-23.8641
661		71.7864		-16.9751
662		97.8731		16.9862
663		95.7139		61.2338
664		66.3477		94.6992
665		24.2374		103.1
666		-11.1682		85.831
667		-26.031		55.1864
668		-19.0621		28.6562
669		-1.1636		18.806
670		11.7554		26.4202
671		8.56696		40.6468
672		-10.2654		45.9198
673		-32.6941		31.6578
674		-41.9158		-0.770058
675		-26.2313		-37.7912
676		13.5443		-60.3507
677		63.2722		-54.0403
678		101.863		-17.199
679		111.555		37.3712
680		86.7476		88.0306
681		36.8706		114.363
682		-18.0861		106.524
683		-56.9178		69.2438
684		-66.5979		18.7637
685		-47.1091		-25.3409
686		-9.72778		-49.0214
687		29.7392		-48.8748
688		58.802		-31.4089
689		73.0795		-7.60477
690		75.9633		13.688
691		74.1076		29.7343
692		71.9527		43.3621
693		68.7507		58.7937
694		59.7819		76.8912
695		40.7587		93.0558
696		12.4115		99.266
697		-17.891		89.1071
698		-38.856		62.6968
699		-41.0302		28.3134
700		-22.3791		-0.638046
701		9.66003		-11.9785
702		41.1293		-1.05278
703		58.1978		26.5589
704		54.0487		57.5985
705		32.2806		77.7715
706		4.89759		79.0076
707		-14.1241		63.4522
708		-16.2807		42.0109
709		-2.99146		28.2014
710		15.3642		30.6204
711		25.3236		48.1109
712		17.9592		70.2807
713		-5.89989		83.1363
714		-35.7177		76.8257
715		-56.6211		51.3156
716		-57.2752		16.9098
717		-36.0879		-10.7492
718		-2.43259		-18.619
719		27.801		-2.99942
720		40.0436		28.4268
721		28.2344		60.2938
722		-2.29255		77.0471
723		-37.597		70.3749
724		-62.0298		42.8447
725		-65.6221		6.07693
726		-48.247		-25.3539
727		-18.661		-40.974
728		10.7335		-38.7861
729		30.3927		-24.9384
730		37.9189		-9.24506
731		38.0416		0.714554
732		38.6512		3.60098
733		45.3768		4.33061
734		57.882		10.3281
735		69.9568		26.3426
736		73.269		50.9012
737		62.5558		76.4797
738		39.2316		93.3354
739		11.2882		94.8599
740		-10.557		81.4335
741		-18.3976		60.5729
742		-11.3302		43.194
743		4.02796		37.9595
744		17.0377		46.7541
745		18.7133		63.7455
746		6.53713		78.5753
747		-14.1822		81.9909
748		-33.1603		70.9118
749		-40.695		50.2072
750		-32.975		30.2067
751		-14.298		21.2379
752		5.01111		28.0715
753		13.9265		47.2158
754		6.5146		68.5163
755		-14.8268		80.2607
756		-40.383		75.1662
757		-57.8814		54.173
758		-58.567		26.1176
759		-41.5187		3.47866
760		-14.0765		-3.61719
761		11.7415		7.88022
762		24.9341		32.7711
763		20.4425		60.3982
764		0.94986		79.8129
765		-25.1007		84.6272
766		-47.9761		75.2001
767		-61.1485		57.3369
768		-63.5424		38.5536
769		-58.6447		24.1421
770		-51.3606		15.1871
771		-44.6824		9.41232
772		-38.1944		4.03697
773		-29.23		-1.33497
774		-15.842		-3.74323
775		0.413193		1.42429
776		13.8464		16.971
777		16.9137		40.7831
778		4.41141		65.177
779		-22.6918		79.5537
780		-56.1275		75.3558
781		-82.9746		50.8783
782		-91.176		13.2934
783		-75.3702		-23.5215
784		-40.089		-44.672
785		1.49683		-40.9102
786		32.9645		-13.0719
787		41.7592		27.9612
788		24.7073		65.8956
789		-10.7102		86.1388
790		-49.925		82.0431
791		-77.9462		57.3595
792		-85.9017		23.8487
793		-74.3668		-4.62653
794		-52.0543		-18.5378
795		-30.7703		-16.5128
796		-19.3576		-4.84309
797		-19.7188		6.77951
798		-26.8065		10.8593
799		-32.3233		6.0209
800		-29.9469		-2.73398
801		-19.1696		-7.40843
802		-5.68067		-2.04857
803		1.86334		13.3908
804		-3.12955		32.5034
805		-21.1262		45.5383
806		-45.6195		44.5094
807		-66.0062		27.5811
808		-72.7204		0.389755
809		-61.9626		-26.422
810		-37.5894		-42.1937
811		-9.23061		-41.2042
812		12.3447		-25.1012
813		20.2037		-1.67461
814		14.0708		19.257
815		-0.299248		30.625
816		-14.6583		31.1097
817		-22.7044		24.96
818		-23.0688		18.9701
819		-19.4049		18.4128
820		-17.7522		24.1633
821		-22.7886		32.4692
822		-35.0742		37.3074
823		-50.7188		33.8833
824		-63.4996		21.2973
825		-68.1247		2.99547
826		-62.8067		-15.0787
827		-49.8294		-27.4523
828		-34.0031		-31.514
829		-20.0897		-28.1103
830		-10.7507		-20.2676
831		-6.10725		-11.0591
832		-4.90982		-2.04588
833		-6.30116		6.77043
834		-10.8187		15.6197
835		-19.8497		23.3606
836		-33.8496		26.9433
837		-50.581		22.6241
838		-64.8005		8.43827
839		-70.0551		-13.5443
840		-61.9448		-36.7876
841		-41.1445		-52.4218
842		-14.3154		-53.2315
843		8.01743		-37.5765
844		15.9527		-11.0873
845		5.00711		15.0694
846		-21.2258		28.8419
847		-52.0859		22.7703
848		-74.2718		-2.3703
849		-77.6795		-37.6284
850		-59.8773		-69.708
851		-27.0646		-86.7739
852		8.90083		-83.4538
853		35.8875		-62.6933
854		46.6254		-33.7383
855		41.1693		-7.45615
856		25.7367		8.5448
857		8.84116		12.6088
858		-3.05353		8.45748
859		-8.09373		2.04981
860		-8.70211		-2.1295
861		-8.92528		-3.24577
862		-11.2799		-3.70499
863		-15.0465		-6.69341
864		-16.9609		-13.3828
865		-13.7388		-21.6296
866		-4.74395		-27.0151
867		6.96614		-25.5914
868		15.9833		-16.6108
869		17.564		-3.47893
870		10.5285		7.79242
871		-1.76122		11.8468
872		-13.061		7.08253
873		-17.7074		-3.28558
874		-13.9137		-12.9525
875		-4.92825		-16.1648
876		2.75225		-11.2213
877		3.2303		-1.74132
878		-5.03757		5.19265
879		-17.8066		3.14079
880		-26.9467		-9.5867
881		-24.8423		-28.2068
882		-8.96744		-43.3119
883		15.9324		-45.5299
884		39.4444		-30.634
885		50.2699		-2.35369
886		41.8285		28.7477
887		15.7913		49.9331
888		-18.3444		52.2177
889		-47.5083		34.5826
890		-61.0274		4.35443
891		-55.3286		-26.4013
892		-35.077		-46.5886
893		-10.3264		-50.9841
894		8.68933		-41.9402
895		16.3646		-27.2445
896		13.7195		-15.509
897		6.78928		-11.6661
898		2.56061		-14.9324
899		4.84927		-20.1193
900		12.3862		-21.2977
901		20.0221		-15.5884
902		22.1662		-4.90849
903		16.3578		5.23172
904		4.89103		9.06287
905		-6.3947		4.01975
906		-11.3859		-7.6781
907		-7.09809		-20.1931
908		4.73808		-27.2466
909		18.7534		-25.4361
910		28.9635		-15.804
911		31.9226		-2.8438
912		28.1793		8.34575
913		21.2709		14.9763
914		14.9925		17.7834
915		10.7235		19.8403
916		6.54926		23.7758
917		-1.19224		29.2253
918		-14.837		32.27
919		-32.7345		27.4537
920		-48.8365		11.373
921		-55.1459		-14.2503
922		-45.9451		-42.0137
923		-21.5405		-61.5078
924		10.6942		-64.1307
925		38.8867		-47.6369
926		51.8422		-17.9503
927		44.3451		12.9356
928		19.8852		32.1582
929		-10.6811		31.823
930		-33.9944		12.6102
931		-40.2491		-16.6457
932		-27.4947		-43.1933
933		-2.13088		-56.304
934		24.5353		-51.9964
935		41.8394		-34.3072
936		44.6158		-12.6732
937		35.0321		3.06267
938		20.708		7.40221
939		10.3281		1.36326
940		9.14312		-8.81172
941		16.6394		-15.4763
942		27.389		-13.7755
943		34.3839		-4.03121
944		32.934		8.76524
945		23.0758		17.8613
946		9.36915		18.3616
947		-1.59238		9.64848
948		-4.49321		-4.51244
949		2.30926		-18.0027
950		16.3841		-25.2678
951		32.7463		-23.5791
952		46.258		-13.6491
953		53.5814		1.38542
954		53.8343		17.7494
955		47.9649		32.4841
956		37.5805		43.8997
957		24.1267		51.1182
958		8.87582		53.3873
959		-6.50139		49.8998
960		-19.489		40.3773
961		-27.0479		26.0124
962		-26.8051		9.9696
963		-18.522		-3.19771
964		-4.89659		-9.21178
965		9.00834		-6.07759
966		17.6892		4.67097
967		17.6396		18.3148
968		9.05576		28.9051
969		-4.15712		31.9605
970		-16.1989		26.5555
971		-22.1615		15.6984
972		-20.3845		4.75261
973		-13.1628		-1.3168
974		-5.43182		-0.462265
975		-2.11095		5.46518
976		-5.48792		11.7733
977		-14.0034		13.4601
978		-23.0506		7.89223
979		-27.3566		-3.75201
980		-23.7024		-17.0024
981		-12.5961		-26.2785
982		1.91747		-27.6072
983		14.1604		-20.5169
984		19.4493		-8.22359
985		16.1604		3.89288
986		6.30754		10.6999
987		-5.50952		9.4377
988		-14.1458		0.642731
989		-15.932		-12.3812
990		-9.81891		-25.0947
991		2.66101		-33.4377
992		18.3329		-34.9979
993		33.6044		-29.3284
994		45.4204		-17.5819
995		51.7122		-1.88142
996		51.46		15.2057
997		44.6414		30.9872
998		32.2447		42.8934
999		16.2994		48.8449
1000		-0.2924		47.7716
1001		-14.2924		40.0846
1002		-22.9779		27.7826
1003		-24.99		13.9915
1004		-20.7687		2.02188
1005		-12.3138		-5.67224
1006		-2.35581		-8.15434
1007		6.66055		-5.98576
1008		13.2728		-0.592079
1009		17.0652		6.58166
1010		18.1669		14.6217
1011		16.5915		23.108
1012		11.913		31.5808
1013		3.5415		38.9478
1014		-8.54483		43.3285
1015		-23.0942		42.5808
1016		-37.4357		35.3121
1017		-48.1368		21.8329
1018		-52.2365		4.46847
1019		-48.4642		-13.0421
1020		-37.8072		-26.8329
1021		-23.121		-34.2721
1022		-7.98463		-34.7348
1023		4.59566		-29.4587
1024		12.9874		-20.6629
1025		16.9173		-10.5049
1026		16.8306		-0.482243
1027		13.1866		8.46174
1028		6.23885		15.3728
1029		-3.52493		18.8494
1030		-14.6432		17.2587
1031		-24.3146		9.67802
1032		-28.9549		-2.94082
1033		-25.6834		-17.2103
1034		-14.0823		-27.9947
1035		2.79188		-30.3442
1036		18.9555		-21.898
1037		27.6755		-4.52648
1038		24.4324		15.816
1039		9.26142		31.2482
1040		-12.8049		35.3
1041		-33.6152		25.8922
1042		-45.3683		6.4556
1043		-44.0736		-15.4766
1044		-31.3147		-31.6302
1045		-13.4041		-36.7221
1046		1.69286		-30.744
1047		8.1644		-18.6697
1048		4.99778		-7.74599
1049		-3.84482		-3.74936
1050		-11.7669		-8.11493
1051		-13.161		-17.385
1052		-6.43062		-25.222
1053		5.13976		-25.9063
1054		15.0899		-17.4927
1055		17.1538		-2.99738
1056		8.54511		10.968
1057		-8.51015		17.3843
1058		-27.7263		12.1929
1059		-41.6475		-3.82935
1060		-44.976		-25.5422
1061		-36.7016		-45.8952
1062		-20.1015		-59.0305
1063		-0.815353		-62.4858
1064		15.8518		-57.5436
1065		26.9767		-47.8127
1066		32.4956		-37.0303
1067		34.139		-27.3662
1068		33.6928		-19.0614
1069		31.73		-11.3772
1070		27.5464		-4.04569
1071		20.2265		1.82364
1072		10.0357		4.02698
1073		-0.86232		0.591629
1074		-8.95182		-8.69142
1075		-10.9656		-21.5398
1076		-5.65613		-33.8278
1077		5.31956		-41.3742
1078		17.995		-41.9357
1079		27.9377		-36.3012
1080		32.3823		-27.8386
1081		31.4982		-20.6962
1082		28.0851		-17.6214
1083		25.8534		-18.5887
1084		27.2372		-21.0025
1085		31.9664		-21.3723
1086		37.2219		-17.5245
1087		39.3256		-10.0962
1088		36.0507		-2.41644
1089		28.2514		1.24409
1090		19.8366		-1.83691
1091		15.9706		-10.95
1092		20.3511		-21.7684
1093		32.9531		-28.1056
1094		49.4632		-24.8504
1095		62.8233		-10.6762
1096		66.2666		10.8389
1097		56.4714		32.3134
1098		35.3637		45.4808
1099		9.69786		44.6607
1100		-11.4462		29.2619
1101		-20.1936		4.23449
1102		-12.9468		-21.7066
1103		8.23742		-39.3103
1104		36.4477		-42.1382
1105		62.4636		-28.739
1106		77.9713		-2.91649
1107		78.2171		27.8335
1108		63.223		54.9718
1109		37.3244		71.6091
1110		7.41572		74.3424
1111		-19.3294		63.778
1112		-37.4727		43.8017
1113		-44.5046		20.0366
1114		-41.0312		-1.91571
1115		-30.0921		-17.9307
1116		-15.9484		-26.1825
1117		-2.74		-27.232
1118		6.63401		-23.4642
1119		11.1517		-18.0929
1120		11.6954		-14.0284
1121		10.487		-12.9303
1122		10.1117		-14.7284
1123		12.4409		-17.7719
1124		17.8246		-19.5775
1125		24.8673		-17.9312
1126		30.9101		-11.9443
1127		33.0873		-2.63732
1128		29.577		7.22551
1129		20.5534		14.0596
1130		8.41469		14.835
1131		-2.88205		8.38552
1132		-9.19778		-3.89532
1133		-7.81096		-18.3177
1134		1.39232		-30.1053
1135		15.6591		-35.1508
1136		30.2314		-31.6514
1137		40.0747		-20.9502
1138		41.8398		-7.17427
1139		35.2679		4.27643
1140		23.4206		8.84833
1141		11.5522		4.72025
1142		5.01186		-6.3539
1143		7.00826		-19.6714
1144		17.1914		-29.4917
1145		31.7149		-31.472
1146		44.8303		-24.5794
1147		51.3741		-11.6012
1148		49.0674		2.0403
1149		39.5696		10.701
1150		27.7482		11.0892
1151		19.4403		3.80616
1152		18.7035		-6.91108
1153		25.8496		-15.1867
1154		37.2293		-16.3454
1155		46.9339		-9.2529
1156		49.6544		2.9925
1157		43.3521		14.4082
1158		30.4408		18.9276
1159		16.8706		13.3427
1160		9.5024		-1.0108
1161		12.9908		-18.6455
1162		27.6304		-32.2163
1163		49.1514		-35.6407
1164		70.509		-26.6065
1165		84.7774		-7.36575
1166		87.7909		16.4234
1167		79.3977		38.1211
1168		62.9488		52.5892
1169		43.5145		57.6485
1170		25.8507		54.0763
1171		13.0694		44.4969
1172		6.40555		31.9996
1173		5.78383		19.2539
1174		10.4982		8.38068
1175		19.4325		1.23781
1176		30.7676		-0.498413
1177		41.6602		4.14401
1178		48.5457		14.4898
1179		48.3518		27.5645
1180		40.2107		38.5206
1181		26.6757		42.4055
1182		13.4283		36.6701
1183		7.13348		23.1188
1184		12.1701		7.9854
1185		27.8272		-0.385754
1186		47.6376		4.51184
1187		61.6395		23.6115
1188		60.8656		50.8047
1189		42.0264		74.881
1190		9.96312		84.3424
1191		-23.687		72.9665
1192		-45.3476		43.3472
1193		-45.7628		6.42597
1194		-24.6268		-23.0886
1195		8.84707		-33.4088
1196		39.9323		-21.2575
1197		55.1955		6.46333
1198		48.8281		35.8892
1199		25.3573		52.825
1200		-2.66633		49.5613
1201		-20.8991		28.4889
1202		-20.2518		0.712273
1203		-1.2342		-19.6222
1204		26.5507		-22.3898
1205		49.4239		-6.3737
1206		56.5303		20.4421
1207		45.0772		45.1901
1208		21.313		56.7025
1209		-3.08781		50.9187
1210		-17.1768		32.402
1211		-16.1272		11.3812
1212		-3.11996		-1.90131
1213		13.0549		-2.42014
1214		23.1385		7.5575
1215		22.356		20.445
1216		12.5171		28.0069
1217		0.315201		25.9743
1218		-6.95978		16.034
1219		-5.68536		4.24313
1220		2.31825		-2.98885
1221		11.4092		-2.84184
1222		16.0128		2.42226
1223		14.3138		7.26001
1224		9.4395		6.77099
1225		7.35658		0.267586
1226		12.7261		-7.81625
1227		25.2731		-10.4066
1228		39.0297		-2.32964
1229		45.1875		15.771
1230		37.1491		36.6224
1231		14.952		49.4221
1232		-13.6019		45.4097
1233		-36.0617		22.945
1234		-41.2932		-10.7908
1235		-25.2316		-42.6354
1236		6.67517		-59.5608
1237		41.7562		-54.9756
1238		66.0787		-31.9481
1239		71.0616		-1.65472
1240		57.3703		22.1404
1241		34.1681		29.7126
1242		14.2445		19.7295
1243		7.66568		-0.763008
1244		17.2407		-20.4595
1245		37.9748		-29.629
1246		60.4464		-24.535
1247		75.9722		-8.28979
1248		80.6386		11.9086
1249		76.1626		29.2253
1250		67.5097		40.6267
1251		59.0743		47.4416
1252		51.9268		53.0519
1253		43.7934		59.4868
1254		31.6126		65.2938
1255		14.8325		66.1755
1256		-2.88853		58.0411
1257		-14.9282		40.5024
1258		-15.363		18.4237
1259		-2.88602		0.235771
1260		17.5308		-6.30289
1261		36.5378		1.45895
1262		45.0902		19.1141
1263		39.3791		37.1199
1264		23.1379		45.7718
1265		5.81241		40.5462
1266		-2.59052		24.7541
1267		2.81905		7.84107
1268		18.8466		0.110352
1269		35.7808		6.74568
1270		42.7854		24.5392
1271		34.1789		43.3171
1272		13.0343		51.4386
1273		-10.0644		42.3859
1274		-22.5914		18.733
1275		-16.9686		-8.85811
1276		5.07782		-27.2142
1277		33.2308		-27.7955
1278		54.1044		-11.4272
1279		58.5894		12.1064
1280		46.9263		29.4961
1281		28.5975		31.4205
1282		16.9833		17.9433
1283		21.678		-1.2988
1284		42.7459		-12.3495
1285		70.1975		-4.80344
1286		89.1068		22.0539
1287		87.6465		58.2996
1288		63.6488		88.2464
1289		26.0612		98.5428
1290		-9.54257		85.0992
1291		-28.9612		55.0695
1292		-26.5036		22.8458
1293		-7.40196		2.33104
1294		15.7185		-0.21077
1295		30.2099		11.1923
1296		30.3968		25.4061
1297		20.264		31.2478
1298		10.4097		24.2722
1299		11.1498		9.35602
1300		25.8655		-2.39478
1301		48.5453		-0.571793
1302		67.0232		17.8697
1303		70.0872		46.1961
1304		54.3167		71.2868
1305		26.5713		80.9983
1306		0.502914		71.2883
1307		-11.0883		48.8887
1308		-3.73794		27.7825
1309		15.7319		21.2759
1310		32.7116		34.0795
1311		33.0249		58.9766
1312		11.3721		80.2102
1313		-24.8096		81.9812
1314		-58.4682		57.4988
1315		-71.6184		13.5484
1316		-55.0191		-32.1418
1317		-13.5965		-59.5671
1318		35.4508		-56.6531
1319		71.0251		-25.5857
1320		78.6495		18.1469
1321		57.6256		53.5464
1322		21.1029		64.6496
1323		-10.8994		48.3255
1324		-21.7697		15.3473
1325		-6.4937		-15.6229
1326		26.3782		-27.7865
1327		59.7141		-14.5226
1328		76.802		17.9137
1329		69.5064		54.3275
1330		41.4745		78.6373
1331		5.18997		81.5607
1332		-24.9765		64.0189
1333		-39.6462		35.0109
1334		-37.6353		5.82193
1335		-24.3202		-15.7569
1336		-6.88589		-27.9753
1337		10.2021		-33.51
1338		26.6867		-35.4223
1339		44.3917		-33.8156
1340		63.3884		-25.6353
1341		79.5294		-7.77784
1342		85.5244		18.7196
1343		75.3165		46.6076
1344		49.1173		64.5203
1345		15.6248		62.6637
1346		-10.6753		39.014
1347		-16.3353		2.15411
1348		3.58601		-31.5553
1349		41.7358		-45.6213
1350		80.9973		-32.0819
1351		102.578		3.58672
1352		95.6628		44.3658
1353		63.4664		69.851
1354		22.1941		66.6163
1355		-6.8512		35.3114
1356		-8.02376		-9.41501
1357		20.7246		-46.2862
1358		66.9851		-58.2197
1359		110.59		-40.8315
1360		134.237		-4.07518
1361		132.252		33.7812
1362		112.757		56.4298
1363		92.179		58.306
1364		85.3103		47.0149
1365		96.6166		38.1408
1366		117.734		45.4969
1367		132.572		72.4671
1368		127.081		109.468
1369		98.0271		139.072
1370		55.6615		145.931
1371		18.613		125.825
1372		3.78645		88.6142
1373		16.9708		53.2587
1374		49.5264		37.6308
1375		83.1172		48.8387
1376		99.8727		79.5674
1377		92.2286		112.553
1378		66.8201		130.669
1379		40.1689		126.839
1380		28.613		108.046
1381		38.2954		91.0371
1382		61.0854		92.1143
1383		78.9609		116.904
1384		74.4967		156.131
1385		41.4829		190.075
1386		-10.5475		199.402
1387		-60.7474		176.284
1388		-88.0844		129.357
1389		-82.9627		79.4386
1390		-52.6464		48.1962
1391		-17.1662		46.0809
1392		2.19894		66.5005
1393		-4.59935		89.8089
1394		-30.2057		95.1207
1395		-53.8817		73.3271
1396		-53.8478		33.6861
1397		-21.1352		-0.279518
1398		33.1147		-3.87422
1399		81.6595		33.6855
1400		95.0491		100.765
1401		58.2741		166.775
1402		-18.9525		196.611
1403		-104.43		168.95
1404		-157.878		88.7559
1405		-150.576		-12.9888
1406		-80.2479		-92.823
1407		26.6798		-115.132
1408		126.868		-69.091
1409		180.133		26.3218
1410		167.746		131.707
1411		99.8963		206.087
1412		8.98682		225.563
1413		-67.2693		192.511
1414		-103.878		131.277
1415		-98.5126		73.4704
1416		-68.8867		41.2611
1417		-39.9879		37.6157
1418		-28.9077		48.1517
1419		-35.8688		52.6397
1420		-46.1141		38.9135
1421		-40.9382		10.9209
1422		-10.9287		-13.6609
1423		36.6228		-14.6128
1424		80.639		17.6291
1425		97.8861		74.7238
1426		76.5395		133.617
1427		23.6838		168.571
1428		-37.8369		165.213
1429		-81.6609		128.457
1430		-92.3577		79.5583
1431		-73.7406		43.7521
1432		-46.0505		35.4503
1433		-33.3427		49.6026
1434		-48.1467		64.5314
1435		-82.3394		55.0996
1436		-109.976		9.03345
1437		-101.234		-62.9573
1438		-40.2271		-129.593
1439		63.1374		-153.586
1440		174.324		-111.195
1441		248.674		-6.49097
1442		252.394		127.568
1443		179.456		242.479
1444		55.6951		295.71
1445		-72.209		269.798
1446		-157.483		179.653
1447		-173.506		64.6808
1448		-123.781		-29.9716
1449		-37.3329		-73.4501
1450		47.2707		-60.7227
1451		100.532		-10.6705
1452		113.806		47.0327
1453		99.0089		88.4309
1454		77.7825		106.238
1455		67.1021		110.003
1456		69.7094		116.593
1457		74.3749		137.397
1458		65.0568		170.097
1459		32.8933		199.764
1460		-16.4585		208.308
1461		-64.656		186.386
1462		-90.6627		140.458
1463		-83.0051		90.5653
1464		-47.0122		59.9085
1465		-2.61583		62.1339
1466		26.2521		93.6734
1467		24.7334		135.67
1468		-4.86301		164.55
1469		-44.6429		165.321
1470		-71.6011		140.037
1471		-71.1115		106.514
1472		-45.752		87.9066
1473		-14.3245		98.9308
1474		-1.41457		136.54
1475		-23.19		180.471
1476		-77.3492		203.617
1477		-142.936		186.683
1478		-190.343		129.162
1479		-196.228		50.6012
1480		-155.384		-18.584
1481		-83.2838		-51.8109
1482		-8.1619		-38.7333
1483		42.8723		11.0579
1484		56.1137		74.5196
1485		35.5725		127.725
1486		-2.35124		157.274
1487		-40.0075		164.367
1488		-68.5145		159.887
1489		-90.7133		154.242
1490		-115.623		148.766
1491		-148.302		134.417
1492		-182.042		98.9508
1493		-198.658		38.2665
1494		-177.842		-35.4135
1495		-110.839		-94.6429
1496		-10.4005		-108.155
1497		89.7743		-57.4619
1498		147.597		50.1764
1499		131.951		180.209
1500		39.3423		283.027
1501		-101.094		315.129
1502		-237.809		259.324
1503		-318.264		133.962
1504		-311.727		-13.7924
1505		-222.677		-127.852
1506		-88.4509		-167.05
1507		37.5554		-121.821
1508		108.944		-16.2843
1509		104.753		104.463
1510		35.1841		194.968
1511		-66.8258		227.797
1512		-162.705		201.439
1513		-224.86		135.459
1514		-244.955		57.1994
1515		-231.248		-11.9282
1516		-198.457		-63.4136
1517		-157.264		-99.3954
1518		-109.785		-124.347
1519		-53.0419		-137.171
1520		12.8494		-129.38
1521		78.0383		-90.8222
1522		123.2		-19.266
1523		127.675		72.6411
1524		81.3381		158.426
1525		-6.7854		207.671
1526		-108.919		200.203
1527		-188.956		137.059
1528		-218.266		41.8601
1529		-188.922		-48.8925
1530		-117.341		-102.157
1531		-36.1765		-103.158
1532		21.5243		-61.1181
1533		37.7913		-3.05599
1534		16.9385		40.91
1535		-18.9373		52.9107
1536		-43.3372		35.2928
1537		-40.1395		7.32713
1538		-11.7734		-7.03938
1539		23.3632		6.70522
1540		42.3458		45.5506
1541		31.2654		91.193
1542		-6.87019		120.959
1543		-54.2219		120.913
1544		-88.7345		93.5356
1545		-96.9104		55.5977
1546		-81.182		27.652
1547		-57.5193		21.4715
1548		-44.6943		33.0475
1549		-51.6564		45.5516
1550		-70.8155		40.7776
1551		-81.7881		12.3679
1552		-64.0819		-27.3454
1553		-11.6926		-51.782
1554		59.1313		-34.3924
1555		114.446		34.588
1556		118.366		138.371
1557		52.4481		237.198
1558		-71.4926		284.788
1559		-212.602		250.185
1560		-316.743		134.184
1561		-339.811		-28.2549
1562		-267.518		-181.404
1563		-122.047		-271.889
1564		47.5678		-270.62
1565		186.494		-183.308
1566		256.29		-45.1965
1567		247.873		96.4654
1568		180.044		202.896
1569		85.9413		257.159
1570		-4.34161		264.897
1571		-75.5833		244.006
1572		-128.287		210.586
1573		-169.848		169.856
1574		-202.879		117.016
1575		-218.851		46.6339
1576		-201.594		-36.2595
1577		-138.855		-111.39
1578		-34.7304		-149.11
1579		85.347		-124.745
1580		181.587		-33.6946
1581		216.471		101.686
1582		172.83		238.497
1583		63.6018		330.921
1584		-72.6353		350.599
1585		-188.85		299.271
1586		-251.033		206.831
1587		-252.942		115.538
1588		-216.393		58.5259
1589		-177.015		43.955
1590		-163.175		53.2806
1591		-179.66		54.5334
1592		-205.221		23.2915
1593		-205.661		-40.3866
1594		-155.535		-108.894
1595		-56.5092		-140.355
1596		58.2389		-101.788
1597		137.077		10.0295
1598		134.614		161.55
1599		35.7588		294.021
1600		-133.344		348.811
1601		-313.668		294.459
1602		-437.523		142.201
1603		-457.28		-57.6592
1604		-365.046		-236.78
1605		-194.403		-337.037
1606		-4.23709		-332.708
1607		146.697		-236.931
1608		222.028		-90.9806
1609		217.017		56.6002
1610		152.447		169.783
1611		58.8119		234.432
1612		-39.2455		254.654
1613		-129.815		240.993
1614		-209.685		199.455
1615		-274.203		128.827
1616		-309.62		27.757
1617		-294.815		-93.7712
1618		-213.083		-207.572
1619		-67.6353		-271.935
1620		109.183		-248.177
1621		260.801		-121.792
1622		326.129		83.2168
1623		266.318		306.21
1624		85.8279		469.892
1625		-163.559		510.966
1626		-399.619		407.878
1627		-541.278		192.362
1628		-541.282		-61.4033
1629		-405.276		-265.911
1630		-188.705		-354.983
1631		26.8513		-308.738
1632		166.976		-158.345
1633		192.466		30.3929
1634		110.52		186.022
1635		-34.1435		259.39
1636		-182.075		238.729
1637		-284.081		147.184
1638		-317.253		26.7376
1639		-286.732		-81.8693
1640		-215.552		-153.384
1641		-130.227		-181.391
1642		-50.268		-172.287
1643		14.198		-136.087
1644		58.2041		-80.6706
1645		76.5763		-12.3651
1646		62.7869		59.2735
1647		13.6627		117.921
1648		-63.2957		142.926
1649		-146.026		118.348
1650		-202.26		44.1462
1651		-202.222		-57.5851
1652		-134.221		-146.883
1653		-14.7576		-180.877
1654		113.598		-133.468
1655		197.539		-10.151
1656		195.613		150.189
1657		97.7638		288.825
1658		-67.8019		350.829
1659		-244.331		308.32
1660		-368.891		172.651
1661		-397.405		-10.0325
1662		-321.217		-177.561
1663		-168.343		-276.023
1664		10.0363		-278.66
1665		160.533		-191.829
1666		245.992		-47.2144
1667		253.907		114.003
1668		193.231		256.386
1669		84.0298		358.09
1670		-52.7581		409.753
1671		-199.767		408.241
1672		-340.958		351.546
1673		-456.651		239.382
1674		-521.809		79.3843
1675		-511.453		-105.872
1676		-412.161		-277.439
1677		-233.809		-388.09
1678		-14.0916		-398.425
1679		188.891		-294.291
1680		314.803		-96.7853
1681		322.965		141.145
1682		208.336		351.403
1683		4.16375		474.178
1684		-230.051		478.205
1685		-429.898		369.441
1686		-547.333		185.337
1687		-563.216		-21.4352
1688		-487.351		-201.602
1689		-348.498		-322.172
1690		-181.126		-369.66
1691		-15.815		-345.358
1692		123.444		-258.24
1693		216.849		-121.072
1694		246.368		48.226
1695		197.936		222.679
1696		68.9991		365.32
1697		-122.692		435.631
1698		-335.748		403.267
1699		-512.431		263.588
1700		-596.448		46.6201
1701		-554.912		-187.229
1702		-394.513		-365.526
1703		-163.294		-429.89
1704		64.4715		-358.824
1705		214.926		-176.906
1706		241.667		54.2336
1707		141.601		259.428
1708		-46.8486		377.667
1709		-261.455		382.055
1710		-440.982		284.302
1711		-545.709		123.679
1712		-565.531		-52.429
1713		-514.431		-206.233
1714		-416.949		-317.762
1715		-295.446		-382.074
1716		-164.92		-400.235
1717		-36.4945		-371.81
1718		75.2274		-294.549
1719		148.216		-171.474
1720		157.508		-19.9053
1721		87.3761		125.258
1722		-55.3281		218.98
1723		-235.387		222.99
1724		-396.701		124.608
1725		-481.953		-52.5706
1726		-456.355		-253.221
1727		-324.141		-409.89
1728		-129.087		-469.668
1729		62.264		-415.807
1730		187.544		-274.025
1731		213.385		-100.431
1732		146.801		43.2035
1733		28.3828		115.07
1734		-88.5896		108.06
1735		-162.437		47.5769
1736		-179.102		-25.0386
1737		-153.145		-74.0929
1738		-114.975		-85.0866
1739		-92.4003		-67.2587
1740		-96.6663		-43.5595
1741		-119.722		-35.0507
1742		-142.66		-48.9798
1743		-149.082		-76.7555
1744		-134.964		-101.757
1745		-109.43		-111.113
1746		-86.8214		-103.626
1747		-75.8994		-88.8743
1748		-73.7312		-78.4199
1749		-68.6855		-75.3001
1750		-50.9845		-69.4073
1751		-23.9733		-42.9274
1752		-8.02191		16.3365
1753		-32.7628		101.468
1754		-120.236		181.766
1755		-267.569		211.829
1756		-439.448		151.87
1757		-576.471		-10.0776
1758		-617.538		-245.648
1759		-526.74		-491.047
1760		-312.05		-668.832
1761		-26.3705		-717.569
1762		250.351		-616.174
1763		440.235		-392.024
1764		494.921		-109.635
1765		409.714		154.221
1766		219.62		337.211
1767		-18.7209		408.448
1768		-249.121		370.224
1769		-431.432		247.042
1770		-545.232		70.3999
1771		-583.606		-131.593
1772		-544.45		-335.352
1773		-427.031		-516.149
1774		-236.917		-642.936
1775		4.38716		-680.807
1776		253.265		-603.111
1777		448.825		-408.145
1778		530.476		-130.683
1779		462.155		160.557
1780		251.782		382.049
1781		-44.9163		464.926
1782		-340.447		382.22
1783		-546.115		161.05
1784		-604.331		-126.643
1785		-508.473		-391.308
1786		-301.833		-558.917
1787		-56.98		-595.501
1788		154.046		-513.138
1789		284.771		-356.806
1790		324.139		-180.587
1791		289.297		-25.9202
1792		208.222		88.1356
1793		103.399		160.365
1794		-14.4548		194.593
1795		-140.825		188.727
1796		-265.947		133.544
1797		-367.157		22.1276
1798		-412.269		-136.679
1799		-373.97		-310.859
1800		-247.575		-451.042
1801		-61.1135		-509.062
1802		130.138		-460.614
1803		264.262		-319.744
1804		299.252		-136.094
1805		232.046		25.3545
1806		99.6326		112.796
1807		-39.1577		110.053
1808		-132.25		41.2709
1809		-158.563		-44.7208
1810		-135.133		-102.097
1811		-103.4		-112.817
1812		-102.301		-94.9133
1813		-143.198		-89.5661
1814		-201.004		-133.995
1815		-227.158		-235.344
1816		-178.03		-360.737
1817		-43.3466		-450.242
1818		141.481		-446.999
1819		307.187		-328.969
1820		381.854		-125.126
1821		326.049		93.4917
1822		153.755		244.436
1823		-72.117		271.254
1824		-267.834		168.871
1825		-366.553		-15.7471
1826		-346.701		-207.642
1827		-237.153		-339.823
1828		-97.6458		-382.536
1829		14.1617		-351.246
1830		70.9265		-290.545
1831		84.3022		-244.221
1832		90.4467		-228.937
1833		121.776		-226.455
1834		182.043		-198.532
1835		239.844		-115.513
1836		245.11		18.4483
1837		159.864		159.114
1838		-14.1196		240.055
1839		-227.204		206.318
1840		-399.599		46.1004
1841		-457.169		-197.116
1842		-367.426		-439.745
1843		-156.994		-594.029
1844		98.9102		-607.099
1845		310.039		-483.616
1846		410.906		-280.923
1847		387.002		-79.811
1848		275.045		53.5323
1849		138.71		94.8438
1850		33.9687		65.2616
1851		-17.0432		11.0912
1852		-30.3142		-27.2592
1853		-41.7287		-39.0045
1854		-78.3531		-46.1203
1855		-136.87		-84.8875
1856		-182.317		-177.465
1857		-168.283		-310.991
1858		-66.9893		-437.537
1859		108.514		-496.258
1860		303.884		-446.153
1861		446.626		-291.105
1862		481.298		-82.4879
1863		397.922		103.388
1864		237.79		201.806
1865		72.8214		190.872
1866		-30.9799		100.571
1867		-46.5139		-5.4659
1868		2.83736		-65.7706
1869		59.4187		-54.9445
1870		66.5046		3.05142
1871		3.07715		49.8594
1872		-101.379		28.0928
1873		-181.021		-82.2259
1874		-169.928		-246.636
1875		-41.3366		-389.07
1876		171.657		-429.05
1877		386.11		-324.415
1878		506.172		-97.1793
1879		468.911		171.6
1880		276.006		376.298
1881		-4.70574		433.881
1882		-268.623		320.717
1883		-420.069		81.4835
1884		-411.973		-193.057
1885		-261.176		-407.213
1886		-34.0487		-499.639
1887		187.842		-462.408
1888		343.208		-333.266
1889		410.235		-168.747
1890		402.519		-14.8559
1891		348.137		108.662
1892		266.931		204.013
1893		160.532		277.088
1894		20.5436		319.493
1895		-151.7		304.404
1896		-328.237		200.678
1897		-453.82		-2.34592
1898		-465.5		-274.715
1899		-324.065		-544.585
1900		-40.7668		-720.304
1901		316.382		-727.354
1902		642.662		-542.647
1903		835.411		-208.822
1904		833.918		179.365
1905		641.952		510.716
1906		323.039		698.701
1907		-27.8465		709.348
1908		-321.418		564.776
1909		-502.302		324.04
1910		-557.092		53.934
1911		-502.779		-194.255
1912		-366.54		-391.768
1913		-170.981		-523.874
1914		66.5888		-576.177
1915		322.827		-528.574
1916		556		-363.78
1917		705.387		-86.533
1918		708.476		259.339
1919		530.34		590.114
1920		190.103		804.089
1921		-232.085		819.825
1922		-615.784		613.596
1923		-842.944		236.704
1924		-844.394		-198.422
1925		-628.389		-559.48
1926		-277.026		-745.157
1927		88.4594		-722.46
1928		357.376		-533.673
1929		471.051		-270.906
1930		437.555		-31.9778
1931		315.121		120.212
1932		175.459		175.776
1933		67.5273		167.209
1934		0.327362		139.254
1935		-48.4192		118.147
1936		-105.779		97.9828
1937		-177.054		50.9456
1938		-236.146		-46.3328
1939		-239.232		-187.634
1940		-153.8		-330.003
1941		14.5934		-410.802
1942		215.066		-380.728
1943		370.256		-234.42
1944		412.98		-20.4128
1945		321.595		177.172
1946		134.482		277.427
1947		-65.541		242.405
1948		-190.186		96.8671
1949		-188.607		-83.0265
1950		-72.2186		-207.012
1951		91.5396		-215.274
1952		213.427		-107.58
1953		227.1		57.689
1954		121.561		193.682
1955		-54.7076		228.558
1956		-219.056		140.078
1957		-295.584		-35.5763
1958		-250.472		-223.784
1959		-104.598		-348.447
1960		80.9661		-366.293
1961		236.762		-281.785
1962		316.185		-137.455
1963		310.464		12.104
1964		242.172		126.559
1965		144.557		192.229
1966		41.2189		216.103
1967		-61.2603		208.675
1968		-164.633		169.275
1969		-262.231		85.135
1970		-327.92		-54.285
1971		-321.339		-237.259
1972		-209.552		-418.904
1973		6.27838		-530.382
1974		276.047		-507.651
1975		510.065		-326.678
1976		612.533		-25.9358
1977		525.09		298.655
1978		259.044		527.826
1979		-101.421		568.312
1980		-429.202		394.573
1981		-605.068		62.4783
1982		-566.149		-312.36
1983		-329.747		-601.787
1984		17.8438		-715.724
1985		360.702		-633.093
1986		600.804		-400.518
1987		691.104		-102.79
1988		640.686		177.39
1989		493.974		389.307
1990		299.291		520.539
1991		86.0153		580.889
1992		-137.526		577.956
1993		-367.094		502.181
1994		-580.401		332.248
1995		-727.304		58.1145
1996		-742.577		-293.247
1997		-577.535		-647.761
1998		-234.136		-900.614
1999		218.632		-955.176
2000		658.654		-767.003
2001		952.115		-370.641
2002		1004.9		125.919
2003		800.206		578.708
2004		404.62		860.905
2005		-59.8962		907.607
2006		-464.271		732.703
2007		-717.962		412.522
2008		-791.965		47.2099
2009		-712.066		-279.404
2010		-530.863		-522.331
2011		-296.955		-672.812
2012		-38.7258		-737.771
2013		230.561		-718.015
2014		493.59		-600.96
2015		711.961		-373.22
2016		826.238		-44.7251
2017		777.361		332.627
2018		539.699		667.256
2019		147.088		855.295
2020		-305.255		822.588
2021		-688.406		560.962
2022		-886.817		139.368
2023		-843.601		-317.875
2024		-582.559		-677.201
2025		-196.488		-845.448
2026		192.247		-800.491
2027		479.644		-590.134
2028		614.144		-302.534
2029		602.963		-25.0748
2030		491.85		187.29
2031		332.924		320.398
2032		159.74		386.187
2033		-17.6301		398.068
2034		-198.019		353.924
2035		-367.856		238.114
2036		-489.953		40.8743
2037		-512.78		-218.389
2038		-397.407		-481.226
2039		-147.129		-664.032
2040		178.971		-692.202
2041		480.05		-538.118
2042		651.924		-242.187
2043		632.649		96.6934
2044		432.506		359.522
2045		132.214		457.384
2046		-151.288		369.402
2047		-315.72		149.784
2048		-316.617		-99.4731
2049		-182.242		-276.602
2050		5.93206		-325.063
2051		156.086		-254.015
2052		210.002		-125.814
2053		166.433		-19.0728
2054		73.9382		12.372
2055		-0.532791		-36.4969
2056		-8.95193		-125.563
2057		54.5684		-196.414
2058		155.552		-205.845
2059		242.464		-147.318
2060		276.572		-49.8503
2061		250.993		42.7428
2062		189.073		98.3546
2063		125.059		112.606
2064		80.4225		105.441
2065		51.2525		101.716
2066		14.7839		109.214
2067		-49.162		109.219
2068		-135.922		67.1168
2069		-208.45		-42.115
2070		-211.91		-208.757
2071		-104.587		-380.187
2072		111.414		-477.866
2073		378.064		-433.617
2074		597.688		-227.569
2075		672.607		92.5977
2076		550.156		423.2
2077		250.992		643.806
2078		-134.06		666.838
2079		-478.223		474.544
2080		-668.528		126.207
2081		-648.384		-266.997
2082		-434.389		-586.749
2083		-102.092		-750.663
2084		249.555		-734.989
2085		536.216		-569.958
2086		711.08		-314.914
2087		765.365		-29.4238
2088		712.06		244.076
2089		567.024		479.754
2090		340.848		655.572
2091		46.1234		741.389
2092		-286.657		700.019
2093		-598.308		504.213
2094		-807.24		161.046
2095		-835.042		-271.715
2096		-641.408		-690.588
2097		-250.914		-975.619
2098		244.052		-1033.58
2099		709.206		-836.126
2100		1014.03		-434.689
2101		1077.95		55.8311
2102		897.007		498.025
2103		540.359		779.695
2104		119.711		848.083
2105		-252.871		717.84
2106		-499.903		453.122
2107		-592.973		135.902
2108		-545.333		-162.963
2109		-391.936		-397.915
2110		-170.675		-546.327
2111		85.355		-597.429
2112		343.911		-544.048
2113		565.822		-384.602
2114		703.869		-134.031
2115		714.09		165.524
2116		576.126		445.203
2117		311.436		626.391
2118		-13.1695		649.448
2119		-302.841		501.132
2120		-468.039		225.998
2121		-459.678		-86.2523
2122		-289.431		-333.785
2123		-24.8681		-441.758
2124		238.836		-389.751
2125		417.462		-215.2
2126		468.68		7.65923
2127		401.841		202.008
2128		264.243		318.771
2129		113.226		349.328
2130		-10.3099		317.081
2131		-93.8738		255.648
2132		-147.05		187.713
2133		-183.768		116.529
2134		-206.04		33.3727
2135		-200.029		-65.8895
2136		-146.878		-167.482
2137		-40.8746		-239.779
2138		97.6117		-248.268
2139		224.409		-177.13
2140		290.034		-44.0822
2141		265.215		101.991
2142		159.038		201.573
2143		18.2722		213.447
2144		-93.585		136.517
2145		-127.571		11.8379
2146		-74.3905		-97.5361
2147		30.5744		-139.106
2148		125.983		-98.8074
2149		157.78		-8.90573
2150		109.475		69.0777
2151		12.9641		78.0766
2152		-66.6409		-1.76801
2153		-64.9998		-138.901
2154		46.0317		-262.877
2155		240.013		-297.912
2156		444.449		-200.746
2157		572.345		16.202
2158		561.243		287.849
2159		400.728		523.742
2160		135.793		645.797
2161		-154.039		618.211
2162		-388.005		456.444
2163		-513.011		213.703
2164		-515.474		-45.2838
2165		-413.862		-268.258
2166		-240.307		-425.803
2167		-24.3928		-506.289
2168		211.275		-503.316
2169		443.27		-407.614
2170		636.041		-211.398
2171		739.087		76.2788
2172		699.809		413.674
2173		488.958		723.384
2174		125.929		909.965
2175		-311.894		894.434
2176		-705.416		651.014
2177		-932.822		227.556
2178		-915.902		-263.029
2179		-652.852		-679.688
2180		-221.634		-903.891
2181		248.703		-882.097
2182		626.308		-641.491
2183		822.958		-273.014
2184		818.712		108.923
2185		656.135		410.323
2186		410.492		585.245
2187		153.181		637.151
2188		-72.931		598.084
2189		-256.1		500.735
2190		-399.319		360.449
2191		-498.613		176.551
2192		-531.797		-50.1185
2193		-466.218		-296.878
2194		-281.636		-511.515
2195		5.71516		-625.37
2196		334.04		-582.848
2197		610.582		-372.415
2198		745.736		-41.5902
2199		691.147		314.311
2200		462.862		586.674
2201		137.245		696.047
2202		-179.322		622.724
2203		-392.93		411.216
2204		-456.97		147.287
2205		-383.803		-80.4256
2206		-229.77		-215.294
2207		-63.3557		-248.22
2208		66.1826		-208.835
2209		144.332		-140.26
2210		185.464		-72.9878
2211		212.171		-12.2769
2212		233.978		55.5745
2213		238.737		144.133
2214		201.529		248.291
2215		104.947		338.857
2216		-42.4635		374.567
2217		-201.947		325.075
2218		-318.592		191.41
2219		-346.958		11.2869
2220		-274.404		-155.087
2221		-128.9		-252.035
2222		33.6026		-254.098
2223		155.949		-176.571
2224		206.523		-65.2269
2225		191.675		29.0872
2226		147.469		76.9695
2227		115.802		83.5691
2228		118.629		81.3208
2229		144.993		106.826
2230		158.296		175.377
2231		119.746		268.04
2232		14.604		339.229
2233		-134.032		341.153
2234		-272.456		251.833
2235		-341.586		90.9945
2236		-307.042		-85.5632
2237		-177.941		-210.875
2238		-4.11425		-238.257
2239		147.027		-162.876
2240		221.87		-22.321
2241		203.829		123.67
2242		116.679		223.01
2243		7.2646		254.49
2244		-81.9316		232.369
2245		-134.588		190.964
2246		-164.583		159.183
2247		-200.557		140.523
2248		-260.73		110.794
2249		-333.621		35.4971
2250		-377.358		-102.944
2251		-339.885		-284.274
2252		-190.215		-449.445
2253		56.2674		-522.786
2254		333.488		-447.771
2255		546.113		-218.668
2256		608.186		108.621
2257		481.126		433.453
2258		192.921		648.385
2259		-170.777		681.075
2260		-499.511		521.231
2261		-699.467		221.255
2262		-724.943		-128.001
2263		-587.246		-433.452
2264		-340.171		-630.807
2265		-52.3312		-697.731
2266		218.529		-646.977
2267		437.613		-507.684
2268		589.216		-307.854
2269		664.11		-68.0199
2270		649.708		192.43
2271		531.508		443.576
2272		306.017		639.108
2273		-3.16771		724.057
2274		-338.016		655.334
2275		-615.617		425.531
2276		-753.777		76.706
2277		-702.411		-305.417
2278		-466.104		-617.016
2279		-106.401		-771.605
2280		278.26		-730.06
2281		586.512		-512.25
2282		747.143		-186.014
2283		737.641		160.184
2284		582.343		447.684
2285		334.333		628.029
2286		52.2893		686.869
2287		-216.102		634.13
2288		-438.311		489.765
2289		-591.191		274.905
2290		-653.632		12.8143
2291		-606.068		-263.697
2292		-439.661		-507.03
2293		-170.264		-659.786
2294		152.785		-671.836
2295		451.962		-523.088
2296		642.975		-240.154
2297		665.147		103.853
2298		507.388		409.76
2299		216.761		586.347
2300		-115.962		583.768
2301		-388.679		411.577
2302		-524.575		133.278
2303		-497.26		-159.868
2304		-334.353		-383.625
2305		-99.7858		-488.67
2306		135.142		-470.481
2307		317.706		-359.578
2308		425.612		-200.026
2309		462.117		-28.7865
2310		440.819		133.84
2311		371.135		279.982
2312		253.649		401.913
2313		87.4166		481.855
2314		-116.61		492.21
2315		-326.095		407.67
2316		-489.943		222.844
2317		-554.264		-35.1604
2318		-484.967		-307.924
2319		-285.719		-522.408
2320		-1.59579		-616.602
2321		294.409		-562.593
2322		526.415		-376.463
2323		641.056		-110.853
2324		622.326		165.63
2325		490.659		392.113
2326		288.941		531.768
2327		64.002		575.196
2328		-147.045		532.542
2329		-320.542		421.539
2330		-441.572		259.424
2331		-497.159		62.7503
2332		-474.239		-146.968
2333		-365.205		-338.191
2334		-177.887		-471.263
2335		57.1946		-509.274
2336		289.049		-433.692
2337		459.755		-256.476
2338		524.537		-21.0096
2339		469.132		210.588
2340		315.663		379.041
2341		113.574		448.702
2342		-80.2818		417.857
2343		-222.841		314.129
2344		-297.278		178.158
2345		-311.593		44.6093
2346		-285.785		-69.5891
2347		-236.094		-164.451
2348		-165.86		-245.715
2349		-68.1865		-311.371
2350		61.8191		-345.301
2351		213.557		-323.008
2352		355.752		-226.9
2353		444.634		-62.2838
2354		442.758		136.127
2355		338.98		312.821
2356		158.468		412.639
2357		-43.897		404.606
2358		-204.802		296.343
2359		-278.641		131.199
2360		-255.697		-31.0301
2361		-163.342		-140.449
2362		-49.8731		-177.349
2363		40.4028		-156.493
2364		87.8248		-113.874
2365		103.177		-83.6707
2366		116.184		-78.176
2367		153.627		-81.685
2368		219.6		-61.5545
2369		289.23		9.80724
2370		319.826		134.362
2371		273.86		281.02
2372		141.628		396.189
2373		-48.6539		427.522
2374		-239.13		349.06
2375		-365.309		175.146
2376		-382.693		-43.7764
2377		-284.352		-241.15
2378		-101.748		-360.126
2379		110.244		-373.032
2380		295.569		-286.489
2381		415.375		-132.094
2382		454.905		50.1654
2383		418.505		226.05
2384		318.953		372.135
2385		169.6		471.931
2386		-15.4551		509.158
2387		-214.469		466.008
2388		-391.424		330.434
2389		-497.779		109.659
2390		-486.258		-158.734
2391		-332.598		-407.599
2392		-54.7708		-557.257
2393		281.984		-544.355
2394		580.467		-350.533
2395		743.64		-16.9082
2396		711.063		364.413
2397		483.761		680.35
2398		125.971		836.672
2399		-257.612		790.984
2400		-559.381		565.136
2401		-705.071		232.797
2402		-673.959		-110.813
2403		-496.546		-382.643
2404		-234.072		-534.54
2405		48.0112		-557.524
2406		299.552		-470.087
2407		490.963		-300.588
2408		606.125		-75.0669
2409		631.809		183.487
2410		553.6		446.81
2411		363.055		672.965
2412		72.4024		807.53
2413		-273.303		798.376
2414		-597.195		619.199
2415		-809.212		290.046
2416		-837.123		-117.652
2417		-656.888		-497.659
2418		-307.693		-742.855
2419		116.982		-783.092
2420		500.103		-610.684
2421		741.238		-282.272
2422		789.305		103.601
2423		654.728		442.961
2424		397.568		660.911
2425		99.1613		730.247
2426		-168.565		668.759
2427		-362.671		520.255
2428		-471.47		331.23
2429		-502.812		135.228
2430		-468.418		-49.198
2431		-374.685		-209.694
2432		-224.902		-329.409
2433		-29.7514		-383.658
2434		182.719		-347.84
2435		366.556		-212.694
2436		470.155		2.53369
2437		456.729		248.388
2438		322.708		458.557
2439		103.729		573.587
2440		-136.296		564.11
2441		-328.912		442.218
2442		-426.808		255.25
2443		-419.468		65.0251
2444		-331.939		-77.2463
2445		-208.524		-148.313
2446		-90.6682		-154.999
2447		-0.664658		-121.891
2448		61.1737		-72.9388
2449		106.187		-17.9692
2450		141.626		48.4827
2451		160.012		136.269
2452		140.761		244.277
2453		63.6145		351.095
2454		-73.9837		418.867
2455		-246.465		409.801
2456		-404.305		307.09
2457		-492.563		128.626
2458		-475.389		-75.0566
2459		-354.148		-239.215
2460		-169.404		-311.588
2461		15.0494		-274.567
2462		138.861		-151.969
2463		169.731		2.84423
2464		114.315		131.457
2465		10.8454		195.304
2466		-91.8831		189.046
2467		-157.849		136.831
2468		-177.684		74.8617
2469		-166.941		30.5669
2470		-151.261		9.72429
2471		-147.833		-2.1087
2472		-154.073		-25.7913
2473		-149.861		-71.2407
2474		-111.734		-127.122
2475		-30.5515		-163.995
2476		77.9291		-149.586
2477		176.208		-67.8672
2478		220.994		68.6933
2479		183.911		220.823
2480		66.2095		337.773
2481		-100.165		378.725
2482		-265.636		329.64
2483		-383.397		207.47
2484		-426.921		50.48
2485		-396.402		-99.4376
2486		-312.345		-212.881
2487		-201.392		-279.623
2488		-83.2308		-303.915
2489		34.0884		-293.096
2490		148.734		-247.821
2491		254.316		-160.731
2492		331.98		-24.8327
2493		352.065		153.602
2494		286.277		346.267
2495		124.714		505.258
2496		-111.667		577.88
2497		-371.122		527.93
2498		-585.65		353.364
2499		-694.518		91.2836
2500		-666.416		-192.967
2501		-510.305		-428.117
2502		-270.393		-560.793
2503		-8.33399		-570.6
2504		218.521		-470.914
2505		372.956		-297.159
2506		442.005		-90.0742
2507		430.269		117.105
2508		348.886		302.198
2509		207.994		449.185
2510		17.2321		540.881
2511		-207.163		556.369
2512		-434.946		476.924
2513		-621.412		298.226
2514		-717.417		41.6512
2515		-687.07		-243.352
2516		-524.989		-489.901
2517		-263.914		-634.584
2518		32.5734		-640.05
2519		290.368		-508.963
2520		449.793		-282.656
2521		484.345		-24.9707
2522		405.385		201.253
2523		251.798		354.36
2524		70.8013		422.328
2525		-100.214		417.414
2526		-242.485		361.946
2527		-352.767		274.154
2528		-432.476		161.854
2529		-477.202		26.46
2530		-473.828		-126.586
2531		-407.45		-278.78
2532		-274.033		-397.913
2533		-90.8529		-447.845
2534		102.486		-404.465
2535		254.742		-269.551
2536		321.316		-74.7842
2537		281.696		127.053
2538		147.772		280.159
2539		-40.8034		344.957
2540		-231.632		310.025
2541		-377.662		192.236
2542		-450.27		26.6811
2543		-442.754		-147.435
2544		-365.145		-297.758
2545		-235.577		-402.597
2546		-74.1813		-448.544
2547		97.5452		-426.668
2548		253.669		-332.338
2549		362.165		-170.402
2550		389.488		37.4142
2551		312.202		249.125
2552		131.169		408.619
2553		-119.64		462.051
2554		-376.69		379.053
2555		-564.436		169.174
2556		-621.379		-115.406
2557		-523.943		-394.274
2558		-297.321		-585.772
2559		-7.72748		-635.696
2560		261.165		-535.615
2561		437.617		-323.224
2562		484.601		-65.407
2563		407.104		167.607
2564		242.737		325.221
2565		42.2188		387.361
2566		-149.809		360.935
2567		-304.945		266.957
2568		-409.663		127.399
2569		-456.815		-40.6103
2570		-438.144		-221.314
2571		-344.459		-392.232
2572		-174.435		-519.508
2573		53.5373		-562.981
2574		295.302		-491.224
2575		487.541		-299.888
2576		567.262		-23.1128
2577		496.848		270.22
2578		282.995		496.613
2579		-20.5015		587.261
2580		-329.123		514.031
2581		-557.073		300.306
2582		-647.322		11.6053
2583		-589.359		-269.819
2584		-417.624		-474.871
2585		-192.786		-568.926
2586		24.2402		-556.33
2587		193.119		-468.443
2588		301.162		-343.413
2589		355.891		-208.936
2590		369.932		-76.2682
2591		348.335		53.4328
2592		285.925		176.54
2593		175.568		277.535
2594		21.3687		329.772
2595		-152.434		307.023
2596		-303.796		199.564
2597		-386.952		25.2928
2598		-371.843		-171.455
2599		-258.923		-334.303
2600		-81.3306		-416.189
2601		107.273		-397.504
2602		253.571		-292.323
2603		324.156		-140.096
2604		314.792		12.483
2605		245.949		130.035
2606		148.423		198.567
2607		47.6206		223.302
2608		-45.0191		217.412
2609		-129.802		189.549
2610		-208.681		138.105
2611		-274.863		55.5334
2612		-309.713		-60.3945
2613		-289.99		-196.084
2614		-201.938		-320.055
2615		-54.0944		-392.357
2616		119.397		-381.777
2617		268.452		-282.191
2618		346.185		-119.079
2619		328.599		58.1501
2620		225.086		195.137
2621		74.3663		254.09
2622		-72.2494		227.655
2623		-172.111		138.83
2624		-206.784		27.697
2625		-185.013		-67.752
2626		-132.901		-126.891
2627		-77.6385		-150.749
2628		-33.959		-154.516
2629		-0.25029		-153.814
2630		34.621		-153.307
2631		78.8861		-144.271
2632		127.994		-112.173
2633		163.669		-49.3111
2634		162.907		35.5115
2635		111.93		116.652
2636		17.0036		161.7
2637		-94.4932		147.01
2638		-184.124		70.4501
2639		-218.84		-45.6321
2640		-185.54		-163.104
2641		-96.3994		-244.134
2642		17.4972		-266.599
2643		120.579		-231.305
2644		187.648		-158.093
2645		211.791		-73.7944
2646		202.139		0.885315
2647		174.015		58.5258
2648		137.978		103.035
2649		94.3929		140.889
2650		36.4639		171.771
2651		-40.6345		184.923
2652		-130.679		163.917
2653		-213.613		97.2827
2654		-261.66		-11.2779
2655		-251.69		-139.527
2656		-177.323		-252.917
2657		-54.0927		-317.84
2658		85.4437		-315.339
2659		204.368		-248.341
2660		275.433		-138.961
2661		289.501		-17.7489
2662		254.736		89.0611
2663		188.13		167.529
2664		105.086		215.651
2665		13.5124		236.215
2666		-84.3047		228.507
2667		-183.907		185.139
2668		-270.895		96.9438
2669		-319.641		-36.4195
2670		-301.387		-196.781
2671		-198.944		-345.826
2672		-20.5541		-434.902
2673		195.34		-423.46
2674		388.826		-298.054
2675		498.58		-82.4635
2676		485.087		166.933
2677		346.679		379.629
2678		121.024		495.737
2679		-128.655		486.45
2680		-336.37		361.716
2681		-455.103		162.816
2682		-468.613		-55.5111
2683		-389.86		-244.477
2684		-249.223		-373.715
2685		-80.0309		-432.972
2686		91.064		-425.268
2687		245.392		-357.911
2688		367.338		-237.808
2689		439.03		-73.7719
2690		440.403		116.78
2691		356.549		302.791
2692		188.99		441.958
2693		-36.0072		492.166
2694		-268.491		428.04
2695		-447.39		254.806
2696		-520.654		11.8922
2697		-464.64		-236.988
2698		-294.05		-424.176
2699		-57.6772		-500.676
2700		178.356		-451.723
2701		352.748		-299.302
2702		427.424		-91.6064
2703		395.558		114.99
2704		277.802		273.351
2705		110.66		355.95
2706		-66.4944		356.158
2707		-220.276		283.086
2708		-326.285		154.924
2709		-368.33		-5.21606
2710		-337.771		-170.208
2711		-235.536		-309.078
2712		-76.1992		-389.989
2713		109.492		-387.765
2714		277.781		-294.041
2715		382.402		-125.046
2716		389.809		78.3327
2717		292.921		260.608
2718		116.617		369.353
2719		-88.7635		373.641
2720		-264.213		275.287
2721		-362.48		107.711
2722		-363.537		-77.2073
2723		-278.745		-228.433
2724		-142.704		-312.744
2725		2.52673		-322.459
2726		123.066		-271.847
2727		201.822		-185.734
2728		237.529		-87.1549
2729		236.929		9.61622
2730		206.089		98.1702
2731		146.526		173.64
2732		58.2037		226.509
2733		-53.2517		241.724
2734		-170.685		204.723
2735		-266.028		111.308
2736		-308.788		-24.6568
2737		-278.999		-171.183
2738		-178.069		-287.391
2739		-31.3957		-338.572
2740		119.532		-310.137
2741		232.456		-213.632
2742		280.15		-81.7068
2743		259.373		45.6049
2744		189.109		136.705
2745		99.5582		178.929
2746		17.836		179.288
2747		-42.4266		156.168
2748		-82.9425		127.207
2749		-114.256		100.1
2750		-145.471		70.9212
2751		-176.475		30.0379
2752		-197.066		-28.5441
2753		-193.11		-100.315
2754		-155.805		-170.034
2755		-88.3766		-218.29
2756		-6.20775		-230.991
2757		69.732		-206.311
2758		122.378		-155.119
2759		145.576		-94.8246
2760		144.745		-40.3379
2761		131.117		2.50465
2762		113.295		37.2641
2763		91.464		70.9836
2764		58.0043		105.886
2765		4.37917		134.144
2766		-69.7663		139.551
2767		-151.052		105.929
2768		-214.473		27.9505
2769		-233.14		-81.7939
2770		-191.192		-194.124
2771		-93.288		-273.346
2772		34.6375		-291.75
2773		154.332		-241.623
2774		230.01		-138.876
2775		242.056		-16.4899
2776		193.344		88.9866
2777		105.633		151.334
2778		8.52513		162.544
2779		-73.059		131.691
2780		-126.697		76.6105
2781		-152.457		13.7189
2782		-156.502		-48.2605
2783		-143.206		-107.716
2784		-111.128		-164.131
2785		-55.5092		-211.393
2786		24.3758		-235.648
2787		118.005		-220.128
2788		201.951		-155.02
2789		246.34		-46.9206
2790		227.392		78.1067
2791		140.144		180.978
2792		4.62734		223.783
2793		-138.513		185.696
2794		-241.976		73.1813
2795		-269.626		-80.5791
2796		-210.43		-227.206
2797		-82.5153		-320.726
2798		74.137		-333.739
2799		212.729		-265.628
2800		295.714		-140.211
2801		305.435		4.92152
2802		246.093		131.898
2803		138.11		213.114
2804		9.02639		235.584
2805		-114.382		199.487
2806		-210.139		113.976
2807		-261.637		-6.28104
2808		-257.281		-142.195
2809		-191.748		-269.992
2810		-69.4668		-362.262
2811		91.6689		-392.563
2812		259.78		-343.463
2813		394.252		-215.082
2814		456.579		-29.6929
2815		423.313		171.116
2816		295.786		337.138
2817		101.947		424.738
2818		-111.135		410.761
2819		-291.548		299.624
2820		-398.054		120.921
2821		-410.959		-81.0284
2822		-334.822		-261.045
2823		-193.255		-384.794
2824		-19.3359		-434.582
2825		153.695		-408.761
2826		298.098		-317.27
2827		393.14		-176.928
2828		424.447		-8.97428
2829		384.089		161.168
2830		272.976		304.136
2831		104.661		389.571
2832		-92.4345		392.866
2833		-277.581		304.04
2834		-406.386		134.799
2835		-443.566		-80.4487
2836		-375.209		-291.718
2837		-215.239		-447.244
2838		-2.7239		-509.21
2839		209.551		-465.387
2840		371.141		-332.186
2841		448.579		-148.126
2842		433.35		39.3309
2843		341.004		188.23
2844		202.925		272.57
2845		54.9612		285.817
2846		-72.4473		237.837
2847		-159.659		148.134
2848		-198.425		38.9911
2849		-189.532		-69.0612
2850		-139.981		-159.087
2851		-61.2369		-218.207
2852		31.5681		-238.309
2853		120.771		-217.649
2854		188.901		-162.508
2855		222.974		-87.1695
2856		218.822		-10.946
2857		183.116		47.4881
2858		131.439		76.4115
2859		82.5733		75.1309
2860		51.2375		53.6429
2861		42.5586		27.7399
2862		50.9136		11.7079
2863		63.7147		12.068
2864		68.2327		25.3493
2865		58.0317		40.8595
2866		35.8351		46.8684
2867		11.5435		36.9266
2868		-3.32917		13.0783
2869		-1.72897		-15.5213
2870		15.556		-37.59
2871		40.8095		-45.4537
2872		63.8121		-38.4349
2873		77.1261		-22.2543
2874		79.2793		-5.11003
2875		74.2451		7.07727
2876		67.843		13.4181
2877		63.4713		17.293
2878		59.9179		22.7423
2879		52.6741		30.4437
2880		37.9783		36.0247
2881		17.028		32.0948
2882		-2.51535		13.1096
2883		-9.18378		-19.6991
2884		6.42058		-56.4598
2885		45.5124		-81.5421
2886		98.2589		-80.3253
2887		146.236		-46.719
2888		169.607		12.425
2889		155.906		78.5878
2890		106.264		128.418
2891		35.9458		143.235
2892		-31.2873		116.905
2893		-72.5495		58.4943
2894		-74.7658		-11.4585
2895		-39.2777		-69.2527
2896		19.6436		-97.1082
2897		81.2844		-89.0915
2898		126.728		-51.7017
2899		145.149		0.441467
2900		135.817		51.2118
2901		105.769		88.6271
2902		65.155		107.285
2903		23.0095		107.326
2904		-14.6082		91.5049
2905		-43.8572		62.648
2906		-61.1425		23.0937
2907		-61.9149		-23.8375
2908		-41.5617		-71.7755
2909		1.79931		-110.567
2910		64.2061		-128.088
2911		134.478		-114.319
2912		195.916		-65.9426
2913		230.879		10.7592
2914		226.556		100.333
2915		179.583		182.004
2916		97.6506		235.547
2917		-2.42944		246.967
2918		-99.2663		212.049
2919		-172.246		136.915
2920		-205.978		35.9861
2921		-192.905		-71.4594
2922		-134.094		-164.94
2923		-38.7963		-226.004
2924		76.7404		-241.027
2925		191.186		-203.795
2926		281.164		-117.699
2927		325.636		3.18996
2928		311.168		135.295
2929		236.656		249.675
2930		115.58		318.788
2931		-25.7472		324.188
2932		-154.199		262.571
2933		-238.641		147.785
2934		-258.745		7.63286
2935		-210.774		-123.704
2936		-108.326		-215.176
2937		22.112		-247.093
2938		149.038		-215.473
2939		244.405		-131.526
2940		289.993		-17.0949
2941		280.173		101.854
2942		221.093		201.385
2943		127.532		263.858
2944		18.9779		279.942
2945		-83.955		248.916
2946		-162.484		178.042
2947		-202.236		81.4386
2948		-195.704		-21.7548
2949		-144.288		-110.334
2950		-59.0783		-165.224
2951		40.5967		-174.196
2952		131.231		-135.675
2953		191.105		-59.9825
2954		206.383		32.9171
2955		175.199		118.841
2956		108.108		176.31
2957		24.6629		192.583
2958		-52.6767		166.731
2959		-105.049		108.86
2960		-121.894		36.1138
2961		-102.549		-32.7775
2962		-54.7884		-82.374
2963		8.50535		-103.431
2964		72.9816		-93.5453
2965		125.606		-56.2188
2966		156.294		0.639486
2967		158.801		66.0762
2968		131.481		127.305
2969		78.0935		171.254
2970		8.21838		186.882
2971		-63.5668		168.114
2972		-120.331		116.473
2973		-147.037		42.0781
2974		-135.174		-37.9888
2975		-85.9994		-103.963
2976		-10.873		-139.097
2977		71.7904		-134.758
2978		142		-92.9522
2979		184.105		-25.2885
2980		190.949		51.1331
2981		164.863		119.208
2982		115.478		166.528
2983		55.6274		187.693
2984		-2.75039		183.843
2985		-51.1644		160.277
2986		-85.0234		123.683
2987		-102.573		80.3215
2988		-103.529		35.6633
2989		-88.4827		-5.03295
2990		-59.3789		-36.2323
2991		-20.4835		-52.6032
2992		21.2028		-50.5755
2993		56.9054		-30.2257
2994		78.4191		3.69328
2995		80.9373		42.4863
2996		65.0074		76.0532
2997		36.5209		96.2874
2998		4.54665		99.8404
2999		-22.1194		88.9599
3000		-38.1488		69.9995
3001		-43.1771		50.3073
3002		-40.9768		34.9868
3003		-36.8153		25.0526
3004		-34.3702		17.7893
3005		-33.7458		9.01888
3006		-31.5418		-3.9455
3007		-22.8856		-20.1797
3008		-4.37866		-34.9275
3009		23.5024		-41.3963
3010		55.7106		-33.7238
3011		83.964		-9.76419
3012		99.5242		27.5165
3013		96.2395		70.5691
3014		72.6791		109.412
3015		32.6687		134.504
3016		-15.7619		139.311
3017		-62.4612		121.834
3018		-97.5145		84.8948
3019		-113.273		35.3853
3020		-105.768		-17.127
3021		-75.4606		-62.1156
3022		-27.3627		-89.9559
3023		29.5261		-93.8147
3024		83.5825		-71.3475
3025		122.746		-25.7958
3026		137.268		34.0174
3027		122.393		95.1382
3028		80.135		143.307
3029		19.4013		166.545
3030		-45.8392		158.487
3031		-99.9734		120.373
3032		-129.807		60.9862
3033		-128.046		-5.52484
3034		-95.1619		-63.3023
3035		-39.1131		-98.8066
3036		26.8641		-104.06
3037		87.6617		-78.2771
3038		129.878		-27.6203
3039		144.658		36.6274
3040		129.229		100.813
3041		87.0053		151.837
3042		26.4938		179.619
3043		-40.598		178.752
3044		-101.589		149.191
3045		-145.016		96.0461
3046		-162.505		28.6166
3047		-150.128		-41.1566
3048		-109.109		-100.604
3049		-45.7971		-138.398
3050		29.123		-146.538
3051		102.177		-121.983
3052		159.284		-67.6591
3053		188.363		7.46008
3054		181.984		89.4258
3055		139.53		161.618
3056		68.2181		208.086
3057		-17.5582		217.349
3058		-98.8435		185.739
3059		-156.374		119.229
3060		-175.558		32.8735
3061		-150.787		-52.404
3062		-87.6265		-115.068
3063		-1.90979		-138.886
3064		84.2665		-117.671
3065		148.609		-57.2293
3066		174.882		26.2289
3067		157.356		110.788
3068		102.021		175.101
3069		24.3089		204.185
3070		-55.7436		192.946
3071		-119.126		146.549
3072		-152.463		77.9408
3073		-150.399		3.75504
3074		-115.554		-59.883
3075		-56.7145		-100.459
3076		13.6656		-110.671
3077		81.811		-88.8123
3078		134.509		-38.5429
3079		160.745		31.5438
3080		153.447		108.639
3081		111.354		177.173
3082		40.4817		221.432
3083		-45.7408		229.223
3084		-128.462		195.71
3085		-187.614		126.012
3086		-207.407		35.1902
3087		-181.368		-54.957
3088		-115.012		-121.652
3089		-24.923		-147.712
3090		65.7145		-126.689
3091		133.728		-64.7712
3092		162.496		21.2178
3093		146.266		108.931
3094		90.984		176.887
3095		11.723		209.996
3096		-72.0735		202.655
3097		-141.775		158.897
3098		-183.628		90.132
3099		-190.895		11.6756
3100		-164.088		-60.7675
3101		-109.872		-113.898
3102		-39.2854		-138.678
3103		34.2828		-131.391
3104		97.2427		-94.0284
3105		138.028		-33.9929
3106		149.217		37.0711
3107		129.118		105.384
3108		82.2619		157.814
3109		18.4632		184.695
3110		-49.4307		181.853
3111		-108.48		151.203
3112		-148.369		99.8201
3113		-163.133		37.9244
3114		-151.592		-23.4227
3115		-116.763		-74.1856
3116		-64.829		-106.486
3117		-4.18642		-115.183
3118		55.3217		-98.3263
3119		103.276		-57.7532
3120		130.102		0.351624
3121		129.158		65.542
3122		99.0309		124.492
3123		45.0502		163.864
3124		-21.0291		174.058
3125		-83.6311		152.511
3126		-127.724		105.09
3127		-143.468		44.663
3128		-129.309		-12.8885
3129		-92.1772		-53.7974
3130		-44.6252		-70.6647
3131		-0.100296		-64.1332
3132		31.6604		-41.4144
3133		47.2061		-12.5105
3134		49.0362		14.0291
3135		42.865		33.894
3136		34.095		47.2746
3137		25.3339		56.8709
3138		16.0749		65.0414
3139		4.40096		71.8013
3140		-10.5349		74.765
3141		-26.8616		70.9393
3142		-40.229		59.1859
3143		-45.8454		41.7917
3144		-41.1466		24.1057
3145		-27.5354		12.3244
3146		-10.1238		10.5857
3147		4.47249		18.9596
3148		11.1482		33.4456
3149		8.53124		47.9895
3150		-0.74136		57.4225
3151		-11.7705		59.7371
3152		-20.1197		56.521
3153		-23.9696		51.4348
3154		-24.531		47.7321
3155		-24.596		46.3358
3156		-26.2154		45.6149
3157		-29.0031		42.9536
3158		-30.1922		37.0969
3159		-26.4924		29.7373
3160		-16.6674		25.2094
3161		-3.21832		28.2698
3162		8.021		41.1243
3163		10.4069		61.4282
3164		-0.0970802		82.5628
3165		-22.4567		96.2796
3166		-50.5045		96.4632
3167		-75.4708		82.0585
3168		-89.8831		57.5702
3169		-90.8054		30.8127
3170		-80.6979		9.08395
3171		-65.4452		-4.16644
3172		-50.6743		-10.3442
3173		-38.4625		-13.8309
3174		-26.3804		-18.289
3175		-9.54232		-23.3137
3176		15.3643		-23.5163
3177		46.3198		-10.867
3178		74.7637		20.6582
3179		88.0052		70.4508
3180		74.4661		129.186
3181		29.4294		180.685
3182		-41.4423		207.25
3183		-122.613		196.295
3184		-193.177		145.458
3185		-233.544		64.0576
3186		-231.633		-29.5866
3187		-186.266		-113.684
3188		-106.896		-169.071
3189		-10.3373		-183.717
3190		83.7876		-154.588
3191		157.177		-87.0882
3192		195.663		6.81773
3193		190.806		110.748
3194		140.918		205.91
3195		51.9481		273.331
3196		-62.0619		296.867
3197		-179.885		267.057
3198		-276.301		184.869
3199		-327.625		63.7159
3200		-318.332		-71.8771
3201		-246.503		-191.431
3202		-125.774		-266.369
3203		17.4446		-278.058
3204		150.839		-223.153
3205		244.878		-114.314
3206		280.27		23.8257
3207		251.835		161.707
3208		168.017		272.211
3209		47.0794		335.973
3210		-87.9465		343.609
3211		-213.634		295.371
3212		-309.022		199.664
3213		-357.405		71.6723
3214		-348.127		-67.6767
3215		-279.033		-193.281
3216		-159.047		-279.165
3217		-9.24929		-303.962
3218		139.415		-257.476
3219		252.532		-145.844
3220		301.517		7.48035
3221		272.774		166.473
3222		173.004		292.249
3223		28.0953		354.604
3224		-124.51		341.13
3225		-247.331		260.389
3226		-313.922		137.991
3227		-315.435		7.39291
3228		-260.667		-100.759
3229		-170.417		-166.607
3230		-69.2584		-183.922
3231		21.6228		-157.914
3232		88.0482		-100.3
3233		122.749		-24.6473
3234		123.306		55.9835
3235		90.5377		129.054
3236		28.767		181.889
3237		-52.4676		202.434
3238		-137.243		182.404
3239		-204.841		121.807
3240		-234.925		32.2828
3241		-214.916		-63.4827
3242		-146.366		-137.378
3243		-46.9002		-165.107
3244		54.0576		-135.462
3245		124.748		-55.5206
3246		142.157		50.854
3247		100.18		150.905
3248		11.5294		214.144
3249		-97.1969		222.255
3250		-194.908		173.989
3251		-255.805		83.7231
3252		-265.844		-24.7611
3253		-224.209		-125.999
3254		-140.662		-198.819
3255		-31.2923		-229.053
3256		84.89		-209.643
3257		187.61		-140.114
3258		256.205		-27.088
3259		271.675		114.106
3260		221.142		258.526
3261		103.976		373.909
3262		-63.2481		427.571
3263		-246.522		396.747
3264		-401.068		278.653
3265		-484.009		95.4599
3266		-468.869		-109.259
3267		-356.053		-282.622
3268		-174.434		-379.155
3269		27.3324		-375.724
3270		196.743		-278.65
3271		294.391		-120.129
3272		305.211		54.3343
3273		239.967		201.989
3274		127.287		295.7
3275		0.661438		328.854
3276		-113.459		311.533
3277		-201.562		261.266
3278		-261.62		193.719
3279		-296.752		117.913
3280		-308.669		37.4708
3281		-295.021		-44.2013
3282		-251.998		-119.008
3283		-180.132		-173.335
3284		-89.1825		-192.433
3285		1.63756		-167.862
3286		69.1983		-103.68
3287		95.4994		-17.4699
3288		75.7202		65.1674
3289		20.9534		120.472
3290		-46.1581		136.139
3291		-101.075		115.976
3292		-127.778		77.2725
3293		-124.995		42.1594
3294		-105.375		27.1611
3295		-88.2447		35.9601
3296		-89.6762		58.6506
3297		-114.729		77.4744
3298		-155.384		75.9102
3299		-194.729		46.6002
3300		-214.907		-5.4679
3301		-204.823		-65.4956
3302		-164.169		-115.283
3303		-102.58		-140.112
3304		-35.2112		-133.062
3305		22.5347		-95.5718
3306		58.6555		-35.2094
3307		65.7175		37.2447
3308		40.4357		109.619
3309		-16.6072		168.797
3310		-99.9925		201.006
3311		-197.705		193.624
3312		-290.458		139.195
3313		-354.155		40.4841
3314		-366.18		-86.148
3315		-313.899		-211.887
3316		-201.849		-302.279
3317		-53.8012		-328.128
3318		92.3391		-276.466
3319		195.787		-156.891
3320		226.287		-0.11027
3321		174.444		151.244
3322		54.8335		256.163
3323		-99.1983		287.931
3324		-246.685		241.247
3325		-351.523		131.712
3326		-391.649		-11.0991
3327		-362.329		-153.348
3328		-273.893		-265.431
3329		-146.482		-326.821
3330		-4.81234		-327.233
3331		125.298		-265.951
3332		218.968		-151.359
3333		254.558		-1.40598
3334		217.771		156.226
3335		107.32		286.536
3336		-60.1441		353.878
3337		-249.325		332.289
3338		-412.337		216.204
3339		-501.319		26.7914
3340		-484.016		-190.112
3341		-356.523		-375.391
3342		-147.65		-474.337
3343		87.7341		-454.498
3344		284.695		-316.99
3345		388.022		-96.8963
3346		368.786		147.408
3347		232.005		351.924
3348		13.4526		465.272
3349		-232.23		461.495
3350		-447.155		344.185
3351		-584.184		142.31
3352		-615.775		-99.1689
3353		-536.911		-330.011
3354		-363.531		-503.948
3355		-128.573		-585.601
3356		123.124		-555.595
3357		341.105		-414.454
3358		477.457		-184.839
3359		496.823		89.5817
3360		386.492		350.484
3361		163.16		536.913
3362		-127.282		600.838
3363		-418.833		521.663
3364		-641.916		314.297
3365		-742.635		26.9791
3366		-698.259		-271.354
3367		-523.412		-510.335
3368		-264.771		-637.538
3369		13.5854		-631.447
3370		248.636		-504.165
3371		394.228		-294.135
3372		429.562		-52.7784
3373		359.176		169.473
3374		206.664		333.264
3375		6.1532		414.765
3376		-204.983		405.621
3377		-390.787		311.055
3378		-519.687		148.321
3379		-567.714		-54.1872
3380		-523.131		-258.735
3381		-391.577		-423.117
3382		-198.95		-509.43
3383		11.1108		-495.059
3384		186.574		-381.883
3385		281.465		-199.159
3386		270.733		2.65723
3387		159.678		166.275
3388		-16.4182		245.561
3389		-203.126		220.54
3390		-344.546		103.631
3391		-401.336		-65.3553
3392		-362.445		-233.404
3393		-246.536		-352.125
3394		-93.3091		-392.513
3395		51.1959		-351.677
3396		149.399		-250.157
3397		181.913		-122.185
3398		149.793		-3.51453
3399		70.1723		78.5705
3400		-31.619		110.337
3401		-129.881		91.6445
3402		-203.977		32.7282
3403		-240.889		-49.972
3404		-235.796		-137.433
3405		-191.878		-210.896
3406		-119.836		-254.552
3407		-36.6549		-258.547
3408		37.228		-221.9
3409		82.6266		-154.028
3410		87.2226		-73.4385
3411		50.061		-3.03793
3412		-17.2591		36.8499
3413		-93.7994		35.3137
3414		-156.134		-5.2878
3415		-186.339		-70.2201
3416		-177.948		-137.817
3417		-137.53		-187.296
3418		-81.427		-205.789
3419		-29.2628		-191.914
3420		2.96229		-154.882
3421		7.54046		-110.097
3422		-13.8138		-73.4884
3423		-51.9729		-56.8501
3424		-93.9791		-65.4651
3425		-126.537		-97.9047
3426		-138.557		-147.033
3427		-122.899		-201.293
3428		-77.9741		-246.118
3429		-9.42617		-266.103
3430		68.82		-248.626
3431		135.614		-188.756
3432		166.984		-93.8579
3433		143.741		14.636
3434		60.1272		104.55
3435		-70.1228		141.812
3436		-213.862		102.613
3437		-326.349		-15.5562
3438		-365.18		-188.903
3439		-305.67		-371.489
3440		-151.749		-508.179
3441		62.3665		-552.251
3442		281.037		-481.348
3443		443.779		-305.8
3444		503.683		-66.2247
3445		441.198		178.514
3446		268.87		368.418
3447		26.2727		458.476
3448		-232.019		428.865
3449		-450.661		287.181
3450		-585.51		63.7937
3451		-610.886		-196.635
3452		-522.094		-444.319
3453		-334.65		-632.419
3454		-81.6397		-723.823
3455		190.433		-697.182
3456		428.022		-552.199
3457		579.85		-312.797
3458		608.513		-25.8105
3459		501.648		246.68
3460		278.564		441.177
3461		-11.3739		509.608
3462		-299.826		433.805
3463		-517.518		232.105
3464		-613.585		-45.0343
3465		-569.512		-329.452
3466		-402.825		-554.803
3467		-159.628		-674.336
3468		100.615		-671.024
3469		321.975		-557.613
3470		464.734		-368.3
3471		510.648		-146.736
3472		461.281		64.6304
3473		332.722		230.877
3474		150.408		326.77
3475		-53.9543		337.224
3476		-244.134		258.689
3477		-382.336		102.184
3478		-435.607		-104.042
3479		-385.412		-315.77
3480		-237.029		-480.747
3481		-23.5916		-552.83
3482		199.285		-508.038
3483		368.666		-355.757
3484		434.758		-139.148
3485		378.849		77.1631
3486		220.943		228.451
3487		13.1793		272.215
3488		-178.889		202.383
3489		-299.645		49.5381
3490		-321.833		-132.642
3491		-252.77		-288.569
3492		-126.704		-380.273
3493		12.1103		-397.322
3494		127.252		-354.113
3495		200.935		-277.635
3496		234.044		-192.937
3497		237.429		-113.786
3498		220.722		-42.3856
3499		185.557		23.3458
3500		126.872		80.5925
3501		40.9195		117.025
3502		-65.5401		114.239
3503		-171.24		57.7845
3504		-245.146		-51.855
3505		-258.482		-193.99
3506		-198.232		-332.063
3507		-75.0263		-426.447
3508		79.0982		-449.909
3509		222.525		-398.298
3510		319.989		-291.257
3511		355.072		-162.742
3512		333.516		-46.2392
3513		276.417		37.9446
3514		207.502		87.3277
3515		141.482		112.322
3516		79.5223		125.324
3517		13.6735		130.455
3518		-62.9207		119.891
3519		-146.358		78.8514
3520		-218.809		-3.64614
3521		-254.106		-124.43
3522		-229.526		-262.257
3523		-137.723		-382.955
3524		7.32843		-451.469
3525		173.45		-445.119
3526		320.88		-361.925
3527		415.294		-220.596
3528		437.43		-53.0825
3529		385.883		105.998
3530		273.543		227.975
3531		121.223		293.811
3532		-47.3718		293.401
3533		-207.287		223.618
3534		-331.784		88.4682
3535		-393.056		-97.7529
3536		-367.2		-306.683
3537		-243.485		-495.944
3538		-34.1204		-616.491
3539		221.442		-627.044
3540		462.45		-510.73
3541		623.423		-286.308
3542		656.163		-7.3617
3543		548.295		252.386
3544		329.805		423.05
3545		63.7592		462.448
3546		-175.619		369.842
3547		-328.562		183.783
3548		-368.37		-34.6804
3549		-305.71		-225.608
3550		-178.082		-350.135
3551		-30.6821		-398.685
3552		101.657		-385.571
3553		203.345		-334.786
3554		275.168		-265.614
3555		323.534		-185.68
3556		349.555		-94.1181
3557		345.047		8.61761
3558		297.864		111.565
3559		203.1		191.44
3560		72.86		220.434
3561		-62.2092		179.96
3562		-161.958		72.7993
3563		-192.684		-73.5862
3564		-142.173		-215.371
3565		-26.0575		-308.97
3566		117.996		-328.111
3567		245.597		-273.223
3568		322.978		-168.922
3569		338.163		-51.4822
3570		301.299		46.919
3571		235.309		109.281
3572		162.933		135.45
3573		97.4764		135.169
3574		41.7053		117.986
3575		-5.92831		86.7914
3576		-43.0473		38.8776
3577		-59.4924		-26.6674
3578		-41.3008		-100.814
3579		19.2592		-162.154
3580		113.767		-183.442
3581		214.828		-144.862
3582		283.875		-47.0986
3583		287.182		83.6223
3584		212.543		202.756
3585		77.8262		264.805
3586		-73.8734		243.015
3587		-191.093		141.765
3588		-235.236		-4.71428
3589		-196.075		-146.96
3590		-94.2031		-241.19
3591		30.3383		-266.371
3592		137.049		-229.49
3593		201.79		-157.372
3594		223.265		-80.3451
3595		216.907		-17.0311
3596		200.809		31.6758
3597		182.463		76.917
3598		154.186		128.73
3599		99.8092		183.945
3600		8.47631		222.896
3601		-112.891		217.577
3602		-236.388		147.121
3603		-322.019		12.025
3604		-334.701		-161.143
3605		-260.719		-327.818
3606		-114.966		-442.692
3607		64.8459		-477.562
3608		233.965		-430.893
3609		358.11		-324.775
3610		423.89		-191.742
3611		437.533		-59.2405
3612		414.033		59.6693
3613		364.117		164.831
3614		287.364		258.762
3615		175.823		335.009
3616		25.9341		373.391
3617		-148.892		346.443
3618		-313.69		234.622
3619		-419.996		42.1904
3620		-424.185		-195.611
3621		-307.683		-419.51
3622		-88.8918		-565.535
3623		179.69		-588.446
3624		428.467		-478.649
3625		594.378		-265.102
3626		640.706		-3.5816
3627		565.108		243.429
3628		394.206		425.672
3629		169.685		515.214
3630		-65.8562		505.732
3631		-276.702		405.106
3632		-434.091		228.288
3633		-512.689		-4.30234
3634		-489.903		-262.853
3635		-352.115		-503.869
3636		-106.272		-672.419
3637		210.074		-714.721
3638		528.735		-598.355
3639		765.53		-331.334
3640		846.765		30.6189
3641		737.521		395.205
3642		458.925		661.38
3643		85.2631		753.715
3644		-279.506		649.051
3645		-536.83		383.949
3646		-625.79		39.865
3647		-539.49		-287.052
3648		-320.23		-518.158
3649		-37.9242		-613.292
3650		236.769		-573.806
3651		452.334		-430.128
3652		582.521		-223.295
3653		620.245		8.99046
3654		567.231		235.973
3655		428.352		429.018
3656		214.866		555.966
3657		-46.6177		582.729
3658		-307.981		484.972
3659		-504.568		265.004
3660		-573.644		-36.4073
3661		-480.134		-343.111
3662		-237.338		-564.606
3663		89.4563		-628.458
3664		401.384		-510.245
3665		600.725		-246.586
3666		627.557		76.2534
3667		482.063		354.398
3668		222.354		505.356
3669		-60.9497		496.837
3670		-281.383		353.276
3671		-387.74		138.707
3672		-376.417		-74.1724
3673		-281.713		-233.195
3674		-151.737		-320.904
3675		-23.9034		-349.385
3676		87.4802		-341.815
3677		186.962		-313.179
3678		282.317		-261.669
3679		368.966		-174.928
3680		425.129		-45.9758
3681		421.292		112.267
3682		338.554		264.125
3683		184.58		363.227
3684		-3.17687		373.68
3685		-170.262		288.701
3686		-268.069		135.955
3687		-274.781		-34.0322
3688		-203.155		-170.576
3689		-91.0442		-244.55
3690		19.8073		-257.518
3691		104.62		-233.792
3692		164.283		-200.74
3693		217.234		-169.448
3694		279.83		-127.753
3695		347.637		-50.4258
3696		390.122		79.0403
3697		363.785		248.145
3698		237.969		409.982
3699		19.2992		498.528
3700		-240.021		458.904
3701		-457.225		277.701
3702		-552.276		-3.07838
3703		-484.085		-297.583
3704		-271.605		-509.568
3705		11.5774		-572.668
3706		267.609		-478.282
3707		415.691		-277.542
3708		424.752		-56.4722
3709		322.195		103.375
3710		175.459		159.574
3711		56.5962		122.43
3712		8.11774		42.2394
3713		26.8425		-21.6743
3714		72.5556		-33.2348
3715		95.2088		3.44276
3716		65.1621		50.2404
3717		-9.78889		59.6322
3718		-89.0371		3.49557
3719		-121.969		-109.597
3720		-75.954		-237.473
3721		45.6541		-325.421
3722		204.632		-333.36
3723		346.64		-254.579
3724		426.832		-116.82
3725		428.573		33.5662
3726		366.15		154.644
3727		271.748		226.213
3728		175.594		252.705
3729		91.327		251.821
3730		14.735		237.332
3731		-64.5243		207.515
3732		-146.629		146.851
3733		-212.056		40.1845
3734		-226.219		-109.422
3735		-157.202		-270.828
3736		2.65543		-390.719
3737		223.763		-414.342
3738		443.524		-311.585
3739		587.68		-95.1988
3740		599.624		178.696
3741		464.115		429.087
3742		214.421		579.459
3743		-80.0157		584.968
3744		-339.04		445.854
3745		-498.481		202.845
3746		-526.981		-81.0317
3747		-428.05		-342.191
3748		-230.336		-532.063
3749		25.8568		-622.081
3750		298.041		-600.562
3751		544.138		-468.12
3752		721.393		-237.447
3753		788.053		61.8261
3754		712.386		378.207
3755		487.844		640.926
3756		146.944		774.748
3757		-235.945		724.731
3758		-559.186		481.457
3759		-723.979		94.2114
3760		-669.499		-336.843
3761		-398.292		-689.562
3762		20.0511		-859.872
3763		469.966		-797.158
3764		827.925		-520.585
3765		1002.15		-110.145
3766		958.55		322.806
3767		724.238		672.384
3768		370.271		867.479
3769		-16.1285		883.871
3770		-356.972		738.618
3771		-597.494		474.151
3772		-707.501		142.394
3773		-675.748		-203.993
3774		-505.377		-512.871
3775		-215.174		-731.834
3776		154.883		-812.274
3777		540.521		-721.263
3778		859.751		-457.629
3779		1031.61		-63.4123
3780		1002.1		378.206
3781		766.442		761.96
3782		376.636		991.487
3783		-71.2642		1010.49
3784		-466.463		820.985
3785		-717.872		480.895
3786		-779.899		82.409
3787		-660.108		-279.035
3788		-407.995		-531.97
3789		-92.5345		-642.405
3790		220.032		-611.511
3791		479.157		-463.252
3792		651.583		-231.371
3793		716.499		47.0751
3794		662.117		330.82
3795		488.956		571.567
3796		218.58		716.822
3797		-99.3894		722.405
3798		-390.685		571.462
3799		-574.32		290.361
3800		-590.713		-49.4306
3801		-428.238		-349.095
3802		-134.491		-515.736
3803		195.907		-498.099
3804		454.451		-308.508
3805		559.787		-19.8193
3806		488.808		262.758
3807		283.764		443.234
3808		32.2077		471.595
3809		-170.836		359.709
3810		-261.09		170.346
3811		-226.769		-14.0981
3812		-105.608		-127.545
3813		38.8607		-144.23
3814		148.393		-81.3583
3815		193.023		17.7262
3816		176.354		108.661
3817		123.786		165.625
3818		63.1034		186.388
3819		9.61032		183.114
3820		-36.3559		167.307
3821		-80.2175		139.732
3822		-120.372		91.9255
3823		-141.947		17.676
3824		-122.684		-74.0799
3825		-48.2773		-155.066
3826		72.3754		-187.269
3827		202.794		-142.773
3828		290.703		-23.0898
3829		291.974		134.014
3830		194.911		266.36
3831		31.423		314.072
3832		-132.551		248.704
3833		-224.462		89.9075
3834		-197.979		-99.7349
3835		-55.3252		-240.38
3836		151.978		-269.38
3837		344.568		-168.315
3838		448.605		29.8916
3839		425.327		256.278
3840		283.654		435.216
3841		71.7854		513.365
3842		-145.782		475.337
3843		-313.131		341.283
3844		-397.984		151.287
3845		-392.416		-52.5647
3846		-303.53		-236.505
3847		-143.591		-374.556
3848		72.2364		-442.032
3849		319.284		-412.283
3850		554.517		-263.63
3851		715.705		4.25575
3852		735.586		353.598
3853		569.041		704.054
3854		221.72		949.088
3855		-235.704		991.356
3856		-679.223		783.956
3857		-969.201		358.593
3858		-1000.97		-174.766
3859		-747.242		-660.283
3860		-273.206		-949.479
3861		283.614		-953.886
3862		760.994		-675.343
3863		1027.46		-201.978
3864		1023.03		326.85
3865		770.391		770.229
3866		355.799		1028.83
3867		-108.051		1065.79
3868		-518.895		901.835
3869		-807.005		593.374
3870		-938.333		208.182
3871		-905.246		-189.424
3872		-716.523		-541.054
3873		-395.386		-790.786
3874		14.2074		-886.043
3875		441.212		-789.228
3876		791.97		-497.452
3877		971.221		-59.2301
3878		915.019		425.123
3879		621.439		826.392
3880		162.466		1027.71
3881		-332.798		968.097
3882		-720.266		668.518
3883		-892.038		226.833
3884		-814.629		-217.935
3885		-537.382		-537.253
3886		-167.73		-658.167
3887		174.561		-582.626
3888		402.775		-374.503
3889		488.241		-123.266
3890		456.229		96.3443
3891		358.98		249.201
3892		242.9		339.619
3893		128.042		390.657
3894		9.24588		418.082
3895		-124.985		415.677
3896		-270.096		360.492
3897		-395.337		233.85
3898		-453.701		43.9363
3899		-407.167		-165.631
3900		-252.448		-328.825
3901		-31.1209		-386.535
3902		183.836		-316.647
3903		319.745		-147.7
3904		337.965		52.7217
3905		251.406		209.954
3906		115.761		278.049
3907		-1.37927		260.154
3908		-56.9987		202.187
3909		-54.634		163.029
3910		-39.3522		177.665
3911		-67.9995		234.112
3912		-170.99		277.896
3913		-327.311		242.884
3914		-467.989		92.3973
3915		-508.135		-152.006
3916		-391.967		-411.061
3917		-127.327		-579.593
3918		209.263		-574.892
3919		501.237		-377.74
3920		641.317		-45.224
3921		577.782		311.504
3922		335.449		573.811
3923		2.00768		663.864
3924		-312.254		571.807
3925		-520.498		350.562
3926		-588.786		83.7801
3927		-536.656		-154.398
3928		-412.506		-326.557
3929		-260.513		-433.901
3930		-98.9097		-495.634
3931		78.7214		-521.392
3932		282.003		-495.524
3933		497.543		-384.199
3934		676.598		-161.898
3935		747.452		158.694
3936		648.697		512.925
3937		366.496		798.193
3938		-45.2325		912.346
3939		-475.187		798.996
3940		-793.68		477.094
3941		-903.215		38.9134
3942		-777.035		-384.034
3943		-467.522		-671.683
3944		-81.1907		-759.187
3945		266.706		-654.239
3946		495.685		-422.187
3947		581.828		-149.284
3948		550.531		95.6062
3949		448.366		281.804
3950		312.329		412.314
3951		154.248		500.977
3952		-32.3344		548.129
3953		-249.538		531.382
3954		-473.237		418.117
3955		-648.033		192.417
3956		-705.335		-120.459
3957		-596.711		-448.804
3958		-324.683		-695.032
3959		47.0559		-774.282
3960		412.022		-652.495
3961		661.011		-364.42
3962		725.281		-1.60651
3963		602.209		324.48
3964		351.506		526.528
3965		65.0074		571.724
3966		-173.951		485.059
3967		-321.204		326.615
3968		-378.659		157.008
3969		-377.086		10.1535
3970		-347.44		-113.021
3971		-298.689		-229.084
3972		-215.144		-346.615
3973		-74.0456		-447.962
3974		128.303		-490.781
3975		359.026		-429.825
3976		552.453		-246.975
3977		635.729		28.2715
3978		563.942		321.333
3979		346.165		539.35
3980		47.5911		610.193
3981		-234.906		514.424
3982		-412.641		293.985
3983		-441.156		33.1153
3984		-335.149		-178.947
3985		-155.979		-284.93
3986		20.5812		-278.498
3987		139.143		-197.533
3988		184.672		-97.5893
3989		179.231		-21.1783
3990		160.005		20.5761
3991		152.837		45.4113
3992		156.833		80.2838
3993		148.23		137.827
3994		100.011		203.667
3995		4.57404		242.37
3996		-114.857		218.503
3997		-211.621		120.255
3998		-238.296		-28.5981
3999		-172.119		-176.003
4000		-28.8359		-264.885
4001		142.945		-259.937
4002		283.953		-163.549
4003		350.95		-12.6404
4004		333.666		141.133
4005		253.608		256.229
4006		146.922		317.224
4007		42.4773		333.822
4008		-51.3398		325.098
4009		-143.417		300.136
4010		-243.013		248.37
4011		-340.837		146.948
4012		-401.84		-18.3499
4013		-377.05		-231.357
4014		-230.4		-437.797
4015		33.4852		-559.693
4016		357.1		-527.877
4017		643.288		-317.499
4018		790.712		31.9793
4019		736.212		424.432
4020		483.856		741.084
4021		106.103		886.256
4022		-284.241		823.857
4023		-578.318		587.957
4024		-711.102		263.475
4025		-678.988		-52.4013
4026		-528.96		-288.609
4027		-327.649		-420.363
4028		-128.051		-463.677
4029		48.6381		-450.8
4030		208.316		-402.847
4031		362.021		-316.207
4032		502.136		-170.366
4033		592.851		48.3121
4034		582.408		322.108
4035		431.631		593.099
4036		143.14		777.911
4037		-225.955		800.893
4038		-577.047		629.845
4039		-804.644		296.012
4040		-837.073		-112.573
4041		-664.342		-482.202
4042		-340.489		-714.854
4043		39.6477		-761.089
4044		377.146		-630.743
4045		601.749		-379.36
4046		686.977		-80.0745
4047		644.42		203.609
4048		505.027		431.64
4049		300.742		584.766
4050		57.1768		652.418
4051		-200.837		623.055
4052		-438.308		485.912
4053		-605.477		244.262
4054		-647.581		-68.8612
4055		-527.627		-385.289
4056		-251.184		-615.186
4057		121.699		-677.471
4058		487.675		-534.715
4059		733.374		-215.287
4060		777.876		190.077
4061		605.406		558.422
4062		272.702		779.54
4063		-113.001		796.145
4064		-435.606		621.699
4065		-612.625		328.91
4066		-619.994		15.8637
4067		-490.141		-233.277
4068		-287.536		-374.934
4069		-76.3482		-410.019
4070		103.12		-367.424
4071		239.239		-279.554
4072		336.633		-164.89
4073		397.636		-26.5988
4074		411.231		134.547
4075		357.33		303.72
4076		223.834		445.076
4077		25.1061		511.362
4078		-191.475		466.669
4079		-358.023		309.895
4080		-413.833		84.4922
4081		-334.828		-133.552
4082		-148.842		-265.934
4083		72.841		-266.505
4084		245.269		-142.69
4085		307.124		47.5912
4086		247.32		222.751
4087		107.678		315.215
4088		-39.5454		301.391
4089		-127.773		209.311
4090		-127.59		100.774
4091		-58.0358		37.8414
4092		27.1268		51.2036
4093		70.0796		126.429
4094		40.0308		214.307
4095		-51.3387		258.82

 
--------------------------------------


